1504330 86
1504340 86
1504350 86
1504360 86
1504370 86
1504380 87
1504390 87
1504400 87
1504410 87
1504420 87
1504430 87
1504440 87
1504450 86
1504460 87
1504470 87
1504480 87
1504490 87
1504500 87
1504510 87
1504520 88
1504530 88
1504540 88
1504550 88
1504560 88
1504570 87
1504580 88
1504590 88
1504600 88
1504610 88
1504620 88
1504630 88
1504640 88
1504650 88
1504660 89
1504670 89
1504680 89
1504690 89
1504700 89
1504710 89
1504720 89
1504730 89
1504740 89
1504750 90
1504760 90
1504770 90
1504780 90
1504790 90
1504800 90
1504810 90
1504820 90
1504830 90
1504840 90
1504850 90
1504860 90
1504870 90
1504880 90
1504890 90
1504900 90
1504910 90
1504920 90
1504930 90
1504940 91
1504950 91
1504960 91
1504970 91
1504980 91
1504990 92
1505000 92
1505010 93
1505020 93
1505030 93
1505040 94
1505050 94
1505060 94
1505070 95
1505080 95
1505090 95
1505100 95
1505110 95
1505120 95
1505130 95
1505140 95
1505150 95
1505160 95
1505170 95
1505180 94
1505190 94
1505200 94
1505210 94
1505220 94
1505230 94
1505240 93
1505250 93
1505260 93
1505270 93
1505280 93
1505290 93
1505300 93
1505310 93
1505320 93
1505330 92
1505340 92
1505350 92
1505360 92
1505370 92
1505380 92
1505390 93
1505400 93
1505410 93
1505420 93
1505430 93
1505440 93
1505450 93
1505460 93
1505470 93
1505480 93
1505490 93
1505500 94
1505510 94
1505520 94
1505530 94
1505540 94
1505550 94
1505560 94
1505570 94
1505580 94
1505590 94
1505600 94
1505610 94
1505620 94
1505630 95
1505640 95
1505650 95
1505660 95
1505670 95
1505680 95
1505690 95
1505700 95
1505710 95
1505720 95
1505730 95
1505740 95
1505750 95
1505760 95
1505770 95
1505780 95
1505790 95
1505800 95
1505810 95
1505820 95
1505830 95
1505840 95
1505850 95
1505860 95
1505870 95
1505880 95
1505890 95
1505900 95
1505910 95
1505920 95
1505930 95
1505940 95
1505950 95
1505960 95
1505970 95
1505980 95
1505990 96
1506000 96
1506010 96
1506020 96
1506030 96
1506040 96
1506050 96
1506060 96
1506070 96
1506080 96
1506090 96
1506100 96
1506110 97
1506120 97
1506130 97
1506140 97
1506150 97
1506160 98
1506170 98
1506180 99
1506190 100
1506200 100
1506210 101
1506220 102
1506230 104
1506240 105
1506250 107
1506260 108
1506270 109
1506280 110
1506290 112
1506300 114
1506310 115
1506320 117
1506330 119
1506340 121
1506350 122
1506360 124
1506370 126
1506380 127
1506390 128
1506400 129
1506410 129
1506420 129
1506430 130
1506440 130
1506450 131
1506460 131
1506470 132
1506480 133
1506490 134
1506500 134
1506510 135
1506520 139
1506530 142
1506540 144
1506550 146
1506560 147
1506570 148
1506580 149
1506590 150
1506600 151
1506610 152
1506620 153
1506630 154
1506640 155
1506650 156
1506660 156
1506670 157
1506680 158
1506690 159
1506700 160
1506710 161
1506720 161
1506730 160
1506740 160
1506750 158
1506760 157
1506770 153
1506780 150
1506790 150
1506800 150
1506810 149
1506820 149
1506830 148
1506840 148
1506850 149
1506860 149
1506870 150
1506880 151
1506890 152
1506900 153
1506910 153
1506920 153
1506930 153
1506940 152
1506950 150
1506960 147
1506970 145
1506980 143
1506990 141
1507000 139
1507010 137
1507020 135
1507030 134
1507040 132
1507050 129
1507060 127
1507070 125
1507080 123
1507090 120
1507100 118
1507110 116
1507120 114
1507130 112
1507140 111
1507150 107
1507160 103
1507170 100
1507180 97
1507190 96
1507200 94
1507210 94
1507220 94
1507230 95
1507240 97
1507250 99
1507260 102
1507270 105
1507280 108
1507290 111
1507300 114
1507310 117
1507320 119
1507330 122
1507340 124
1507350 125
1507360 126
1507370 127
1507380 127
1507390 128
1507400 129
1507410 129
1507420 130
1507430 131
1507440 132
1507450 133
1507460 134
1507470 135
1507480 137
1507490 139
1507500 141
1507510 143
1507520 145
1507530 147
1507540 148
1507550 149
1507560 148
1507570 148
