1504310 115
1504320 115
1504330 115
1504340 115
1504350 114
1504360 113
1504370 112
1504380 110
1504390 108
1504400 106
1504410 104
1504420 103
1504430 101
1504440 99
1504450 98
1504460 97
1504470 95
1504480 95
1504490 94
1504500 93
1504510 93
1504520 92
1504530 92
1504540 92
1504550 91
1504560 91
1504570 91
1504580 91
1504590 91
1504600 91
1504610 90
1504620 91
1504630 91
1504640 92
1504650 92
1504660 92
1504670 93
1504680 95
1504690 98
1504700 100
1504710 103
1504720 105
1504730 107
1504740 109
1504750 111
1504760 112
1504770 113
1504780 115
1504790 115
1504800 116
1504810 117
1504820 118
1504830 118
1504840 119
1504850 119
1504860 120
1504870 125
1504880 130
1504890 136
1504900 139
1504910 138
1504920 135
1504930 133
1504940 130
1504950 127
1504960 123
1504970 121
1504980 119
1504990 116
1505000 114
1505010 112
1505020 110
1505030 108
1505040 107
1505050 104
1505060 104
1505070 105
1505080 106
1505090 106
1505100 107
1505110 107
1505120 108
1505130 109
1505140 110
1505150 112
1505160 113
1505170 115
1505180 116
1505190 117
1505200 118
1505210 119
1505220 120
1505230 121
1505240 123
1505250 126
1505260 129
1505270 132
1505280 136
1505290 140
1505300 144
1505310 147
1505320 149
1505330 149
1505340 150
1505350 151
1505360 152
1505370 152
1505380 153
1505390 153
1505400 154
1505410 154
1505420 155
1505430 155
1505440 155
1505450 155
1505460 155
1505470 155
1505480 154
1505490 154
1505500 153
1505510 152
1505520 152
1505530 152
1505540 151
1505550 151
1505560 151
1505570 150
1505580 149
1505590 148
1505600 146
1505610 144
1505620 143
1505630 143
1505640 142
1505650 140
1505660 138
1505670 135
1505680 132
1505690 129
1505700 127
1505710 124
1505720 120
1505730 117
1505740 114
1505750 112
1505760 109
1505770 108
1505780 109
1505790 111
1505800 115
1505810 119
1505820 123
1505830 127
1505840 130
1505850 133
1505860 137
1505870 140
1505880 142
1505890 144
1505900 146
1505910 148
1505920 149
1505930 150
1505940 152
1505950 152
1505960 152
1505970 152
1505980 153
1505990 155
1506000 155
1506010 154
1506020 153
1506030 152
1506040 150
1506050 148
1506060 146
1506070 143
1506080 141
1506090 137
1506100 135
1506110 133
1506120 130
1506130 128
1506140 127
1506150 125
1506160 124
1506170 123
1506180 123
1506190 123
1506200 123
1506210 123
1506220 124
1506230 124
1506240 125
1506250 125
1506260 124
1506270 125
1506280 126
1506290 126
1506300 124
1506310 123
1506320 121
1506330 119
1506340 117
1506350 114
1506360 113
1506370 111
1506380 109
1506390 107
1506400 106
1506410 105
1506420 104
1506430 104
1506440 103
1506450 103
1506460 102
1506470 102
1506480 102
1506490 102
1506500 102
1506510 102
1506520 101
1506530 101
1506540 100
1506550 101
1506560 102
1506570 101
1506580 101
1506590 102
1506600 102
1506610 103
1506620 103
1506630 103
1506640 103
1506650 103
1506660 104
1506670 104
1506680 104
1506690 104
1506700 105
1506710 106
1506720 107
1506730 109
1506740 111
1506750 112
1506760 112
1506770 113
1506780 113
1506790 115
1506800 116
1506810 118
1506820 119
1506830 121
1506840 122
1506850 122
1506860 124
1506870 125
1506880 127
1506890 128
1506900 129
1506910 131
1506920 132
1506930 132
1506940 133
1506950 133
1506960 133
1506970 134
1506980 135
1506990 136
1507000 137
1507010 138
1507020 139
1507030 140
1507040 141
1507050 143
1507060 143
1507070 144
1507080 144
1507090 144
1507100 145
1507110 147
1507120 148
1507130 150
1507140 151
1507150 153
1507160 155
1507170 156
1507180 159
1507190 162
1507200 164
1507210 165
1507220 165
1507230 166
1507240 168
1507250 169
1507260 171
1507270 172
1507280 172
1507290 173
1507300 173
1507310 173
1507320 173
1507330 174
1507340 175
1507350 178
1507360 180
1507370 182
1507380 185
1507390 187
1507400 189
1507410 190
1507420 191
1507430 191
1507440 192
1507450 192
1507460 192
1507470 191
1507480 192
1507490 192
1507500 193
1507510 194
1507520 195
1507530 196
1507540 198
1507550 199
