1517910 752
1517920 749
1517930 749
1517940 747
1517950 744
1517960 744
1517970 741
1517980 737
1517990 734
1518000 734
1518010 731
1518020 728
1518030 728
1518040 726
1518050 723
1518060 723
1518070 720
1518080 717
1518090 717
1518100 714
1518110 711
1518120 708
1518130 708
1518140 705
1518150 702
1518160 702
1518170 698
1518180 692
1518190 692
1518200 690
1518210 690
1518220 690
1518230 689
1518240 686
1518250 686
1518260 682
1518270 676
1518280 674
1518290 674
1518300 673
1518310 673
1518320 673
1518330 673
1518340 671
1518350 671
1518360 665
1518370 658
1518380 658
1518390 652
1518400 650
1518410 650
1518550 643
1518560 643
1518570 643
1518580 643
1518590 643
1518600 642
1518610 642
1518620 642
1518630 638
1518640 638
1518650 632
1518660 627
1518670 627
1518680 621
1518690 618
1518700 618
1518710 617
1518720 615
1518730 607
1518740 607
1518750 602
1518760 602
1518770 602
1518780 601
1518790 605
1518800 605
1518810 612
1518820 618
1518830 618
1518840 624
1518850 628
1518860 628
1518870 633
1518880 639
1518890 644
1518900 644
1518910 645
1518920 647
1518930 647
1518940 649
1518950 651
1518960 651
1518970 649
1518980 647
1518990 647
1519000 646
1519010 647
1519020 647
1519030 647
1519040 650
1519050 652
1519060 652
1519070 654
1519080 655
1519090 655
1519100 656
1519110 657
1519120 657
1519130 659
1519140 661
1519150 661
1519160 662
1519170 664
1519180 671
1519190 671
1519200 674
1519210 674
1519220 674
1519230 675
1519240 675
1519250 675
1519260 676
1519270 677
1519280 677
1519290 678
1519300 679
1519310 679
1519320 679
1519330 679
1519340 680
1519350 680
1519360 681
1519370 682
1519380 682
1519390 683
1519400 685
1519410 685
1519420 686
1519430 687
1519440 687
1519450 689
1519460 690
1519470 690
1519480 690
1519490 688
1519500 687
1519510 687
1519520 688
1519530 688
1519540 688
1519550 688
1519560 687
1519570 687
1519580 689
1519590 691
1519600 691
1519610 692
1519620 692
1519630 692
1519640 692
1519650 693
1519660 693
1519670 693
1519810 693
1519820 693
1519830 693
1519840 692
1519850 692
1519860 689
1519870 691
1519880 693
1519890 693
1519900 695
1519910 697
1519920 698
1519930 698
1519940 699
1519950 698
1519960 698
1519970 698
1519980 696
1519990 696
