1517600 804
1517610 804
1517620 798
1517630 792
1517640 792
1517650 789
1517660 789
1517670 789
1517680 786
1517690 782
1517700 779
1517710 779
1517720 777
1517730 775
1517740 775
1517750 772
1517760 767
1517770 767
1517780 764
1517790 761
1517800 761
1517810 759
1517820 757
1517830 757
1517840 753
1517850 750
1517860 747
1517870 747
1517880 743
1517890 740
1517900 740
1517910 736
1517920 735
1517930 735
1517940 734
1517950 733
1517960 733
1517970 732
1517980 729
1517990 729
1518000 726
1518010 725
1518020 725
1518030 725
1518040 723
1518050 721
1518060 721
1518070 719
1518080 717
1518090 717
1518100 714
1518110 712
1518120 712
1518130 709
1518140 705
1518150 703
1518160 703
1518170 700
1518180 698
1518190 698
1518200 696
1518210 692
1518220 692
1518230 688
1518240 681
1518250 681
1518260 674
1518270 672
1518280 672
1518290 672
1518300 672
1518310 671
1518320 671
1518330 671
1518340 671
1518350 671
1518360 671
1518370 670
1518380 670
1518390 661
1518400 659
1518410 659
1518420 655
1518430 651
1518440 650
1518450 650
1518460 652
1518470 652
1518480 652
1518490 652
1518500 654
1518510 654
1518520 653
1518530 649
1518540 649
1518550 644
1518560 643
1518570 643
1518580 643
1518590 643
1518600 643
1518610 643
1518620 642
1518630 642
1518640 642
1518650 642
1518660 642
1518670 642
1518680 642
1518690 641
1518700 641
1518710 641
1518720 640
1518730 640
1518740 636
1518750 630
1518760 624
1518770 624
1518780 619
1518790 617
1518800 617
1518810 610
1518820 602
1518830 602
1518840 598
1518850 597
1518860 597
1518870 597
1518880 596
1518890 597
1518900 597
1518910 600
1518920 601
1518930 601
1518940 603
1518950 603
1518960 603
1518970 603
1518980 604
1518990 604
1519000 606
1519010 606
1519020 606
1519030 606
1519040 606
1519050 605
1519060 605
1519070 605
1519080 605
1519090 605
1519100 606
1519110 606
1519120 606
1519130 605
1519140 604
1519150 604
1519160 606
1519170 607
1519180 607
1519190 608
1519200 608
1519210 609
1519220 609
1519230 612
1519240 614
1519250 614
1519260 615
1519270 617
1519280 617
1519290 618
1519300 620
1519310 620
1519320 622
1519330 622
1519340 621
1519350 621
1519360 624
1519370 627
1519380 627
1519390 627
1519400 628
1519410 628
1519420 630
1519430 628
1519440 628
1519450 628
1519460 626
1519470 626
1519480 625
1519490 624
1519500 623
1519510 623
1519520 622
1519530 620
1519540 620
1519550 619
1519560 619
1519570 619
1519580 620
1519590 620
1519600 620
1519610 622
1519620 624
1519630 624
1519640 624
1519650 627
1519660 626
1519670 626
1519680 623
1519690 623
1519700 623
1519710 623
1519720 622
1519730 622
1519740 622
1519750 625
1519760 625
1519770 626
1519780 628
1519790 629
1519800 629
1519810 626
1519820 624
1519830 624
1519840 622
1519850 623
1519860 623
1519870 624
1519880 624
1519890 624
1519900 626
1519910 627
1519920 627
1519930 626
1519940 626
1519950 626
1519960 626
1519970 630
1519980 636
1519990 636
