1510030 1477
1510040 1477
1510050 1478
1510060 1477
1510070 1475
1510080 1475
1510090 1473
1510100 1475
1510110 1475
1510120 1478
1510130 1478
1510140 1478
1510150 1477
1510160 1475
1510170 1475
1510180 1476
1510190 1478
1510200 1478
1510210 1479
1510220 1481
1510230 1482
1510240 1482
1510250 1484
1510260 1488
1510270 1488
1510280 1492
1510290 1496
1510300 1496
1510310 1500
1510320 1504
1510330 1504
1510340 1508
1510350 1512
1510360 1516
1510370 1516
1510380 1519
1510390 1523
1510400 1523
1510410 1526
1510420 1530
1510430 1530
1510440 1534
1510450 1537
1510460 1537
1510470 1541
1510480 1543
1510490 1543
1510500 1544
1510510 1544
1510520 1544
1510530 1544
1510540 1543
1510550 1541
1510560 1541
1510570 1538
1510580 1533
1510590 1533
1510600 1527
1510610 1522
1510620 1522
1510630 1516
1510640 1510
1510650 1510
1510660 1505
1510670 1500
1510680 1496
1510690 1496
1510700 1491
1510710 1485
1510720 1485
1510730 1481
1510740 1475
1510750 1475
1510760 1471
1510770 1466
1510780 1466
1510790 1462
1510800 1458
1510810 1454
1510820 1454
1510830 1450
1510840 1445
1510850 1445
1510860 1439
1510870 1435
1510880 1442
1510890 1437
1510900 1431
1510910 1431
1510920 1424
1510930 1418
1510940 1418
1510950 1414
1510960 1411
1510970 1406
1510980 1406
1510990 1400
1511000 1394
1511010 1394
1511020 1391
1511030 1387
1511040 1387
1511050 1384
1511060 1381
1511070 1381
1511080 1379
1511090 1376
1511100 1376
1511110 1373
1511120 1370
1511130 1366
1511140 1366
1511150 1364
1511160 1361
1511170 1361
1511180 1359
1511190 1356
1511200 1356
1511210 1353
1511220 1351
1511230 1351
1511240 1350
1511250 1349
1511260 1348
1511270 1348
1511280 1345
1511290 1342
1511300 1342
1511310 1340
1511320 1336
1511330 1336
1511340 1332
1511350 1326
1511360 1326
1511370 1320
1511380 1321
1511390 1321
1511400 1321
1511410 1314
1511420 1301
1511430 1301
1511440 1299
1511450 1304
1511460 1304
1511470 1311
1511480 1319
1511490 1319
1511500 1327
1511510 1334
1511520 1334
1511530 1340
1511540 1346
1511550 1346
1511560 1351
1511570 1356
1511580 1360
1511590 1360
1511600 1364
1511610 1364
1511620 1364
1511630 1362
1511640 1360
1511650 1360
1511660 1356
1511670 1350
1511680 1350
1511690 1344
1511700 1346
1511710 1353
1511720 1353
1511730 1360
1511740 1368
1511750 1368
1511760 1375
1511770 1380
1511780 1380
1511790 1385
1511800 1389
1511810 1389
1511820 1394
1511830 1397
1511840 1397
1511850 1401
1511860 1405
1511870 1408
1511880 1408
1511890 1411
1511900 1415
1511910 1415
1511920 1418
1511930 1420
1511940 1420
1511950 1423
1511960 1430
1511970 1430
1511980 1437
1511990 1443
1512000 1443
1512010 1449
1512020 1455
1512030 1457
1512040 1457
1512050 1459
1512060 1463
1512070 1463
1512080 1471
1512090 1479
1512100 1479
1512110 1487
1512120 1495
1512130 1495
1512140 1503
1512150 1510
1512160 1517
1512170 1517
1512180 1526
1512190 1533
1512200 1533
1512210 1540
1512220 1547
1512230 1547
1512240 1554
1512250 1561
1512260 1561
1512270 1568
1512280 1574
1512290 1574
1512300 1580
1512310 1585
1512320 1587
1512330 1587
1512340 1588
1512350 1588
1512360 1588
1512370 1587
1512380 1586
1512390 1586
1512400 1584
1512410 1583
1512420 1583
1512430 1581
1512440 1579
1512450 1579
1512460 1576
1512470 1574
1512480 1570
1512490 1570
1512500 1568
1512510 1566
1512520 1566
1512530 1564
1512540 1564
1512550 1564
1512560 1565
1512570 1566
1512580 1566
1512590 1568
1512600 1569
1512610 1570
1512620 1570
1512630 1570
1512640 1569
1512650 1569
1512660 1566
1512670 1562
1512680 1562
1512690 1557
1512700 1555
1512710 1555
1512720 1557
1512730 1559
1512740 1559
1512750 1565
1512760 1571
1512770 1575
1512780 1575
1512790 1577
1512800 1580
1512810 1580
1512820 1583
1512830 1584
1512840 1584
1512850 1583
1512860 1582
1512870 1582
1512880 1581
1512890 1582
1512900 1582
1512910 1583
1512920 1586
1512930 1589
1512940 1589
1512950 1594
1512960 1598
1512970 1598
1512980 1601
1512990 1604
1513000 1604
1513010 1607
1513020 1610
1513030 1610
1513040 1612
1513050 1613
1513060 1612
1513070 1612
1513080 1614
1513090 1615
1513100 1615
1513110 1617
1513120 1619
1513130 1619
1513140 1621
1513150 1623
1513160 1623
1513170 1624
1513180 1625
1513190 1625
1513200 1626
1513210 1627
1513220 1627
1513230 1627
1513240 1627
1513250 1626
1513260 1626
1513270 1624
1513280 1623
1513290 1623
1513300 1622
1513310 1620
1513320 1620
1513330 1618
1513340 1617
1513350 1617
1513360 1617
1513370 1618
1513380 1619
1513390 1619
1513400 1621
1513410 1621
1513420 1621
1513430 1619
1513440 1615
1513450 1615
1513460 1611
1513470 1608
1513480 1608
1513490 1605
1513500 1603
1513510 1601
1513520 1601
1513530 1599
1513540 1598
1513550 1598
1513560 1597
1513570 1597
1513580 1597
1513590 1597
1513600 1598
1513610 1598
1513620 1597
1513630 1596
1513640 1596
1513650 1595
1513660 1593
1513670 1590
1513680 1590
1513690 1586
1513700 1582
1513710 1582
1513720 1578
1513730 1573
1513740 1573
1513750 1568
1513760 1570
1513770 1570
1513780 1571
1513790 1570
1513800 1570
1513810 1572
1513820 1574
1513830 1577
1513840 1577
1513850 1578
1513860 1577
1513870 1577
1513880 1575
1513890 1577
1513900 1577
1513910 1578
1513920 1577
1513930 1577
1513940 1577
1513950 1575
1513960 1574
1513970 1574
1513980 1572
1513990 1570
1514000 1570
1514010 1569
1514020 1566
1514030 1566
1514040 1564
1514050 1563
1514060 1563
1514070 1563
1514080 1563
1514090 1563
1514100 1563
1514110 1562
1514120 1562
1514130 1562
1514140 1561
1514150 1561
1514160 1561
1514170 1560
1514180 1559
1514190 1559
1514200 1558
1514210 1555
1514220 1555
1514230 1553
1514240 1551
1514250 1551
1514260 1549
1514270 1547
1514280 1545
1514290 1545
1514300 1544
1514310 1542
1514320 1542
1514330 1540
1514340 1538
1514350 1538
1514360 1535
1514370 1532
1514380 1532
1514390 1530
1514400 1528
1514410 1527
1514420 1527
1514430 1525
1514440 1522
1514450 1522
1514460 1521
1514470 1519
1514480 1519
1514490 1517
1514500 1516
1514510 1516
1514520 1514
1514530 1512
1514540 1512
1514550 1509
1514560 1508
1514570 1506
1514580 1506
1514590 1503
1514600 1501
1514610 1501
1514620 1502
1514630 1504
1514640 1504
1514650 1505
1514660 1506
1514670 1506
1514680 1506
1514690 1506
1514700 1506
1514710 1507
1514720 1507
1514730 1507
1514740 1507
1514750 1507
1514760 1506
1514770 1506
1514780 1506
1514790 1506
1514800 1506
1514810 1505
1514820 1503
1514830 1503
1514840 1503
1514850 1502
1514860 1502
1514870 1502
1514880 1501
1514890 1500
1514900 1500
1514910 1498
1514920 1497
1514930 1497
1514940 1500
1514950 1502
1514960 1502
1514970 1505
1514980 1508
1514990 1508
1515000 1509
1515010 1508
1515020 1508
1515030 1508
1515040 1508
1515050 1509
1515060 1509
1515070 1510
1515080 1511
1515090 1511
1515100 1512
1515110 1513
1515120 1513
1515130 1514
1515140 1514
1515150 1514
1515160 1513
1515170 1513
1515180 1512
1515190 1512
1515200 1511
1515210 1510
1515220 1510
1515230 1509
1515240 1509
1515250 1509
1515260 1507
1515270 1505
1515280 1505
1515290 1503
1515300 1495
1515310 1493
1515320 1493
1515330 1491
1515340 1489
1515350 1489
1515360 1486
1515370 1482
1515380 1482
1515390 1479
1515400 1475
1515410 1475
1515420 1470
1515430 1466
1515440 1466
1515450 1462
1515460 1459
1515470 1456
1515480 1456
1515490 1453
1515500 1451
1515510 1451
1515520 1449
1515530 1447
1515540 1447
1515550 1445
1515560 1444
1515570 1444
1515580 1443
1515590 1440
1515600 1440
1515610 1436
1515620 1432
1515630 1429
1515640 1429
1515650 1427
1515660 1425
1515670 1425
1515680 1424
1515690 1422
1515700 1422
1515710 1420
1515720 1418
1515730 1418
1515740 1414
1515750 1412
1515760 1408
1515770 1408
1515780 1401
1515790 1396
1515800 1396
1515810 1391
1515820 1390
1515830 1390
1515840 1390
1515850 1391
1515860 1391
1515870 1390
1515880 1385
1515890 1385
1515900 1382
1515910 1379
1515920 1378
1515930 1378
1515940 1378
1515950 1381
1515960 1381
1515970 1388
1515980 1396
1515990 1396
1516000 1398
1516010 1397
1516020 1397
1516030 1396
1516040 1395
1516050 1395
1516060 1393
1516070 1389
1516080 1384
1516090 1384
1516100 1380
1516110 1378
1516120 1378
1516130 1376
1516140 1373
1516150 1373
1516160 1371
1516170 1370
1516180 1370
1516190 1369
1516200 1366
1516210 1363
1516220 1363
1516230 1358
1516240 1351
1516250 1351
1516260 1343
1516270 1336
1516280 1336
1516290 1331
1516300 1327
1516310 1327
1516320 1324
1516330 1322
1516340 1322
1516350 1321
1516360 1321
1516370 1320
1516380 1320
1516390 1320
1516400 1318
1516410 1318
1516420 1317
1516430 1315
1516440 1315
1516450 1313
1516460 1310
1516470 1310
1516480 1307
1516490 1303
1516500 1303
1516510 1300
1516520 1297
1516530 1293
1516540 1293
1516550 1289
1516560 1288
1516570 1288
1516580 1288
1516590 1286
1516600 1286
1516610 1285
1516620 1283
1516630 1283
1516640 1282
1516650 1281
1516660 1279
1516670 1279
1516680 1277
1516690 1276
1516700 1276
1516710 1276
1516720 1275
1516730 1275
1516740 1274
1516750 1272
1516760 1272
1516770 1270
1516780 1267
1516790 1267
1516800 1263
1516810 1260
1516820 1257
1516830 1257
1516840 1252
1516850 1248
1516860 1248
1516870 1242
1516880 1238
1516890 1238
1516900 1234
1516910 1229
1516920 1229
1516930 1223
1516940 1217
1516950 1217
1516960 1210
1516970 1204
1516980 1198
1516990 1198
1517000 1193
1517010 1186
1517020 1186
1517030 1178
1517040 1170
1517050 1170
1517060 1163
1517070 1155
1517080 1155
1517090 1147
1517100 1139
1517110 1131
1517120 1131
1517130 1123
1517140 1116
1517150 1116
1517160 1109
1517170 1102
1517180 1102
1517190 1096
1517200 1089
1517210 1089
1517220 1082
1517230 1077
1517240 1077
1517250 1072
1517260 1067
1517270 1062
1517280 1062
1517290 1058
1517300 1052
1517310 1052
1517320 1045
1517330 1039
1517340 1039
1517350 1033
1517360 1027
1517370 1027
1517380 1022
1517390 1016
1517400 1016
1517410 1010
1517420 1004
1517430 997
1517440 997
1517450 990
1517460 983
1517470 983
1517480 976
1517490 969
1517500 969
1517510 962
1517520 955
1517530 955
1517540 949
1517550 942
1517560 936
1517570 936
1517580 930
1517590 924
1517600 924
1517610 918
1517620 913
1517630 913
1517640 907
1517650 903
1517660 903
1517670 899
1517680 894
1517690 894
1517700 890
1517710 886
1517720 881
1517730 881
1517740 877
1517750 873
1517760 873
1517770 869
1517780 864
1517790 864
1517800 860
1517810 855
1517820 855
1517830 851
1517840 847
1517850 847
1517860 844
1517870 839
1517880 836
1517890 836
1517900 832
1517910 829
1517920 829
1517930 825
1517940 821
1517950 821
1517960 818
1517970 814
1517980 814
1517990 811
1518000 808
1518010 804
1518020 804
1518030 800
1518040 797
1518050 797
1518060 794
1518070 790
1518080 790
1518090 787
1518100 783
1518110 783
1518120 779
1518130 776
1518140 776
1518150 773
1518160 770
1518170 768
1518180 768
1518190 765
1518200 762
1518210 762
1518220 759
1518230 757
1518240 757
1518250 754
1518260 753
1518270 753
1518280 750
1518290 747
1518300 747
1518310 744
1518320 742
1518330 739
1518340 739
1518350 737
1518360 735
1518370 735
1518380 734
1518390 732
1518400 732
1518410 730
1518420 728
1518430 728
1518440 727
1518450 725
1518460 724
1518470 724
1518480 723
1518490 720
1518500 720
1518510 718
1518520 715
1518530 715
1518540 713
1518550 711
1518560 711
1518570 709
1518580 706
1518590 706
1518600 704
1518610 703
1518620 701
1518630 701
1518640 699
1518650 699
1518660 699
1518670 698
1518680 698
1518690 698
1518700 698
1518710 697
1518720 697
1518730 697
1518740 696
1518750 696
1518760 695
1518770 693
1518780 692
1518790 692
1518800 692
1518810 691
1518820 691
1518830 690
1518840 689
1518850 689
1518860 688
1518870 687
1518880 687
1518890 687
1518900 688
1518910 688
1518920 688
1518930 688
1518940 688
1518950 688
1518960 687
1518970 687
1518980 687
1518990 687
1519000 686
1519010 686
1519020 684
1519030 682
1519040 682
1519050 681
1519060 680
1519070 679
1519080 679
1519090 678
1519100 677
1519110 677
1519120 676
1519130 676
1519140 676
1519150 675
1519160 675
1519170 675
1519180 674
1519190 674
1519200 674
1519210 673
1519220 673
1519230 672
1519240 672
1519250 672
1519260 671
1519270 671
1519280 671
1519290 671
1519300 671
1519310 671
1519320 671
1519330 671
1519340 670
1519350 669
1519360 668
1519370 668
1519380 667
1519390 665
1519400 665
1519410 664
1519420 663
1519430 663
1519440 663
1519450 662
1519460 662
1519470 661
1519480 660
1519490 660
1519500 660
1519510 660
1519520 660
1519530 660
1519540 660
1519550 661
1519560 661
1519570 661
1519580 661
1519590 661
1519600 662
1519610 662
1519620 662
1519630 662
1519640 661
1519650 661
1519660 661
1519670 661
1519680 661
1519690 661
1519700 659
1519710 656
1519720 656
1519730 656
1519740 655
1519750 655
1519760 655
1519770 654
1519780 654
1519790 653
1519800 652
1519810 652
1519820 651
1519830 649
1519840 648
1519850 648
1519860 648
1519870 648
1519880 648
1519890 648
1519900 648
1519910 648
1519920 648
1519930 648
1519940 648
1519950 648
1519960 648
1519970 646
1519980 646
1519990 642
