1500000 1536
1500010 1536
1500020 1535
1500030 1535
1500040 1535
1500050 1533
1500060 1532
1500070 1532
1500080 1531
1500090 1532
1500100 1532
1500110 1531
1500120 1533
1500130 1533
1500140 1535
1500150 1534
1500160 1534
1500170 1536
1500180 1538
1500190 1537
1500200 1537
1500210 1537
1500220 1538
1500230 1538
1500240 1537
1500250 1535
1500260 1535
1500270 1533
1500280 1530
1500290 1530
1500300 1528
1500310 1525
1500320 1522
1500330 1522
1500340 1520
1500350 1520
1500360 1520
1500370 1519
1500380 1517
1500390 1517
1500400 1517
1500410 1515
1500420 1515
1500430 1510
1500440 1505
1500450 1505
1500460 1499
1500470 1495
1500480 1492
1500490 1492
1500500 1490
1500510 1487
1500520 1487
1500530 1486
1500540 1485
1500550 1485
1500560 1485
1500570 1485
1500580 1485
1500590 1484
1500600 1482
1500610 1482
1500620 1478
1500630 1478
1500640 1480
1500650 1480
1500660 1483
1500670 1486
1500680 1486
1500690 1488
1500700 1488
1500710 1488
1500720 1487
1500730 1486
1500740 1486
1500750 1488
1500760 1492
1500770 1496
1500780 1496
1500790 1496
1500800 1492
1500810 1492
1500820 1489
1500830 1484
1500840 1484
1500850 1478
1500860 1475
1500870 1475
1500880 1472
1500890 1469
1500900 1469
1500910 1465
1500920 1461
1500930 1457
1500940 1457
1500950 1458
1500960 1461
1500970 1461
1500980 1465
1500990 1470
1501000 1470
1501010 1475
1501020 1480
1501030 1480
1501040 1485
1501050 1490
1501060 1490
1501070 1496
1501080 1501
1501090 1506
1501100 1506
1501110 1513
1501120 1520
1501130 1520
1501140 1527
1501150 1533
1501160 1533
1501170 1539
1501180 1546
1501190 1546
1501200 1552
1501210 1557
1501220 1557
1501230 1562
1501240 1567
1501250 1571
1501260 1571
1501270 1575
1501280 1579
1501290 1579
1501300 1581
1501310 1584
1501320 1584
1501330 1589
1501340 1594
1501350 1594
1501360 1596
1501370 1598
1501380 1602
1501390 1602
1501400 1605
1502920 1721
1502930 1721
1502940 1721
1502950 1723
1502960 1723
1502970 1724
1502980 1726
1502990 1726
1503000 1727
1503010 1726
1503020 1726
1503030 1726
1503040 1728
1503050 1729
1503060 1729
1503070 1730
1503080 1730
1503090 1730
1503100 1730
1503110 1730
1503120 1730
1503130 1731
1503140 1731
1503150 1731
1503160 1731
1503170 1730
1503180 1730
1503190 1729
1503200 1729
1503210 1729
1503220 1729
1503230 1728
1503240 1727
1503250 1727
1503260 1727
1503270 1727
1503280 1727
1503290 1727
1503300 1727
1503310 1727
1503320 1729
1503330 1730
1503340 1730
1503350 1732
1503360 1733
1503370 1734
1503380 1734
1503390 1734
1503400 1734
1503410 1734
1503420 1733
1503430 1731
1503440 1731
1503450 1729
1503460 1727
1503470 1727
1503480 1726
1503490 1726
1503500 1725
1503510 1725
1503520 1725
1503530 1725
1503540 1725
1503550 1725
1503560 1724
1503570 1724
1503580 1724
1503590 1723
1503600 1723
1503610 1722
1503620 1721
1503630 1721
1503640 1720
1503650 1718
1503660 1716
1503670 1716
1503680 1714
1503690 1711
1503700 1711
1503710 1708
1503720 1705
1503730 1705
1503740 1703
1503750 1699
1503760 1699
1503770 1695
1503780 1691
1503790 1691
1503800 1687
1503810 1682
1503820 1679
1503830 1679
1503840 1675
1503850 1671
1503860 1671
1503870 1667
1503880 1664
1503890 1664
1503900 1661
1503910 1658
1503920 1658
1503930 1655
1503940 1651
1503950 1651
1503960 1647
1503970 1644
1503980 1640
1503990 1640
1504000 1637
1504010 1635
1504020 1635
1504030 1632
1504040 1628
1504050 1628
1504060 1625
1504070 1621
1504080 1621
1504090 1618
1504100 1614
1504110 1610
1504120 1610
1504130 1606
1504140 1602
1504150 1602
1504160 1598
1504170 1594
1504180 1594
1504190 1590
1504200 1586
1504210 1586
1504220 1581
1504230 1576
1504240 1576
1504250 1571
1504260 1566
1504270 1562
1504280 1562
1504290 1558
1504300 1553
1504310 1553
1504320 1546
1504330 1540
1504340 1540
1504350 1534
1504360 1529
1504370 1529
1504380 1526
1504390 1524
1504400 1524
1504410 1521
1504420 1519
1504430 1517
1504440 1517
1504450 1512
1504460 1505
1504470 1505
1504480 1499
1504490 1495
1504500 1495
1504510 1491
1504520 1488
1504530 1488
1504540 1483
1504550 1477
1504560 1471
1504570 1471
1504580 1465
1504590 1458
1504600 1458
1504610 1453
1504620 1448
1504630 1448
1504640 1443
1504650 1436
1504660 1436
1504670 1428
1504680 1419
1504690 1419
1504700 1411
1504710 1406
1504720 1402
1504730 1402
1504740 1399
1504750 1394
1504760 1394
1504770 1390
1504780 1387
1504790 1387
1504800 1386
1504810 1383
1504820 1383
1504830 1380
1504840 1376
1504850 1376
1504860 1371
1504870 1365
1504880 1361
1504890 1361
1504900 1358
1504910 1353
1504920 1353
1504930 1348
1504940 1343
1504950 1343
1504960 1340
1504970 1338
1504980 1338
1504990 1336
1505000 1335
1505010 1335
1505020 1335
1505030 1335
1505040 1336
1505050 1336
1505060 1336
1505070 1337
1505080 1337
1505090 1337
1505100 1334
1505110 1334
1505120 1333
1505130 1331
1505140 1331
1505150 1329
1505160 1327
1505170 1324
1505180 1324
1505190 1319
1505200 1313
1505210 1313
1505220 1308
1505230 1304
1505240 1304
1505250 1301
1505260 1298
1505270 1298
1505280 1295
1505290 1291
1505300 1291
1505310 1286
1505320 1282
1505330 1279
1505340 1279
1505350 1278
1505360 1277
1505370 1277
1505380 1274
1505390 1271
1505400 1271
1505410 1268
1505420 1267
1505430 1267
1505440 1266
1505450 1267
1505460 1267
1505470 1268
1505480 1273
1505490 1275
1505500 1275
1505510 1273
1505520 1273
1505530 1273
1505540 1270
1505550 1267
1505560 1267
1505570 1265
1505580 1261
1505590 1261
1505600 1257
1505610 1251
1505620 1244
1505630 1244
1505640 1242
1505650 1247
1505660 1247
1505670 1249
1505680 1250
1505690 1250
1505700 1251
1505710 1253
1505720 1253
1505730 1255
1505740 1256
1505750 1256
1505760 1256
1505770 1254
1505780 1252
1505790 1252
1505800 1252
1505810 1250
1505820 1250
1505830 1246
1505840 1240
1505850 1240
1505860 1236
1505870 1235
1505880 1235
1505890 1233
1505900 1229
1505910 1229
1505920 1224
1505930 1221
1505940 1216
1505950 1216
1505960 1208
1505970 1202
1505980 1202
1505990 1198
1506000 1193
1506010 1193
1506020 1186
1506030 1181
1506040 1181
1506050 1181
1506060 1180
1506070 1180
1506080 1176
1506090 1173
1506100 1174
1506110 1174
1506120 1177
1506130 1180
1506140 1180
1506150 1184
1506160 1187
1506170 1187
1506180 1187
1506190 1187
1506200 1187
1506210 1190
1506220 1191
1506230 1191
1506240 1191
1506250 1197
1506260 1199
1506270 1199
1506280 1201
1506290 1202
1506300 1202
1506310 1206
1506320 1210
1506330 1210
1506340 1205
1506350 1198
1506360 1198
1506370 1191
1506380 1184
1506390 1178
1506400 1178
1506410 1171
1506420 1171
1506430 1171
1506440 1178
1506450 1183
1506460 1183
1506470 1190
1506480 1193
1506490 1193
1506500 1196
1506510 1202
1506520 1202
1506530 1208
1506540 1209
1506550 1206
1506560 1206
1506570 1203
1506580 1203
1506590 1203
1506600 1204
1506610 1205
1506620 1205
1506630 1206
1506640 1203
1506650 1203
1506660 1193
1506670 1183
1506680 1176
1506690 1176
1506700 1175
1506710 1179
1506720 1179
1506730 1184
1506740 1189
1506750 1189
1506760 1195
1506770 1200
1506780 1200
1506790 1199
1506800 1199
1506810 1199
1506820 1200
1506830 1200
1506840 1197
1506850 1197
1506860 1203
1506870 1206
1506880 1206
1506890 1208
1506900 1209
1506910 1209
1506920 1210
1506930 1211
1506940 1211
1506950 1212
1506960 1213
1506970 1213
1506980 1214
1506990 1216
1507000 1218
1507010 1218
1507020 1220
1507030 1221
1507040 1221
1507050 1219
1507060 1219
1507070 1219
1507080 1219
1507090 1218
1507100 1218
1507110 1218
1507120 1220
1507130 1220
1507140 1224
1507150 1228
1507160 1230
1507170 1230
1507180 1230
1507190 1231
1507200 1231
1507210 1231
1507220 1229
1507230 1229
1507240 1229
1507250 1229
1507260 1229
1507270 1227
1507280 1227
1507290 1230
1507300 1230
1507310 1231
1507320 1232
1507330 1232
1507340 1232
1507350 1232
1507360 1232
1507370 1232
1507380 1231
1507390 1231
1507400 1231
1507410 1232
1507420 1232
1507430 1234
1507440 1234
1507450 1235
1507460 1235
1507470 1235
1507480 1235
1507490 1235
1507500 1235
1507510 1235
1507520 1235
1507530 1235
1507540 1234
1507550 1234
1507560 1233
1507570 1232
1507580 1232
1507590 1230
1507600 1229
1507610 1227
1507620 1227
1507630 1225
1507640 1223
1507650 1223
1507660 1221
1507670 1218
1507680 1218
1507690 1215
1507700 1212
1507710 1212
1507720 1209
1507730 1208
1507740 1205
1507750 1205
1507760 1200
1507770 1195
1507780 1195
1507790 1189
1507800 1182
1507810 1182
1507820 1173
1507830 1167
1507840 1167
1507850 1159
1507860 1153
1507870 1153
1507880 1152
1507890 1158
1507900 1164
1507910 1164
1507920 1169
1507930 1174
1507940 1174
1507950 1178
1507960 1182
1507970 1182
1507980 1186
1507990 1187
1508000 1187
1508010 1185
1508020 1182
1508030 1182
1508040 1181
1508050 1179
1508060 1177
1508070 1177
1508080 1176
1508090 1179
1508100 1179
1508110 1183
1508120 1184
1508130 1184
1508140 1183
1508150 1182
1508160 1182
1508170 1180
1508180 1178
1508190 1178
1508200 1177
1508210 1176
1508220 1174
1508230 1174
1508240 1174
1508250 1175
1508260 1175
1508270 1174
1508280 1170
1508290 1170
1508300 1165
1508310 1163
1508320 1163
1508330 1162
1508340 1161
1508350 1160
1508360 1160
1508370 1159
1508380 1160
1508390 1160
1508400 1158
1508410 1155
1508420 1155
1508430 1153
1508440 1151
1508450 1151
1508460 1149
1508470 1146
1508480 1146
1508490 1142
1508500 1139
1508510 1136
1508520 1136
1508530 1133
1508540 1130
1508550 1130
1508560 1126
1508570 1123
1508580 1123
1508590 1119
1508600 1114
1508610 1114
1508620 1109
1508630 1103
1508640 1103
1508650 1097
1508660 1092
1508670 1088
1508680 1088
1508690 1083
1508700 1078
1508710 1078
1508720 1072
1508730 1065
1508740 1065
1508750 1060
1508760 1054
1508770 1054
1508780 1047
1508790 1039
1508800 1031
1508810 1031
1508820 1024
1508830 1024
1508840 1024
1508850 1024
1508860 1024
1508870 1024
1508880 1023
1508890 1023
1508900 1023
1508910 1023
1508920 1023
1508930 1023
1508940 1022
1508950 1019
1508960 1014
1508970 1014
1508980 1007
1508990 999
1509000 999
1509010 992
1509020 984
1509030 984
1509040 983
1509050 987
1509060 987
1509070 988
1509080 988
1509090 988
1509100 989
1509110 989
1509120 986
1509130 986
1509140 980
1509150 974
1509160 974
1509170 969
1509180 967
1509190 967
1509200 965
1509210 964
1509220 964
1509230 962
1509240 961
1509250 961
1509260 956
1509270 950
1509280 947
1509290 947
1509300 943
1509310 941
1509320 941
1509330 940
1509340 937
1509350 937
1509360 935
1509370 934
1509380 934
1509390 935
1509400 935
1509410 934
1509420 934
1509430 932
1509440 930
1509450 930
1509460 929
1509470 927
1509480 927
1509490 926
1509500 926
1509510 926
1509520 925
1509530 924
1509540 924
1509550 924
1509560 923
1509570 921
1509580 921
1509590 919
1509600 917
1509610 917
1509620 914
1509630 909
1509640 909
1509650 904
1509660 899
1509670 899
1509680 895
1509690 892
1509700 892
1509710 887
1509720 881
1509730 875
1509740 875
1509750 870
1509760 864
1509770 864
1509780 862
1509790 863
1509800 863
1509810 863
1509820 862
1509830 862
1509840 863
1509850 864
1509860 866
1509870 866
1509880 868
1509890 872
1509900 872
1509910 877
1509920 877
1509930 877
1509940 873
1509950 868
1509960 868
1509970 859
1509980 849
1509990 849
1510000 838
1510010 832
1510020 830
1510030 830
1510040 829
1510050 832
1510060 832
1510070 834
1510080 837
1510090 837
1510100 842
1510110 847
1510120 847
1510130 849
1510140 850
1510150 850
1510160 850
1510170 848
1510180 841
1510190 841
1510200 836
1510210 833
1510220 833
1510230 838
1510240 844
1510250 844
1510260 847
1510270 849
1510280 849
1510290 852
1510300 857
1510310 857
1510320 861
1510330 863
1510340 867
1510350 867
1510360 871
1510370 875
1510380 875
1510390 879
1510400 881
1510410 881
1510420 882
1510430 883
1510440 883
1510450 885
1510460 888
1510470 891
1510480 891
1510490 893
1510500 891
1510510 891
1510520 890
1510530 889
1510540 889
1510550 889
1510560 889
1510570 889
1510580 887
1510590 882
1510600 882
1510610 875
1510620 870
1510630 865
1510640 865
1510650 857
1510660 846
1510670 846
1510680 844
1510690 847
1510700 847
1510710 848
1510720 850
1510730 850
1510740 852
1510750 856
1510760 856
1510770 860
1510780 865
1510790 869
1510800 869
1510810 873
1510820 878
1510830 878
1510840 884
1510850 891
1510860 891
1510870 897
1510880 904
1510890 904
1510900 911
1510910 917
1510920 923
1510930 923
1510940 929
1510950 936
1510960 936
1510970 942
1510980 946
1510990 946
1511000 949
1511010 952
1511020 952
1511030 956
1511040 959
1511050 959
1511060 963
1511070 966
1511080 969
1511090 969
1511100 972
1511110 976
1511120 976
1511130 979
1511140 982
1511150 982
1511160 984
1511170 986
1511180 986
1511190 988
1511200 991
1511210 991
1511220 993
1511230 995
1511240 997
1511250 997
1511260 1000
1511270 1002
1511280 1002
1511290 1005
1511300 1006
1511310 1006
1511320 1009
1511330 1011
1511340 1011
1511350 1012
1511360 1014
1511370 1014
1511380 1016
1511390 1017
1511400 1018
1511410 1018
1511420 1019
1511430 1021
1511440 1021
1511450 1023
1511460 1024
1511470 1024
1511480 1026
1511490 1028
1511500 1028
1511510 1028
1511520 1027
1511530 1027
1511540 1027
1511550 1027
1511560 1026
1511570 1026
1511580 1025
1511590 1024
1511600 1024
1511610 1025
1511620 1025
1511630 1025
1511640 1027
1511650 1027
1511660 1027
1511670 1026
1511680 1025
1511690 1024
1511700 1024
1511710 1023
1511720 1022
1511730 1022
1511740 1021
1511750 1018
1511760 1018
1511770 1017
1511780 1016
1511790 1016
1511800 1016
1511810 1015
1511820 1015
1511830 1014
1511840 1014
1511850 1014
1511860 1014
1511870 1013
1511880 1013
1511890 1013
1511900 1011
1511910 1010
1511920 1010
1511930 1008
1511940 1007
1511950 1007
1511960 1006
1511970 1006
1511980 1005
1511990 1005
1512000 1004
1512010 1004
1512020 1004
1512030 1005
1512040 1006
1512050 1006
1512060 1006
1512070 1006
1512080 1006
1512090 1006
1512100 1006
1512110 1006
1512120 1008
1512130 1009
1512140 1009
1512150 1009
1512160 1008
1512170 1006
1512180 1006
1512190 1005
1512200 1005
1512210 1005
1512220 1006
1512230 1006
1512240 1006
1512250 1005
1512260 1006
1512270 1006
1512280 1006
1512290 1006
1512300 1008
1512310 1008
1512320 1009
1512330 1009
1512340 1009
1512350 1007
1512360 1005
1512370 1005
1512380 1003
1512390 998
1512400 998
1512410 992
1512420 987
1512430 987
1512440 983
1512450 979
1512460 977
1512470 977
1512480 976
1512490 974
1512500 974
1512510 972
1512520 970
1512530 970
1512540 969
1512550 967
1512560 967
1512570 965
1512580 964
1512590 963
1512600 963
1512610 960
1512620 961
1512630 961
1512640 962
1512650 962
1512660 962
1512670 960
1512680 959
1512690 959
1512700 958
1512710 958
1512720 958
1512730 957
1512740 962
1512750 965
1512760 965
1512770 966
1512780 968
1512790 968
1512800 969
1512810 971
1512820 971
1512830 972
1512840 974
1512850 974
1512860 976
1512870 976
1512880 976
1512890 975
1512900 974
1512910 973
1512920 973
1512930 971
1512940 970
1512950 970
1512960 969
1512970 968
1512980 968
1512990 966
1513000 965
1513010 965
1513020 963
1513030 961
1513040 959
1513050 959
1513060 958
1513070 957
1513080 957
1513090 957
1513100 955
1513110 955
1513120 953
1513130 952
1513140 952
1513150 951
1513160 950
1513170 950
1513180 949
1513190 944
1513200 942
1513210 942
1513220 940
1513230 937
1513240 937
1513250 935
1513260 933
1513270 933
1513280 930
1513290 927
1513300 927
1513310 924
1513320 922
1513330 922
1513340 919
1513350 917
1513360 915
1513370 915
1513380 913
1513390 911
1513400 911
1513410 908
1513420 906
1513430 906
1513440 904
1513450 902
1513460 902
1513470 901
1513480 900
1513490 900
1513500 898
1513510 896
1513520 894
1513530 894
1513540 893
1513550 890
1513560 890
1513570 886
1513580 882
1513590 882
1513600 878
1513610 873
1513620 873
1513630 868
1513640 863
1513650 859
1513660 859
1513670 855
1513680 851
1513690 851
1513700 847
1513710 843
1513720 843
1513730 839
1513740 834
1513750 834
1513760 830
1513770 825
1513780 825
1513790 821
1513800 818
1513810 816
1513820 816
1513830 816
1513840 816
1513850 816
1513860 816
1513870 815
1513880 815
1513890 807
1513900 798
1513910 798
1513920 791
1513930 787
1513940 787
1513950 784
1513960 781
1513970 778
1513980 778
1513990 777
1514000 775
1514010 775
1514020 773
1514030 772
1514040 772
1514050 772
1514060 771
1514070 771
1514080 769
1514090 767
1514100 766
1514110 766
1514120 764
1514130 763
1514140 763
1514150 761
1514160 758
1514170 758
1514180 753
1514190 747
1514200 747
1514210 738
1514220 731
1514230 731
1514240 726
1514250 720
1514260 718
1514270 718
1514280 715
1514290 713
1514300 713
1514310 709
1514320 705
1514330 705
1514340 702
1514350 700
1514360 700
1514370 700
1514380 699
1514390 699
1514400 699
1514410 698
1514420 697
1514430 697
1514440 697
1514450 696
1514460 696
1514470 695
1514480 695
1514490 695
1514500 694
1514510 694
1514520 694
1514530 693
1514540 693
1514550 693
1514560 692
1514570 692
1514580 692
1514590 692
1514600 691
1514610 691
1514620 691
1514630 691
1514640 690
1514650 690
1514660 690
1514670 690
1514680 690
1514690 690
1514700 690
1514710 690
1514720 690
1514730 690
1514740 690
1514750 690
1514760 690
1514770 690
1514780 690
1514790 690
1514800 690
1514810 690
1514820 691
1514830 692
1514840 692
1514850 692
1514860 691
1514870 690
1514880 690
1514890 689
1514900 688
1514910 688
1514920 688
1514930 687
1514940 687
1514950 686
1514960 685
1514970 685
1514980 684
1514990 684
1515000 684
1515010 683
1515020 683
1515030 682
1515040 682
1515050 681
1515060 681
1515070 681
1515080 680
1515090 679
1515100 679
1515110 678
1515120 678
1515130 678
1515140 678
1515150 677
1515160 677
1515170 677
1515180 677
1515190 677
1515200 677
1515210 676
1515220 676
1515230 676
1515240 676
1515250 676
1515260 676
1515270 676
1515280 676
1515290 676
1515300 675
1515310 675
1515320 675
1515330 675
1515340 675
1515350 675
1515360 675
1515370 674
1515380 674
1515390 674
1515400 674
1515410 674
1515420 674
1515430 675
1515440 674
1515450 674
1515460 674
1515470 674
1515480 673
1515490 673
1515500 673
1515510 673
1515520 673
1515530 673
1515540 673
1515550 673
1515560 672
1515570 672
1515580 672
1515590 672
1515600 672
1515610 672
1515620 672
1515630 672
1515640 672
1515650 672
1515660 671
1515670 671
1515680 671
1515690 670
1515700 668
1515710 668
1515720 667
1515730 665
1515740 665
1515750 663
1515760 662
1515770 662
1515780 662
1515790 661
1515800 661
1515810 661
1515820 660
1515830 660
1515840 660
1515850 658
1515860 657
1515870 657
1515880 656
1515890 655
1515900 655
1515910 654
1515920 653
1515930 653
1515940 653
1515950 653
1515960 652
1515970 652
1515980 652
1515990 652
1516000 652
1516010 653
1516020 653
1516030 653
1516040 653
1516050 653
1516060 653
1516070 653
1516080 652
1516090 650
1516100 650
1516110 649
1516120 647
1516130 647
1516140 643
1516150 641
1516160 641
1516170 638
1516180 634
1516190 634
1516200 630
1516210 628
1516220 625
1516230 625
1516240 626
1516250 627
1516260 627
1516270 628
1516280 629
1516290 629
1516300 629
1516310 626
1516320 626
1516330 622
1516340 623
1516350 623
1516360 622
1516370 618
1516380 614
1516390 614
1516400 611
1516410 610
1516420 610
1516430 609
1516440 608
1516450 608
1516460 607
1516470 607
1516480 607
1516490 606
1516500 603
1516510 603
1516520 603
1516530 600
1516540 597
1516550 597
1516560 596
1516570 595
1516580 595
1516590 594
1516600 594
1516610 594
1516620 594
1516630 594
1516640 594
1516650 594
1516660 594
1516670 594
1516680 594
1516690 593
1516700 591
1516710 591
1516720 591
1516730 591
1516740 591
1516750 590
1516760 591
1516770 591
1516780 592
1516790 592
1516800 592
1516810 593
1516820 593
1516830 593
1516840 593
1516850 593
1516860 593
1516870 593
1516880 594
1516890 594
1516900 594
1516910 594
1516920 594
1516930 594
1516940 594
1516950 595
1516960 595
1516970 595
1516980 595
1516990 596
1517000 596
1517010 596
1517020 597
1517030 597
1517040 596
1517050 596
1517060 596
1517070 596
1517080 596
1517090 596
1517100 596
1517110 596
1517120 596
1517130 596
1517140 596
1517150 596
1517160 596
1517170 597
1517180 597
1517190 597
1517200 596
1517210 596
1517220 596
1517230 596
1517240 595
1517250 595
1517260 596
1517270 599
1517280 599
1517290 600
1517300 601
1517310 603
1517320 603
1517330 604
1517340 605
1517350 605
1517360 605
1517370 606
1517380 606
1517390 607
1517400 608
1517410 608
1517420 608
1517430 609
1517440 609
1517450 609
1517460 609
1517470 610
1517480 610
1517490 610
1517500 610
1517510 610
1517520 611
1517530 611
1517540 611
1517550 612
1517560 612
1517570 612
1517580 613
1517590 613
1517600 614
1517610 614
1517620 615
1517630 615
1517640 615
1517650 615
1517660 616
1517670 616
1517680 617
1517690 617
1517700 617
1517710 618
1517720 619
1517730 619
1517740 619
1517750 619
1517760 620
1517770 620
1517780 621
1517790 621
1517800 621
1517810 622
1517820 623
1517830 623
1517840 625
1517850 625
1517860 625
1517870 625
1517880 625
1517890 625
1517900 625
1517910 626
1517920 626
1517930 626
1517940 628
1517950 629
1517960 629
1517970 630
1517980 631
1517990 631
1518000 632
1518010 633
1518020 633
1518030 634
1518040 635
1518050 636
1518060 636
1518070 636
1518080 635
1518090 635
1518100 631
1518110 626
1518120 626
1518130 623
1518140 621
1518150 621
1518160 618
1518170 616
1518180 616
1518190 615
1518200 614
1518210 615
1518220 615
1518230 614
1518240 614
1518250 614
1518260 615
1518270 615
1518280 615
1518290 615
1518300 614
1518310 614
1518320 612
1518330 611
1518340 611
1518350 611
1518360 610
1518370 610
1518380 610
1518390 609
1518400 607
1518410 607
1518420 605
1518430 603
1518440 603
1518450 601
1518460 600
1518470 600
1518480 600
1518490 600
1518500 599
1518510 599
1518520 598
1518530 597
1518540 597
1518550 597
1518560 597
1518570 597
1518580 596
1518590 595
1518600 595
1518610 594
1518620 593
1518630 593
1518640 593
1518650 593
1518660 592
1518670 592
1518680 592
1518690 592
1518700 592
1518710 591
1518720 591
1518730 591
1518740 591
1518750 592
1518760 592
1518770 593
1518780 592
1518790 592
1518800 591
1518810 591
1518820 591
1518830 591
1518840 592
1518850 592
1518860 592
1518870 592
1518880 592
1518890 592
1518900 593
1518910 595
1518920 595
1518930 595
1518940 597
1518950 599
1518960 599
1518970 601
1518980 603
1518990 603
1519000 605
1519010 608
1519020 608
1519030 612
1519040 616
1519050 616
1519060 621
1519070 627
1519080 627
1519090 630
1519100 633
1519110 632
1519120 632
1519130 634
1519140 635
1519150 635
1519160 633
1519170 628
1519180 628
1519190 623
1519200 617
1519210 617
1519220 612
1519230 608
1519240 608
1519250 609
1519260 612
1519270 615
1519280 615
1519290 619
1519300 621
1519310 621
1519320 621
1519330 622
1519340 622
1519350 622
1519360 621
1519370 621
1519380 621
1519390 624
1519400 624
1519410 625
1519420 622
1519430 618
1519440 618
1519450 612
1519460 607
1519470 607
1519480 604
1519490 608
1519500 608
1519510 612
1519520 616
1519530 616
1519540 621
1519550 626
1519560 630
1519570 630
1519580 633
1519590 638
1519600 638
1519610 640
1519620 640
1519630 640
1519640 638
1519650 637
1519660 637
1519670 640
1519680 645
1519690 645
1519700 648
1519710 648
1519720 651
1519730 651
1519740 652
1519750 652
1519760 652
1519770 652
1519780 652
1519790 652
1519800 651
1519810 651
1519820 651
1519830 651
1519840 650
1519850 650
1519860 649
1519870 649
1519880 647
1519890 647
1519900 645
1519910 643
1519920 643
1519930 639
1519940 636
1519950 636
1519960 635
1519970 636
1519980 636
1519990 638
