1500000 1581
1500010 1583
1500020 1583
1500030 1582
1500040 1582
1500050 1583
1500060 1583
1500070 1583
1500080 1583
1500090 1581
1500100 1581
1500110 1577
1500120 1576
1500130 1576
1500140 1577
1500150 1576
1500160 1575
1500170 1575
1500180 1573
1500190 1572
1500200 1572
1500210 1571
1500220 1570
1500230 1570
1500240 1569
1500250 1567
1500260 1567
1500270 1564
1500280 1562
1500290 1562
1500300 1559
1500310 1554
1500320 1550
1500330 1550
1500340 1544
1500350 1538
1500360 1538
1500370 1532
1500380 1526
1500390 1526
1500400 1521
1500410 1517
1500420 1517
1500430 1512
1500440 1509
1500450 1509
1500460 1505
1500470 1500
1500480 1495
1500490 1495
1500500 1490
1500510 1486
1500520 1486
1500530 1482
1500540 1478
1500550 1478
1500560 1475
1500570 1472
1500580 1472
1500590 1469
1500600 1467
1500610 1464
1500620 1464
1500630 1462
1500640 1460
1500650 1460
1500660 1458
1500670 1456
1500680 1456
1500690 1455
1500700 1453
1500710 1453
1500720 1454
1500730 1456
1500740 1456
1500750 1458
1500760 1462
1500770 1465
1500780 1465
1500790 1468
1500800 1470
1500810 1470
1500820 1471
1500830 1471
1500840 1471
1500850 1471
1500860 1470
1500870 1470
1500880 1468
1500890 1467
1500900 1467
1500910 1466
1500920 1465
1500930 1464
1500940 1464
1500950 1461
1500960 1457
1500970 1457
1500980 1455
1500990 1459
1501000 1459
1501010 1465
1501020 1471
1501030 1471
1501040 1476
1501050 1480
1501060 1480
1501070 1484
1501080 1488
1501090 1492
1501100 1492
1501110 1497
1502890 1680
1502900 1680
1502910 1680
1502920 1682
1502930 1682
1502940 1683
1502950 1685
1502960 1685
1502970 1685
1502980 1684
1502990 1684
1503000 1686
1503010 1689
1503020 1689
1503030 1690
1503040 1690
1503050 1690
1503060 1690
1503070 1688
1503080 1688
1503090 1688
1503100 1689
1503110 1689
1503120 1689
1503130 1689
1503140 1689
1503150 1689
1503160 1689
1503170 1688
1503180 1688
1503190 1688
1503200 1688
1503210 1687
1503220 1687
1503230 1687
1503240 1686
1503250 1686
1503260 1686
1503270 1686
1503280 1686
1503290 1687
1503300 1689
1503310 1689
1503320 1690
1503330 1689
1503340 1690
1503350 1690
1503360 1691
1503370 1693
1503380 1693
1503390 1697
1503400 1699
1503410 1699
1503420 1700
1503430 1701
1503440 1701
1503450 1703
1503460 1705
1503470 1705
1503480 1706
1503490 1707
1503500 1709
1503510 1709
1503520 1710
1503530 1712
1503540 1712
1503550 1713
1503560 1714
1503570 1714
1503580 1715
1503590 1716
1503600 1716
1503610 1717
1503620 1715
1503630 1715
1503640 1714
1503650 1713
1503660 1710
1503670 1710
1503680 1707
1503690 1703
1503700 1703
1503710 1699
1503720 1695
1503730 1695
1503740 1690
1503750 1686
1503760 1686
1503770 1681
1503780 1677
1503790 1677
1503800 1672
1503810 1668
1503820 1663
1503830 1663
1503840 1658
1503850 1653
1503860 1653
1503870 1648
1503880 1643
1503890 1643
1503900 1639
1503910 1635
1503920 1635
1503930 1630
1503940 1625
1503950 1620
1503960 1620
1503970 1614
1503980 1608
1503990 1608
1504000 1601
1504010 1594
1504020 1594
1504030 1586
1504040 1584
1504050 1584
1504060 1587
1504070 1586
1504080 1586
1504090 1583
1504100 1581
1504110 1577
1504120 1577
1504130 1573
1504140 1569
1504150 1569
1504160 1565
1504170 1561
1504180 1561
1504190 1557
1504200 1554
1504210 1554
1504220 1550
1504230 1546
1504240 1546
1504250 1541
1504260 1537
1504270 1533
1504280 1533
1504290 1530
1504300 1526
1504310 1526
1504320 1522
1504330 1516
1504340 1516
1504350 1509
1504360 1504
1504370 1504
1504380 1499
1504390 1497
1504400 1492
1504410 1492
1504420 1485
1504430 1480
1504440 1480
1504450 1477
1504460 1471
1504470 1471
1504480 1463
1504490 1456
1504500 1456
1504510 1454
1504520 1450
1504530 1450
1504540 1445
1504550 1440
1504560 1434
1504570 1434
1504580 1426
1504590 1419
1504600 1419
1504610 1413
1504620 1411
1504630 1411
1504640 1412
1504650 1413
1504660 1413
1504670 1415
1504680 1418
1504690 1418
1504700 1421
1504710 1421
1504720 1423
1504730 1423
1504740 1424
1504750 1420
1504760 1420
1504770 1416
1504780 1416
1504790 1416
1504800 1416
1504810 1412
1504820 1412
1504830 1408
1504840 1403
1504850 1403
1504860 1400
1504870 1397
1504880 1397
1504890 1397
1504900 1397
1504910 1395
1504920 1395
1504930 1394
1504940 1394
1504950 1394
1504960 1394
1504970 1389
1504980 1389
1504990 1382
1505000 1379
1505010 1374
1505020 1374
1505030 1370
1505040 1367
1505050 1367
1505060 1361
1505070 1354
1505080 1354
1505090 1355
1505100 1353
1505110 1353
1505120 1352
1505130 1352
1505140 1352
1505150 1348
1505160 1341
1505170 1341
1505180 1341
1505190 1340
1505200 1337
1505210 1337
1505220 1334
1505230 1328
1505240 1328
1505250 1325
1505260 1326
1505270 1326
1505280 1329
1505290 1330
1505300 1330
1505310 1331
1505320 1331
1505330 1330
1505340 1330
1505350 1326
1505360 1319
1505370 1319
1505380 1311
1505390 1304
1505400 1304
1505410 1300
1505420 1301
1505430 1301
1505440 1298
1505450 1293
1505460 1288
1505470 1288
1505480 1286
1505490 1286
1505500 1286
1505510 1283
1505520 1280
1505530 1280
1505540 1280
1505550 1275
1505560 1275
1505570 1275
1505580 1275
1505590 1275
1505600 1272
1505610 1270
1505620 1268
1505630 1268
1505640 1267
1505650 1262
1505660 1262
1505670 1259
1505680 1254
1505690 1254
1505700 1249
1505710 1244
1505720 1244
1505730 1239
1505740 1232
1505750 1232
1505760 1226
1505770 1218
1505780 1215
1505790 1215
1505800 1212
1505810 1209
1505820 1209
1505830 1206
1505840 1204
1505850 1204
1505860 1202
1505870 1202
1505880 1202
1505890 1203
1505900 1202
1505910 1202
1505920 1202
1505930 1203
1505940 1206
1505950 1206
1505960 1207
1505970 1209
1505980 1209
1505990 1210
1506000 1215
1506010 1215
1506020 1217
1506030 1222
1506040 1222
1506050 1221
1506060 1215
1506070 1210
1506080 1210
1506090 1206
1506100 1202
1506110 1202
1506120 1199
1506130 1195
1506140 1195
1506150 1191
1506160 1187
1506170 1187
1506180 1180
1506190 1173
1506200 1173
1506210 1168
1506220 1165
1506230 1163
1506240 1163
1506250 1160
1506260 1157
1506270 1157
1506280 1154
1506290 1152
1506300 1152
1506310 1151
1506320 1151
1506330 1151
1506340 1151
1506350 1152
1506360 1152
1506370 1154
1506380 1159
1506390 1163
1506400 1163
1506410 1160
1506420 1153
1506430 1153
1506440 1146
1506450 1144
1506460 1144
1506470 1146
1506480 1147
1506490 1147
1506500 1148
1506510 1149
1506520 1148
1506530 1148
1506540 1148
1506550 1148
1506560 1148
1506570 1149
1506580 1150
1506590 1150
1506600 1150
1506610 1152
1506620 1152
1506630 1157
1506640 1162
1506650 1162
1506660 1166
1506670 1161
1506680 1152
1506690 1152
1506700 1146
1506710 1149
1506720 1149
1506730 1156
1506740 1162
1506750 1162
1506760 1168
1506770 1174
1506780 1174
1506790 1176
1506800 1170
1506810 1170
1506820 1169
1506830 1177
1506840 1187
1506850 1187
1506860 1192
1506870 1195
1506880 1195
1506890 1197
1506900 1196
1506910 1196
1506920 1193
1506930 1191
1506940 1191
1506950 1190
1506960 1189
1506970 1190
1506980 1190
1506990 1192
1507000 1191
1507010 1191
1507020 1187
1507030 1181
1507040 1181
1507050 1176
1507060 1175
1507070 1175
1507080 1175
1507090 1177
1507100 1177
1507110 1182
1507120 1187
1507130 1191
1507140 1191
1507150 1192
1507160 1193
1507170 1193
1507180 1192
1507190 1194
1507200 1194
1507210 1196
1507220 1195
1507230 1195
1507240 1187
1507250 1183
1507260 1183
1507270 1183
1507280 1186
1507290 1190
1507300 1190
1507310 1194
1507320 1196
1507330 1196
1507340 1198
1507350 1197
1507360 1197
1507370 1195
1507380 1194
1507390 1194
1507400 1194
1507410 1195
1507420 1195
1507430 1195
1507440 1195
1507450 1196
1507460 1196
1507470 1195
1507480 1195
1507490 1195
1507500 1194
1507510 1193
1507520 1193
1507530 1192
1507540 1192
1507550 1192
1507560 1191
1507570 1190
1507580 1190
1507590 1190
1507600 1190
1507610 1189
1507620 1189
1507630 1187
1507640 1185
1507650 1185
1507660 1184
1507670 1184
1507680 1184
1507690 1183
1507700 1182
1507710 1182
1507720 1181
1507730 1179
1507740 1178
1507750 1178
1507760 1178
1507770 1178
1507780 1178
1507790 1177
1507800 1173
1507810 1173
1507820 1165
1507830 1158
1507840 1158
1507850 1153
1507860 1147
1507870 1147
1507880 1141
1507890 1133
1507900 1129
1507910 1129
1507920 1134
1507930 1142
1507940 1142
1507950 1151
1507960 1159
1507970 1159
1507980 1163
1507990 1162
1508000 1162
1508010 1158
1508020 1156
1508030 1156
1508040 1156
1508050 1156
1508060 1162
1508070 1162
1508080 1165
1508090 1165
1508100 1165
1508110 1162
1508120 1162
1508130 1162
1508140 1163
1508150 1163
1508160 1163
1508170 1162
1508180 1161
1508190 1160
1508200 1160
1508210 1159
1508220 1158
1508230 1158
1508240 1157
1508250 1155
1508260 1155
1508270 1153
1508280 1151
1508290 1151
1508300 1149
1508310 1147
1508320 1147
1508330 1145
1508340 1143
1508350 1141
1508360 1141
1508370 1140
1508380 1138
1508390 1138
1508400 1135
1508410 1133
1508420 1133
1508430 1130
1508440 1127
1508450 1127
1508460 1124
1508470 1120
1508480 1120
1508490 1116
1508500 1111
1508510 1108
1508520 1108
1508530 1104
1508540 1100
1508550 1100
1508560 1096
1508570 1092
1508580 1092
1508590 1088
1508600 1084
1508610 1084
1508620 1079
1508630 1075
1508640 1069
1508650 1069
1508660 1064
1508670 1060
1508680 1060
1508690 1057
1508700 1054
1508710 1054
1508720 1050
1508730 1048
1508740 1048
1508750 1045
1508760 1040
1508770 1040
1508780 1035
1508790 1029
1508800 1025
1508810 1025
1508820 1021
1508830 1019
1508840 1019
1508850 1017
1508860 1013
1508870 1013
1508880 1009
1508890 1005
1508900 1005
1508910 1000
1508920 995
1508930 995
1508940 989
1508950 981
1508960 974
1508970 974
1508980 965
1508990 958
1509000 958
1509010 956
1509020 957
1509030 957
1509040 955
1509050 948
1509060 948
1509070 944
1509080 947
1509090 946
1509100 946
1509110 943
1509120 947
1509130 947
1509140 950
1509150 948
1509160 948
1509170 942
1509180 934
1509190 934
1509200 930
1509210 927
1509220 927
1509230 925
1509240 922
1509250 917
1509260 917
1509270 912
1509280 907
1509290 907
1509300 904
1509310 902
1509320 902
1509330 899
1509340 896
1509350 896
1509360 894
1509370 891
1509380 891
1509390 889
1509400 887
1509410 884
1509420 884
1509430 883
1509440 881
1509450 881
1509460 878
1509470 877
1509480 877
1509490 876
1509500 875
1509510 875
1509520 873
1509530 870
1509540 870
1509550 866
1509560 865
1509570 863
1509580 863
1509590 862
1509600 861
1509610 870
1509620 869
1509630 870
1509640 870
1509650 872
1509660 872
1509670 872
1509680 874
1509690 871
1509700 866
1509710 866
1509720 862
1509730 857
1509740 857
1509750 852
1509760 849
1509770 849
1509780 847
1509790 845
1509800 845
1509810 844
1509820 843
1509830 843
1509840 843
1509850 846
1509860 849
1509870 849
1509880 851
1509890 852
1509900 852
1509910 853
1509920 857
1509930 857
1509940 859
1509950 857
1509960 857
1509970 856
1509980 855
1509990 855
1510000 853
1510010 851
1510020 850
1510030 850
1510040 855
1510050 862
1510060 862
1510070 873
1510080 884
1510090 884
1510100 895
1510110 902
1510120 902
1510130 904
1510140 903
1510150 901
1510160 901
1510170 898
1510180 896
1510190 896
1510200 894
1510210 888
1510220 888
1510230 888
1510240 895
1510250 895
1510260 900
1510270 903
1510280 903
1510290 906
1510300 909
1510310 910
1510320 910
1510330 912
1510340 913
1510350 913
1510360 914
1510370 915
1510380 915
1510390 917
1510400 918
1510410 918
1510420 920
1510430 921
1510440 921
1510450 922
1510460 921
1510470 919
1510480 919
1510490 915
1510500 910
1510510 910
1510520 904
1510530 898
1510540 898
1510550 894
1510560 887
1510570 887
1510580 881
1510590 875
1510600 875
1510610 869
1510620 865
1510630 862
1510640 862
1510650 861
1510660 860
1510670 860
1510680 857
1510690 856
1510700 856
1510710 857
1510720 859
1510730 859
1510740 866
1510750 874
1510760 881
1510770 881
1510780 886
1510790 892
1510800 892
1510810 897
1510820 903
1510830 903
1510840 908
1510850 913
1510860 913
1510870 919
1510880 925
1510890 925
1510900 930
1510910 934
1510920 938
1510930 938
1510940 944
1510950 950
1510960 950
1510970 956
1510980 962
1510990 962
1511000 967
1511010 971
1511020 971
1511030 976
1511040 981
1511050 981
1511060 986
1511070 992
1511080 997
1511090 997
1511100 1002
1511110 1006
1511120 1006
1511130 1010
1511140 1014
1511150 1014
1511160 1017
1511170 1021
1511180 1021
1511190 1024
1511200 1027
1511210 1030
1511220 1030
1511230 1033
1511240 1035
1511250 1035
1511260 1037
1511270 1039
1511280 1039
1511290 1040
1511300 1041
1511310 1041
1511320 1044
1511330 1046
1511340 1046
1511350 1048
1511360 1050
1511370 1052
1511380 1052
1511390 1054
1511400 1055
1511410 1055
1511420 1057
1511430 1058
1511440 1058
1511450 1060
1511460 1061
1511470 1061
1511480 1062
1511490 1062
1511500 1062
1511510 1061
1511520 1061
1511530 1061
1511540 1061
1511550 1061
1511560 1062
1511570 1062
1511580 1063
1511590 1063
1511600 1063
1511610 1063
1511620 1065
1511630 1065
1511640 1066
1511650 1067
1511660 1067
1511670 1067
1511680 1066
1511690 1066
1511700 1066
1511710 1065
1511720 1064
1511730 1064
1511740 1063
1511750 1063
1511760 1063
1511770 1063
1511780 1063
1511790 1063
1511800 1064
1511810 1063
1511820 1062
1511830 1062
1511840 1061
1511850 1060
1511860 1060
1511870 1057
1511880 1054
1511890 1054
1511900 1050
1511910 1048
1511920 1048
1511930 1045
1511940 1044
1511950 1044
1511960 1044
1511970 1044
1511980 1043
1511990 1043
1512000 1043
1512010 1041
1512020 1041
1512030 1040
1512040 1040
1512050 1040
1512060 1038
1512070 1037
1512080 1037
1512090 1038
1512100 1039
1512110 1039
1512120 1040
1512130 1039
1512140 1039
1512150 1039
1512160 1039
1512170 1038
1512180 1038
1512190 1037
1512200 1035
1512210 1035
1512220 1034
1512230 1033
1512240 1033
1512250 1032
1512260 1033
1512270 1034
1512280 1034
1512290 1035
1512300 1035
1512310 1035
1512320 1035
1512330 1034
1512340 1034
1512350 1032
1512360 1030
1512370 1030
1512380 1028
1512390 1025
1512400 1025
1512410 1022
1512420 1020
1512430 1018
1512440 1018
1512450 1016
1512460 1015
1512470 1015
1512480 1014
1512490 1011
1512500 1011
1512510 1008
1512520 1005
1512530 1005
1512540 1002
1512550 1000
1512560 1000
1512570 997
1512580 992
1512590 987
1512600 987
1512610 983
1512620 984
1512630 984
1512640 984
1512650 985
1512660 985
1512670 986
1512680 986
1512690 986
1512700 985
1512710 984
1512720 984
1512730 985
1512740 980
1512750 984
1512760 984
1512770 990
1512780 994
1512790 994
1512800 997
1512810 1001
1512820 1001
1512830 1003
1512840 1005
1512850 1005
1512860 1006
1512870 1006
1512880 1004
1512890 1004
1512900 1002
1512910 1000
1512920 1000
1512930 998
1512940 995
1512950 995
1512960 994
1512970 992
1512980 992
1512990 992
1513000 991
1513010 991
1513020 989
1513030 987
1513040 986
1513050 986
1513060 985
1513070 985
1513080 985
1513090 987
1513100 988
1513110 988
1513120 987
1513130 985
1513140 985
1513150 983
1513160 980
1513170 980
1513180 977
1513190 975
1513200 975
1513210 975
1513220 977
1513230 978
1513240 978
1513250 976
1513260 973
1513270 973
1513280 969
1513290 966
1513300 966
1513310 963
1513320 958
1513330 953
1513340 953
1513350 949
1513360 945
1513370 945
1513380 941
1513390 937
1513400 937
1513410 934
1513420 931
1513430 931
1513440 928
1513450 924
1513460 924
1513470 922
1513480 920
1513490 918
1513500 918
1513510 916
1513520 913
1513530 913
1513540 911
1513550 909
1513560 909
1513570 906
1513580 903
1513590 903
1513600 899
1513610 896
1513620 896
1513630 894
1513640 891
1513650 888
1513660 888
1513670 885
1513680 883
1513690 883
1513700 882
1513710 880
1513720 880
1513730 878
1513740 874
1513750 874
1513760 870
1513770 865
1513780 865
1513790 859
1513800 851
1513810 844
1513820 844
1513830 841
1513840 839
1513850 839
1513860 837
1513870 835
1513880 835
1513890 834
1513900 833
1513910 833
1513920 832
1513930 830
1513940 828
1513950 828
1513960 826
1513970 823
1513980 823
1513990 821
1514000 820
1514010 820
1514020 818
1514030 816
1514040 816
1514050 814
1514060 813
1514070 813
1514080 811
1514090 809
1514100 806
1514110 806
1514120 803
1514130 800
1514140 800
1514150 797
1514160 794
1514170 794
1514180 790
1514190 786
1514200 786
1514210 782
1514220 771
1514230 771
1514240 768
1514250 765
1514260 763
1514270 763
1514280 760
1514290 757
1514300 757
1514310 753
1514320 749
1514330 749
1514340 745
1514350 742
1514360 742
1514370 739
1514380 736
1514390 730
1514400 730
1514410 724
1514420 718
1514430 718
1514440 714
1514450 710
1514460 710
1514470 707
1514480 704
1514490 704
1514500 701
1514510 699
1514520 699
1514530 697
1514540 695
1514550 694
1514560 694
1514570 693
1514580 694
1514590 694
1514600 695
1514610 695
1514620 695
1514630 696
1514640 696
1514650 696
1514660 697
1514670 698
1514680 698
1514690 699
1514700 700
1514710 701
1514720 701
1514730 700
1514740 701
1514750 701
1514760 700
1514770 700
1514780 700
1514790 701
1514800 701
1514810 701
1514820 701
1514830 701
1514840 701
1514850 700
1514860 698
1514870 697
1514880 697
1514890 695
1514900 693
1514910 693
1514920 692
1514930 690
1514940 690
1514950 689
1514960 688
1514970 688
1514980 687
1514990 686
1515000 685
1515010 685
1515020 685
1515030 684
1515040 684
1515050 682
1515060 681
1515070 681
1515080 680
1515090 680
1515100 680
1515110 679
1515120 679
1515130 679
1515140 678
1515150 678
1515160 678
1515170 678
1515180 677
1515190 677
1515200 677
1515210 676
1515220 676
1515230 676
1515240 676
1515250 676
1515260 676
1515270 676
1515280 676
1515290 676
1515300 676
1515310 676
1515320 676
1515330 676
1515340 676
1515350 676
1515360 676
1515370 674
1515380 673
1515390 673
1515400 673
1515410 672
1515420 672
1515430 672
1515440 672
1515450 672
1515460 672
1515470 671
1515480 671
1515490 671
1515500 671
1515510 671
1515520 671
1515530 670
1515540 670
1515550 670
1515560 670
1515570 670
1515580 670
1515590 670
1515600 670
1515610 671
1515620 671
1515630 671
1515640 671
1515650 671
1515660 671
1515670 671
1515680 671
1515690 671
1515700 671
1515710 671
1515720 670
1515730 670
1515740 670
1515750 669
1515760 669
1515770 669
1515780 669
1515790 668
1515800 667
1515810 667
1515820 667
1515830 666
1515840 666
1515850 665
1515860 665
1515870 665
1515880 665
1515890 664
1515900 664
1515910 663
1515920 662
1515930 661
1515940 661
1515950 660
1515960 659
1515970 659
1515980 657
1515990 656
1516000 656
1516010 656
1516020 655
1516030 655
1516040 655
1516050 655
1516060 654
1516070 654
1516080 653
1516090 652
1516100 652
1516110 651
1516120 650
1516130 650
1516140 649
1516150 649
1516160 649
1516170 648
1516180 648
1516190 648
1516200 648
1516210 648
1516220 648
1516230 648
1516240 648
1516250 647
1516260 647
1516270 646
1516280 646
1516290 646
1516300 645
1516310 645
1516320 645
1516330 645
1516340 645
1516350 645
1516360 644
1516370 641
1516380 641
1516390 641
1516400 642
1516410 640
1516420 640
1516430 638
1516440 639
1516450 639
1516460 639
1516470 637
1516480 637
1516490 631
1516500 626
1516510 621
1516520 621
1516530 618
1516540 614
1516550 614
1516560 610
1516570 607
1516580 607
1516590 605
1516600 604
1516610 604
1516620 602
1516630 600
1516640 600
1516650 599
1516660 599
1516670 600
1516680 600
1516690 600
1516700 598
1516710 598
1516720 596
1516730 596
1516740 596
1516750 596
1516760 595
1516770 595
1516780 598
1516790 597
1516800 597
1516810 597
1516820 597
1516830 597
1516840 597
1516850 597
1516860 597
1516870 597
1516880 597
1516890 597
1516900 597
1516910 597
1516920 598
1516930 598
1516940 598
1516950 598
1516960 598
1516970 599
1516980 599
1516990 600
1517000 600
1517010 600
1517020 599
1517030 599
1517040 599
1517050 599
1517060 599
1517070 598
1517080 598
1517090 598
1517100 598
1517110 598
1517120 598
1517130 598
1517140 599
1517150 599
1517160 599
1517170 599
1517180 598
1517190 598
1517200 598
1517210 598
1517220 598
1517230 598
1517240 598
1517250 598
1517260 598
1517270 598
1517280 598
1517290 598
1517300 598
1517310 598
1517320 598
1517330 599
1517340 600
1517350 600
1517360 601
1517370 602
1517380 602
1517390 602
1517400 603
1517410 603
1517420 604
1517430 606
1517440 607
1517450 607
1517460 608
1517470 609
1517480 609
1517490 610
1517500 610
1517510 610
1517520 610
1517530 611
1517540 611
1517550 612
1517560 612
1517570 613
1517580 613
1517590 613
1517600 613
1517610 613
1517620 612
1517630 615
1517640 615
1517650 616
1517660 616
1517670 616
1517680 616
1517690 617
1517700 617
1517710 619
1517720 619
1517730 619
1517740 619
1517750 620
1517760 621
1517770 621
1517780 621
1517790 621
1517800 621
1517810 622
1517820 622
1517830 622
1517840 623
1517850 623
1517860 623
1517870 624
1517880 625
1517890 625
1517900 625
1517910 626
1517920 627
1517930 627
1517940 628
1517950 628
1517960 628
1517970 629
1517980 630
1517990 630
1518000 631
1518010 632
1518020 632
1518030 633
1518040 633
1518050 634
1518060 634
1518070 635
1518080 635
1518090 635
1518100 636
1518110 636
1518120 636
1518130 637
1518140 637
1518150 637
1518160 638
1518170 639
1518180 639
1518190 639
1518200 639
1518210 638
1518220 638
1518230 638
1518240 638
1518250 638
1518260 638
1518270 635
1518280 635
1518290 633
1518300 631
1518310 631
1518320 630
1518330 629
1518340 629
1518350 629
1518360 630
1518370 632
1518380 632
1518390 634
1518400 635
1518410 635
1518420 632
1518430 628
1518440 628
1518450 625
1518460 623
1518470 623
1518480 621
1518490 619
1518500 618
1518510 618
1518520 617
1518530 615
1518540 615
1518550 613
1518560 612
1518570 612
1518580 611
1518590 611
1518600 611
1518610 611
1518620 612
1518630 612
1518640 612
1518650 611
1518660 610
1518670 610
1518680 610
1518690 608
1518700 608
1518710 606
1518720 605
1518730 605
1518740 605
1518750 605
1518760 605
1518770 605
1518780 605
1518790 604
1518800 604
1518810 604
1518820 603
1518830 603
1518840 603
1518850 606
1518860 606
1518870 607
1518880 608
1518890 608
1518900 610
1518910 610
1518920 610
1518930 611
1518940 611
1518950 612
1518960 612
1518970 612
1518980 612
1518990 612
1519000 613
1519010 615
1519020 615
1519030 617
1519040 618
1519050 618
1519060 620
1519070 622
1519080 622
1519090 625
1519100 628
1519110 632
1519120 632
1519130 636
1519140 641
1519150 641
1519160 644
1519170 642
1519180 642
1519190 637
1519200 632
1519210 632
1519220 627
1519230 628
1519240 635
1519250 635
1519260 643
1519270 649
1519280 649
1519290 649
1519300 648
1519310 648
1519320 647
1519330 645
1519340 645
1519350 642
1519360 642
1519370 642
1519380 641
1519390 641
1519400 641
1519410 641
1519420 641
1519430 641
1519440 641
1519450 640
1519460 640
1519470 640
1519480 638
1519490 635
1519500 635
1519510 635
1519520 634
1519530 634
1519540 635
1519550 637
1519560 640
1519570 640
1519580 645
1519590 652
1519600 652
1519610 659
1519620 660
1519630 660
1519640 660
1519650 660
1519660 660
1519670 660
1519680 660
1519690 660
1519700 660
1519710 660
1519720 659
1519730 659
1519740 659
1519750 659
1519760 659
1519770 659
1519780 659
1519790 659
1519800 659
1519810 659
1519820 659
1519830 659
1519840 659
1519850 659
1519860 659
1519870 658
1519880 658
1519890 658
1519900 659
1519910 658
1519920 658
1519930 658
1519940 658
1519950 658
1519960 657
1519970 657
1519980 657
1519990 656
