1500000 1551
1500010 1550
1500020 1547
1500030 1543
1500040 1543
1500050 1538
1500060 1534
1500070 1534
1500080 1530
1500090 1526
1500100 1526
1500110 1524
1500120 1521
1500130 1521
1500140 1517
1500150 1516
1500160 1516
1500170 1514
1500180 1510
1500190 1508
1500200 1508
1500210 1506
1500220 1504
1500230 1504
1500240 1502
1500250 1501
1500260 1501
1500270 1499
1500280 1497
1500290 1497
1500300 1496
1500310 1494
1500320 1493
1500330 1493
1500340 1492
1500350 1490
1500360 1490
1500370 1489
1500380 1487
1500390 1487
1500400 1485
1500410 1483
1500420 1483
1500430 1483
1500440 1483
1500450 1483
1500460 1484
1500470 1487
1500480 1486
1500490 1486
1500500 1479
1500510 1473
1500520 1473
1500530 1467
1500540 1463
1500550 1463
1500560 1462
1500570 1464
1500580 1464
1500590 1468
1500600 1470
1500610 1470
1500620 1472
1500630 1474
1500640 1477
1500650 1477
1500660 1482
1500670 1485
1500680 1485
1500690 1486
1500700 1482
1500710 1482
1500720 1477
1500730 1476
1500740 1476
1500750 1476
1500760 1475
1500770 1475
1500780 1474
1500790 1473
1500800 1473
1500810 1473
1500820 1472
1500830 1471
1500840 1471
1500850 1469
1500860 1466
1500870 1466
1500880 1462
1500890 1459
1500900 1459
1500910 1457
1500920 1459
1500930 1463
1500940 1463
1500950 1468
1500960 1470
1500970 1470
1500980 1475
1500990 1481
1501000 1481
1501010 1486
1501020 1491
1501030 1491
1501040 1496
1501050 1501
1501060 1501
1501070 1506
1501080 1512
1501090 1518
1501100 1518
1501110 1524
1501120 1531
1501130 1531
1501140 1539
1501150 1545
1501160 1545
1501170 1549
1501180 1554
1501190 1554
1501200 1559
1501210 1563
1501220 1563
1501230 1567
1501240 1572
1501250 1576
1501260 1576
1501270 1580
1501280 1585
1501290 1585
1501300 1590
1501310 1596
1501320 1596
1501330 1603
1501340 1608
1501350 1608
1501360 1612
1501370 1616
1501380 1620
1501390 1620
1501400 1626
1501410 1631
1501420 1631
1501430 1637
1501440 1641
1501450 1641
1501460 1644
1501470 1646
1501480 1646
1501490 1649
1501500 1652
1501510 1652
1501520 1656
1501530 1661
1501540 1667
1501550 1667
1501560 1670
1501570 1674
1501580 1674
1501590 1675
1501600 1676
1501610 1676
1501620 1678
1501630 1680
1501640 1680
1501650 1682
1501660 1685
1501670 1685
1502940 1739
1502950 1741
1502960 1741
1502970 1742
1502980 1742
1502990 1742
1503000 1743
1503010 1744
1503020 1744
1503030 1744
1503040 1744
1503050 1744
1503060 1744
1503070 1745
1503080 1745
1503090 1745
1503100 1746
1503110 1747
1503120 1747
1503130 1748
1503140 1748
1503150 1748
1503160 1749
1503170 1749
1503180 1749
1503190 1748
1503200 1748
1503210 1748
1503220 1748
1503230 1748
1503240 1749
1503250 1749
1503260 1749
1503270 1749
1503280 1749
1503290 1749
1503300 1749
1503310 1749
1503320 1750
1503330 1749
1503340 1749
1503350 1749
1503360 1747
1503370 1747
1503380 1747
1503390 1747
1503400 1746
1503410 1746
1503420 1744
1503430 1745
1503440 1745
1503450 1746
1503460 1745
1503470 1745
1503480 1742
1503490 1740
1503500 1740
1503510 1739
1503520 1738
1503530 1738
1503540 1738
1503550 1738
1503560 1737
1503570 1737
1503580 1736
1503590 1735
1503600 1735
1503610 1733
1503620 1732
1503630 1735
1503640 1733
1503650 1731
1503660 1729
1503670 1729
1503680 1726
1503690 1724
1503700 1724
1503710 1721
1503720 1719
1503730 1719
1503740 1716
1503750 1714
1503760 1714
1503770 1711
1503780 1709
1503790 1709
1503800 1706
1503810 1703
1503820 1700
1503830 1700
1503840 1697
1503850 1693
1503860 1693
1503870 1689
1503880 1686
1503890 1686
1503900 1684
1503910 1681
1503920 1681
1503930 1678
1503940 1675
1503950 1675
1503960 1672
1503970 1669
1503980 1667
1503990 1667
1504000 1664
1504010 1661
1504020 1661
1504030 1657
1504040 1654
1504050 1654
1504060 1651
1504070 1648
1504080 1648
1504090 1644
1504100 1639
1504110 1635
1504120 1635
1504130 1630
1504140 1625
1504150 1625
1504160 1619
1504170 1614
1504180 1614
1504190 1609
1504200 1604
1504210 1604
1504220 1598
1504230 1593
1504240 1593
1504250 1589
1504260 1584
1504270 1579
1504280 1579
1504290 1574
1504300 1570
1504310 1570
1504320 1566
1504330 1562
1504340 1562
1504350 1557
1504360 1554
1504370 1554
1504380 1551
1504390 1546
1504400 1546
1504410 1540
1504420 1534
1504430 1528
1504440 1528
1504450 1523
1504460 1518
1504470 1518
1504480 1513
1504490 1508
1504500 1508
1504510 1501
1504520 1493
1504530 1493
1504540 1486
1504550 1478
1504560 1478
1504570 1471
1504580 1466
1504590 1463
1504600 1463
1504610 1461
1504620 1458
1504630 1458
1504640 1455
1504650 1451
1504660 1451
1504670 1448
1504680 1445
1504690 1445
1504700 1441
1504710 1437
1504720 1433
1504730 1433
1504740 1429
1504750 1425
1504760 1425
1504770 1424
1504780 1422
1504790 1422
1504800 1413
1504810 1408
1504820 1408
1504830 1408
1504840 1405
1504850 1405
1504860 1401
1504870 1400
1504880 1397
1504890 1397
1504900 1393
1504910 1389
1504920 1389
1504930 1385
1504940 1383
1504950 1383
1504960 1379
1504970 1376
1504980 1376
1504990 1377
1505000 1373
1505010 1373
1505020 1373
1505030 1375
1505040 1374
1505050 1374
1505060 1372
1505070 1370
1505080 1370
1505090 1366
1505100 1361
1505110 1361
1505120 1356
1505130 1351
1505140 1351
1505150 1347
1505160 1344
1505170 1340
1505180 1340
1505190 1335
1505200 1330
1505210 1330
1505220 1329
1505230 1327
1505240 1327
1505250 1325
1505260 1324
1505270 1324
1505280 1321
1505290 1318
1505300 1318
1505310 1315
1505320 1313
1505330 1312
1505340 1312
1505350 1313
1505360 1313
1505370 1313
1505380 1312
1505390 1310
1505400 1310
1505410 1306
1505420 1306
1505430 1306
1505440 1304
1505450 1302
1505460 1302
1505470 1301
1505480 1298
1505490 1296
1505500 1296
1505510 1293
1505520 1285
1505530 1285
1505540 1277
1505550 1270
1505560 1270
1505570 1262
1505580 1262
1505590 1262
1505600 1267
1505610 1272
1505620 1272
1505630 1277
1505640 1280
1505650 1282
1505660 1282
1505670 1285
1505680 1286
1505690 1286
1505700 1285
1505710 1285
1505720 1285
1505730 1284
1505740 1283
1505750 1283
1505760 1282
1505770 1279
1505780 1274
1505790 1274
1505800 1271
1505810 1268
1505820 1268
1505830 1267
1505840 1267
1505850 1267
1505860 1266
1505870 1264
1505880 1264
1505890 1259
1505900 1251
1505910 1251
1505920 1242
1505930 1243
1505940 1246
1505950 1246
1505960 1245
1505970 1240
1505980 1240
1505990 1235
1506000 1231
1506010 1231
1506020 1221
1506030 1217
1506040 1217
1506050 1216
1506060 1214
1506070 1214
1506080 1212
1506090 1214
1506100 1215
1506110 1215
1506120 1212
1506130 1214
1506140 1214
1506150 1217
1506160 1218
1506170 1218
1506180 1217
1506190 1216
1506200 1216
1506210 1223
1506220 1227
1506230 1230
1506240 1230
1506250 1231
1506260 1231
1506270 1231
1506280 1228
1506290 1221
1506300 1221
1506310 1215
1506320 1209
1506330 1209
1506340 1203
1506350 1200
1506360 1200
1506370 1193
1506380 1192
1506390 1194
1506400 1194
1506410 1198
1506420 1202
1506430 1202
1506440 1203
1506450 1204
1506460 1204
1506470 1208
1506480 1213
1506490 1213
1506500 1219
1506510 1225
1506520 1225
1506530 1231
1506540 1235
1506550 1238
1506560 1238
1506570 1239
1506580 1238
1506590 1238
1506600 1232
1506610 1225
1506620 1225
1506630 1217
1506640 1211
1506650 1211
1506660 1207
1506670 1207
1506680 1207
1506690 1205
1506700 1198
1506710 1200
1506720 1200
1506730 1209
1506740 1213
1506750 1213
1506760 1215
1506770 1215
1506780 1215
1506790 1216
1506800 1216
1506810 1216
1506820 1216
1506830 1216
1506840 1215
1506850 1215
1506860 1213
1506870 1217
1506880 1217
1506890 1221
1506900 1225
1506910 1225
1506920 1228
1506930 1231
1506940 1231
1506950 1233
1506960 1234
1506970 1234
1506980 1237
1506990 1242
1507000 1246
1507010 1246
1507020 1249
1507030 1250
1507040 1250
1507050 1248
1507060 1246
1507070 1246
1507080 1244
1507090 1242
1507100 1242
1507110 1242
1507120 1242
1507130 1242
1507140 1242
1507150 1242
1507160 1242
1507170 1242
1507180 1242
1507190 1243
1507200 1243
1507210 1243
1507220 1242
1507230 1242
1507240 1242
1507250 1242
1507260 1242
1507270 1242
1507280 1242
1507290 1243
1507300 1243
1507310 1245
1507320 1246
1507330 1246
1507340 1247
1507350 1248
1507360 1248
1507370 1249
1507380 1249
1507390 1249
1507400 1247
1507410 1243
1507420 1243
1507430 1246
1507440 1249
1507450 1250
1507460 1250
1507470 1250
1507480 1251
1507490 1251
1507500 1250
1507510 1250
1507520 1250
1507530 1249
1507540 1248
1507550 1248
1507560 1247
1507570 1246
1507580 1246
1507590 1244
1507600 1242
1507610 1241
1507620 1241
1507630 1239
1507640 1237
1507650 1237
1507660 1235
1507670 1233
1507680 1233
1507690 1231
1507700 1229
1507710 1229
1507720 1227
1507730 1225
1507740 1225
1507750 1220
1507760 1214
1507770 1207
1507780 1207
1507790 1201
1507800 1193
1507810 1193
1507820 1187
1507830 1181
1507840 1181
1507850 1174
1507860 1167
1507870 1167
1507880 1166
1507890 1170
1507900 1176
1507910 1176
1507920 1184
1507930 1191
1507940 1191
1507950 1196
1507960 1198
1507970 1198
1507980 1201
1507990 1202
1508000 1202
1508010 1201
1508020 1199
1508030 1199
1508040 1196
1508050 1192
1508060 1189
1508070 1189
1508080 1188
1508090 1189
1508100 1189
1508110 1193
1508120 1194
1508130 1194
1508140 1193
1508150 1192
1508160 1192
1508170 1191
1508180 1190
1508190 1190
1508200 1188
1508210 1187
1508220 1190
1508230 1190
1508240 1192
1508250 1191
1508260 1191
1508270 1188
1508280 1182
1508290 1182
1508300 1180
1508310 1179
1508320 1179
1508330 1178
1508340 1177
1508350 1174
1508360 1174
1508370 1172
1508380 1170
1508390 1170
1508400 1169
1508410 1167
1508420 1167
1508430 1165
1508440 1163
1508450 1163
1508460 1161
1508470 1157
1508480 1157
1508490 1154
1508500 1152
1508510 1150
1508520 1150
1508530 1147
1508540 1143
1508550 1143
1508560 1140
1508570 1137
1508580 1137
1508590 1132
1508600 1125
1508610 1125
1508620 1118
1508630 1110
1508640 1110
1508650 1101
1508660 1093
1508670 1085
1508680 1085
1508690 1078
1508700 1072
1508710 1072
1508720 1065
1508730 1059
1508740 1059
1508750 1056
1508760 1055
1508770 1055
1508780 1054
1508790 1052
1508800 1052
1508810 1051
1508820 1051
1508830 1051
1508840 1051
1508850 1050
1508860 1048
1508870 1048
1508880 1046
1508890 1044
1508900 1044
1508910 1040
1508920 1035
1508930 1035
1508940 1030
1508950 1024
1508960 1017
1508970 1017
1508980 1011
1508990 1005
1509000 1005
1509010 999
1509020 1000
1509030 1000
1509040 1002
1509050 1006
1509060 1006
1509070 1009
1509080 1010
1509090 1010
1509100 1010
1509110 1004
1509120 1000
1509130 1000
1509140 998
1509150 997
1509160 997
1509170 993
1509180 989
1509190 989
1509200 983
1509210 976
1509220 976
1509230 974
1509240 975
1509250 975
1509260 974
1509270 973
1509280 971
1509290 971
1509300 969
1509310 967
1509320 967
1509330 964
1509340 960
1509350 960
1509360 957
1509370 954
1509380 954
1509390 948
1509400 942
1509410 937
1509420 937
1509430 932
1509440 929
1509450 929
1509460 925
1509470 921
1509480 921
1509490 919
1509500 917
1509510 917
1509520 914
1509530 910
1509540 910
1509550 907
1509560 904
1509570 901
1509580 901
1509590 898
1509600 895
1509610 895
1509620 893
1509630 891
1509640 891
1509650 890
1509660 888
1509670 888
1509680 887
1509690 885
1509700 885
1509710 882
1509720 881
1509730 880
1509740 880
1509750 880
1509760 882
1509770 882
1509780 885
1509790 889
1509800 889
1509810 892
1509820 894
1509830 894
1509840 895
1509850 897
1509860 897
1509870 897
1509880 896
1509890 892
1509900 892
1509910 883
1509920 874
1509930 874
1509940 866
1509950 861
1509960 861
1509970 856
1509980 853
1509990 853
1510000 849
1510010 839
1510020 831
1510030 831
1510040 827
1510050 824
1510060 824
1510070 822
1510080 821
1510090 821
1510100 820
1510110 820
1510120 820
1510130 821
1510140 821
1510150 821
1510160 820
1510170 817
1510180 816
1510190 816
1510200 815
1510210 815
1510220 815
1510230 815
1510240 814
1510250 814
1510260 813
1510270 811
1510280 811
1510290 812
1510300 815
1510310 815
1510320 822
1510330 830
1510340 838
1510350 838
1510360 843
1510370 846
1510380 846
1510390 848
1510400 848
1510410 848
1510420 851
1510430 854
1510440 854
1510450 858
1510460 862
1510470 865
1510480 865
1510490 864
1510500 862
1510510 862
1510520 859
1510530 858
1510540 858
1510550 857
1510560 856
1510570 856
1510580 856
1510590 857
1510600 857
1510610 855
1510620 851
1510630 847
1510640 847
1510650 843
1510660 839
1510670 839
1510680 836
1510690 835
1510700 835
1510710 836
1510720 841
1510730 841
1510740 844
1510750 846
1510760 846
1510770 851
1510780 856
1510790 862
1510800 862
1510810 868
1510820 874
1510830 874
1510840 879
1510850 884
1510860 884
1510870 890
1510880 896
1510890 896
1510900 902
1510910 908
1510920 908
1510930 914
1510940 920
1510950 926
1510960 926
1510970 932
1510980 938
1510990 938
1511000 942
1511010 945
1511020 945
1511030 948
1511040 951
1511050 951
1511060 953
1511070 955
1511080 958
1511090 958
1511100 961
1511110 964
1511120 964
1511130 967
1511140 969
1511150 969
1511160 972
1511170 974
1511180 974
1511190 976
1511200 978
1511210 978
1511220 980
1511230 983
1511240 986
1511250 986
1511260 988
1511270 989
1511280 989
1511290 991
1511300 992
1511310 992
1511320 992
1511330 992
1511340 992
1511350 995
1511360 1000
1511370 1000
1511380 1004
1511390 1007
1511400 1008
1511410 1008
1511420 1009
1511430 1010
1511440 1010
1511450 1012
1511460 1013
1511470 1013
1511480 1013
1511490 1012
1511500 1012
1511510 1011
1511520 1012
1511530 1012
1511540 1014
1511550 1017
1511560 1019
1511570 1019
1511580 1020
1511590 1019
1511600 1019
1511610 1018
1511620 1015
1511630 1015
1511640 1012
1511650 1009
1511660 1009
1511670 1008
1511680 1007
1511690 1006
1511700 1006
1511710 1006
1511720 1006
1511730 1006
1511740 1006
1511750 1006
1511760 1006
1511770 1007
1511780 1007
1511790 1007
1511800 1006
1511810 1005
1511820 1005
1511830 1005
1511840 1004
1511850 1004
1511860 1004
1511870 1003
1511880 1001
1511890 1001
1511900 999
1511910 998
1511920 998
1511930 998
1511940 998
1511950 998
1511960 998
1511970 999
1511980 999
1511990 1000
1512000 1001
1512010 1000
1512020 1000
1512030 1000
1512040 1001
1512050 1001
1512060 1002
1512070 1003
1512080 1003
1512090 1001
1512100 999
1512110 999
1512120 1001
1512130 1004
1512140 1007
1512150 1007
1512160 1009
1512170 1009
1512180 1009
1512190 1008
1512200 1007
1512210 1007
1512220 1007
1512230 1005
1512240 1005
1512250 1005
1512260 1004
1512270 1004
1512280 1001
1512290 994
1512300 992
1512310 992
1512320 990
1512330 986
1512340 986
1512350 980
1512360 974
1512370 974
1512380 971
1512390 968
1512400 968
1512410 967
1512420 969
1512430 969
1512440 970
1512450 970
1512460 970
1512470 970
1512480 970
1512490 967
1512500 967
1512510 962
1512520 961
1512530 961
1512540 960
1512550 958
1512560 958
1512570 957
1512580 956
1512590 956
1512600 955
1512610 952
1512620 949
1512630 949
1512640 946
1512650 944
1512660 944
1512670 945
1512680 945
1512690 945
1512700 944
1512710 944
1512720 944
1512730 945
1512740 948
1512750 948
1512760 948
1512770 948
1512780 948
1512790 948
1512800 948
1512810 948
1512820 948
1512830 947
1512840 947
1512850 947
1512860 946
1512870 945
1512880 945
1512890 944
1512900 944
1512910 942
1512920 942
1512930 940
1512940 939
1512950 939
1512960 939
1512970 938
1512980 938
1512990 937
1513000 935
1513010 935
1513020 934
1513030 933
1513040 933
1513050 932
1513060 930
1513070 928
1513080 928
1513090 926
1513100 924
1513110 924
1513120 923
1513130 922
1513140 922
1513150 921
1513160 919
1513170 919
1513180 918
1513190 917
1513200 917
1513210 917
1513220 916
1513230 914
1513240 914
1513250 912
1513260 906
1513270 906
1513280 900
1513290 896
1513300 896
1513310 895
1513320 894
1513330 894
1513340 895
1513350 896
1513360 896
1513370 896
1513380 896
1513390 895
1513400 895
1513410 893
1513420 892
1513430 892
1513440 891
1513450 889
1513460 889
1513470 886
1513480 883
1513490 883
1513500 879
1513510 876
1513520 872
1513530 872
1513540 866
1513550 862
1513560 862
1513570 858
1513580 854
1513590 854
1513600 849
1513610 845
1513620 845
1513630 841
1513640 836
1513650 836
1513660 833
1513670 829
1513680 825
1513690 825
1513700 822
1513710 819
1513720 819
1513730 817
1513740 817
1513750 817
1513760 818
1513770 818
1513780 818
1513790 819
1513800 816
1513810 806
1513820 806
1513830 799
1513840 793
1513850 793
1513860 787
1513870 782
1513880 782
1513890 777
1513900 773
1513910 773
1513920 771
1513930 769
1513940 769
1513950 768
1513960 768
1513970 766
1513980 766
1513990 764
1514000 763
1514010 763
1514020 762
1514030 762
1514040 757
1514050 756
1514060 755
1514070 755
1514080 754
1514090 750
1514100 750
1514110 742
1514120 736
1514130 731
1514140 731
1514150 726
1514160 721
1514170 721
1514180 716
1514190 711
1514200 711
1514210 707
1514220 706
1514230 706
1514240 705
1514250 704
1514260 704
1514270 704
1514280 703
1514290 703
1514300 703
1514310 702
1514320 702
1514330 702
1514340 701
1514350 700
1514360 700
1514370 700
1514380 699
1514390 699
1514400 699
1514410 698
1514420 697
1514430 697
1514440 697
1514450 696
1514460 696
1514470 696
1514480 695
1514490 695
1514500 695
1514510 694
1514520 694
1514530 694
1514540 693
1514550 693
1514560 693
1514570 692
1514580 692
1514590 692
1514600 691
1514610 691
1514620 691
1514630 690
1514640 690
1514650 690
1514660 690
1514670 689
1514680 689
1514690 689
1514700 689
1514710 689
1514720 689
1514730 689
1514740 689
1514750 689
1514760 689
1514770 688
1514780 688
1514790 688
1514800 688
1514810 688
1514820 688
1514830 688
1514840 688
1514850 688
1514860 688
1514870 688
1514880 688
1514890 688
1514900 688
1514910 688
1514920 687
1514930 687
1514940 687
1514950 686
1514960 685
1514970 685
1514980 684
1514990 683
1515000 683
1515010 682
1515020 682
1515030 681
1515040 681
1515050 681
1515060 682
1515070 682
1515080 683
1515090 686
1515100 686
1515110 686
1515120 685
1515130 685
1515140 684
1515150 684
1515160 684
1515170 685
1515180 686
1515190 688
1515200 688
1515210 688
1515220 688
1515230 688
1515240 689
1515250 688
1515260 688
1515270 688
1515280 687
1515290 687
1515300 686
1515310 683
1515320 681
1515330 681
1515340 680
1515350 679
1515360 679
1515370 679
1515380 678
1515390 678
1515400 677
1515410 676
1515420 676
1515430 676
1515440 675
1515450 675
1515460 675
1515470 674
1515480 673
1515490 673
1515500 672
1515510 670
1515520 670
1515530 669
1515540 669
1515550 669
1515560 668
1515570 668
1515580 668
1515590 668
1515600 667
1515610 667
1515620 665
1515630 664
1515640 663
1515650 663
1515660 663
1515670 662
1515680 662
1515690 661
1515700 661
1515710 661
1515720 661
1515730 659
1515740 659
1515750 659
1515760 658
1515770 658
1515780 658
1515790 657
1515800 657
1515810 657
1515820 656
1515830 655
1515840 655
1515850 654
1515860 654
1515870 654
1515880 654
1515890 653
1515900 653
1515910 653
1515920 652
1515930 651
1515940 651
1515950 650
1515960 649
1515970 649
1515980 647
1515990 646
1516000 646
1516010 645
1516020 643
1516030 643
1516040 641
1516050 639
1516060 639
1516070 637
1516080 636
1516090 635
1516100 635
1516110 634
1516120 632
1516130 632
1516140 632
1516150 630
1516160 630
1516170 629
1516180 625
1516190 625
1516200 620
1516210 618
1516220 618
1516230 616
1516240 613
1516250 611
1516260 611
1516270 610
1516280 608
1516290 608
1516300 608
1516310 607
1516320 607
1516330 606
1516340 605
1516350 605
1516360 605
1516370 605
1516380 604
1516390 604
1516400 603
1516410 603
1516420 603
1516430 602
1516440 600
1516450 600
1516460 599
1516470 599
1516480 599
1516490 599
1516500 598
1516510 598
1516520 594
1516530 592
1516540 592
1516550 592
1516560 591
1516570 591
1516580 591
1516590 591
1516600 591
1516610 591
1516620 590
1516630 591
1516640 591
1516650 591
1516660 591
1516670 591
1516680 591
1516690 590
1516700 588
1516710 588
1516720 588
1516730 588
1516740 588
1516750 589
1516760 588
1516770 588
1516780 588
1516790 588
1516800 588
1516810 589
1516820 588
1516830 588
1516840 588
1516850 589
1516860 590
1516870 590
1516880 591
1516890 592
1516900 592
1516910 592
1516920 592
1516930 592
1516940 592
1516950 592
1516960 592
1516970 593
1516980 593
1516990 594
1517000 594
1517010 594
1517020 594
1517030 594
1517040 594
1517050 594
1517060 594
1517070 594
1517080 594
1517090 594
1517100 594
1517110 595
1517120 595
1517130 595
1517140 595
1517150 595
1517160 595
1517170 594
1517180 594
1517190 594
1517200 594
1517210 594
1517220 594
1517230 597
1517240 600
1517250 600
1517260 601
1517270 602
1517280 602
1517290 602
1517300 603
1517310 603
1517320 603
1517330 604
1517340 605
1517350 605
1517360 605
1517370 606
1517380 606
1517390 606
1517400 607
1517410 607
1517420 607
1517430 608
1517440 608
1517450 608
1517460 609
1517470 609
1517480 609
1517490 609
1517500 610
1517510 610
1517520 610
1517530 611
1517540 611
1517550 611
1517560 612
1517570 612
1517580 612
1517590 613
1517600 613
1517610 613
1517620 613
1517630 614
1517640 614
1517650 614
1517660 615
1517670 615
1517680 615
1517690 616
1517700 616
1517710 616
1517720 616
1517730 616
1517740 616
1517750 617
1517760 617
1517770 617
1517780 618
1517790 619
1517800 619
1517810 621
1517820 622
1517830 622
1517840 623
1517850 623
1517860 623
1517870 625
1517880 625
1517890 625
1517900 626
1517910 626
1517920 625
1517930 625
1517940 625
1517950 626
1517960 626
1517970 627
1517980 624
1517990 624
1518000 622
1518010 621
1518020 621
1518030 620
1518040 620
1518050 616
1518060 616
1518070 617
1518080 617
1518090 617
1518100 614
1518110 611
1518120 611
1518130 609
1518140 607
1518150 607
1518160 606
1518170 604
1518180 604
1518190 601
1518200 599
1518210 598
1518220 598
1518230 598
1518240 602
1518250 602
1518260 606
1518270 608
1518280 608
1518290 609
1518300 607
1518310 607
1518320 603
1518330 599
1518340 599
1518350 595
1518360 593
1518370 592
1518380 592
1518390 592
1518400 592
1518410 592
1518420 592
1518430 591
1518440 591
1518450 590
1518460 590
1518470 590
1518480 591
1518490 591
1518500 591
1518510 590
1518520 589
1518530 588
1518540 588
1518550 589
1518560 589
1518570 589
1518580 589
1518590 588
1518600 588
1518610 587
1518620 586
1518630 586
1518640 584
1518650 583
1518660 582
1518670 582
1518680 581
1518690 581
1518700 581
1518710 581
1518720 582
1518730 582
1518740 582
1518750 582
1518760 582
1518770 582
1518780 582
1518790 582
1518800 581
1518810 581
1518820 581
1518830 581
1518840 582
1518850 584
1518860 584
1518870 585
1518880 586
1518890 586
1518900 588
1518910 588
1518920 588
1518930 590
1518940 593
1518950 593
1518960 595
1518970 597
1518980 601
1518990 601
1519000 604
1519010 606
1519020 606
1519030 607
1519040 609
1519050 609
1519060 610
1519070 613
1519080 613
1519090 616
1519100 619
1519110 622
1519120 622
1519130 624
1519140 624
1519150 624
1519160 623
1519170 622
1519180 622
1519190 618
1519200 613
1519210 613
1519220 609
1519230 604
1519240 604
1519250 599
1519260 597
1519270 599
1519280 599
1519290 601
1519300 605
1519310 605
1519320 607
1519330 607
1519340 607
1519350 604
1519360 602
1519370 602
1519380 604
1519390 607
1519400 607
1519410 610
1519420 611
1519430 608
1519440 608
1519450 604
1519460 600
1519470 600
1519480 597
1519490 596
1519500 596
1519510 600
1519520 604
1519530 604
1519540 608
1519550 613
1519560 613
1519570 617
1519580 620
1519590 620
1519600 620
1519610 620
1519620 622
1519630 622
1519640 626
1519650 627
1519660 627
1519670 629
1519680 633
1519690 633
1519700 637
1519710 640
1519720 641
1519730 641
1519740 642
1519750 643
1519760 643
1519770 643
1519780 642
1519790 642
1519800 641
1519810 639
1519820 639
1519830 637
1519840 634
1519850 634
1519860 632
1519870 630
1519880 631
1519890 631
1519900 633
1519910 636
1519920 636
1519930 641
1519940 646
1519950 646
1519960 649
1519970 649
1519980 649
1519990 650
