1500000 603
1500010 603
1500020 604
1500030 604
1500040 604
1500050 603
1500060 603
1500070 603
1500080 603
1500090 602
1500100 601
1500110 601
1500120 601
1500130 600
1500140 600
1500150 599
1500160 599
1500170 599
1500180 600
1500190 600
1500200 600
1500210 601
1500220 601
1500230 602
1500240 602
1500250 603
1500260 603
1500270 603
1500280 603
1500290 603
1500300 603
1500310 603
1500320 602
1500330 602
1500340 602
1500350 601
1500360 601
1500370 600
1500380 598
1500390 596
1500400 596
1500410 594
1500420 593
1500430 593
1500440 591
1500450 589
1500460 589
1500470 586
1500480 583
1500490 583
1500500 580
1500510 578
1500520 578
1500530 576
1500540 573
1500550 571
1500560 571
1500570 571
1500580 569
1500590 569
1500600 568
1500610 567
1500620 567
1500630 564
1500640 562
1500650 562
1500660 561
1500670 561
1500680 561
1500690 561
1500700 561
1500710 561
1500720 561
1500730 561
1500740 561
1500750 561
1500760 561
1500770 561
1500780 561
1500790 561
1500800 561
1500810 561
1500820 561
1500830 561
1500840 561
1500850 561
1500860 561
1500870 561
1500880 561
1500890 561
1500900 561
1500910 561
1500920 561
1500930 561
1500940 561
1500950 561
1500960 561
1500970 561
1500980 561
1500990 561
1501000 561
1501010 561
1501020 561
1501030 561
1501040 561
1501050 561
1501060 561
1501070 561
1501080 561
1501090 561
1501100 561
1501110 561
1501120 561
1501130 561
1501140 561
1501150 561
1501160 561
1501170 561
1501180 561
1501190 560
1501200 560
1501210 560
1501220 560
1501230 560
1501240 560
1501250 561
1501260 561
1501270 561
1501280 560
1501290 560
1501300 560
1501310 560
1501320 560
1501330 560
1501340 560
1501350 560
1501360 560
1501370 560
1501380 560
1501390 560
1501400 560
1501410 560
1501420 560
1501430 560
1501440 560
1501450 560
1501460 560
1501470 560
1501480 560
1501490 560
1501500 560
1501510 560
1501520 560
1501530 560
1501540 559
1501550 559
1501560 559
1501570 559
1501580 559
1501590 559
1501600 559
1501610 559
1501620 559
1501630 559
1501640 559
1501650 559
1501660 559
1501670 559
1501680 559
1501690 559
1501700 559
1501710 559
1501720 559
1501730 559
1501740 559
1501750 559
1501760 559
1501770 559
1501780 559
1501790 559
1501800 559
1501810 559
1501820 559
1501830 559
1501840 559
1501850 559
1501860 559
1501870 559
1501880 559
1501890 559
1501900 559
1501910 559
1501920 559
1501930 559
1501940 559
1501950 559
1501960 559
1501970 559
1501980 559
1501990 559
1502000 559
1502010 559
1502020 559
1502030 559
1502040 559
1502050 559
1502060 559
1502070 559
1502080 559
1502090 559
1502100 559
1502110 559
1502120 559
1502130 559
1502140 559
1502150 559
1502160 559
1502170 559
1502180 559
1502190 559
1502200 559
1502210 558
1502220 558
1502230 558
1502240 558
1502250 558
1502260 558
1502270 558
1502280 558
1502290 558
1502300 558
1502310 558
1502320 558
1502330 558
1502340 558
1502350 558
1502360 558
1502370 558
1502380 558
1502390 558
1502400 558
1502410 558
1502420 558
1502430 558
1502440 558
1502450 558
1502460 558
1502470 558
1502480 558
1502490 558
1502500 558
1502510 558
1502520 558
1502530 558
1502540 558
1502550 558
1502560 558
1502570 558
1502580 558
1502590 558
1502600 558
1502610 558
1502620 558
1502630 558
1502640 558
1502650 558
1502660 558
1502670 558
1502680 558
1502690 558
1502700 558
1502710 558
1502720 558
1502730 558
1502740 558
1502750 557
1502760 557
1502770 557
1502780 557
1502790 557
1502800 557
1502810 557
1502820 557
1502830 557
1502840 557
1502850 557
1502860 557
1502870 557
1502880 557
1502890 557
1502900 557
1502910 557
1502920 557
1502930 557
1502940 557
1502950 557
1502960 557
1502970 557
1502980 557
1502990 557
1503000 557
1503010 557
1503020 557
1503030 557
1503040 557
1503050 557
1503060 557
1503070 557
1503080 557
1503090 557
1503100 557
1503110 557
1503120 557
1503130 557
1503140 557
1503150 557
1503160 557
1503170 557
1503180 557
1503190 557
1503200 557
1503210 557
1503220 557
1503230 557
1503240 557
1503250 557
1503260 557
1503270 557
1503280 557
1503290 557
1503300 557
1503310 557
1503320 557
1503330 557
1503340 557
1503350 557
1503360 557
1503370 557
1503380 557
1503390 557
1503400 557
1503410 557
1503420 557
1503430 557
1503440 557
1503450 557
1503460 557
1503470 557
1503480 557
1503490 557
1503500 557
1503510 557
1503520 557
1503530 557
1503540 557
1503550 557
1503560 557
1503570 557
1503580 557
1503590 557
1503600 557
1503610 557
1503620 557
1503630 557
1503640 557
1503650 557
1503660 557
1503670 557
1503680 557
1503690 557
1503700 557
1503710 557
1503720 557
1503730 557
1503740 557
1503750 557
1503760 557
1503770 557
1503780 557
1503790 557
1503800 557
1503810 557
1503820 557
1503830 557
1503840 557
1503850 557
1503860 557
1503870 557
1503880 557
1503890 557
1503900 557
1503910 557
1503920 557
1503930 557
1503940 557
1503950 557
1503960 557
1503970 557
1503980 557
1503990 557
1504000 557
1504010 557
1504020 557
1504030 557
1504040 557
1504050 557
1504060 557
1504070 557
1504080 557
1504090 557
1504100 557
1504110 557
1504120 557
1504130 557
1504140 557
1504150 557
1504160 557
1504170 557
1504180 557
1504190 557
1504200 557
1504210 557
1504220 556
1504230 557
1504240 557
1504250 557
1504260 557
1504270 557
1504280 557
1504290 557
1504300 557
1504310 557
1504320 556
1504330 556
1504340 556
1504350 556
1504360 557
1504370 557
1504380 557
1504390 557
1504400 557
1504410 557
1504420 557
1504430 557
1504440 557
1504450 557
1504460 557
1504470 557
1504480 557
1504490 557
1504500 557
1504510 557
1504520 557
1504530 557
1504540 556
1504550 556
1504560 556
1504570 556
1504580 556
1504590 556
1504600 556
1504610 556
1504620 556
1504630 556
1504640 556
1504650 557
1504660 557
1504670 557
1504680 557
1504690 557
1504700 557
1504710 557
1504720 556
1504730 556
1504740 556
1504750 556
1504760 556
1504770 556
1504780 556
1504790 556
1504800 556
1504810 557
1504820 557
1504830 557
1504840 557
1504850 557
1504860 557
1504870 557
1504880 557
1504890 557
1504900 557
1504910 557
1504920 557
1504930 557
1504940 557
1504950 557
1504960 557
1504970 557
1504980 557
1504990 557
1505000 557
1505010 557
1505020 557
1505030 558
1505040 559
1505050 559
1505060 559
1505070 560
1505080 560
1505090 561
1505100 561
1505110 561
1505120 560
1505130 560
1505140 560
1505150 559
1505160 558
1505170 558
1505180 557
1505190 557
1505200 557
1505210 557
1505220 556
1505230 556
1505240 556
1505250 557
1505260 557
1505270 557
1505280 557
1505290 557
1505300 557
1505310 557
1505320 557
1505330 557
1505340 558
1505350 558
1505360 557
1505370 557
1505380 558
1505390 558
1505400 558
1505410 558
1505420 558
1505430 558
1505440 558
1505450 558
1505460 558
1505470 558
1505480 558
1505490 558
1505500 558
1505510 558
1505520 558
1505530 558
1505540 559
1505550 559
1505560 559
1505570 559
1505580 559
1505590 559
1505600 559
1505610 559
1505620 559
1505630 559
1505640 558
1505650 558
1505660 558
1505670 558
1505680 558
1505690 558
1505700 558
1505710 558
1505720 558
1505730 558
1505740 558
1505750 558
1505760 558
1505770 558
1505780 558
1505790 557
1505800 556
1505810 555
1505820 555
1505830 557
1505840 558
1505850 558
1505860 558
1505870 558
1505880 558
1505890 558
1505900 558
1505910 558
1505920 557
1505930 558
1505940 558
1505950 559
1505960 561
1505970 559
1505980 559
1505990 560
1506000 558
1506010 558
1506020 558
1506030 558
1506040 558
1506050 558
1506060 557
1506070 557
1506080 557
1506090 557
1506100 557
1506110 557
1506120 556
1506130 554
1506140 554
1506150 553
1506160 553
1506170 553
1506180 553
1506190 553
1506200 553
1506210 553
1506220 553
1506230 553
1506240 555
1506250 557
1506260 557
1506270 558
1506280 557
1506290 558
1506300 558
1506310 560
1506320 560
1506330 560
1506340 560
1506350 559
1506360 559
1506370 559
1506380 559
1506390 559
1506400 561
1506410 561
1506420 559
1506430 559
1506440 558
1506450 559
1506460 559
1506470 560
1506480 561
1506490 561
1506500 561
1506510 561
1506520 561
1506530 561
1506540 561
1506550 561
1506560 561
1506570 561
1506580 561
1506590 561
1506600 561
1506610 561
1506620 561
1506630 562
1506640 562
1506650 562
1506660 564
1506670 565
1506680 565
1506690 566
1506700 567
1506710 567
1506720 568
1506730 569
1506740 570
1506750 570
1506760 572
1506770 573
1506780 573
1506790 576
1506800 578
1506810 578
1506820 580
1506830 583
1506840 583
1506850 585
1506860 586
1506870 586
1506880 587
1506890 588
1506900 589
1506910 589
1506920 589
1506930 590
1506940 590
1506950 590
1506960 590
1506970 590
1506980 591
1506990 591
1507000 591
1507010 592
1507020 592
1507030 592
1507040 593
1507050 594
1507060 595
1507070 595
1507080 596
1507090 597
1507100 597
1507110 600
1507120 603
1507130 603
1507140 604
1507150 601
1507160 601
1507170 598
1507180 596
1507190 596
1507200 594
1507210 592
1507220 591
1507230 591
1507240 593
1507250 593
1507260 593
1507270 591
1507280 589
1507290 589
1507300 588
1507310 589
1507320 589
1507330 587
1507340 582
1507350 576
1507360 576
1507370 573
1507380 573
1507390 573
1507400 572
1507410 572
1507420 572
1507430 572
1507440 574
1507450 574
1507460 576
1507470 579
1507480 579
1507490 583
1507500 587
1507510 591
1507520 591
1507530 596
1507540 600
1507550 600
1507560 605
1507570 610
1507580 610
1507590 615
1507600 620
1507610 620
1507620 621
1507630 623
1507640 623
1507650 623
1507660 623
1507670 624
1507680 624
1507690 624
1507700 624
1507710 624
1507720 624
1507730 623
1507740 623
1507750 623
1507760 623
1507770 623
1507780 623
1507790 622
1507800 622
1507810 622
1507820 622
1507830 622
1507840 622
1507850 622
1507860 622
1507870 622
1507880 621
1507890 619
1507900 619
1507910 616
1507920 613
1507930 613
1507940 611
1507950 610
1507960 610
1507970 610
1507980 610
1507990 610
1508000 610
1508010 610
1508020 609
1508030 609
1508040 608
1508050 608
1508060 608
1508070 607
1508080 607
1508090 607
1508100 606
1508110 606
1508120 606
1508130 604
1508140 602
1508150 601
1508160 601
1508170 599
1508180 597
1508190 597
1508200 595
1508210 594
1508220 594
1508230 593
1508240 593
1508250 593
1508260 594
1508270 597
1508280 597
1508290 600
1508300 602
1508310 605
1508320 605
1508330 607
1508340 610
1508350 610
1508360 612
1508370 614
1508380 614
1508390 615
1508400 615
1508410 615
1508420 616
1508430 616
1508440 616
1508450 616
1508460 615
1508470 615
1508480 615
1508490 615
1508500 614
1508510 614
1508520 613
1508530 614
1508540 614
1508550 614
1508560 615
1508570 615
1508580 614
1508590 614
1508600 614
1508610 614
1508620 615
1508630 614
1508640 614
1508650 613
1508660 612
1508670 612
1508680 610
1508690 608
1508700 608
1508710 606
1508720 604
1508730 604
1508740 601
1508750 598
1508760 595
1508770 595
1508780 591
1508790 586
1508800 586
1508810 582
1508820 578
1508830 578
1508840 574
1508850 569
1508860 569
1508870 567
1508880 567
1508890 567
1508900 566
1508910 566
1508920 566
1508930 566
1508940 565
1508950 565
1508960 565
1508970 565
1508980 565
1508990 565
1509000 566
1509010 566
1509020 566
1509030 566
1509040 566
1509050 566
1509060 566
1509070 567
1509080 567
1509090 567
1509100 568
1509110 573
1509120 573
1509130 575
1509140 577
1509150 577
1509160 579
1509170 582
1509180 582
1509190 585
1509200 588
1509210 588
1509220 588
1509230 586
1509240 586
1509250 586
1509260 588
1509270 592
1509280 592
1509290 598
1509300 600
1509310 600
1509320 600
1509330 602
1509340 602
1509350 604
1509360 607
1509370 605
1509380 605
1509390 599
1509400 595
1509410 595
1509420 591
1509430 588
1509440 588
1509450 584
1509460 580
1509470 580
1509480 579
1509490 578
1509500 578
1509510 577
1509520 575
1509530 572
1509540 572
1509550 571
1509560 574
1509570 574
1509580 576
1509590 580
1509600 580
1509610 586
1509620 591
1509630 591
1509640 595
1509650 598
1509660 598
1509670 602
1509680 606
1509690 611
1509700 611
1509710 615
1509720 619
1509730 619
1509740 620
1509750 619
1509760 619
1509770 619
1509780 620
1509790 620
1509800 620
1509810 621
1509820 621
1509830 621
1509840 621
1509850 622
1509860 622
1509870 622
1509880 623
1509890 623
1509900 623
1509910 624
1509920 624
1509930 625
1509940 625
1509950 625
1509960 626
1509970 626
1509980 626
1509990 626
1510000 627
1510010 627
1510020 627
1510030 627
1510040 627
1510050 627
1510060 626
1510070 620
1510080 620
1510090 613
1510100 607
1510110 607
1510120 601
1510130 596
1510140 596
1510150 590
1510160 584
1510170 578
1510180 578
1510190 574
1510200 574
1510210 574
1510220 574
1510230 574
1510240 574
1510250 574
1510260 573
1510270 573
1510280 573
1510290 573
1510300 574
1510310 574
1510320 574
1510330 576
1510340 576
1510350 581
1510360 587
1510370 587
1510380 593
1510390 600
1510400 600
1510410 606
1510420 609
1510430 609
1510440 612
1510450 615
1510460 619
1510470 619
1510480 621
1510490 620
1510500 620
1510510 619
1510520 619
1510530 619
1510540 618
1510550 616
1510560 616
1510570 616
1510580 618
1510590 618
1510600 621
1510610 625
1510620 629
1510630 629
1510640 631
1510650 634
1510660 634
1510670 637
1510680 637
1510690 637
1510700 638
1510710 638
1510720 638
1510730 638
1510740 638
1510750 638
1510760 638
1510770 638
1510780 638
1510790 638
1510800 637
1510810 637
1510820 637
1510830 636
1510840 636
1510850 636
1510860 636
1510870 636
1510880 636
1510890 636
1510900 637
1510910 637
1510920 639
1510930 640
1510940 641
1510950 641
1510960 640
1510970 640
1510980 640
1510990 640
1511000 639
1511010 639
1511020 635
1511030 630
1511040 630
1511050 623
1511060 616
1511070 616
1511080 613
1511090 613
1511100 612
1511110 612
1511120 608
1511130 609
1511140 609
1511150 607
1511160 602
1511170 602
1511180 599
1511190 593
1511200 593
1511210 588
1511220 585
1511230 583
1511240 583
1511250 582
1511260 582
1511270 582
1511280 582
1511290 582
1511300 582
1511310 581
1511320 581
1511330 581
1511340 580
1511350 580
1511360 580
1511370 582
1511380 585
1511390 585
1511400 585
1511410 587
1511420 588
1511430 588
1511440 589
1511450 589
1511460 589
1511470 590
1511480 592
1511490 592
1511500 594
1511510 597
1511520 597
1511530 597
1511540 599
1511550 603
1511560 603
1511570 605
1511580 605
1511590 605
1511600 604
1511610 604
1511620 604
1511630 606
1511640 609
1511650 609
1511660 611
1511670 613
1511680 613
1511690 615
1511700 615
1511710 614
1511720 614
1511730 614
1511740 616
1511750 616
1511760 617
1511770 617
1511780 617
1511790 617
1511800 616
1511810 616
1511820 616
1511830 617
1511840 617
1511850 616
1511860 615
1511870 613
1511880 613
1511890 612
1511900 611
1511910 611
1511920 610
1511930 608
1511940 608
1511950 605
1511960 600
1511970 600
1511980 594
1511990 588
1512000 588
1512010 582
1512020 578
1512030 578
1512040 578
1512050 578
1512060 579
1512070 579
1512080 582
1512090 586
1512100 586
1512110 591
1512120 592
1512130 592
1512140 591
1512150 591
1512160 593
1512170 593
1512180 599
1512190 606
1512200 606
1512210 612
1512220 619
1512230 619
1512240 625
1512250 631
1512260 631
1512270 637
1512280 643
1512290 643
1512300 649
1512310 655
1512320 662
1512330 662
1512340 668
1512350 674
1512360 674
1512370 676
1512380 676
1512390 676
1512400 675
1512410 676
1512420 676
1512430 677
1512440 677
1512450 677
1512460 678
1512470 679
1512480 680
1512490 680
1512500 680
1512510 677
1512520 677
1512530 673
1512540 666
1512550 666
1512560 662
1512570 659
1512580 659
1512590 658
1512600 655
1512610 655
1512620 653
1512630 656
1512640 661
1512650 661
1512660 666
1512670 670
1512680 670
1512690 675
1512700 680
1512710 680
1512720 682
1512730 683
1512740 683
1512750 684
1512760 684
1512770 684
1512780 685
1512790 685
1512800 685
1512810 685
1512820 685
1512830 685
1512840 685
1512850 685
1512860 685
1512870 685
1512880 685
1512890 685
1512900 685
1512910 684
1512920 684
1512930 684
1512940 683
1512950 682
1512960 681
1512970 681
1512980 680
1512990 679
1513000 679
1513010 678
1513020 677
1513030 677
1513040 676
1513050 674
1513060 674
1513070 674
1513080 671
1513090 669
1513100 669
1513110 668
1513120 667
1513130 667
1513140 666
1513150 665
1513160 665
1513170 665
1513180 664
1513190 664
1513200 662
1513210 661
1513220 661
1513230 660
1513240 659
1513250 657
1513260 657
1513270 656
1513280 656
1513290 656
1513300 655
1513310 654
1513320 654
1513330 652
1513340 649
1513350 649
1513360 648
1513370 647
1513380 647
1513390 648
1513400 653
1513410 656
1513420 656
1513430 658
1513440 661
1513450 661
1513460 663
1513470 665
1513480 665
1513490 667
1513500 667
1513510 667
1513520 668
1513530 668
1513540 668
1513550 668
1513560 667
1513570 667
1513580 667
1513590 667
1513600 667
1513610 667
1513620 667
1513630 667
1513640 667
1513650 667
1513660 667
1513670 667
1513680 668
1513690 668
1513700 668
1513710 668
1513720 668
1513730 669
1513740 669
1513750 669
1513760 670
1513770 670
1513780 670
1513790 671
1513800 671
1513810 672
1513820 673
1513830 673
1513840 675
1513850 677
1513860 677
1513870 682
1513880 687
1513890 692
1513900 692
1513910 696
1513920 698
1513930 698
1513940 700
1513950 701
1513960 701
1513970 701
1513980 699
1513990 699
1514000 698
1514010 697
1514020 697
1514030 696
1514040 696
1514050 696
1514060 696
1514070 696
1514080 696
1514090 696
1514100 697
1514110 697
1514120 697
1514130 696
1514140 693
1514150 693
1514160 691
1514170 690
1514180 689
1514190 689
1514200 688
1514210 688
1514220 688
1514230 687
1514240 686
1514250 686
1514260 685
1514270 684
1514280 684
1514290 683
1514300 683
1514310 683
1514320 683
1514330 683
1514340 682
1514350 682
1514360 681
1514370 681
1514380 681
1514390 680
1514400 680
1514410 680
1514420 679
1514430 678
1514440 678
1514450 678
1514460 678
1514470 678
1514480 678
1514490 677
1514500 677
1514510 677
1514520 676
1514530 676
1514540 676
1514550 676
1514560 675
1514570 675
1514580 675
1514590 675
1514600 675
1514610 675
1514620 675
1514630 675
1514640 674
1514650 674
1514660 674
1514670 674
1514680 674
1514690 673
1514700 673
1514710 673
1514720 673
1514730 673
1514740 673
1514750 672
1514760 672
1514770 672
1514780 672
1514790 672
1514800 671
1514810 671
1514820 670
1514830 670
1514840 670
1514850 669
1514860 669
1514870 668
1514880 668
1514890 668
1514900 668
1514910 668
1514920 668
1514930 669
1514940 671
1514950 671
1514960 672
1514970 673
1514980 673
1514990 673
1515000 672
1515010 671
1515020 671
1515030 671
1515040 672
1515050 672
1515060 673
1515070 674
1515080 674
1515090 676
1515100 677
1515110 677
1515120 677
1515130 678
1515140 678
1515150 678
1515160 678
1515170 678
1515180 678
1515190 678
1515200 677
1515210 677
1515220 677
1515230 675
1515240 675
1515250 670
1515260 665
1515270 658
1515280 658
1515290 652
1515300 644
1515310 644
1515320 638
1515330 631
1515340 631
1515350 634
1515360 643
1515370 643
1515380 647
1515390 642
1515400 642
1515410 636
1515420 628
1515430 621
1515440 621
1515450 615
1515460 610
1515470 610
1515480 606
1515490 603
1515500 603
1515510 602
1515520 602
1515530 602
1515540 603
1515550 605
1515560 605
1515570 607
1515580 609
1515590 613
1515600 613
1515610 621
1515620 629
1515630 629
1515640 635
1515650 640
1515660 640
1515670 649
1515680 658
1515690 658
1515700 664
1515710 666
1515720 666
1515730 666
1515740 666
1515750 665
1515760 665
1515770 662
1515780 655
1515790 655
1515800 652
1515810 659
1515820 659
1515830 665
1515840 665
1515850 665
1515860 665
1515870 665
1515880 665
1515890 666
1515900 666
1515910 666
1515920 666
1515930 666
1515940 665
1515950 665
1515960 664
1515970 665
1515980 665
1515990 666
1516000 667
1516010 667
1516020 668
1516030 670
1516040 673
1516050 673
1516060 675
1516070 677
1516080 677
1516090 678
1516100 680
1516110 680
1516120 682
1516130 684
1516140 684
1516150 686
1516160 687
1516170 687
1516180 689
1516190 691
1516200 694
1516210 694
1516220 697
1516230 700
1516240 700
1516250 702
1516260 705
1516270 705
1516280 707
1516290 710
1516300 710
1516310 712
1516320 714
1516330 714
1516340 716
1516350 718
1516360 720
1516370 720
1516380 721
1516390 719
1516400 719
1516410 711
1516420 701
1516430 701
1516440 692
1516450 684
1516460 684
1516470 682
1516480 692
1516490 692
1516500 695
1516510 695
1516520 691
1516530 691
1516540 690
1516550 688
1516560 688
1516570 688
1516580 696
1516590 696
1516600 704
1516610 710
1516620 710
1516630 713
1516640 719
1516650 719
1516660 725
1516670 729
1516680 731
1516690 731
1516700 730
1516710 728
1516720 728
1516730 727
1516740 728
1516750 728
1516760 729
1516770 731
1516780 731
1516790 735
1516800 740
1516810 740
1516820 746
1516830 751
1516840 758
1516850 758
1516860 766
1516870 775
1516880 775
1516890 780
1516900 782
1516910 782
1516920 782
1516930 782
1516940 782
1516950 781
1516960 780
1516970 781
1516980 781
1516990 785
1517000 789
1517010 789
1517020 793
1517030 797
1517040 797
1517050 800
1517060 805
1517070 805
1517080 808
1517090 809
1517100 809
1517110 810
1517120 811
1517130 814
1517140 814
1517150 819
1517160 823
1517170 823
1517180 828
1517190 832
1517200 832
1517210 836
1517220 839
1517230 839
1517240 841
1517250 844
1517260 844
1517270 847
1517280 850
1517290 853
1517300 853
1517310 856
1517320 861
1517330 861
1517340 864
1517350 867
1517360 867
1517370 870
1517380 874
1517390 874
1517400 879
1517410 885
1517420 885
1517430 891
1517440 895
1517450 898
1517460 898
1517470 900
1517480 905
1517490 905
1517500 911
1517510 916
1517520 916
1517530 921
1517540 927
1517550 927
1517560 933
1517570 939
1517580 939
1517590 945
1517600 950
1517610 954
1517620 954
1517630 958
1517640 963
1517650 963
1517660 968
1517670 972
1517680 972
1517690 975
1517700 979
1517710 979
1517720 982
1517730 986
1517740 986
1517750 991
1517760 996
1517770 1002
1517780 1002
1517790 1008
1517800 1013
1517810 1013
1517820 1016
1517830 1021
1517840 1021
1517850 1028
1517860 1035
1517870 1035
1517880 1041
1517890 1047
1517900 1053
1517910 1053
1517920 1058
1517930 1061
1517940 1061
1517950 1065
1517960 1070
1517970 1070
1517980 1075
1517990 1079
1518000 1079
1518010 1084
1518020 1086
1518030 1086
1518040 1087
1518050 1090
1518060 1094
1518070 1094
1518080 1098
1518090 1101
1518100 1101
1518110 1103
1518120 1104
1518130 1104
1518140 1105
1518150 1108
1518160 1108
1518170 1110
1518180 1113
1518190 1113
1518200 1117
1518210 1118
1518220 1118
1518230 1118
1518240 1119
1518250 1122
1518260 1122
1518270 1126
1518280 1131
1518290 1131
1518300 1136
1518310 1141
1518320 1141
1518330 1145
1518340 1152
1518350 1152
1518360 1156
1518370 1156
1518380 1153
1518390 1153
1518400 1153
1518410 1158
1518420 1158
1518430 1164
1518440 1169
1518450 1169
1518460 1173
1518470 1177
1518480 1177
1518490 1175
1518500 1175
1518510 1175
1518520 1178
1518530 1184
1518540 1182
1518550 1182
1518560 1182
1518570 1183
1518580 1183
1518590 1180
1518600 1179
1518610 1179
1518620 1178
1518630 1176
1518640 1176
1518650 1173
1518660 1171
1518670 1171
1518680 1169
1518690 1167
1518700 1167
1518710 1167
1518720 1169
1518730 1170
1518740 1170
1518750 1172
1518760 1174
1518770 1174
1518780 1176
1518790 1180
1518800 1180
1518810 1183
1518820 1188
1518830 1192
1518840 1192
1518850 1196
1518860 1200
1518870 1200
1518880 1205
1518890 1212
1518900 1212
1518910 1219
1518920 1226
1518930 1226
1518940 1235
1518950 1248
1518960 1248
1518970 1258
1518980 1263
1518990 1265
1519000 1265
1519010 1269
1519020 1271
1519030 1271
1519040 1268
1519050 1264
1519060 1264
1519070 1263
1519080 1266
1519090 1266
1519100 1263
1519110 1255
1519120 1255
1519130 1244
1519140 1239
1519150 1236
1519160 1236
1519170 1242
1519180 1243
1519190 1243
1519200 1245
1519210 1248
1519220 1248
1519230 1254
1519240 1260
1519250 1260
1519260 1269
1519270 1277
1519280 1277
1519290 1284
1519300 1292
1519310 1300
1519320 1300
1519330 1306
1519340 1313
1519350 1313
1519360 1320
1519370 1328
1519380 1328
1519390 1337
1519400 1347
1519410 1347
1519420 1355
1519430 1364
1519440 1364
1519450 1373
1519460 1382
1519470 1393
1519480 1393
1519490 1399
1519500 1404
1519510 1404
1519520 1410
1519530 1415
1519540 1415
1519550 1424
1519560 1440
1519570 1440
1519580 1453
1519590 1470
1519600 1470
1519610 1482
1519620 1482
1519630 1451
1519640 1451
1519650 1450
1519660 1474
1519670 1474
1519680 1483
1519690 1488
1519700 1488
1519710 1493
1519720 1493
1519730 1493
1519740 1494
1519750 1486
1519760 1467
1519770 1467
1519780 1461
1519790 1456
1519800 1456
1519810 1450
1519820 1444
1519830 1444
1519840 1436
1519850 1429
1519860 1429
1519870 1424
1519880 1422
1519890 1422
1519900 1423
1519910 1424
1519920 1425
1519930 1425
1519940 1428
1519950 1426
1519960 1426
1519970 1417
1519980 1394
1519990 1394
