1500000 560
1500010 560
1500020 560
1500030 560
1500040 560
1500050 560
1500060 560
1500070 560
1500080 560
1500090 560
1500100 560
1500110 560
1500120 560
1500130 560
1500140 560
1500150 560
1500160 560
1500170 560
1500180 560
1500190 560
1500200 560
1500210 560
1500220 560
1500230 560
1500240 560
1500250 560
1500260 560
1500270 560
1500280 560
1500290 560
1500300 560
1500310 560
1500320 560
1500330 560
1500340 560
1500350 560
1500360 560
1500370 560
1500380 560
1500390 560
1500400 560
1500410 560
1500420 560
1500430 560
1500440 560
1500450 560
1500460 560
1500470 560
1500480 560
1500490 560
1500500 560
1500510 560
1500520 560
1500530 560
1500540 560
1500550 560
1500560 560
1500570 560
1500580 560
1500590 560
1500600 560
1500610 560
1500620 560
1500630 560
1500640 560
1500650 560
1500660 560
1500670 560
1500680 560
1500690 560
1500700 560
1500710 560
1500720 560
1500730 560
1500740 560
1500750 560
1500760 560
1500770 560
1500780 560
1500790 560
1500800 560
1500810 560
1500820 560
1500830 560
1500840 560
1500850 560
1500860 560
1500870 560
1500880 560
1500890 560
1500900 560
1500910 559
1500920 559
1500930 559
1500940 559
1500950 559
1500960 559
1500970 559
1500980 559
1500990 559
1501000 559
1501010 559
1501020 559
1501030 559
1501040 559
1501050 559
1501060 559
1501070 559
1501080 559
1501090 559
1501100 559
1501110 559
1501120 559
1501130 559
1501140 559
1501150 559
1501160 559
1501170 559
1501180 559
1501190 559
1501200 559
1501210 559
1501220 559
1501230 559
1501240 559
1501250 559
1501260 559
1501270 559
1501280 559
1501290 559
1501300 559
1501310 559
1501320 559
1501330 559
1501340 559
1501350 559
1501360 560
1501370 559
1501380 559
1501390 559
1501400 559
1501410 559
1501420 559
1501430 559
1501440 559
1501450 559
1501460 559
1501470 559
1501480 559
1501490 559
1501500 559
1501510 559
1501520 559
1501530 559
1501540 559
1501550 559
1501560 559
1501570 559
1501580 559
1501590 559
1501600 559
1501610 559
1501620 559
1501630 559
1501640 559
1501650 559
1501660 559
1501670 559
1501680 559
1501690 559
1501700 559
1501710 559
1501720 559
1501730 559
1501740 559
1501750 559
1501760 559
1501770 559
1501780 559
1501790 559
1501800 559
1501810 559
1501820 559
1501830 559
1501840 559
1501850 559
1501860 559
1501870 559
1501880 559
1501890 559
1501900 559
1501910 559
1501920 560
1501930 560
1501940 560
1501950 560
1501960 560
1501970 560
1501980 561
1501990 561
1502000 562
1502010 562
1502020 562
1502030 562
1502040 562
1502050 562
1502060 562
1502070 561
1502080 562
1502090 562
1502100 561
1502110 559
1502120 559
1502130 559
1502140 559
1502150 559
1502160 559
1502170 559
1502180 559
1502190 559
1502200 559
1502210 559
1502220 559
1502230 559
1502240 559
1502250 559
1502260 558
1502270 558
1502280 558
1502290 558
1502300 558
1502310 558
1502320 558
1502330 559
1502340 559
1502350 559
1502360 559
1502370 559
1502380 559
1502390 559
1502400 559
1502410 559
1502420 559
1502430 559
1502440 559
1502450 560
1502460 560
1502470 560
1502480 560
1502490 560
1502500 559
1502510 559
1502520 558
1502530 557
1502540 557
1502550 557
1502560 557
1502570 557
1502580 557
1502590 557
1502600 557
1502610 557
1502620 557
1502630 557
1502640 557
1502650 558
1502660 559
1502670 559
1502680 559
1502690 560
1502700 560
1502710 560
1502720 560
1502730 560
1502740 560
1502750 560
1502760 560
1502770 559
1502780 560
1502790 560
1502800 560
1502810 560
1502820 559
1502830 559
1502840 559
1502850 560
1502860 560
1502870 561
1502880 562
1502890 562
1502900 564
1502910 566
1502920 566
1502930 568
1502940 568
1502950 568
1502960 568
1502970 569
1502980 571
1502990 571
1503000 573
1503010 573
1503020 573
1503030 573
1503040 575
1503050 575
1503060 577
1503070 579
1503080 579
1503090 583
1503100 587
1503110 590
1503120 590
1503130 596
1503140 603
1503150 603
1503160 602
1503170 604
1503180 604
1503190 610
1503200 613
1503210 613
1503220 613
1503230 612
1503240 612
1503250 610
1503260 609
1503270 607
1503280 607
1503290 606
1503300 605
1503310 605
1503320 605
1503330 604
1503340 604
1503350 604
1503360 603
1503370 603
1503380 602
1503390 601
1503400 601
1503410 600
1503420 600
1503430 599
1503440 599
1503450 599
1503460 599
1503470 599
1503480 599
1503490 599
1503500 599
1503510 599
1503520 600
1503530 600
1503540 601
1503550 601
1503560 601
1503570 602
1503580 604
1503590 608
1503600 608
1503610 611
1503620 615
1503630 615
1503640 619
1503650 624
1503660 624
1503670 629
1503680 632
1503690 632
1503700 630
1503710 623
1503720 623
1503730 616
1503740 608
1503750 600
1503760 600
1503770 596
1503780 592
1503790 592
1503800 589
1503810 587
1503820 587
1503830 584
1503840 583
1503850 583
1503860 583
1503870 584
1503880 584
1503890 588
1503900 589
1503910 590
1503920 590
1503930 591
1503940 593
1503950 593
1503960 596
1503970 600
1503980 600
1503990 604
1504000 610
1504010 610
1504020 615
1504030 620
1504040 620
1504050 622
1504060 623
1504070 624
1504080 624
1504090 624
1504100 625
1504110 625
1504120 626
1504130 627
1504140 627
1504150 626
1504160 625
1504170 625
1504180 626
1504190 629
1504200 635
1504210 635
1504220 640
1504230 645
1504240 645
1504250 649
1504260 652
1504270 652
1504280 658
1504290 664
1504300 664
1504310 668
1504320 672
1504330 672
1504340 676
1504350 681
1504360 685
1504370 685
1504380 689
1504390 693
1504400 693
1504410 697
1504420 702
1504430 702
1504440 703
1504450 703
1504460 703
1504470 704
1504480 706
1504490 706
1504500 708
1504510 708
1504520 708
1504530 708
1504540 708
1504550 707
1504560 707
1504570 706
1504580 705
1504590 705
1504600 703
1504610 702
1504620 702
1504630 701
1504640 700
1504650 700
1504660 699
1504670 699
1504680 699
1504690 699
1504700 698
1504710 698
1504720 698
1504730 698
1504740 697
1504750 697
1504760 697
1504770 696
1504780 696
1504790 696
1504800 696
1504810 696
1504820 696
1504830 696
1504840 696
1504850 696
1504860 695
1504870 695
1504880 695
1504890 695
1504900 695
1504910 695
1504920 695
1504930 696
1504940 696
1504950 696
1504960 697
1504970 697
1504980 698
1504990 699
1505000 699
1505010 699
1505020 698
1505030 697
1505040 697
1505050 696
1505060 697
1505070 697
1505080 697
1505090 697
1505100 697
1505110 697
1505120 697
1505130 697
1505140 698
1505150 698
1505160 698
1505170 698
1505180 698
1505190 697
1505200 697
1505210 697
1505220 696
1505230 696
1505240 693
1505250 691
1505260 691
1505270 690
1505280 689
1505290 689
1505300 687
1505310 685
1505320 681
1505330 681
1505340 678
1505350 676
1505360 676
1505370 673
1505380 670
1505390 670
1505400 667
1505410 665
1505420 665
1505430 661
1505440 657
1505450 655
1505460 655
1505470 651
1505480 648
1505490 648
1505500 646
1505510 647
1505520 647
1505530 648
1505540 649
1505550 649
1505560 647
1505570 642
1505580 642
1505590 641
1505600 642
1505610 646
1505620 646
1505630 650
1505640 655
1505650 655
1505660 658
1505670 658
1505680 658
1505690 657
1505700 659
1505710 659
1505720 663
1505730 667
1505740 667
1505750 671
1505760 677
1505770 684
1505780 684
1505790 689
1505800 691
1505810 691
1505820 690
1505830 689
1505840 689
1505850 689
1505860 690
1505870 690
1505880 692
1505890 693
1505900 693
1505910 692
1505920 689
1505930 689
1505940 689
1505950 692
1505960 694
1505970 694
1505980 694
1505990 695
1506000 695
1506010 696
1506020 696
1506030 696
1506040 697
1506050 697
1506060 697
1506070 698
1506080 698
1506090 699
1506100 699
1506110 699
1506120 700
1506130 700
1506140 701
1506150 701
1506160 701
1506170 702
1506180 702
1506190 702
1506200 702
1506210 702
1506220 702
1506230 702
1506240 703
1506250 703
1506260 703
1506270 704
1506280 704
1506290 704
1506300 704
1506310 705
1506320 705
1506330 705
1506340 705
1506350 705
1506360 705
1506370 706
1506380 706
1506390 706
1506400 706
1506410 707
1506420 707
1506430 707
1506440 707
1506450 707
1506460 707
1506470 708
1506480 708
1506490 708
1506500 708
1506510 708
1506520 708
1506530 709
1506540 709
1506550 709
1506560 709
1506570 709
1506580 709
1506590 709
1506600 709
1506610 709
1506620 709
1506630 710
1506640 710
1506650 709
1506660 708
1506670 708
1506680 707
1506690 706
1506700 705
1506710 705
1506720 705
1506730 705
1506740 705
1506750 705
1506760 706
1506770 706
1506780 706
1506790 706
1506800 706
1506810 706
1506820 707
1506830 707
1506840 707
1506850 706
1506860 706
1506870 706
1506880 706
1506890 707
1506900 707
1506910 707
1506920 706
1506930 706
1506940 702
1506950 699
1506960 699
1506970 697
1506980 693
1506990 693
1507000 689
1507010 687
1507020 683
1507030 683
1507040 679
1507050 676
1507060 676
1507070 673
1507080 670
1507090 670
1507100 668
1507110 669
1507120 669
1507130 669
1507140 671
1507150 671
1507160 674
1507170 676
1507180 676
1507190 676
1507200 677
1507210 679
1507220 679
1507230 682
1507240 686
1507250 686
1507260 689
1507270 692
1507280 692
1507290 695
1507300 696
1507310 696
1507320 699
1507330 701
1507340 703
1507350 703
1507360 706
1507370 706
1507380 706
1507390 705
1507400 704
1507410 704
1507420 704
1507430 705
1507440 705
1507450 706
1507460 706
1507470 706
1507480 705
1507490 703
1507500 700
1507510 700
1507520 698
1507530 696
1507540 696
1507550 695
1507560 694
1507570 694
1507580 694
1507590 694
1507600 694
1507610 694
1507620 694
1507630 694
1507640 695
1507650 695
1507660 695
1507670 695
1507680 696
1507690 696
1507700 696
1507710 697
1507720 697
1507730 697
1507740 698
1507750 700
1507760 700
1507770 702
1507780 704
1507790 705
1507800 705
1507810 706
1507820 707
1507830 707
1507840 708
1507850 709
1507860 709
1507870 709
1507880 708
1507890 708
1507900 709
1507910 710
1507920 710
1507930 710
1507940 709
1507950 710
1507960 710
1507970 711
1507980 713
1507990 713
1508000 714
1508010 713
1508020 713
1508030 713
1508040 711
1508050 711
1508060 708
1508070 706
1508080 706
1508090 705
1508100 704
1508110 704
1508120 704
1508130 703
1508140 699
1508150 699
1508160 695
1508170 692
1508180 692
1508190 692
1508200 695
1508210 695
1508220 699
1508230 702
1508240 702
1508250 704
1508260 704
1508270 704
1508280 704
1508290 703
1508300 703
1508310 703
1508320 703
1508330 702
1508340 702
1508350 702
1508360 702
1508370 702
1508380 701
1508390 701
1508400 701
1508410 700
1508420 700
1508430 700
1508440 700
1508450 699
1508460 699
1508470 699
1508480 698
1508490 697
1508500 697
1508510 697
1508520 697
1508530 697
1508540 697
1508550 697
1508560 697
1508570 697
1508580 698
1508590 698
1508600 698
1508610 698
1508620 698
1508630 698
1508640 697
1508650 695
1508660 695
1508670 689
1508680 683
1508690 683
1508700 677
1508710 673
1508720 673
1508730 670
1508740 666
1508750 663
1508760 663
1508770 659
1508780 657
1508790 657
1508800 654
1508810 651
1508820 651
1508830 647
1508840 642
1508850 642
1508860 641
1508870 640
1508880 639
1508890 639
1508900 639
1508910 638
1508920 638
1508930 639
1508940 643
1508950 643
1508960 649
1508970 652
1508980 652
1508990 655
1509000 655
1509010 655
1509020 653
1509030 657
1509040 660
1509050 660
1509060 661
1509070 665
1509080 665
1509090 670
1509100 674
1509110 674
1509120 675
1509130 678
1509140 678
1509150 678
1509160 672
1509170 672
1509180 666
1509190 663
1509200 666
1509210 666
1509220 672
1509230 679
1509240 679
1509250 685
1509260 687
1509270 687
1509280 684
1509290 681
1509300 681
1509310 677
1509320 676
1509330 676
1509340 678
1509350 682
1509360 687
1509370 687
1509380 691
1509390 696
1509400 696
1509410 702
1509420 708
1509430 708
1509440 714
1509450 714
1509460 714
1509470 713
1509480 712
1509490 712
1509500 713
1509510 715
1509520 717
1509530 717
1509540 717
1509550 716
1509560 716
1509570 716
1509580 716
1509590 716
1509600 715
1509610 714
1509620 714
1509630 713
1509640 712
1509650 712
1509660 713
1509670 713
1509680 714
1509690 714
1509700 712
1509710 709
1509720 709
1509730 707
1509740 707
1509750 707
1509760 709
1509770 711
1509780 711
1509790 711
1509800 708
1509810 708
1509820 701
1509830 692
1509840 683
1509850 683
1509860 682
1509870 689
1509880 689
1509890 694
1509900 694
1509910 694
1509920 692
1509930 687
1509940 687
1509950 685
1509960 681
1509970 681
1509980 676
1509990 673
1510000 680
1510010 680
1510020 689
1510030 696
1510040 696
1510050 702
1510060 707
1510070 707
1510080 713
1510090 717
1510100 717
1510110 718
1510120 720
1510130 721
1510140 721
1510150 721
1510160 722
1510170 722
1510180 722
1510190 723
1510200 723
1510210 723
1510220 724
1510230 724
1510240 724
1510250 724
1510260 724
1510270 725
1510280 725
1510290 725
1510300 725
1510310 725
1510320 724
1510330 724
1510340 724
1510350 725
1510360 725
1510370 725
1510380 726
1510390 726
1510400 726
1510410 727
1510420 727
1510430 727
1510440 728
1510450 728
1510460 728
1510470 729
1510480 730
1510490 730
1510500 730
1510510 730
1510520 730
1510530 731
1510540 731
1510550 731
1510560 731
1510570 732
1510580 732
1510590 733
1510600 732
1510610 732
1510620 732
1510630 733
1510640 733
1510650 733
1510660 733
1510670 733
1510680 733
1510690 733
1510700 733
1510710 733
1510720 733
1510730 732
1510740 732
1510750 731
1510760 731
1510770 731
1510780 731
1510790 731
1510800 730
1510810 730
1510820 730
1510830 729
1510840 729
1510850 729
1510860 728
1510870 728
1510880 728
1510890 728
1510900 728
1510910 728
1510920 728
1510930 729
1510940 729
1510950 729
1510960 729
1510970 729
1510980 729
1510990 729
1511000 729
1511010 730
1511020 731
1511030 731
1511040 731
1511050 729
1511060 729
1511070 728
1511080 728
1511090 731
1511100 731
1511110 731
1511120 729
1511130 729
1511140 728
1511150 726
1511160 726
1511170 726
1511180 725
1511190 725
1511200 725
1511210 726
1511220 727
1511230 727
1511240 728
1511250 728
1511260 728
1511270 728
1511280 727
1511290 727
1511300 727
1511310 727
1511320 727
1511330 727
1511340 728
1511350 728
1511360 727
1511370 725
1511380 729
1511390 729
1511400 735
1511410 739
1511420 739
1511430 743
1511440 747
1511450 747
1511460 749
1511470 750
1511480 750
1511490 748
1511500 747
1511510 747
1511520 747
1511530 747
1511540 746
1511550 746
1511560 745
1511570 745
1511580 745
1511590 744
1511600 743
1511610 743
1511620 743
1511630 743
1511640 743
1511650 743
1511660 743
1511670 743
1511680 744
1511690 745
1511700 747
1511710 747
1511720 749
1511730 750
1511740 750
1511750 752
1511760 754
1511770 754
1511780 756
1511790 757
1511800 757
1511810 759
1511820 760
1511830 760
1511840 761
1511850 762
1511860 763
1511870 763
1511880 763
1511890 763
1511900 763
1511910 763
1511920 763
1511930 763
1511940 762
1511950 761
1511960 761
1511970 761
1511980 761
1511990 761
1512000 761
1512010 761
1512020 762
1512030 762
1512040 762
1512050 761
1512060 761
1512070 761
1512080 760
1512090 760
1512100 760
1512110 759
1512120 759
1512130 758
1512140 757
1512150 757
1512160 757
1512170 756
1512180 756
1512190 756
1512200 756
1512210 756
1512220 756
1512230 756
1512240 756
1512250 756
1512260 755
1512270 755
1512280 755
1512290 755
1512300 756
1512310 756
1512320 755
1512330 755
1512340 756
1512350 756
1512360 757
1512370 757
1512380 757
1512390 757
1512400 757
1512410 757
1512420 757
1512430 757
1512440 757
1512450 757
1512460 757
1512470 758
1512480 758
1512490 759
1512500 759
1512510 759
1512520 760
1512530 760
1512540 760
1512550 760
1512560 760
1512570 760
1512580 761
1512590 762
1512600 762
1512610 763
1512620 764
1512630 765
1512640 765
1512650 766
1512660 766
1512670 766
1512680 767
1512690 767
1512700 767
1512710 768
1512720 769
1512730 769
1512740 772
1512750 773
1512760 773
1512770 775
1512780 775
1512790 774
1512800 774
1512810 773
1512820 772
1512830 772
1512840 771
1512850 771
1512860 771
1512870 773
1512880 774
1512890 774
1512900 776
1512910 778
1512920 778
1512930 779
1512940 779
1512950 780
1512960 780
1512970 781
1512980 782
1512990 782
1513000 783
1513010 784
1513020 784
1513030 785
1513040 787
1513050 787
1513060 788
1513070 789
1513080 789
1513090 790
1513100 790
1513110 790
1513120 790
1513130 790
1513140 791
1513150 791
1513160 791
1513170 792
1513180 792
1513190 792
1513200 793
1513210 793
1513220 795
1513230 796
1513240 796
1513250 796
1513260 795
1513270 797
1513280 797
1513290 800
1513300 804
1513310 804
1513320 808
1513330 812
1513340 812
1513350 815
1513360 818
1513370 818
1513380 820
1513390 822
1513400 822
1513410 824
1513420 825
1513430 826
1513440 826
1513450 827
1513460 829
1513470 829
1513480 830
1513490 831
1513500 831
1513510 832
1513520 833
1513530 833
1513540 833
1513550 834
1513560 834
1513570 834
1513580 835
1513590 836
1513600 836
1513610 836
1513620 837
1513630 837
1513640 839
1513650 840
1513660 840
1513670 840
1513680 840
1513690 840
1513700 839
1513710 839
1513720 839
1513730 839
1513740 838
1513750 838
1513760 838
1513770 836
1513780 836
1513790 836
1513800 835
1513810 833
1513820 833
1513830 832
1513840 831
1513850 831
1513860 829
1513870 828
1513880 827
1513890 827
1513900 825
1513910 823
1513920 823
1513930 821
1513940 820
1513950 820
1513960 819
1513970 817
1513980 817
1513990 816
1514000 816
1514010 816
1514020 815
1514030 814
1514040 814
1514050 814
1514060 813
1514070 812
1514080 812
1514090 812
1514100 812
1514110 812
1514120 813
1514130 813
1514140 813
1514150 813
1514160 813
1514170 813
1514180 812
1514190 812
1514200 812
1514210 812
1514220 812
1514230 812
1514240 812
1514250 812
1514260 812
1514270 812
1514280 812
1514290 812
1514300 812
1514310 811
1514320 810
1514330 810
1514340 810
1514350 809
1514360 808
1514370 808
1514380 807
1514390 807
1514400 807
1514410 806
1514420 806
1514430 806
1514440 804
1514450 803
1514460 803
1514470 801
1514480 800
1514490 800
1514500 797
1514510 795
1514520 794
1514530 794
1514540 793
1514550 793
1514560 793
1514570 792
1514580 792
1514590 792
1514600 792
1514610 790
1514620 790
1514630 790
1514640 789
1514650 789
1514660 786
1514670 783
1514680 780
1514690 780
1514700 775
1514710 770
1514720 770
1514730 764
1514740 759
1514750 759
1514760 757
1514770 754
1514780 754
1514790 750
1514800 744
1514810 739
1514820 739
1514830 735
1514840 732
1514850 732
1514860 730
1514870 728
1514880 728
1514890 727
1514900 724
1514910 724
1514920 723
1514930 724
1514940 724
1514950 724
1514960 726
1514970 731
1514980 731
1514990 732
1515000 728
1515010 728
1515020 723
1515030 719
1515040 719
1515050 718
1515060 715
1515070 715
1515080 711
1515090 708
1515100 708
1515110 707
1515120 705
1515130 706
1515140 706
1515150 713
1515160 718
1515170 718
1515180 721
1515190 726
1515200 726
1515210 732
1515220 737
1515230 737
1515240 741
1515250 746
1515260 746
1515270 752
1515280 757
1515290 762
1515300 762
1515310 768
1515320 770
1515330 770
1515340 771
1515350 772
1515360 772
1515370 774
1515380 776
1515390 776
1515400 777
1515410 779
1515420 779
1515430 780
1515440 781
1515450 782
1515460 782
1515470 782
1515480 782
1515490 782
1515500 783
1515510 783
1515520 783
1515530 784
1515540 784
1515550 784
1515560 784
1515570 784
1515580 784
1515590 785
1515600 785
1515610 785
1515620 785
1515630 786
1515640 786
1515650 786
1515660 787
1515670 788
1515680 788
1515690 789
1515700 790
1515710 790
1515720 791
1515730 792
1515740 792
1515750 792
1515760 793
1515770 794
1515780 794
1515790 795
1515800 795
1515810 795
1515820 796
1515830 796
1515840 796
1515850 797
1515860 797
1515870 797
1515880 796
1515890 795
1515900 795
1515910 793
1515920 794
1515930 794
1515940 794
1515950 792
1515960 792
1515970 792
1515980 792
1515990 792
1516000 792
1516010 791
1516020 792
1516030 792
1516040 794
1516050 796
1516060 798
1516070 798
1516080 800
1516090 802
1516100 802
1516110 805
1516120 812
1516130 812
1516140 817
1516150 818
1516160 818
1516170 820
1516180 823
1516190 823
1516200 826
1516210 829
1516220 832
1516230 832
1516240 835
1516250 838
1516260 838
1516270 842
1516280 845
1516290 845
1516300 848
1516310 850
1516320 850
1516330 851
1516340 852
1516350 852
1516360 853
1516370 855
1516380 857
1516390 857
1516400 858
1516410 860
1516420 860
1516430 861
1516440 863
1516450 863
1516460 865
1516470 867
1516480 867
1516490 869
1516500 871
1516510 871
1516520 874
1516530 876
1516540 879
1516550 879
1516560 881
1516570 884
1516580 884
1516590 887
1516600 891
1516610 891
1516620 892
1516630 896
1516640 896
1516650 901
1516660 908
1516670 908
1516680 914
1516690 919
1516700 923
1516710 923
1516720 927
1516730 930
1516740 930
1516750 933
1516760 937
1516770 937
1516780 940
1516790 944
1516800 944
1516810 948
1516820 953
1516830 953
1516840 959
1516850 965
1516860 971
1516870 971
1516880 975
1516890 978
1516900 978
1516910 981
1516920 985
1516930 985
1516940 991
1516950 997
1516960 997
1516970 1003
1516980 1008
1516990 1008
1517000 1014
1517010 1020
1517020 1023
1517030 1023
1517040 1025
1517050 1029
1517060 1029
1517070 1034
1517080 1038
1517090 1038
1517100 1043
1517110 1046
1517120 1046
1517130 1050
1517140 1053
1517150 1056
1517160 1056
1517170 1059
1517180 1062
1517190 1062
1517200 1065
1517210 1068
1517220 1068
1517230 1070
1517240 1073
1517250 1073
1517260 1076
1517270 1079
1517280 1079
1517290 1083
1517300 1086
1517310 1090
1517320 1090
1517330 1094
1517340 1098
1517350 1098
1517360 1100
1517370 1101
1517380 1101
1517390 1101
1517400 1103
1517410 1103
1517420 1105
1517430 1108
1517440 1108
1517450 1112
1517460 1114
1517470 1115
1517480 1115
1517490 1115
1517500 1115
1517510 1115
1517520 1113
1517530 1112
1517540 1112
1517550 1109
1517560 1105
1517570 1105
1517580 1102
1517590 1100
1517600 1100
1517610 1097
1517620 1096
1517630 1094
1517640 1094
1517650 1094
1517660 1093
1517670 1093
1517680 1095
1517690 1099
1517700 1099
1517710 1103
1517720 1106
1517730 1106
1517740 1109
1517750 1112
1517760 1112
1517770 1114
1517780 1116
1517790 1118
1517800 1118
1517810 1119
1517820 1121
1517830 1121
1517840 1124
1517850 1124
1517860 1124
1517870 1123
1517880 1124
1517890 1124
1517900 1125
1517910 1127
1517920 1127
1517930 1128
1517940 1129
1517950 1131
1517960 1131
1517970 1131
1517980 1131
1517990 1131
1518000 1131
1518010 1133
1518020 1133
1518030 1133
1518040 1133
1518050 1133
1518060 1132
1518070 1130
1518080 1130
1518090 1129
1518100 1128
1518110 1128
1518120 1128
1518130 1128
1518140 1130
1518150 1130
1518160 1132
1518170 1132
1518180 1132
1518190 1130
1518200 1132
1518210 1132
1518220 1136
1518230 1136
1518240 1140
1518250 1140
1518260 1146
1518270 1151
1518280 1151
1518290 1156
1518300 1156
1518310 1156
1518320 1153
1518330 1149
1518340 1149
1518350 1145
1518360 1149
1518370 1149
1518380 1156
1518390 1161
1518400 1159
1518410 1159
1518420 1150
1518430 1152
1518440 1152
1518450 1156
1518460 1159
1518470 1159
1518480 1158
1518490 1160
1518500 1160
1518510 1161
1518520 1161
1518530 1161
1518540 1162
1518550 1161
1518560 1158
1518570 1158
1518580 1155
1518590 1156
1518600 1156
1518610 1155
1518620 1153
1518630 1153
1518640 1156
1518650 1160
1518660 1160
1518670 1163
1518680 1161
1518690 1161
1518700 1159
1518710 1160
1518720 1161
1518730 1161
1518740 1164
1518750 1166
1518760 1166
1518770 1169
1518780 1172
1518790 1172
1518800 1174
1518810 1177
1518820 1177
1518830 1179
1518840 1181
1518850 1181
1518860 1183
1518870 1185
1518880 1187
1518890 1187
1518900 1189
1518910 1193
1518920 1193
1518930 1197
1518940 1202
1518950 1202
1518960 1207
1518970 1213
1518980 1213
1518990 1217
1519000 1222
1519010 1222
1519020 1226
1519030 1230
1519040 1233
1519050 1233
1519060 1236
1519070 1240
1519080 1240
1519090 1244
1519100 1247
1519110 1247
1519120 1251
1519130 1254
1519140 1254
1519150 1258
1519160 1261
1519170 1261
1519180 1265
1519190 1269
1519200 1272
1519210 1272
1519220 1277
1519230 1283
1519240 1283
1519250 1287
1519260 1290
1519270 1290
1519280 1292
1519290 1294
1519300 1294
1519310 1298
1519320 1303
1519330 1307
1519340 1307
1519350 1312
1519360 1316
1519370 1316
1519380 1321
1519390 1326
1519400 1326
1519410 1331
1519420 1337
1519430 1337
1519440 1343
1519450 1349
1519460 1349
1519470 1355
1519480 1362
1519490 1367
1519500 1367
1519510 1374
1519520 1381
1519530 1381
1519540 1389
1519550 1396
1519560 1396
1519570 1403
1519580 1410
1519590 1410
1519600 1417
1519610 1424
1519620 1424
1519630 1432
1519640 1441
1519650 1451
1519660 1451
1519670 1458
1519680 1466
1519690 1466
1519700 1478
1519710 1490
1519720 1490
1519730 1498
1519740 1504
1519750 1504
1519760 1511
1519770 1519
1519780 1519
1519790 1527
1519800 1536
1519810 1545
1519820 1545
1519830 1555
1519840 1559
1519850 1559
1519860 1562
1519870 1568
1519880 1568
1519890 1571
1519900 1575
1519910 1575
1519920 1581
1519930 1589
1519940 1589
1519950 1598
1519960 1606
1519970 1614
1519980 1614
1519990 1623
