1500000 1319
1500010 1319
1500020 1322
1500030 1324
1500040 1324
1500050 1326
1500060 1327
1500070 1329
1500080 1329
1500090 1331
1500100 1333
1500110 1333
1500120 1335
1500130 1337
1500140 1337
1500150 1338
1500160 1339
1500170 1339
1500180 1339
1500190 1341
1500200 1341
1500210 1343
1500220 1345
1500230 1347
1500240 1347
1500250 1350
1500260 1353
1500270 1353
1500280 1356
1500290 1359
1500300 1359
1500310 1362
1500320 1364
1500330 1364
1500340 1366
1500350 1368
1500360 1368
1500370 1370
1500380 1371
1500390 1372
1500400 1372
1500410 1372
1500420 1374
1500430 1374
1500440 1373
1500450 1369
1500460 1369
1500470 1365
1500480 1361
1500490 1361
1500500 1358
1500510 1355
1500520 1355
1500530 1351
1500540 1345
1500550 1345
1500560 1343
1500570 1348
1500580 1354
1500590 1354
1500600 1361
1500610 1367
1500620 1367
1500630 1373
1500640 1378
1500650 1378
1500660 1382
1500670 1384
1500680 1384
1500690 1385
1500700 1386
1500710 1386
1500720 1386
1500730 1385
1500740 1382
1500750 1382
1500760 1381
1500770 1386
1500780 1386
1500790 1391
1500800 1396
1500810 1396
1500820 1400
1500830 1403
1500840 1403
1500850 1406
1500860 1409
1500870 1409
1500880 1412
1500890 1414
1500900 1415
1500910 1415
1500920 1416
1500930 1417
1500940 1417
1500950 1418
1500960 1421
1500970 1421
1500980 1427
1500990 1433
1501000 1433
1501010 1439
1501020 1444
1501030 1444
1501040 1449
1501050 1454
1501060 1457
1501070 1457
1501080 1461
1501090 1465
1501100 1465
1501110 1467
1501120 1468
1501130 1468
1501140 1468
1501150 1467
1501160 1467
1501170 1466
1501180 1465
1501190 1465
1501200 1463
1501210 1460
1501220 1455
1501230 1455
1501240 1449
1501250 1442
1501260 1442
1501270 1436
1501280 1429
1501290 1429
1501300 1426
1501310 1425
1501320 1425
1501330 1422
1501340 1420
1501350 1420
1501360 1417
1501370 1414
1501380 1411
1501390 1411
1501400 1410
1501410 1409
1501420 1409
1501430 1409
1501440 1407
1501450 1407
1501460 1404
1501470 1400
1501480 1400
1501490 1396
1501500 1392
1501510 1392
1501520 1387
1501530 1381
1501540 1381
1501550 1374
1501560 1368
1501570 1362
1501580 1362
1501590 1356
1501600 1349
1501610 1349
1501620 1342
1501630 1336
1501640 1336
1501650 1330
1501660 1326
1501670 1326
1501680 1324
1501690 1321
1501700 1321
1501710 1317
1501720 1314
1501730 1310
1501740 1310
1501750 1307
1501760 1304
1501770 1304
1501780 1304
1501790 1305
1501800 1305
1501810 1305
1501820 1301
1501830 1301
1501840 1298
1501850 1296
1501860 1296
1501870 1291
1501880 1286
1501890 1282
1501900 1282
1501910 1285
1501920 1290
1501930 1290
1501940 1294
1501950 1298
1501960 1298
1501970 1301
1501980 1305
1501990 1305
1502000 1310
1502010 1314
1502020 1314
1502030 1318
1502040 1321
1502050 1324
1502060 1324
1502070 1328
1502080 1332
1502090 1332
1502100 1334
1502110 1337
1502120 1337
1502130 1341
1502140 1345
1502150 1345
1502160 1348
1502170 1351
1502180 1351
1502190 1351
1502200 1352
1502210 1355
1502220 1355
1502230 1355
1502240 1357
1502250 1357
1502260 1361
1502270 1364
1502280 1364
1502290 1365
1502300 1366
1502310 1366
1502320 1366
1502330 1365
1502340 1365
1502350 1365
1502360 1364
1502370 1363
1502380 1363
1502390 1360
1502400 1359
1502410 1359
1502420 1357
1502430 1357
1502440 1357
1502450 1354
1502460 1349
1502470 1349
1502480 1346
1502490 1345
1502500 1345
1502510 1344
1502520 1343
1502530 1343
1502540 1343
1502550 1343
1502560 1343
1502570 1343
1502580 1343
1502590 1343
1502600 1343
1502610 1342
1502620 1342
1502630 1342
1502640 1343
1502650 1344
1502660 1344
1502670 1345
1502680 1346
1502690 1346
1502700 1347
1502710 1348
1502720 1349
1502730 1349
1502740 1351
1502750 1352
1502760 1352
1502770 1353
1502780 1350
1502790 1350
1502800 1346
1502810 1348
1502820 1348
1502830 1353
1502840 1355
1502850 1355
1502860 1356
1502870 1356
1502880 1356
1502890 1356
1502900 1355
1502910 1351
1502920 1351
1502930 1347
1502940 1348
1502950 1348
1502960 1349
1502970 1349
1502980 1349
1502990 1349
1503000 1349
1503010 1349
1503020 1348
1503030 1345
1503040 1343
1503050 1343
1503060 1341
1503070 1338
1503080 1338
1503090 1335
1503100 1331
1503110 1331
1503120 1330
1503130 1329
1503140 1329
1503150 1326
1503160 1323
1503170 1323
1503180 1320
1503190 1315
1503200 1312
1503210 1312
1503220 1309
1503230 1306
1503240 1306
1503250 1303
1503260 1301
1503270 1301
1503280 1300
1503290 1298
1503300 1298
1503310 1296
1503320 1295
1503330 1295
1503340 1296
1503350 1298
1503360 1299
1503370 1299
1503380 1299
1503390 1294
1503400 1294
1503410 1288
1503420 1279
1503430 1279
1503440 1272
1503450 1267
1503460 1267
1503470 1262
1503480 1258
1503490 1258
1503500 1255
1503510 1251
1503520 1251
1503530 1247
1503540 1243
1503550 1240
1503560 1240
1503570 1237
1503580 1237
1503590 1237
1503600 1234
1503610 1230
1503620 1230
1503630 1228
1503640 1224
1503650 1224
1503660 1221
1503670 1219
1503680 1219
1503690 1218
1503700 1214
1503710 1211
1503720 1211
1503730 1209
1503740 1207
1503750 1207
1503760 1203
1503770 1200
1503780 1200
1503790 1197
1503800 1194
1503810 1194
1503820 1190
1503830 1186
1503840 1186
1503850 1181
1503860 1177
1503870 1172
1503880 1172
1503890 1167
1503900 1162
1503910 1162
1503920 1158
1503930 1153
1503940 1153
1503950 1148
1503960 1144
1503970 1144
1503980 1139
1503990 1135
1504000 1135
1504010 1131
1504020 1125
1504030 1120
1504040 1120
1504050 1116
1504060 1114
1504070 1114
1504080 1113
1504090 1109
1504100 1109
1504110 1104
1504120 1101
1504130 1101
1504140 1100
1504150 1099
1504160 1099
1504170 1099
1504180 1099
1504190 1099
1504200 1099
1504210 1098
1504220 1097
1504230 1097
1504240 1097
1504250 1096
1504260 1096
1504270 1096
1504280 1095
1504290 1095
1504300 1095
1504310 1095
1504320 1095
1504330 1094
1504340 1094
1504350 1093
1504360 1093
1504370 1093
1504380 1093
1504390 1093
1504400 1093
1504410 1092
1504420 1092
1504430 1093
1504440 1096
1504450 1096
1504460 1097
1504470 1099
1504480 1099
1504490 1099
1504500 1099
1504510 1099
1504520 1101
1504530 1101
1504540 1100
1504550 1100
1504560 1099
1504570 1100
1504580 1100
1504590 1101
1504600 1101
1504610 1101
1504620 1101
1504630 1102
1504640 1102
1504650 1102
1504660 1102
1504670 1102
1504680 1102
1504690 1101
1504700 1097
1504710 1097
1504720 1095
1504730 1095
1504740 1095
1504750 1094
1504760 1093
1504770 1093
1504780 1093
1504790 1093
1504800 1093
1504810 1093
1504820 1093
1504830 1093
1504840 1093
1504850 1093
1504860 1094
1504870 1094
1504880 1094
1504890 1095
1504900 1095
1504910 1095
1504920 1096
1504930 1096
1504940 1096
1504950 1097
1504960 1097
1504970 1098
1504980 1099
1504990 1099
1505000 1099
1505010 1099
1505020 1097
1505030 1097
1505040 1098
1505050 1102
1505060 1102
1505070 1105
1505080 1107
1505090 1107
1505100 1109
1505110 1109
1505120 1109
1505130 1109
1505140 1108
1505150 1108
1505160 1109
1505170 1109
1505180 1108
1505190 1108
1505200 1106
1505210 1104
1505220 1104
1505230 1100
1505240 1100
1505250 1100
1505260 1102
1505270 1103
1505280 1103
1505290 1103
1505300 1104
1505310 1104
1505320 1106
1505330 1107
1505340 1107
1505350 1107
1505360 1106
1505370 1106
1505380 1106
1505390 1105
1505400 1104
1505410 1104
1505420 1104
1505430 1104
1505440 1104
1505450 1104
1505460 1105
1505470 1105
1505480 1105
1505490 1105
1505500 1105
1505510 1106
1505520 1107
1505530 1107
1505540 1107
1505550 1107
1505560 1108
1505570 1108
1505580 1109
1505590 1109
1505600 1109
1505610 1108
1505620 1108
1505630 1108
1505640 1108
1505650 1108
1505660 1108
1505670 1108
1505680 1108
1505690 1108
1505700 1108
1505710 1108
1505720 1108
1505730 1108
1505740 1107
1505750 1106
1505760 1106
1505770 1105
1505780 1105
1505790 1105
1505800 1104
1505810 1103
1505820 1103
1505830 1101
1505840 1099
1505850 1096
1505860 1096
1505870 1093
1505880 1088
1505890 1088
1505900 1083
1505910 1078
1505920 1078
1505930 1073
1505940 1071
1505950 1071
1505960 1070
1505970 1068
1505980 1068
1505990 1064
1506000 1061
1506010 1055
1506020 1055
1506030 1050
1506040 1045
1506050 1045
1506060 1043
1506070 1047
1506080 1047
1506090 1052
1506100 1058
1506110 1058
1506120 1063
1506130 1066
1506140 1066
1506150 1066
1506160 1066
1506170 1067
1506180 1067
1506190 1070
1506200 1073
1506210 1073
1506220 1076
1506230 1076
1506240 1076
1506250 1077
1506260 1078
1506270 1078
1506280 1078
1506290 1078
1506300 1078
1506310 1079
1506320 1079
1506330 1079
1506340 1079
1506350 1078
1506360 1076
1506370 1076
1506380 1073
1506390 1071
1506400 1071
1506410 1068
1506420 1067
1506430 1067
1506440 1066
1506450 1067
1506460 1067
1506470 1069
1506480 1070
1506490 1070
1506500 1070
1506510 1069
1506520 1068
1506530 1068
1506540 1067
1506550 1065
1506560 1065
1506570 1062
1506580 1058
1506590 1058
1506600 1053
1506610 1050
1506620 1050
1506630 1045
1506640 1042
1506650 1042
1506660 1039
1506670 1039
1506680 1041
1506690 1041
1506700 1042
1506710 1042
1506720 1042
1506730 1044
1506740 1046
1506750 1046
1506760 1049
1506770 1053
1506780 1053
1506790 1056
1506800 1057
1506810 1057
1506820 1058
1506830 1061
1506840 1063
1506850 1063
1506860 1064
1506870 1063
1506880 1063
1506890 1063
1506900 1063
1506910 1063
1506920 1063
1506930 1062
1506940 1062
1506950 1061
1506960 1061
1506970 1061
1506980 1061
1506990 1061
1507000 1060
1507010 1060
1507020 1059
1507030 1060
1507040 1060
1507050 1064
1507060 1068
1507070 1068
1507080 1072
1507090 1075
1507100 1075
1507110 1078
1507120 1079
1507130 1079
1507140 1080
1507150 1080
1507160 1079
1507170 1079
1507180 1077
1507190 1077
1507200 1077
1507210 1076
1507220 1077
1507230 1077
1507240 1079
1507250 1081
1507260 1081
1507270 1083
1507280 1085
1507290 1085
1507300 1086
1507310 1084
1507320 1084
1507330 1083
1507340 1082
1507350 1081
1507360 1081
1507370 1079
1507380 1081
1507390 1081
1507400 1083
1507410 1084
1507420 1084
1507430 1085
1507440 1087
1507450 1087
1507460 1088
1507470 1087
1507480 1087
1507490 1087
1507500 1086
1507510 1086
1507520 1086
1507530 1088
1507540 1089
1507550 1089
1507560 1091
1507570 1091
1507580 1091
1507590 1091
1507600 1092
1507610 1092
1507620 1090
1507630 1088
1507640 1088
1507650 1085
1507660 1085
1507670 1086
1507680 1086
1507690 1084
1507700 1085
1507710 1085
1507720 1088
1507730 1089
1507740 1089
1507750 1090
1507760 1091
1507770 1091
1507780 1092
1507790 1091
1507800 1091
1507810 1090
1507820 1092
1507830 1093
1507840 1093
1507850 1094
1507860 1095
1507870 1095
1507880 1095
1507890 1094
1507900 1094
1507910 1095
1507920 1099
1507930 1099
1507940 1103
1507950 1107
1507960 1107
1507970 1112
1507980 1116
1507990 1118
1508000 1118
1508010 1121
1508020 1124
1508030 1124
1508040 1126
1508050 1128
1508060 1128
1508070 1131
1508080 1134
1508090 1134
1508100 1136
1508110 1138
1508120 1138
1508130 1140
1508140 1142
1508150 1145
1508160 1145
1508170 1148
1508180 1151
1508190 1151
1508200 1154
1508210 1157
1508220 1157
1508230 1160
1508240 1163
1508250 1163
1508260 1165
1508270 1166
1508280 1166
1508290 1169
1508300 1171
1508310 1171
1508320 1175
1508330 1176
1508340 1178
1508350 1178
1508360 1180
1508370 1181
1508380 1181
1508390 1183
1508400 1185
1508410 1185
1508420 1186
1508430 1188
1508440 1188
1508450 1190
1508460 1194
1508470 1194
1508480 1197
1508490 1199
1508500 1201
1508510 1201
1508520 1202
1508530 1203
1508540 1203
1508550 1203
1508560 1204
1508570 1204
1508580 1204
1508590 1203
1508600 1203
1508610 1203
1508620 1204
1508630 1204
1508640 1204
1508650 1205
1508660 1207
1508670 1207
1508680 1210
1508690 1212
1508700 1212
1508710 1212
1508720 1213
1508730 1213
1508740 1214
1508750 1216
1508760 1216
1508770 1218
1508780 1219
1508790 1219
1508800 1220
1508810 1222
1508820 1224
1508830 1224
1508840 1226
1508850 1227
1508860 1227
1508870 1228
1508880 1230
1508890 1230
1508900 1233
1508910 1234
1508920 1234
1508930 1235
1508940 1237
1508950 1237
1508960 1238
1508970 1240
1508980 1242
1508990 1242
1509000 1243
1509010 1245
1509020 1245
1509030 1246
1509040 1246
1509050 1246
1509060 1248
1509070 1250
1509080 1250
1509090 1253
1509100 1256
1509110 1256
1509120 1258
1509130 1259
1509140 1259
1509150 1259
1509160 1260
1509170 1259
1509180 1259
1509190 1258
1509200 1258
1509210 1258
1509220 1259
1509230 1261
1509240 1261
1509250 1262
1509260 1264
1509270 1264
1509280 1266
1509290 1269
1509300 1269
1509310 1271
1509320 1271
1509330 1273
1509340 1273
1509350 1276
1509360 1277
1509370 1277
1509380 1278
1509390 1279
1509400 1279
1509410 1280
1509420 1282
1509430 1282
1509440 1284
1509450 1286
1509460 1286
1509470 1287
1509480 1287
1509490 1289
1509500 1289
1509510 1290
1509520 1292
1509530 1292
1509540 1295
1509550 1299
1509560 1299
1509570 1303
1509580 1307
1509590 1307
1509600 1310
1509610 1314
1509620 1314
1509630 1317
1509640 1321
1509650 1323
1509660 1323
1509670 1325
1509680 1328
1509690 1328
1509700 1331
1509710 1333
1509720 1333
1509730 1336
1509740 1339
1509750 1339
1509760 1342
1509770 1344
1509780 1344
1509790 1345
1509800 1346
1509810 1345
1509820 1345
1509830 1346
1509840 1349
1509850 1349
1509860 1353
1509870 1357
1509880 1357
1509890 1361
1509900 1365
1509910 1365
1509920 1369
1509930 1375
1509940 1375
1509950 1380
1509960 1385
1509970 1390
1509980 1390
1509990 1396
1510000 1401
1510010 1401
1510020 1407
1510030 1412
1510040 1412
1510050 1418
1510060 1424
1510070 1424
1510080 1430
1510090 1435
1510100 1435
1510110 1441
1510120 1448
1510130 1454
1510140 1454
1510150 1457
1510160 1459
1510170 1459
1510180 1461
1510190 1461
1510200 1461
1510210 1460
1510220 1457
1510230 1457
1510240 1451
1510250 1447
1510260 1447
1510270 1445
1510280 1444
1510290 1444
1510300 1442
1510310 1441
1510320 1442
1510330 1442
1510340 1443
1510350 1444
1510360 1444
1510370 1439
1510380 1430
1510390 1430
1510400 1422
1510410 1414
1510420 1414
1510430 1407
1510440 1400
1510450 1400
1510460 1392
1510470 1385
1510480 1378
1510490 1378
1510500 1371
1510510 1366
1510520 1366
1510530 1361
1510540 1354
1510550 1354
1510560 1349
1510570 1349
1510580 1349
1510590 1349
1510600 1349
1510610 1349
1510620 1350
1510630 1354
1510640 1358
1510650 1358
1510660 1360
1510670 1362
1510680 1362
1510690 1364
1510700 1367
1510710 1367
1510720 1370
1510730 1373
1510740 1373
1510750 1375
1510760 1377
1510770 1377
1510780 1381
1510790 1383
1510800 1383
1510810 1383
1510820 1383
1510830 1382
1510840 1382
1510850 1382
1510860 1381
1510870 1381
1510880 1380
1510890 1379
1510900 1379
1510910 1378
1510920 1377
1510930 1377
1510940 1375
1510950 1374
1510960 1372
1510970 1372
1510980 1370
1510990 1368
1511000 1368
1511010 1365
1511020 1362
1511030 1362
1511040 1359
1511050 1356
1511060 1356
1511070 1353
1511080 1351
1511090 1351
1511100 1348
1511110 1346
1511120 1343
1511130 1343
1511140 1340
1511150 1337
1511160 1337
1511170 1334
1511180 1330
1511190 1330
1511200 1326
1511210 1322
1511220 1322
1511230 1316
1511240 1309
1511250 1309
1511260 1302
1511270 1293
1511280 1293
1511290 1283
1511300 1274
1511310 1266
1511320 1266
1511330 1260
1511340 1253
1511350 1253
1511360 1246
1511370 1238
1511380 1238
1511390 1230
1511400 1223
1511410 1223
1511420 1216
1511430 1211
1511440 1211
1511450 1208
1511460 1206
1511470 1202
1511480 1202
1511490 1198
1511500 1193
1511510 1193
1511520 1188
1511530 1184
1511540 1184
1511550 1178
1511560 1174
1511570 1174
1511580 1169
1511590 1163
1511600 1163
1511610 1158
1511620 1154
1511630 1151
1511640 1151
1511650 1148
1511660 1145
1511670 1145
1511680 1143
1511690 1140
1511700 1140
1511710 1138
1511720 1136
1511730 1136
1511740 1133
1511750 1130
1511760 1130
1511770 1127
1511780 1123
1511790 1119
1511800 1119
1511810 1117
1511820 1114
1511830 1114
1511840 1110
1511850 1108
1511860 1108
1511870 1104
1511880 1099
1511890 1099
1511900 1092
1511910 1085
1511920 1085
1511930 1084
1511940 1088
1511950 1094
1511960 1094
1511970 1097
1511980 1098
1511990 1098
1512000 1098
1512010 1098
1512020 1098
1512030 1097
1512040 1095
1512050 1095
1512060 1094
1512070 1093
1512080 1093
1512090 1091
1512100 1089
1512110 1087
1512120 1087
1512130 1084
1512140 1082
1512150 1082
1512160 1080
1512170 1078
1512180 1078
1512190 1076
1512200 1074
1512210 1074
1512220 1073
1512230 1071
1512240 1071
1512250 1070
1512260 1070
1512270 1070
1512280 1070
1512290 1071
1512300 1070
1512310 1070
1512320 1071
1512330 1071
1512340 1071
1512350 1070
1512360 1070
1512370 1070
1512380 1070
1512390 1070
1512400 1070
1512410 1070
1512420 1069
1512430 1069
1512440 1069
1512450 1069
1512460 1068
1512470 1068
1512480 1067
1512490 1067
1512500 1067
1512510 1067
1512520 1066
1512530 1066
1512540 1063
1512550 1059
1512560 1059
1512570 1057
1512580 1056
1512590 1056
1512600 1053
1512610 1050
1512620 1046
1512630 1046
1512640 1042
1512650 1038
1512660 1038
1512670 1034
1512680 1028
1512690 1028
1512700 1023
1512710 1017
1512720 1017
1512730 1013
1512740 1009
1512750 1009
1512760 1005
1512770 1001
1512780 998
1512790 998
1512800 995
1512810 991
1512820 991
1512830 988
1512840 985
1512850 985
1512860 982
1512870 979
1512880 979
1512890 976
1512900 973
1512910 973
1512920 970
1512930 967
1512940 964
1512950 964
1512960 961
1512970 957
1512980 957
1512990 953
1513000 950
1513010 950
1513020 947
1513030 944
1513040 944
1513050 941
1513060 939
1513070 939
1513080 937
1513090 935
1513100 933
1513110 933
1513120 931
1513130 929
1513140 930
1513150 926
1513160 923
1513170 923
1513180 922
1513190 920
1513200 920
1513210 917
1513220 915
1513230 915
1513240 913
1513250 910
1513260 910
1513270 908
1513280 906
1513290 905
1513300 905
1513310 904
1513320 902
1513330 902
1513340 899
1513350 897
1513360 897
1513370 894
1513380 890
1513390 890
1513400 887
1513410 886
1513420 886
1513430 884
1513440 883
1513450 880
1513460 880
1513470 877
1513480 875
1513490 875
1513500 874
1513510 872
1513520 872
1513530 869
1513540 865
1513550 865
1513560 861
1513570 856
1513580 856
1513590 851
1513600 846
1513610 840
1513620 840
1513630 833
1513640 826
1513650 826
1513660 820
1513670 815
1513680 815
1513690 811
1513700 808
1513710 808
1513720 805
1513730 802
1513740 802
1513750 800
1513760 797
1513770 797
1513780 797
1513790 800
1513800 806
1513810 806
1513820 814
1513830 816
1513840 816
1513850 817
1513860 818
1513870 818
1513880 818
1513890 819
1513900 819
1513910 818
1513920 817
1513930 815
1513940 815
1513950 812
1513960 810
1513970 810
1513980 808
1513990 807
1514000 807
1514010 805
1514020 803
1514030 803
1514040 802
1514050 800
1514060 800
1514070 799
1514080 797
1514090 795
1514100 795
1514110 793
1514120 791
1514130 791
1514140 790
1514150 790
1514160 790
1514170 790
1514180 788
1514190 788
1514200 785
1514210 783
1514220 783
1514230 781
1514240 780
1514250 780
1514260 778
1514270 777
1514280 776
1514290 776
1514300 776
1514310 776
1514320 776
1514330 775
1514340 772
1514350 772
1514360 767
1514370 766
1514380 766
1514390 767
1514400 770
1514410 770
1514420 774
1514430 774
1514440 774
1514450 774
1514460 775
1514470 775
1514480 775
1514490 776
1514500 776
1514510 776
1514520 775
1514530 775
1514540 775
1514550 775
1514560 775
1514570 775
1514580 774
1514590 772
1514600 771
1514610 771
1514620 768
1514630 766
1514640 766
1514650 763
1514660 762
1514670 762
1514680 764
1514690 766
1514700 766
1514710 767
1514720 768
1514730 768
1514740 768
1514750 767
1514760 767
1514770 767
1514780 766
1514790 765
1514800 765
1514810 764
1514820 761
1514830 761
1514840 759
1514850 758
1514860 758
1514870 758
1514880 757
1514890 757
1514900 757
1514910 756
1514920 755
1514930 755
1514940 753
1514950 750
1514960 750
1514970 747
1514980 744
1514990 744
1515000 742
1515010 740
1515020 740
1515030 738
1515040 736
1515050 736
1515060 734
1515070 732
1515080 732
1515090 732
1515100 732
1515110 733
1515120 733
1515130 733
1515140 731
1515150 731
1515160 729
1515170 726
1515180 726
1515190 723
1515200 721
1515210 721
1515220 717
1515230 714
1515240 714
1515250 711
1515260 708
1515270 706
1515280 706
1515290 703
1515300 700
1515310 700
1515320 699
1515330 697
1515340 697
1515350 696
1515360 694
1515370 694
1515380 693
1515390 692
1515400 692
1515410 692
1515420 691
1515430 690
1515440 690
1515450 690
1515460 689
1515470 689
1515480 689
1515490 688
1515500 688
1515510 687
1515520 687
1515530 687
1515540 687
1515550 686
1515560 686
1515570 686
1515580 686
1515590 686
1515600 686
1515610 685
1515620 685
1515630 685
1515640 685
1515650 685
1515660 685
1515670 686
1515680 685
1515690 685
1515700 684
1515710 680
1515720 680
1515730 679
1515740 677
1515750 677
1515760 677
1515770 677
1515780 677
1515790 677
1515800 675
1515810 674
1515820 674
1515830 674
1515840 674
1515850 674
1515860 673
1515870 672
1515880 672
1515890 671
1515900 669
1515910 667
1515920 667
1515930 665
1515940 665
1515950 665
1515960 664
1515970 663
1515980 663
1515990 663
1516000 662
1516010 662
1516020 662
1516030 661
1516040 661
1516050 660
1516060 660
1516070 659
1516080 659
1516090 659
1516100 658
1516110 658
1516120 657
1516130 656
1516140 656
1516150 656
1516160 655
1516170 655
1516180 654
1516190 654
1516200 654
1516210 653
1516220 653
1516230 653
1516240 652
1516250 651
1516260 651
1516270 651
1516280 650
1516290 646
1516300 646
1516310 640
1516320 635
1516330 635
1516340 630
1516350 626
1516360 626
1516370 621
1516380 620
1516390 620
1516400 613
1516410 604
1516420 597
1516430 597
1516440 590
1516450 592
1516460 592
1516470 599
1516480 604
1516490 604
1516500 601
1516510 603
1516520 603
1516530 604
1516540 606
1516550 606
1516560 607
1516570 608
1516580 608
1516590 608
1516600 605
1516610 604
1516620 604
1516630 609
1516640 614
1516650 614
1516660 622
1516670 628
1516680 628
1516690 634
1516700 634
1516710 634
1516720 635
1516730 634
1516740 630
1516750 630
1516760 625
1516770 628
1516780 628
1516790 629
1516800 628
1516810 628
1516820 626
1516830 624
1516840 624
1516850 625
1516860 623
1516870 623
1516880 623
1516890 624
1516900 625
1516910 625
1516920 625
1516930 625
1516940 625
1516950 625
1516960 625
1516970 625
1516980 623
1516990 619
1517000 619
1517010 623
1517020 625
1517030 625
1517040 625
1517050 625
1517060 626
1517070 626
1517080 627
1517090 626
1517100 626
1517110 623
1517120 627
1517130 627
1517140 628
1517150 627
1517160 627
1517170 627
1517180 627
1517190 627
1517200 626
1517210 625
1517220 625
1517230 625
1517240 623
1517250 617
1517260 613
1517270 610
1517280 609
1517290 609
1517300 610
1517310 613
1517320 613
1517330 614
1517340 613
1517350 613
1517360 611
1517370 611
1517380 611
1517390 614
1517400 618
1517410 622
1517420 622
1517430 623
1517440 624
1517450 624
1517460 626
1517470 627
1517480 627
1517490 627
1517500 627
1517510 627
1517520 626
1517530 623
1517540 623
1517550 620
1517560 620
1517570 623
1517580 623
1517590 623
1517600 622
1517610 622
1517620 622
1517630 621
1517640 621
1517650 619
1517660 615
1517670 615
1517680 612
1517690 610
1517700 610
1517710 609
1517720 609
1517730 608
1517740 608
1517750 608
1517760 608
1517770 608
1517780 607
1517790 607
1517800 607
1517810 607
1517820 607
1517830 607
1517840 607
1517850 606
1517860 606
1517870 606
1517880 606
1517890 606
1517900 606
1517910 605
1517920 605
1517930 605
1517940 605
1517950 605
1517960 605
1517970 604
1517980 604
1517990 604
1518000 604
1518010 604
1518020 604
1518030 604
1518040 603
1518050 603
1518060 603
1518070 603
1518080 602
1518090 602
1518100 597
1518110 591
1518120 591
1518130 584
1518140 577
1518150 577
1518160 571
1518170 565
1518180 565
1518190 561
1518200 559
1518210 559
1518220 559
1518230 555
1518240 553
1518250 553
1518260 555
1518270 557
1518280 557
1518290 560
1518300 565
1518310 565
1518320 568
1518330 569
1518340 569
1518350 571
1518360 576
1518370 576
1518380 582
1518390 586
1518400 589
1518410 589
1518420 591
1518430 592
1518440 592
1518450 595
1518460 597
1518470 597
1518480 595
1518490 592
1518500 592
1518510 592
1518520 592
1518530 592
1518540 591
1518550 591
1518560 594
1518570 594
1518580 601
1518590 605
1518600 605
1518610 608
1518620 612
1518630 612
1518640 614
1518650 615
1518660 615
1518670 614
1518680 613
1518690 613
1518700 612
1518710 611
1518720 609
1518730 609
1518740 606
1518750 600
1518760 600
1518770 595
1518780 593
1518790 593
1518800 592
1518810 592
1518820 592
1518830 592
1518840 592
1518850 592
1518860 593
1518870 594
1518880 595
1518890 595
1518900 595
1518910 597
1518920 597
1518930 597
1518940 597
1518950 597
1518960 596
1518970 594
1518980 594
1518990 591
1519000 589
1519010 589
1519020 587
1519030 586
1519040 584
1519050 584
1519060 583
1519070 582
1519080 582
1519090 581
1519100 581
1519110 581
1519120 580
1519130 579
1519140 579
1519150 576
1519160 574
1519170 574
1519180 573
1519190 572
1519200 572
1519210 571
1519220 570
1519230 570
1519240 570
1519250 569
1519260 569
1519270 569
1519280 568
1519290 567
1519300 567
1519310 562
1519320 559
1519330 559
1519340 558
1519350 557
1519360 557
1519370 557
1519380 557
1519390 557
1519400 557
1519410 557
1519420 557
1519430 557
1519440 557
1519450 557
1519460 557
1519470 557
1519480 557
1519490 557
1519500 557
1519510 557
1519520 557
1519530 557
1519540 556
1519550 556
1519560 556
1519570 556
1519580 556
1519590 556
1519600 556
1519610 556
1519620 556
1519630 556
1519640 556
1519650 556
1519660 556
1519670 556
1519680 556
1519690 557
1519700 557
1519710 557
1519720 557
1519730 557
1519740 557
1519750 557
1519760 555
1519770 555
1519780 555
1519790 556
1519800 556
1519810 556
1519820 557
1519830 556
1519840 556
1519850 555
1519860 555
1519870 555
1519880 555
1519890 555
1519900 555
1519910 555
1519920 555
1519930 555
1519940 555
1519950 554
1519960 554
1519970 554
1519980 554
1519990 554
