1500000 1314
1500010 1314
1500020 1314
1500030 1316
1500040 1316
1500050 1319
1500060 1322
1500070 1323
1500080 1323
1500090 1325
1500100 1327
1500110 1327
1500120 1329
1500130 1331
1500140 1331
1500150 1332
1500160 1333
1500170 1333
1500180 1335
1500190 1336
1500200 1336
1500210 1337
1500220 1334
1500230 1333
1500240 1333
1500250 1334
1500260 1337
1500270 1337
1500280 1339
1500290 1341
1500300 1341
1500310 1342
1500320 1344
1500330 1344
1500340 1344
1500350 1344
1500360 1344
1500370 1344
1500380 1344
1500390 1344
1500400 1341
1500410 1340
1500420 1342
1500430 1342
1500440 1340
1500450 1338
1500460 1338
1500470 1334
1500480 1329
1500490 1329
1500500 1324
1500510 1319
1500520 1319
1500530 1314
1500540 1310
1500550 1310
1500560 1315
1500570 1321
1500580 1327
1500590 1327
1500600 1334
1500610 1337
1500620 1337
1500630 1341
1500640 1342
1500650 1342
1500660 1342
1500670 1340
1500680 1340
1500690 1342
1500700 1344
1500710 1344
1500720 1344
1500730 1342
1500740 1339
1500750 1339
1500760 1337
1500770 1342
1500780 1342
1500790 1344
1500800 1346
1500810 1346
1500820 1349
1500830 1355
1500840 1355
1500850 1361
1500860 1368
1500870 1368
1500880 1374
1500890 1380
1500900 1385
1500910 1385
1500920 1389
1500930 1394
1500940 1394
1500950 1399
1500960 1404
1500970 1404
1500980 1409
1500990 1414
1501000 1414
1501010 1419
1501020 1424
1501030 1424
1501040 1428
1501050 1432
1501060 1437
1501070 1437
1501080 1441
1501090 1444
1501100 1444
1501110 1447
1501120 1448
1501130 1448
1501140 1448
1501150 1447
1501160 1447
1501170 1445
1501180 1442
1501190 1442
1501200 1439
1501210 1436
1501220 1436
1501230 1434
1501240 1432
1501250 1429
1501260 1429
1501270 1425
1501280 1421
1501290 1421
1501300 1415
1501310 1410
1501320 1410
1501330 1405
1501340 1400
1501350 1400
1501360 1395
1501370 1388
1501380 1388
1501390 1380
1501400 1374
1501410 1366
1501420 1366
1501430 1359
1501440 1353
1501450 1353
1501460 1353
1501470 1353
1501480 1353
1501490 1346
1501500 1343
1501510 1343
1501520 1346
1501530 1344
1501540 1344
1501550 1340
1501560 1337
1501570 1335
1501580 1335
1501590 1332
1501600 1328
1501610 1328
1501620 1326
1501630 1323
1501640 1323
1501650 1321
1501660 1319
1501670 1319
1501680 1314
1501690 1309
1501700 1309
1501710 1306
1501720 1308
1501730 1309
1501740 1309
1501750 1308
1501760 1306
1501770 1306
1501780 1302
1501790 1297
1501800 1297
1501810 1292
1501820 1287
1501830 1287
1501840 1282
1501850 1278
1501860 1278
1501870 1274
1501880 1278
1501890 1285
1501900 1285
1501910 1291
1501920 1297
1501930 1297
1501940 1304
1501950 1310
1501960 1310
1501970 1317
1501980 1322
1501990 1322
1502000 1327
1502010 1332
1502020 1332
1502030 1336
1502040 1340
1502050 1344
1502060 1344
1502070 1347
1502080 1349
1502090 1349
1502100 1348
1502110 1347
1502120 1347
1502130 1348
1502140 1348
1502150 1348
1502160 1348
1502170 1347
1502180 1347
1502190 1345
1502200 1345
1502210 1345
1502220 1344
1502230 1345
1502240 1347
1502250 1347
1502260 1347
1502270 1348
1502280 1348
1502290 1349
1502300 1348
1502310 1348
1502320 1348
1502330 1346
1502340 1346
1502350 1342
1502360 1339
1502370 1339
1502380 1337
1502390 1336
1502400 1334
1502410 1334
1502420 1335
1502430 1334
1502440 1334
1502450 1331
1502460 1329
1502470 1329
1502480 1325
1502490 1320
1502500 1320
1502510 1314
1502520 1309
1502530 1309
1502540 1305
1502550 1304
1502560 1304
1502570 1304
1502580 1306
1502590 1307
1502600 1307
1502610 1306
1502620 1308
1502630 1308
1502640 1309
1502650 1308
1502660 1308
1502670 1308
1502680 1305
1502690 1305
1502700 1302
1502710 1302
1502720 1305
1502730 1305
1502740 1309
1502750 1309
1502760 1309
1502770 1309
1502780 1307
1502790 1307
1502800 1304
1502810 1303
1502820 1303
1502830 1304
1502840 1305
1502850 1305
1502860 1304
1502870 1304
1502880 1304
1502890 1304
1502900 1302
1502910 1298
1502920 1298
1502930 1296
1502940 1296
1502950 1296
1502960 1297
1502970 1299
1502980 1299
1502990 1301
1503000 1301
1503010 1301
1503020 1300
1503030 1298
1503040 1295
1503050 1295
1503060 1292
1503070 1289
1503080 1289
1503090 1284
1503100 1281
1503110 1281
1503120 1279
1503130 1277
1503140 1277
1503150 1275
1503160 1273
1503170 1273
1503180 1270
1503190 1267
1503200 1267
1503210 1264
1503220 1260
1503230 1256
1503240 1256
1503250 1252
1503260 1245
1503270 1245
1503280 1240
1503290 1237
1503300 1237
1503310 1238
1503320 1237
1503330 1237
1503340 1234
1503350 1232
1503360 1232
1503370 1232
1503380 1231
1503390 1231
1503400 1231
1503410 1230
1503420 1227
1503430 1227
1503440 1221
1503450 1216
1503460 1216
1503470 1211
1503480 1207
1503490 1207
1503500 1202
1503510 1199
1503520 1199
1503530 1195
1503540 1190
1503550 1186
1503560 1186
1503570 1183
1503580 1179
1503590 1179
1503600 1175
1503610 1171
1503620 1171
1503630 1169
1503640 1167
1503650 1167
1503660 1164
1503670 1161
1503680 1161
1503690 1159
1503700 1157
1503710 1155
1503720 1155
1503730 1153
1503740 1150
1503750 1150
1503760 1148
1503770 1146
1503780 1146
1503790 1145
1503800 1145
1503810 1145
1503820 1146
1503830 1146
1503840 1146
1503850 1145
1503860 1144
1503870 1143
1503880 1143
1503890 1142
1503900 1141
1503910 1141
1503920 1139
1503930 1137
1503940 1137
1503950 1135
1503960 1136
1503970 1136
1503980 1136
1503990 1134
1504000 1134
1504010 1135
1504020 1135
1504030 1135
1504040 1135
1504050 1135
1504060 1134
1504070 1134
1504080 1133
1504090 1131
1504100 1131
1504110 1129
1504120 1127
1504130 1127
1504140 1125
1504150 1122
1504160 1122
1504170 1119
1504180 1115
1504190 1115
1504200 1112
1504210 1109
1504220 1107
1504230 1107
1504240 1107
1504250 1103
1504260 1103
1504270 1098
1504280 1098
1504290 1098
1504300 1099
1504310 1098
1504320 1098
1504330 1097
1504340 1095
1504350 1095
1504360 1096
1504370 1095
1504380 1094
1504390 1094
1504400 1093
1504410 1093
1504420 1093
1504430 1091
1504440 1090
1504450 1090
1504460 1089
1504470 1088
1504480 1088
1504490 1085
1504500 1085
1504510 1085
1504520 1085
1504530 1084
1504540 1084
1504550 1084
1504560 1085
1504570 1086
1504580 1086
1504590 1087
1504600 1088
1504610 1088
1504620 1090
1504630 1091
1504640 1091
1504650 1090
1504660 1092
1504670 1092
1504680 1093
1504690 1095
1504700 1096
1504710 1096
1504720 1093
1504730 1089
1504740 1089
1504750 1088
1504760 1088
1504770 1088
1504780 1087
1504790 1088
1504800 1088
1504810 1088
1504820 1089
1504830 1089
1504840 1089
1504850 1089
1504860 1088
1504870 1088
1504880 1089
1504890 1089
1504900 1089
1504910 1089
1504920 1090
1504930 1090
1504940 1091
1504950 1092
1504960 1092
1504970 1092
1504980 1093
1504990 1093
1505000 1093
1505010 1091
1505020 1091
1505030 1091
1505040 1091
1505050 1091
1505060 1091
1505070 1090
1505080 1090
1505090 1090
1505100 1091
1505110 1091
1505120 1091
1505130 1091
1505140 1091
1505150 1091
1505160 1091
1505170 1090
1505180 1090
1505190 1090
1505200 1089
1505210 1090
1505220 1090
1505230 1090
1505240 1090
1505250 1090
1505260 1090
1505270 1089
1505280 1089
1505290 1089
1505300 1089
1505310 1089
1505320 1090
1505330 1091
1505340 1091
1505350 1094
1505360 1097
1505370 1099
1505380 1099
1505390 1099
1505400 1099
1505410 1099
1505420 1099
1505430 1098
1505440 1098
1505450 1097
1505460 1095
1505470 1095
1505480 1094
1505490 1093
1505500 1093
1505510 1092
1505520 1091
1505530 1090
1505540 1090
1505550 1089
1505560 1088
1505570 1088
1505580 1087
1505590 1087
1505600 1087
1505610 1087
1505620 1088
1505630 1088
1505640 1089
1505650 1091
1505660 1091
1505670 1093
1505680 1093
1505690 1092
1505700 1092
1505710 1091
1505720 1090
1505730 1090
1505740 1091
1505750 1091
1505760 1091
1505770 1092
1505780 1093
1505790 1093
1505800 1093
1505810 1093
1505820 1093
1505830 1092
1505840 1090
1505850 1089
1505860 1089
1505870 1087
1505880 1084
1505890 1084
1505900 1079
1505910 1074
1505920 1074
1505930 1068
1505940 1063
1505950 1063
1505960 1059
1505970 1056
1505980 1056
1505990 1053
1506000 1051
1506010 1051
1506020 1049
1506030 1044
1506040 1039
1506050 1039
1506060 1034
1506070 1030
1506080 1030
1506090 1033
1506100 1037
1506110 1037
1506120 1041
1506130 1046
1506140 1046
1506150 1049
1506160 1051
1506170 1051
1506180 1052
1506190 1052
1506200 1052
1506210 1052
1506220 1052
1506230 1052
1506240 1052
1506250 1052
1506260 1053
1506270 1053
1506280 1054
1506290 1056
1506300 1056
1506310 1058
1506320 1060
1506330 1060
1506340 1061
1506350 1059
1506360 1058
1506370 1058
1506380 1057
1506390 1055
1506400 1055
1506410 1053
1506420 1050
1506430 1050
1506440 1051
1506450 1055
1506460 1055
1506470 1057
1506480 1054
1506490 1054
1506500 1053
1506510 1053
1506520 1052
1506530 1052
1506540 1051
1506550 1049
1506560 1049
1506570 1046
1506580 1046
1506590 1046
1506600 1045
1506610 1043
1506620 1043
1506630 1042
1506640 1042
1506650 1042
1506660 1040
1506670 1035
1506680 1030
1506690 1030
1506700 1029
1506710 1032
1506720 1032
1506730 1032
1506740 1033
1506750 1033
1506760 1033
1506770 1034
1506780 1034
1506790 1037
1506800 1038
1506810 1038
1506820 1039
1506830 1040
1506840 1040
1506850 1040
1506860 1040
1506870 1040
1506880 1040
1506890 1040
1506900 1039
1506910 1039
1506920 1038
1506930 1038
1506940 1038
1506950 1039
1506960 1041
1506970 1041
1506980 1044
1506990 1046
1507000 1046
1507010 1048
1507020 1050
1507030 1053
1507040 1053
1507050 1056
1507060 1059
1507070 1059
1507080 1064
1507090 1067
1507100 1067
1507110 1065
1507120 1062
1507130 1062
1507140 1057
1507150 1057
1507160 1057
1507170 1059
1507180 1062
1507190 1065
1507200 1065
1507210 1067
1507220 1070
1507230 1070
1507240 1072
1507250 1074
1507260 1074
1507270 1075
1507280 1076
1507290 1076
1507300 1077
1507310 1077
1507320 1077
1507330 1079
1507340 1080
1507350 1081
1507360 1081
1507370 1083
1507380 1084
1507390 1084
1507400 1085
1507410 1087
1507420 1087
1507430 1087
1507440 1088
1507450 1088
1507460 1089
1507470 1090
1507480 1090
1507490 1090
1507500 1091
1507510 1091
1507520 1091
1507530 1092
1507540 1093
1507550 1093
1507560 1093
1507570 1093
1507580 1093
1507590 1092
1507600 1092
1507610 1092
1507620 1092
1507630 1092
1507640 1092
1507650 1092
1507660 1092
1507670 1093
1507680 1093
1507690 1097
1507700 1099
1507710 1099
1507720 1101
1507730 1103
1507740 1103
1507750 1104
1507760 1106
1507770 1106
1507780 1107
1507790 1109
1507800 1109
1507810 1111
1507820 1113
1507830 1114
1507840 1114
1507850 1116
1507860 1118
1507870 1118
1507880 1120
1507890 1122
1507900 1122
1507910 1125
1507920 1127
1507930 1127
1507940 1130
1507950 1132
1507960 1132
1507970 1135
1507980 1138
1507990 1138
1508000 1140
1508010 1143
1508020 1146
1508030 1146
1508040 1148
1508050 1152
1508060 1152
1508070 1154
1508080 1156
1508090 1156
1508100 1159
1508110 1162
1508120 1162
1508130 1165
1508140 1169
1508150 1169
1508160 1171
1508170 1172
1508180 1174
1508190 1174
1508200 1177
1508210 1181
1508220 1181
1508230 1183
1508240 1184
1508250 1184
1508260 1188
1508270 1190
1508280 1190
1508290 1191
1508300 1193
1508310 1193
1508320 1195
1508330 1196
1508340 1197
1508350 1197
1508360 1198
1508370 1199
1508380 1199
1508390 1200
1508400 1202
1508410 1202
1508420 1203
1508430 1204
1508440 1204
1508450 1205
1508460 1206
1508470 1206
1508480 1206
1508490 1208
1508500 1208
1508510 1208
1508520 1209
1508530 1210
1508540 1210
1508550 1211
1508560 1212
1508570 1212
1508580 1214
1508590 1217
1508600 1217
1508610 1219
1508620 1218
1508630 1218
1508640 1217
1508650 1217
1508660 1217
1508670 1217
1508680 1218
1508690 1218
1508700 1218
1508710 1219
1508720 1222
1508730 1222
1508740 1226
1508750 1230
1508760 1230
1508770 1233
1508780 1235
1508790 1235
1508800 1236
1508810 1237
1508820 1238
1508830 1238
1508840 1240
1508850 1241
1508860 1241
1508870 1242
1508880 1244
1508890 1244
1508900 1245
1508910 1248
1508920 1248
1508930 1249
1508940 1250
1508950 1250
1508960 1253
1508970 1254
1508980 1254
1508990 1254
1509000 1255
1509010 1254
1509020 1254
1509030 1255
1509040 1255
1509050 1255
1509060 1256
1509070 1258
1509080 1258
1509090 1259
1509100 1260
1509110 1260
1509120 1261
1509130 1262
1509140 1262
1509150 1264
1509160 1267
1509170 1269
1509180 1269
1509190 1271
1509200 1273
1509210 1273
1509220 1274
1509230 1276
1509240 1276
1509250 1277
1509260 1279
1509270 1279
1509280 1280
1509290 1281
1509300 1281
1509310 1283
1509320 1284
1509330 1285
1509340 1285
1509350 1286
1509360 1288
1509370 1288
1509380 1289
1509390 1291
1509400 1291
1509410 1292
1509420 1292
1509430 1292
1509440 1293
1509450 1295
1509460 1295
1509470 1297
1509480 1299
1509490 1302
1509500 1302
1509510 1306
1509520 1308
1509530 1308
1509540 1311
1509550 1314
1509560 1314
1509570 1316
1509580 1318
1509590 1318
1509600 1320
1509610 1323
1509620 1323
1509630 1326
1509640 1329
1509650 1332
1509660 1332
1509670 1336
1509680 1339
1509690 1339
1509700 1343
1509710 1348
1509720 1348
1509730 1352
1509740 1357
1509750 1357
1509760 1361
1509770 1365
1509780 1365
1509790 1370
1509800 1375
1509810 1381
1509820 1381
1509830 1385
1509840 1389
1509850 1389
1509860 1393
1509870 1397
1509880 1397
1509890 1402
1509900 1408
1509910 1408
1509920 1414
1509930 1420
1509940 1420
1509950 1425
1509960 1430
1509970 1430
1509980 1435
1509990 1440
1510000 1445
1510010 1445
1510020 1450
1510030 1455
1510040 1455
1510050 1459
1510060 1462
1510070 1462
1510080 1464
1510090 1465
1510100 1465
1510110 1466
1510120 1466
1510130 1466
1510140 1464
1510150 1462
1510160 1460
1510170 1460
1510180 1460
1510190 1460
1510200 1460
1510210 1460
1510220 1459
1510230 1459
1510240 1459
1510250 1460
1510260 1460
1510270 1462
1510280 1464
1510290 1464
1510300 1465
1510310 1465
1510320 1461
1510330 1461
1510340 1456
1510350 1451
1510360 1451
1510370 1444
1510380 1437
1510390 1437
1510400 1431
1510410 1425
1510420 1425
1510430 1422
1510440 1419
1510450 1419
1510460 1416
1510470 1413
1510480 1407
1510490 1407
1510500 1401
1510510 1399
1510520 1399
1510530 1399
1510540 1399
1510550 1399
1510560 1398
1510570 1398
1510580 1398
1510590 1401
1510600 1402
1510610 1402
1510620 1404
1510630 1405
1510640 1406
1510650 1406
1510660 1408
1510670 1411
1510680 1411
1510690 1415
1510700 1416
1510710 1416
1510720 1417
1510730 1418
1510740 1418
1510750 1419
1510760 1420
1510770 1420
1510780 1422
1510790 1423
1510800 1424
1510810 1424
1510820 1425
1510830 1426
1510840 1426
1510850 1426
1510860 1425
1510870 1425
1510880 1423
1510890 1422
1510900 1422
1510910 1422
1510920 1421
1510930 1421
1510940 1420
1510950 1418
1510960 1418
1510970 1416
1510980 1412
1510990 1409
1511000 1409
1511010 1405
1511020 1402
1511030 1402
1511040 1397
1511050 1392
1511060 1392
1511070 1388
1511080 1385
1511090 1385
1511100 1380
1511110 1374
1511120 1374
1511130 1368
1511140 1363
1511150 1356
1511160 1356
1511170 1349
1511180 1342
1511190 1342
1511200 1334
1511210 1325
1511220 1325
1511230 1317
1511240 1310
1511250 1310
1511260 1303
1511270 1297
1511280 1297
1511290 1290
1511300 1282
1511310 1273
1511320 1273
1511330 1266
1511340 1259
1511350 1259
1511360 1253
1511370 1249
1511380 1249
1511390 1246
1511400 1242
1511410 1242
1511420 1239
1511430 1234
1511440 1234
1511450 1229
1511460 1224
1511470 1218
1511480 1218
1511490 1212
1511500 1207
1511510 1207
1511520 1201
1511530 1195
1511540 1195
1511550 1189
1511560 1185
1511570 1185
1511580 1182
1511590 1177
1511600 1177
1511610 1174
1511620 1171
1511630 1168
1511640 1168
1511650 1164
1511660 1159
1511670 1159
1511680 1156
1511690 1152
1511700 1152
1511710 1148
1511720 1143
1511730 1143
1511740 1138
1511750 1132
1511760 1132
1511770 1124
1511780 1118
1511790 1118
1511800 1117
1511810 1115
1511820 1108
1511830 1108
1511840 1106
1511850 1109
1511860 1109
1511870 1113
1511880 1117
1511890 1117
1511900 1121
1511910 1126
1511920 1126
1511930 1130
1511940 1134
1511950 1134
1511960 1137
1511970 1138
1511980 1137
1511990 1137
1512000 1135
1512010 1134
1512020 1134
1512030 1132
1512040 1130
1512050 1130
1512060 1128
1512070 1127
1512080 1127
1512090 1126
1512100 1125
1512110 1125
1512120 1124
1512130 1123
1512140 1122
1512150 1122
1512160 1120
1512170 1124
1512180 1124
1512190 1124
1512200 1123
1512210 1123
1512220 1124
1512230 1125
1512240 1125
1512250 1125
1512260 1123
1512270 1123
1512280 1121
1512290 1119
1512300 1119
1512310 1119
1512320 1119
1512330 1118
1512340 1118
1512350 1118
1512360 1118
1512370 1118
1512380 1117
1512390 1117
1512400 1117
1512410 1115
1512420 1113
1512430 1113
1512440 1111
1512450 1110
1512460 1108
1512470 1108
1512480 1105
1512490 1101
1512500 1101
1512510 1099
1512520 1096
1512530 1096
1512540 1094
1512550 1092
1512560 1092
1512570 1090
1512580 1088
1512590 1088
1512600 1084
1512610 1080
1512620 1076
1512630 1076
1512640 1072
1512650 1067
1512660 1067
1512670 1061
1512680 1055
1512690 1055
1512700 1049
1512710 1043
1512720 1043
1512730 1038
1512740 1034
1512750 1034
1512760 1029
1512770 1023
1512780 1023
1512790 1016
1512800 1011
1512810 1006
1512820 1006
1512830 1001
1512840 996
1512850 996
1512860 992
1512870 988
1512880 988
1512890 983
1512900 979
1512910 979
1512920 976
1512930 971
1512940 971
1512950 967
1512960 964
1512970 960
1512980 960
1512990 958
1513000 956
1513010 956
1513020 953
1513030 951
1513040 951
1513050 950
1513060 948
1513070 948
1513080 946
1513090 943
1513100 943
1513110 941
1513120 937
1513130 932
1513140 932
1513150 928
1513160 928
1513170 928
1513180 930
1513190 931
1513200 931
1513210 930
1513220 928
1513230 928
1513240 926
1513250 924
1513260 924
1513270 921
1513280 919
1513290 916
1513300 916
1513310 911
1513320 907
1513330 907
1513340 903
1513350 899
1513360 899
1513370 895
1513380 891
1513390 891
1513400 888
1513410 886
1513420 886
1513430 883
1513440 881
1513450 879
1513460 879
1513470 877
1513480 876
1513490 876
1513500 874
1513510 872
1513520 872
1513530 872
1513540 871
1513550 871
1513560 868
1513570 865
1513580 865
1513590 862
1513600 859
1513610 854
1513620 854
1513630 850
1513640 847
1513650 847
1513660 844
1513670 842
1513680 842
1513690 839
1513700 836
1513710 836
1513720 833
1513730 830
1513740 830
1513750 826
1513760 823
1513770 823
1513780 819
1513790 816
1513800 813
1513810 813
1513820 811
1513830 806
1513840 806
1513850 801
1513860 794
1513870 794
1513880 781
1513890 776
1513900 776
1513910 774
1513920 773
1513930 773
1513940 774
1513950 778
1513960 780
1513970 780
1513980 779
1513990 782
1514000 782
1514010 785
1514020 786
1514030 786
1514040 787
1514050 787
1514060 787
1514070 786
1514080 786
1514090 786
1514100 786
1514110 785
1514120 785
1514130 785
1514140 785
1514150 784
1514160 784
1514170 783
1514180 779
1514190 779
1514200 775
1514210 774
1514220 774
1514230 773
1514240 772
1514250 772
1514260 772
1514270 770
1514280 769
1514290 769
1514300 768
1514310 767
1514320 767
1514330 765
1514340 765
1514350 765
1514360 765
1514370 766
1514380 766
1514390 768
1514400 768
1514410 768
1514420 767
1514430 767
1514440 766
1514450 766
1514460 765
1514470 765
1514480 765
1514490 765
1514500 765
1514510 765
1514520 764
1514530 764
1514540 764
1514550 765
1514560 767
1514570 767
1514580 768
1514590 767
1514600 765
1514610 765
1514620 764
1514630 762
1514640 762
1514650 760
1514660 758
1514670 758
1514680 759
1514690 759
1514700 759
1514710 759
1514720 759
1514730 759
1514740 759
1514750 759
1514760 759
1514770 756
1514780 753
1514790 753
1514800 753
1514810 754
1514820 753
1514830 753
1514840 751
1514850 750
1514860 750
1514870 749
1514880 748
1514890 748
1514900 746
1514910 745
1514920 745
1514930 744
1514940 743
1514950 741
1514960 741
1514970 740
1514980 738
1514990 738
1515000 737
1515010 737
1515020 737
1515030 737
1515040 737
1515050 737
1515060 736
1515070 735
1515080 735
1515090 734
1515100 734
1515110 734
1515120 734
1515130 731
1515140 724
1515150 724
1515160 717
1515170 714
1515180 714
1515190 713
1515200 711
1515210 711
1515220 710
1515230 710
1515240 710
1515250 709
1515260 706
1515270 703
1515280 703
1515290 699
1515300 695
1515310 695
1515320 692
1515330 691
1515340 691
1515350 689
1515360 688
1515370 688
1515380 687
1515390 687
1515400 687
1515410 687
1515420 687
1515430 686
1515440 686
1515450 687
1515460 687
1515470 687
1515480 686
1515490 684
1515500 684
1515510 682
1515520 682
1515530 682
1515540 683
1515550 684
1515560 684
1515570 684
1515580 684
1515590 684
1515600 684
1515610 684
1515620 685
1515630 685
1515640 683
1515650 681
1515660 681
1515670 680
1515680 680
1515690 680
1515700 679
1515710 678
1515720 678
1515730 677
1515740 676
1515750 676
1515760 674
1515770 673
1515780 671
1515790 671
1515800 670
1515810 670
1515820 670
1515830 668
1515840 666
1515850 666
1515860 664
1515870 661
1515880 661
1515890 658
1515900 656
1515910 656
1515920 654
1515930 653
1515940 653
1515950 653
1515960 653
1515970 655
1515980 655
1515990 657
1516000 658
1516010 658
1516020 658
1516030 657
1516040 657
1516050 657
1516060 657
1516070 657
1516080 656
1516090 656
1516100 655
1516110 655
1516120 655
1516130 652
1516140 652
1516150 646
1516160 639
1516170 639
1516180 633
1516190 628
1516200 628
1516210 622
1516220 617
1516230 617
1516240 613
1516250 614
1516260 617
1516270 617
1516280 617
1516290 620
1516300 620
1516310 625
1516320 626
1516330 626
1516340 624
1516350 624
1516360 624
1516370 622
1516380 621
1516390 621
1516400 620
1516410 613
1516420 611
1516430 611
1516440 612
1516450 611
1516460 611
1516470 608
1516480 606
1516490 606
1516500 605
1516510 601
1516520 601
1516530 596
1516540 591
1516550 591
1516560 584
1516570 579
1516580 580
1516590 580
1516600 580
1516610 581
1516620 581
1516630 583
1516640 585
1516650 585
1516660 587
1516670 591
1516680 591
1516690 597
1516700 601
1516710 601
1516720 602
1516730 603
1516740 603
1516750 603
1516760 603
1516770 602
1516780 602
1516790 602
1516800 601
1516810 601
1516820 601
1516830 601
1516840 601
1516850 600
1516860 600
1516870 600
1516880 600
1516890 600
1516900 600
1516910 600
1516920 599
1516930 599
1516940 599
1516950 599
1516960 599
1516970 599
1516980 598
1516990 598
1517000 598
1517010 598
1517020 598
1517030 598
1517040 598
1517050 597
1517060 597
1517070 597
1517080 597
1517090 597
1517100 597
1517110 596
1517120 595
1517130 595
1517140 591
1517150 587
1517160 587
1517170 586
1517180 587
1517190 587
1517200 587
1517210 583
1517220 583
1517230 578
1517240 576
1517250 575
1517260 575
1517270 575
1517280 576
1517290 576
1517300 576
1517310 578
1517320 578
1517330 580
1517340 581
1517350 581
1517360 582
1517370 585
1517380 585
1517390 591
1517400 596
1517410 597
1517420 597
1517430 599
1517440 601
1517450 601
1517460 602
1517470 603
1517480 603
1517490 604
1517500 605
1517510 605
1517520 609
1517530 611
1517540 611
1517550 610
1517560 608
1517570 605
1517580 605
1517590 603
1517600 602
1517610 602
1517620 601
1517630 601
1517640 601
1517650 599
1517660 596
1517670 596
1517680 594
1517690 593
1517700 593
1517710 593
1517720 593
1517730 593
1517740 592
1517750 591
1517760 590
1517770 590
1517780 590
1517790 590
1517800 590
1517810 590
1517820 590
1517830 590
1517840 590
1517850 590
1517860 590
1517870 590
1517880 590
1517890 590
1517900 590
1517910 592
1517920 593
1517930 593
1517940 595
1517950 599
1517960 599
1517970 599
1517980 598
1517990 598
1518000 597
1518010 596
1518020 596
1518030 594
1518040 593
1518050 593
1518060 592
1518070 591
1518080 590
1518090 590
1518100 589
1518110 587
1518120 587
1518130 577
1518140 566
1518150 566
1518160 562
1518170 560
1518180 560
1518190 559
1518200 557
1518210 557
1518220 556
1518230 554
1518240 557
1518250 557
1518260 564
1518270 572
1518280 572
1518290 576
1518300 579
1518310 579
1518320 583
1518330 588
1518340 588
1518350 594
1518360 596
1518370 596
1518380 595
1518390 595
1518400 595
1518410 595
1518420 599
1518430 605
1518440 605
1518450 609
1518460 612
1518470 612
1518480 613
1518490 613
1518500 613
1518510 612
1518520 610
1518530 610
1518540 609
1518550 608
1518560 606
1518570 606
1518580 605
1518590 604
1518600 604
1518610 602
1518620 600
1518630 600
1518640 598
1518650 597
1518660 597
1518670 596
1518680 593
1518690 593
1518700 591
1518710 589
1518720 589
1518730 588
1518740 588
1518750 589
1518760 589
1518770 590
1518780 590
1518790 590
1518800 591
1518810 592
1518820 592
1518830 593
1518840 594
1518850 594
1518860 594
1518870 594
1518880 594
1518890 594
1518900 593
1518910 592
1518920 592
1518930 591
1518940 588
1518950 588
1518960 586
1518970 584
1518980 584
1518990 583
1519000 582
1519010 582
1519020 581
1519030 581
1519040 581
1519050 581
1519060 580
1519070 578
1519080 578
1519090 576
1519100 575
1519110 575
1519120 573
1519130 571
1519140 571
1519150 570
1519160 569
1519170 569
1519180 569
1519190 568
1519200 568
1519210 568
1519220 567
1519230 566
1519240 566
1519250 565
1519260 562
1519270 562
1519280 559
1519290 557
1519300 557
1519310 556
1519320 556
1519330 556
1519340 555
1519350 555
1519360 555
1519370 555
1519380 555
1519390 555
1519400 555
1519410 555
1519420 556
1519430 556
1519440 556
1519450 555
1519460 555
1519470 555
1519480 555
1519490 555
1519500 555
1519510 555
1519520 555
1519530 555
1519540 555
1519550 555
1519560 555
1519570 555
1519580 555
1519590 555
1519600 555
1519610 555
1519620 555
1519630 555
1519640 555
1519650 555
1519660 555
1519670 554
1519680 554
1519690 554
1519700 554
1519710 554
1519720 554
1519730 554
1519740 554
1519750 554
1519760 554
1519770 554
1519780 554
1519790 554
1519800 554
1519810 554
1519820 554
1519830 554
1519840 554
1519850 554
1519860 554
1519870 554
1519880 554
1519890 555
1519900 554
1519910 554
1519920 554
1519930 553
1519940 553
1519950 553
1519960 553
1519970 553
1519980 553
1519990 553
