1500000 973
1500010 973
1500020 978
1500030 982
1500040 982
1500050 986
1500060 989
1500070 989
1500080 993
1500090 997
1500100 997
1500110 1000
1500120 1001
1500130 1005
1500140 1005
1500150 1008
1500160 1011
1500170 1011
1500180 1015
1500190 1019
1500200 1019
1500210 1022
1500220 1026
1500230 1026
1500240 1030
1500250 1035
1500260 1035
1500270 1040
1500280 1044
1500290 1044
1500300 1046
1500310 1050
1500320 1054
1500330 1054
1500340 1058
1500350 1062
1500360 1062
1500370 1067
1500380 1072
1500390 1072
1500400 1075
1500410 1080
1500420 1080
1500430 1086
1500440 1093
1500450 1093
1500460 1100
1500470 1104
1500480 1108
1500490 1108
1500500 1113
1500510 1116
1500520 1116
1500530 1127
1500540 1144
1500550 1144
1500560 1152
1500570 1156
1500580 1156
1500590 1158
1500600 1161
1500610 1161
1500620 1165
1500630 1165
1500640 1167
1500650 1167
1500660 1168
1500670 1168
1500680 1168
1500690 1170
1500700 1171
1500710 1171
1500720 1172
1500730 1172
1500740 1172
1500750 1177
1500760 1182
1500770 1182
1500780 1186
1500790 1189
1500800 1192
1500810 1192
1500820 1196
1500830 1200
1500840 1200
1500850 1203
1500860 1206
1500870 1206
1500880 1209
1500890 1212
1500900 1212
1500910 1218
1500920 1222
1500930 1222
1500940 1230
1500950 1240
1500960 1248
1500970 1248
1500980 1255
1500990 1256
1501000 1256
1501010 1254
1501020 1252
1501030 1252
1501040 1248
1501050 1243
1501060 1243
1501070 1239
1501080 1235
1501090 1235
1501100 1229
1501110 1222
1501120 1222
1501130 1221
1501140 1224
1501150 1223
1501160 1223
1501170 1222
1501180 1221
1501190 1221
1501200 1221
1501210 1220
1501220 1220
1501230 1219
1501240 1216
1501250 1216
1501260 1215
1501270 1216
1501280 1216
1501290 1219
1501300 1221
1501310 1220
1501320 1220
1501330 1217
1501340 1217
1501350 1217
1501360 1221
1501370 1225
1501380 1225
1501390 1227
1501400 1223
1501410 1223
1501420 1219
1501430 1219
1501440 1219
1501450 1220
1501460 1221
1501470 1220
1501480 1220
1501490 1218
1501500 1219
1501510 1219
1501520 1221
1501530 1220
1501540 1220
1501550 1216
1501560 1214
1501570 1214
1501580 1213
1501590 1213
1501600 1213
1501610 1210
1501620 1206
1501630 1202
1501640 1202
1501650 1198
1501660 1195
1501670 1195
1501680 1192
1501690 1194
1501700 1194
1501710 1198
1501720 1204
1501730 1204
1501740 1212
1501750 1220
1501760 1220
1501770 1227
1501780 1232
1501790 1236
1501800 1236
1501810 1239
1501820 1241
1501830 1241
1501840 1242
1501850 1244
1501860 1244
1501870 1246
1501880 1248
1501890 1248
1501900 1250
1501910 1252
1501920 1252
1501930 1253
1501940 1252
1501950 1252
1501960 1251
1501970 1252
1501980 1259
1501990 1259
1502000 1267
1502010 1274
1502020 1274
1502030 1280
1502040 1285
1502050 1285
1502060 1289
1502070 1293
1502080 1293
1502090 1296
1502100 1299
1502110 1299
1502120 1301
1502130 1301
1502140 1302
1502150 1302
1502160 1302
1502170 1303
1502180 1303
1502190 1303
1502200 1305
1502210 1305
1502220 1308
1502230 1311
1502240 1311
1502250 1313
1502260 1314
1502270 1314
1502280 1316
1502290 1317
1502300 1317
1502310 1317
1502320 1315
1502330 1315
1502340 1315
1502350 1320
1502360 1326
1502370 1326
1502380 1332
1502390 1338
1502400 1338
1502410 1343
1502420 1347
1502430 1347
1502440 1350
1502450 1352
1502460 1354
1502470 1354
1502480 1356
1502490 1357
1502500 1357
1502510 1358
1502520 1358
1502530 1358
1502540 1358
1502550 1356
1502560 1356
1502570 1356
1502580 1354
1502590 1354
1502600 1357
1502610 1362
1502620 1365
1502630 1365
1502640 1366
1502650 1366
1502660 1366
1502670 1367
1502680 1370
1502690 1370
1502700 1373
1502710 1375
1502720 1375
1502730 1379
1502740 1383
1502750 1383
1502760 1388
1502770 1393
1502780 1393
1502790 1398
1502800 1402
1502810 1407
1502820 1407
1502830 1411
1502840 1415
1502850 1415
1502860 1417
1502870 1418
1502880 1418
1502890 1418
1502900 1417
1502910 1417
1502920 1414
1502930 1411
1502940 1411
1502950 1409
1502960 1403
1502970 1397
1502980 1397
1502990 1392
1503000 1392
1503010 1392
1503020 1393
1503030 1394
1503040 1394
1503050 1395
1503060 1397
1503070 1397
1503080 1397
1503090 1396
1503100 1396
1503110 1394
1503120 1393
1503130 1392
1503140 1392
1503150 1390
1503160 1389
1503170 1389
1503180 1387
1503190 1383
1503200 1383
1503210 1377
1503220 1371
1503230 1371
1503240 1363
1503250 1357
1503260 1357
1503270 1356
1503280 1359
1503290 1371
1503300 1371
1503310 1377
1503320 1377
1503330 1377
1503340 1368
1503350 1375
1503360 1375
1503370 1380
1503380 1382
1503390 1382
1503400 1383
1503410 1386
1503420 1386
1503430 1389
1503440 1391
1503450 1393
1503460 1393
1503470 1394
1503480 1393
1503490 1393
1503500 1389
1503510 1384
1503520 1384
1503530 1381
1503540 1380
1503550 1380
1503560 1377
1503570 1373
1503580 1373
1503590 1367
1503600 1361
1503610 1361
1503620 1361
1503630 1367
1503640 1369
1503650 1369
1503660 1372
1503670 1374
1503680 1374
1503690 1376
1503700 1381
1503710 1381
1503720 1385
1503730 1389
1503740 1389
1503750 1395
1503760 1398
1503770 1398
1503780 1401
1503790 1404
1503800 1406
1503810 1406
1503820 1409
1503830 1414
1503840 1414
1503850 1417
1503860 1417
1503870 1417
1503880 1417
1503890 1416
1503900 1416
1503910 1415
1503920 1413
1503930 1413
1503940 1408
1503950 1400
1503960 1392
1503970 1392
1503980 1386
1503990 1379
1504000 1379
1504010 1372
1504020 1366
1504030 1366
1504040 1359
1504050 1353
1504060 1353
1504070 1351
1504080 1354
1504090 1354
1504100 1357
1504110 1362
1504120 1366
1504130 1366
1504140 1368
1504150 1369
1504160 1369
1504170 1368
1504180 1366
1504190 1366
1504200 1363
1504210 1360
1504220 1360
1504230 1356
1504240 1354
1504250 1354
1504260 1353
1504270 1353
1504280 1357
1504290 1357
1504300 1360
1504310 1361
1504320 1361
1504330 1361
1504340 1361
1504350 1361
1504360 1365
1504370 1369
1504380 1369
1504390 1372
1504400 1373
1504410 1373
1504420 1374
1504430 1377
1504440 1377
1504450 1378
1504460 1378
1504470 1379
1504480 1379
1504490 1379
1504500 1378
1504510 1378
1504520 1376
1504530 1374
1504540 1374
1504550 1372
1504560 1371
1504570 1371
1504580 1368
1504590 1365
1504600 1365
1504610 1362
1504620 1358
1504630 1355
1504640 1355
1504650 1351
1504660 1345
1504670 1345
1504680 1340
1504690 1336
1504700 1336
1504710 1331
1504720 1327
1504730 1327
1504740 1324
1504750 1323
1504760 1323
1504770 1322
1504780 1319
1504790 1315
1504800 1315
1504810 1310
1504820 1306
1504830 1306
1504840 1300
1504850 1295
1504860 1295
1504870 1291
1504880 1286
1504890 1286
1504900 1281
1504910 1277
1504920 1277
1504930 1273
1504940 1270
1504950 1267
1504960 1267
1504970 1265
1504980 1263
1504990 1263
1505000 1261
1505010 1259
1505020 1259
1505030 1258
1505040 1255
1505050 1255
1505060 1252
1505070 1248
1505080 1248
1505090 1243
1505100 1238
1505110 1231
1505120 1231
1505130 1226
1505140 1220
1505150 1220
1505160 1214
1505170 1209
1505180 1209
1505190 1204
1505200 1200
1505210 1200
1505220 1195
1505230 1190
1505240 1190
1505250 1185
1505260 1180
1505270 1180
1505280 1174
1505290 1168
1505300 1161
1505310 1161
1505320 1155
1505330 1149
1505340 1149
1505350 1142
1505360 1135
1505370 1135
1505380 1127
1505390 1119
1505400 1119
1505410 1111
1505420 1103
1505430 1103
1505440 1094
1505450 1086
1505460 1074
1505470 1074
1505480 1066
1505490 1058
1505500 1058
1505510 1050
1505520 1042
1505530 1042
1505540 1036
1505550 1031
1505560 1031
1505570 1026
1505580 1024
1505590 1024
1505600 1023
1505610 1022
1505620 1017
1505630 1017
1505640 1009
1505650 1003
1505660 1003
1505670 999
1505680 994
1505690 994
1505700 989
1505710 982
1505720 982
1505730 975
1505740 967
1505750 967
1505760 957
1505770 947
1505780 938
1505790 938
1505800 942
1505810 954
1505820 954
1505830 962
1505840 964
1505850 964
1505860 967
1505870 973
1505880 973
1505890 980
1505900 986
1505910 986
1505920 994
1505930 1002
1505940 1011
1505950 1011
1505960 1018
1505970 1022
1505980 1022
1505990 1026
1506000 1032
1506010 1032
1506020 1038
1506030 1045
1506040 1045
1506050 1051
1506060 1058
1506070 1058
1506080 1066
1506090 1075
1506100 1075
1506110 1082
1506120 1090
1506130 1097
1506140 1097
1506150 1104
1506160 1112
1506170 1112
1506180 1119
1506190 1128
1506200 1128
1506210 1136
1506220 1144
1506230 1144
1506240 1153
1506250 1162
1506260 1162
1506270 1172
1506280 1181
1506290 1191
1506300 1191
1506310 1200
1506320 1207
1506330 1207
1506340 1210
1506350 1212
1506360 1212
1506370 1213
1506380 1215
1506390 1215
1506400 1219
1506410 1224
1506420 1224
1506430 1228
1506440 1232
1506450 1236
1506460 1236
1506470 1240
1506480 1244
1506490 1244
1506500 1247
1506510 1250
1506520 1250
1506530 1253
1506540 1255
1506550 1255
1506560 1258
1506570 1260
1506580 1260
1506590 1261
1506600 1262
1506610 1265
1506620 1265
1506630 1267
1506640 1270
1506650 1270
1506660 1272
1506670 1275
1506680 1275
1506690 1277
1506700 1277
1506710 1277
1506720 1277
1506730 1276
1506740 1276
1506750 1277
1506760 1276
1506770 1275
1506780 1275
1506790 1274
1506800 1273
1506810 1273
1506820 1272
1506830 1271
1506840 1271
1506850 1269
1506860 1268
1506870 1268
1506880 1267
1506890 1267
1506900 1267
1506910 1268
1506920 1269
1506930 1269
1506940 1269
1506950 1270
1506960 1272
1506970 1272
1506980 1273
1506990 1274
1507000 1274
1507010 1275
1507020 1278
1507030 1278
1507040 1280
1507050 1281
1507060 1281
1507070 1285
1507080 1287
1507090 1287
1507100 1290
1507110 1294
1507120 1297
1507130 1297
1507140 1300
1507150 1303
1507160 1303
1507170 1306
1507180 1309
1507190 1309
1507200 1315
1507210 1319
1507220 1319
1507230 1322
1507240 1327
1507250 1327
1507260 1332
1507270 1336
1507280 1340
1507290 1340
1507300 1345
1507310 1351
1507320 1351
1507330 1356
1507340 1360
1507350 1360
1507360 1363
1507370 1365
1507380 1365
1507390 1367
1507400 1369
1507410 1369
1507420 1371
1507430 1372
1507440 1372
1507450 1372
1507460 1372
1507470 1374
1507480 1374
1507490 1377
1507500 1381
1507510 1381
1507520 1385
1507530 1387
1507540 1387
1507550 1388
1507560 1388
1507570 1388
1507580 1391
1507590 1397
1507600 1406
1507610 1406
1507620 1415
1507630 1424
1507640 1424
1507650 1430
1507660 1434
1507670 1434
1507680 1439
1507690 1439
1507700 1439
1507710 1436
1507720 1431
1507730 1431
1507740 1429
1507750 1429
1507760 1429
1507770 1428
1507780 1430
1507790 1432
1507800 1432
1507810 1435
1507820 1435
1507830 1435
1507840 1434
1507850 1434
1507860 1434
1507870 1434
1507880 1434
1507890 1434
1507900 1437
1507910 1442
1507920 1442
1507930 1447
1507940 1451
1507950 1454
1507960 1454
1507970 1455
1507980 1456
1507990 1456
1508000 1454
1508010 1454
1508020 1454
1508030 1458
1508040 1462
1508050 1462
1508060 1466
1508070 1470
1508080 1470
1508090 1472
1508100 1471
1508110 1468
1508120 1468
1508130 1462
1508140 1456
1508150 1456
1508160 1451
1508170 1446
1508180 1446
1508190 1441
1508200 1436
1508210 1436
1508220 1432
1508230 1428
1508240 1428
1508250 1423
1508260 1416
1508270 1410
1508280 1410
1508290 1408
1508300 1407
1508310 1407
1508320 1404
1508330 1401
1508340 1401
1508350 1396
1508360 1391
1508370 1391
1508380 1387
1508390 1383
1508400 1383
1508410 1379
1508420 1375
1508430 1370
1508440 1370
1508450 1365
1508460 1360
1508470 1360
1508480 1355
1508490 1351
1508500 1351
1508510 1346
1508520 1342
1508530 1342
1508540 1337
1508550 1333
1508560 1333
1508570 1329
1508580 1325
1508590 1325
1508600 1321
1508610 1318
1508620 1315
1508630 1315
1508640 1313
1508650 1312
1508660 1312
1508670 1309
1508680 1303
1508690 1303
1508700 1294
1508710 1285
1508720 1285
1508730 1277
1508740 1271
1508750 1271
1508760 1265
1508770 1260
1508780 1256
1508790 1256
1508800 1254
1508810 1251
1508820 1251
1508830 1249
1508840 1247
1508850 1247
1508860 1244
1508870 1241
1508880 1241
1508890 1236
1508900 1231
1508910 1231
1508920 1226
1508930 1221
1508940 1216
1508950 1216
1508960 1212
1508970 1208
1508980 1208
1508990 1204
1509000 1200
1509010 1200
1509020 1195
1509030 1189
1509040 1189
1509050 1182
1509060 1176
1509070 1176
1509080 1172
1509090 1168
1509100 1164
1509110 1164
1509120 1160
1509130 1157
1509140 1157
1509150 1156
1509160 1151
1509170 1151
1509180 1147
1509190 1142
1509200 1142
1509210 1138
1509220 1134
1509230 1134
1509240 1131
1509250 1128
1509260 1125
1509270 1125
1509280 1122
1509290 1119
1509300 1119
1509310 1117
1509320 1114
1509330 1114
1509340 1112
1509350 1110
1509360 1110
1509370 1107
1509380 1105
1509390 1105
1509400 1106
1509410 1107
1509420 1106
1509430 1106
1509440 1106
1509450 1106
1509460 1106
1509470 1106
1509480 1105
1509490 1105
1509500 1105
1509510 1104
1509520 1104
1509530 1104
1509540 1105
1509550 1105
1509560 1107
1509570 1109
1509580 1109
1509590 1111
1509600 1113
1509610 1116
1509620 1116
1509630 1118
1509640 1121
1509650 1121
1509660 1124
1509670 1128
1509680 1128
1509690 1131
1509700 1134
1509710 1134
1509720 1138
1509730 1144
1509740 1144
1509750 1147
1509760 1151
1509770 1155
1509780 1155
1509790 1160
1509800 1164
1509810 1164
1509820 1168
1509830 1173
1509840 1173
1509850 1178
1509860 1185
1509870 1185
1509880 1192
1509890 1196
1509900 1196
1509910 1198
1509920 1198
1509930 1196
1509940 1196
1509950 1190
1509960 1192
1509970 1192
1509980 1197
1509990 1202
1510000 1202
1510010 1205
1510020 1208
1510030 1208
1510040 1211
1510050 1215
1510060 1215
1510070 1219
1510080 1223
1510090 1227
1510100 1227
1510110 1231
1510120 1235
1510130 1235
1510140 1240
1510150 1245
1510160 1245
1510170 1247
1510180 1248
1510190 1248
1510200 1248
1510210 1248
1510220 1248
1510230 1249
1510240 1250
1510250 1251
1510260 1251
1510270 1252
1510280 1252
1510290 1252
1510300 1252
1510310 1252
1510320 1252
1510330 1252
1510340 1252
1510350 1252
1510360 1252
1510370 1252
1510380 1252
1510390 1251
1510400 1250
1510410 1250
1510420 1251
1510430 1251
1510440 1251
1510450 1251
1510460 1250
1510470 1249
1510480 1249
1510490 1249
1510500 1247
1510510 1247
1510520 1245
1510530 1243
1510540 1243
1510550 1241
1510560 1238
1510570 1238
1510580 1233
1510590 1228
1510600 1226
1510610 1226
1510620 1224
1510630 1221
1510640 1221
1510650 1214
1510660 1212
1510670 1212
1510680 1212
1510690 1216
1510700 1216
1510710 1215
1510720 1213
1510730 1213
1510740 1208
1510750 1201
1510760 1193
1510770 1193
1510780 1191
1510790 1189
1510800 1189
1510810 1195
1510820 1202
1510830 1202
1510840 1202
1510850 1200
1510860 1200
1510870 1200
1510880 1200
1510890 1200
1510900 1199
1510910 1199
1510920 1197
1510930 1197
1510940 1194
1510950 1194
1510960 1194
1510970 1191
1510980 1194
1510990 1194
1511000 1198
1511010 1200
1511020 1200
1511030 1200
1511040 1198
1511050 1198
1511060 1195
1511070 1193
1511080 1193
1511090 1193
1511100 1189
1511110 1189
1511120 1189
1511130 1192
1511140 1194
1511150 1194
1511160 1194
1511170 1192
1511180 1192
1511190 1185
1511200 1178
1511210 1178
1511220 1172
1511230 1167
1511240 1167
1511250 1161
1511260 1153
1511270 1141
1511280 1141
1511290 1133
1511300 1129
1511310 1129
1511320 1129
1511330 1132
1511340 1132
1511350 1135
1511360 1139
1511370 1139
1511380 1141
1511390 1142
1511400 1142
1511410 1143
1511420 1146
1511430 1149
1511440 1149
1511450 1152
1511460 1156
1511470 1156
1511480 1160
1511490 1160
1511500 1160
1511510 1152
1511520 1143
1511530 1143
1511540 1139
1511550 1128
1511560 1128
1511570 1120
1511580 1121
1511590 1127
1511600 1127
1511610 1129
1511620 1124
1511630 1124
1511640 1109
1511650 1097
1511660 1097
1511670 1090
1511680 1084
1511690 1084
1511700 1079
1511710 1075
1511720 1075
1511730 1069
1511740 1071
1511750 1072
1511760 1072
1511770 1071
1511780 1072
1511790 1072
1511800 1073
1511810 1074
1511820 1074
1511830 1071
1511840 1066
1511850 1066
1511860 1062
1511870 1058
1511880 1058
1511890 1053
1511900 1048
1511910 1042
1511920 1042
1511930 1039
1511940 1033
1511950 1033
1511960 1028
1511970 1023
1511980 1023
1511990 1018
1512000 1012
1512010 1012
1512020 1007
1512030 1001
1512040 1001
1512050 996
1512060 992
1512070 992
1512080 989
1512090 984
1512100 979
1512110 979
1512120 974
1512130 968
1512140 968
1512150 964
1512160 961
1512170 961
1512180 958
1512190 953
1512200 953
1512210 948
1512220 942
1512230 942
1512240 936
1512250 931
1512260 927
1512270 927
1512280 922
1512290 918
1512300 918
1512310 913
1512320 908
1512330 908
1512340 903
1512350 899
1512360 899
1512370 895
1512380 892
1512390 892
1512400 890
1512410 887
1512420 886
1512430 886
1512440 885
1512450 885
1512460 885
1512470 883
1512480 880
1512490 880
1512500 878
1512510 875
1512520 875
1512530 873
1512540 870
1512550 870
1512560 868
1512570 866
1512580 864
1512590 864
1512600 863
1512610 861
1512620 861
1512630 858
1512640 857
1512650 857
1512660 855
1512670 854
1512680 854
1512690 852
1512700 851
1512710 851
1512720 850
1512730 849
1512740 847
1512750 847
1512760 846
1512770 845
1512780 845
1512790 845
1512800 843
1512810 843
1512820 842
1512830 840
1512840 840
1512850 838
1512860 837
1512870 837
1512880 835
1512890 833
1512900 833
1512910 831
1512920 829
1512930 828
1512940 828
1512950 826
1512960 825
1512970 825
1512980 824
1512990 822
1513000 822
1513010 822
1513020 821
1513030 821
1513040 821
1513050 820
1513060 820
1513070 819
1513080 819
1513090 819
1513100 819
1513110 819
1513120 819
1513130 819
1513140 818
1513150 818
1513160 818
1513170 818
1513180 817
1513190 817
1513200 817
1513210 817
1513220 817
1513230 817
1513240 817
1513250 818
1513260 818
1513270 818
1513280 818
1513290 818
1513300 819
1513310 819
1513320 819
1513330 820
1513340 820
1513350 820
1513360 820
1513370 821
1513380 821
1513390 821
1513400 820
1513410 820
1513420 820
1513430 819
1513440 817
1513450 817
1513460 816
1513470 818
1513480 818
1513490 820
1513500 823
1513510 823
1513520 825
1513530 826
1513540 826
1513550 825
1513560 825
1513570 822
1513580 822
1513590 820
1513600 819
1513610 819
1513620 818
1513630 815
1513640 815
1513650 812
1513660 809
1513670 809
1513680 807
1513690 808
1513700 808
1513710 808
1513720 803
1513730 799
1513740 799
1513750 797
1513760 794
1513770 794
1513780 791
1513790 788
1513800 788
1513810 787
1513820 785
1513830 785
1513840 785
1513850 781
1513860 781
1513870 779
1513880 776
1513890 776
1513900 774
1513910 771
1513920 768
1513930 768
1513940 764
1513950 760
1513960 760
1513970 756
1513980 750
1513990 750
1514000 746
1514010 742
1514020 742
1514030 739
1514040 735
1514050 735
1514060 730
1514070 728
1514080 729
1514090 729
1514100 729
1514110 729
1514120 729
1514130 727
1514140 727
1514150 727
1514160 729
1514170 730
1514180 730
1514190 730
1514200 730
1514210 730
1514220 729
1514230 729
1514240 728
1514250 728
1514260 728
1514270 727
1514280 727
1514290 726
1514300 725
1514310 725
1514320 723
1514330 721
1514340 721
1514350 720
1514360 718
1514370 718
1514380 718
1514390 719
1514400 718
1514410 718
1514420 717
1514430 712
1514440 712
1514450 706
1514460 702
1514470 702
1514480 698
1514490 694
1514500 694
1514510 690
1514520 686
1514530 686
1514540 683
1514550 680
1514560 676
1514570 676
1514580 673
1514590 668
1514600 668
1514610 663
1514620 659
1514630 659
1514640 655
1514650 650
1514660 650
1514670 646
1514680 642
1514690 642
1514700 638
1514710 635
1514720 635
1514730 631
1514740 626
1514750 619
1514760 619
1514770 614
1514780 611
1514790 611
1514800 609
1514810 606
1514820 606
1514830 598
1514840 595
1514850 595
1514860 595
1514870 605
1514880 605
1514890 612
1514900 617
1514910 621
1514920 621
1514930 626
1514940 631
1514950 631
1514960 637
1514970 643
1514980 643
1514990 649
1515000 655
1515010 655
1515020 661
1515030 666
1515040 666
1515050 670
1515060 673
1515070 676
1515080 676
1515090 679
1515100 684
1515110 684
1515120 687
1515130 689
1515140 689
1515150 692
1515160 694
1515170 694
1515180 697
1515190 698
1515200 698
1515210 699
1515220 700
1515230 701
1515240 701
1515250 705
1515260 710
1515270 710
1515280 712
1515290 711
1515300 711
1515310 710
1515320 712
1515330 712
1515340 712
1515350 710
1515360 710
1515370 707
1515380 704
1515390 703
1515400 703
1515410 704
1515420 708
1515430 708
1515440 711
1515450 714
1515460 714
1515470 716
1515480 718
1515490 718
1515500 723
1515510 727
1515520 727
1515530 728
1515540 729
1515550 729
1515560 729
1515570 727
1515580 726
1515590 726
1515600 728
1515610 731
1515620 731
1515630 734
1515640 737
1515650 737
1515660 737
1515670 736
1515680 736
1515690 735
1515700 735
1515710 735
1515720 734
1515730 734
1515740 733
1515750 733
1515760 732
1515770 731
1515780 731
1515790 731
1515800 729
1515810 729
1515820 727
1515830 724
1515840 724
1515850 722
1515860 720
1515870 720
1515880 717
1515890 714
1515900 713
1515910 713
1515920 711
1515930 709
1515940 709
1515950 710
1515960 712
1515970 712
1515980 717
1515990 719
1516000 719
1516010 721
1516020 723
1516030 723
1516040 723
1516050 722
1516060 721
1516070 721
1516080 721
1516090 720
1516100 720
1516110 722
1516120 723
1516130 723
1516140 723
1516150 722
1516160 722
1516170 720
1516180 718
1516190 718
1516200 716
1516210 714
1516220 713
1516230 713
1516240 710
1516250 705
1516260 705
1516270 700
1516280 701
1516290 701
1516300 703
1516310 703
1516320 703
1516330 703
1516340 703
1516350 703
1516360 703
1516370 701
1516380 701
1516390 699
1516400 697
1516410 695
1516420 695
1516430 696
1516440 697
1516450 697
1516460 696
1516470 695
1516480 695
1516490 697
1516500 700
1516510 700
1516520 700
1516530 700
1516540 700
1516550 697
1516560 694
1516570 692
1516580 692
1516590 692
1516600 692
1516610 692
1516620 692
1516630 691
1516640 691
1516650 691
1516660 691
1516670 691
1516680 690
1516690 690
1516700 690
1516710 690
1516720 689
1516730 687
1516740 687
1516750 685
1516760 683
1516770 683
1516780 679
1516790 675
1516800 675
1516810 671
1516820 667
1516830 667
1516840 666
1516850 665
1516860 665
1516870 665
1516880 664
1516890 664
1516900 664
1516910 665
1516920 666
1516930 666
1516940 667
1516950 667
1516960 667
1516970 667
1516980 668
1516990 668
1517000 667
1517010 666
1517020 666
1517030 663
1517040 661
1517050 660
1517060 660
1517070 660
1517080 662
1517090 662
1517100 663
1517110 662
1517120 662
1517130 661
1517140 659
1517150 659
1517160 657
1517170 653
1517180 653
1517190 649
1517200 646
1517210 646
1517220 646
1517230 647
1517240 646
1517250 646
1517260 643
1517270 640
1517280 640
1517290 637
1517300 635
1517310 635
1517320 633
1517330 631
1517340 631
1517350 629
1517360 627
1517370 627
1517380 624
1517390 623
1517400 622
1517410 622
1517420 622
1517430 620
1517440 620
1517450 619
1517460 617
1517470 617
1517480 616
1517490 615
1517500 615
1517510 615
1517520 617
1517530 617
1517540 618
1517550 615
1517560 616
1517570 616
1517580 615
1517590 616
1517600 616
1517610 617
1517620 615
1517630 615
1517640 612
1517650 612
1517660 612
1517670 612
1517680 612
1517690 612
1517700 612
1517710 612
1517720 611
1517730 611
1517740 609
1517750 607
1517760 607
1517770 605
1517780 604
1517790 604
1517800 603
1517810 601
1517820 601
1517830 599
1517840 598
1517850 598
1517860 593
1517870 591
1517880 588
1517890 588
1517900 584
1517910 583
1517920 583
1517930 582
1517940 582
1517950 582
1517960 582
1517970 582
1517980 582
1517990 582
1518000 582
1518010 582
1518020 583
1518030 585
1518040 585
1518050 587
1518060 589
1518070 589
1518080 589
1518090 589
1518100 587
1518110 587
1518120 587
1518130 586
1518140 586
1518150 586
1518160 586
1518170 586
1518180 586
1518190 587
1518200 587
1518210 587
1518220 587
1518230 586
1518240 586
1518250 585
1518260 583
1518270 583
1518280 581
1518290 580
1518300 580
1518310 579
1518320 578
1518330 578
1518340 577
1518350 576
1518360 576
1518370 575
1518380 573
1518390 572
1518400 572
1518410 571
1518420 569
1518430 569
1518440 568
1518450 566
1518460 566
1518470 565
1518480 564
1518490 564
1518500 563
1518510 563
1518520 563
1518530 560
1518540 557
1518550 553
1518560 553
1518570 551
1518580 549
1518590 549
1518600 548
1518610 546
1518620 546
1518630 545
1518640 543
1518650 543
1518660 541
1518670 540
1518680 540
1518690 538
1518700 539
1518710 539
1518720 539
1518730 539
1518740 539
1518750 539
1518760 539
1518770 540
1518780 540
1518790 540
1518800 540
1518810 540
1518820 540
1518830 539
1518840 539
1518850 534
1518860 532
1518870 532
1518880 536
1518890 537
1518900 533
1518910 533
1518920 528
1518930 527
1518940 527
1518950 531
1518960 533
1518970 533
1518980 537
1518990 539
1519000 539
1519010 539
1519020 539
1519030 539
1519040 539
1519050 539
1519060 539
1519070 539
1519080 539
1519090 539
1519100 539
1519110 539
1519120 538
1519130 538
1519140 538
1519150 537
1519160 537
1519170 537
1519180 538
1519190 538
1519200 537
1519210 537
1519220 537
1519230 537
1519240 536
1519250 536
1519260 536
1519270 536
1519280 535
1519290 535
1519300 535
1519310 535
1519320 535
1519330 535
1519340 535
1519350 535
1519360 535
1519370 535
1519380 535
1519390 535
1519400 535
1519410 535
1519420 535
1519430 535
1519440 536
1519450 536
1519460 536
1519470 536
1519480 536
1519490 536
1519500 536
1519510 536
1519520 536
1519530 536
1519540 536
1519550 536
1519560 536
1519570 536
1519580 536
1519590 535
1519600 535
1519610 535
1519620 534
1519630 534
1519640 534
1519650 533
1519660 533
1519670 533
1519680 533
1519690 532
1519700 532
1519710 532
1519720 531
1519730 531
1519740 531
1519750 531
1519760 531
1519770 531
1519780 531
1519790 531
1519800 531
1519810 530
1519820 530
1519830 530
1519840 530
1519850 529
1519860 529
1519870 529
1519880 529
1519890 529
1519900 529
1519910 529
1519920 528
1519930 528
1519940 528
1519950 527
1519960 527
1519970 526
1519980 526
1519990 526
