1500000 909
1500010 909
1500020 912
1500030 917
1500040 917
1500050 921
1500060 923
1500070 923
1500080 926
1500090 928
1500100 928
1500110 931
1500120 934
1500130 934
1500140 937
1500150 940
1500160 943
1500170 943
1500180 947
1500190 949
1500200 949
1500210 954
1500220 958
1500230 958
1500240 962
1500250 965
1500260 965
1500270 967
1500280 973
1500290 973
1500300 978
1500310 981
1500320 985
1500330 985
1500340 989
1500350 993
1500360 993
1500370 998
1500380 1002
1500390 1002
1500400 1007
1500410 1010
1500420 1010
1500430 1013
1500440 1016
1500450 1016
1500460 1020
1500470 1024
1500480 1028
1500490 1028
1500500 1031
1500510 1035
1500520 1035
1500530 1038
1500540 1041
1500550 1041
1500560 1044
1500570 1047
1500580 1047
1500590 1050
1500600 1053
1500610 1053
1500620 1055
1500630 1059
1500640 1065
1500650 1065
1500660 1069
1500670 1073
1500680 1073
1500690 1076
1500700 1079
1500710 1079
1500720 1083
1500730 1087
1500740 1087
1500750 1091
1500760 1093
1500770 1093
1500780 1098
1500790 1102
1500800 1102
1500810 1106
1500820 1110
1500830 1113
1500840 1113
1500850 1114
1500860 1121
1500870 1121
1500880 1127
1500890 1134
1500900 1134
1500910 1140
1500920 1146
1500930 1146
1500940 1150
1500950 1155
1500960 1155
1500970 1159
1500980 1163
1500990 1168
1501000 1168
1501010 1171
1501020 1172
1501030 1172
1501040 1173
1501050 1170
1501060 1170
1501070 1169
1501080 1167
1501090 1167
1501100 1163
1501110 1157
1501120 1157
1501130 1154
1501140 1151
1501150 1145
1501160 1145
1501170 1138
1501180 1137
1501190 1137
1501200 1140
1501210 1143
1501220 1143
1501230 1149
1501240 1156
1501250 1156
1501260 1161
1501270 1168
1501280 1168
1501290 1171
1501300 1173
1501310 1174
1501320 1174
1501330 1175
1501340 1176
1501350 1176
1501360 1175
1501370 1175
1501380 1175
1501390 1176
1501400 1178
1501410 1178
1501420 1180
1501430 1184
1501440 1184
1501450 1189
1501460 1192
1501470 1192
1501480 1193
1501490 1197
1501500 1203
1501510 1203
1501520 1210
1501530 1215
1501540 1215
1501550 1219
1501560 1223
1501570 1223
1501580 1227
1501590 1232
1501600 1232
1501610 1236
1501620 1240
1501630 1240
1501640 1244
1501650 1246
1501660 1247
1501670 1247
1501680 1247
1501690 1247
1501700 1247
1501710 1251
1501720 1257
1501730 1257
1501740 1262
1501750 1269
1501760 1269
1501770 1276
1501780 1283
1501790 1283
1501800 1290
1501810 1298
1501820 1304
1501830 1304
1501840 1309
1501850 1312
1501860 1312
1501870 1315
1501880 1318
1501890 1318
1501900 1321
1501910 1324
1501920 1324
1501930 1327
1501940 1329
1501950 1329
1501960 1330
1501970 1331
1501980 1331
1501990 1331
1502000 1333
1502010 1335
1502020 1335
1502030 1336
1502040 1336
1502050 1336
1502060 1336
1502070 1335
1502080 1335
1502090 1336
1502100 1336
1502110 1336
1502120 1337
1502130 1341
1502140 1346
1502150 1346
1502160 1352
1502170 1358
1502180 1358
1502190 1365
1502200 1371
1502210 1371
1502220 1378
1502230 1384
1502240 1384
1502250 1389
1502260 1393
1502270 1393
1502280 1396
1502290 1398
1502300 1398
1502310 1398
1502320 1398
1502330 1397
1502340 1397
1502350 1395
1502360 1393
1502370 1393
1502380 1391
1502390 1388
1502400 1388
1502410 1385
1502420 1386
1502430 1386
1502440 1387
1502450 1387
1502460 1387
1502470 1389
1502480 1393
1502490 1399
1502500 1399
1502510 1404
1502520 1410
1502530 1410
1502540 1417
1502550 1421
1502560 1421
1502570 1426
1502580 1428
1502590 1428
1502600 1431
1502610 1434
1502620 1434
1502630 1435
1502640 1437
1502650 1438
1502660 1438
1502670 1441
1502680 1445
1502690 1445
1502700 1449
1502710 1452
1502720 1452
1502730 1455
1502740 1457
1502750 1457
1502760 1459
1502770 1461
1502780 1461
1502790 1462
1502800 1463
1502810 1464
1502820 1464
1502830 1466
1502840 1467
1502850 1467
1502860 1469
1502870 1471
1502880 1471
1502890 1473
1502900 1476
1502910 1476
1502920 1478
1502930 1479
1502940 1479
1502950 1482
1502960 1483
1502970 1484
1502980 1484
1502990 1484
1503000 1485
1503010 1485
1503020 1486
1503030 1486
1503040 1486
1503050 1486
1503060 1484
1503070 1484
1503080 1482
1503090 1480
1503100 1480
1503110 1477
1503120 1474
1503130 1474
1503140 1471
1503150 1469
1503160 1466
1503170 1466
1503180 1463
1503190 1461
1503200 1461
1503210 1460
1503220 1458
1503230 1458
1503240 1455
1503250 1453
1503260 1453
1503270 1454
1503280 1455
1503290 1455
1503300 1457
1503310 1460
1503320 1464
1503330 1464
1503340 1466
1503350 1467
1503360 1467
1503370 1467
1503380 1468
1503390 1468
1503400 1469
1503410 1470
1503420 1470
1503430 1472
1503440 1472
1503450 1472
1503460 1471
1503470 1468
1503480 1466
1503490 1466
1503500 1463
1503510 1458
1503520 1458
1503530 1451
1503540 1444
1503550 1444
1503560 1437
1503570 1432
1503580 1432
1503590 1427
1503600 1424
1503610 1424
1503620 1422
1503630 1425
1503640 1428
1503650 1428
1503660 1431
1503670 1436
1503680 1436
1503690 1441
1503700 1446
1503710 1446
1503720 1451
1503730 1456
1503740 1456
1503750 1461
1503760 1464
1503770 1464
1503780 1465
1503790 1466
1503800 1467
1503810 1467
1503820 1466
1503830 1463
1503840 1463
1503850 1460
1503860 1458
1503870 1458
1503880 1455
1503890 1451
1503900 1451
1503910 1445
1503920 1439
1503930 1439
1503940 1432
1503950 1426
1503960 1426
1503970 1420
1503980 1415
1503990 1415
1504000 1415
1504010 1416
1504020 1418
1504030 1418
1504040 1422
1504050 1425
1504060 1425
1504070 1428
1504080 1431
1504090 1431
1504100 1434
1504110 1438
1504120 1438
1504130 1440
1504140 1441
1504150 1441
1504160 1441
1504170 1441
1504180 1441
1504190 1441
1504200 1441
1504210 1441
1504220 1441
1504230 1441
1504240 1440
1504250 1440
1504260 1436
1504270 1433
1504280 1433
1504290 1429
1504300 1424
1504310 1418
1504320 1418
1504330 1414
1504340 1413
1504350 1413
1504360 1411
1504370 1409
1504380 1409
1504390 1408
1504400 1406
1504410 1406
1504420 1405
1504430 1403
1504440 1403
1504450 1401
1504460 1399
1504470 1396
1504480 1396
1504490 1394
1504500 1392
1504510 1392
1504520 1389
1504530 1384
1504540 1384
1504550 1378
1504560 1371
1504570 1371
1504580 1365
1504590 1359
1504600 1359
1504610 1354
1504620 1349
1504630 1343
1504640 1343
1504650 1339
1504660 1337
1504670 1337
1504680 1334
1504690 1332
1504700 1332
1504710 1330
1504720 1328
1504730 1328
1504740 1330
1504750 1330
1504760 1330
1504770 1327
1504780 1326
1504790 1326
1504800 1325
1504810 1326
1504820 1328
1504830 1328
1504840 1328
1504850 1329
1504860 1329
1504870 1329
1504880 1329
1504890 1329
1504900 1328
1504910 1326
1504920 1326
1504930 1324
1504940 1321
1504950 1321
1504960 1317
1504970 1313
1504980 1310
1504990 1310
1505000 1308
1505010 1305
1505020 1305
1505030 1301
1505040 1297
1505050 1297
1505060 1291
1505070 1283
1505080 1283
1505090 1276
1505100 1270
1505110 1270
1505120 1264
1505130 1258
1505140 1251
1505150 1251
1505160 1244
1505170 1237
1505180 1237
1505190 1231
1505200 1224
1505210 1224
1505220 1217
1505230 1210
1505240 1210
1505250 1202
1505260 1195
1505270 1195
1505280 1190
1505290 1185
1505300 1181
1505310 1185
1505320 1179
1505330 1172
1505340 1172
1505350 1165
1505360 1158
1505370 1158
1505380 1152
1505390 1147
1505400 1147
1505410 1142
1505420 1133
1505430 1133
1505440 1125
1505450 1120
1505460 1117
1505470 1117
1505480 1115
1505490 1114
1505500 1114
1505510 1115
1505520 1115
1505530 1115
1505540 1113
1505550 1107
1505560 1107
1505570 1102
1505580 1093
1505590 1093
1505600 1084
1505610 1075
1505620 1075
1505630 1066
1505640 1060
1505650 1056
1505660 1056
1505670 1050
1505680 1042
1505690 1042
1505700 1034
1505710 1028
1505720 1028
1505730 1021
1505740 1010
1505750 1010
1505760 997
1505770 986
1505780 986
1505790 976
1505800 967
1505810 957
1505820 957
1505830 945
1505840 934
1505850 934
1505860 925
1505870 931
1505880 931
1505890 944
1505900 954
1505910 954
1505920 961
1505930 967
1505940 967
1505950 974
1505960 979
1505970 987
1505980 987
1505990 995
1506000 1002
1506010 1002
1506020 1010
1506030 1017
1506040 1017
1506050 1025
1506060 1033
1506070 1033
1506080 1042
1506090 1051
1506100 1051
1506110 1059
1506120 1066
1506130 1071
1506140 1071
1506150 1075
1506160 1079
1506170 1079
1506180 1084
1506190 1088
1506200 1088
1506210 1092
1506220 1097
1506230 1097
1506240 1101
1506250 1106
1506260 1106
1506270 1111
1506280 1117
1506290 1121
1506300 1121
1506310 1125
1506320 1129
1506330 1129
1506340 1132
1506350 1136
1506360 1136
1506370 1140
1506380 1146
1506390 1146
1506400 1152
1506410 1159
1506420 1159
1506430 1165
1506440 1172
1506450 1172
1506460 1178
1506470 1183
1506480 1188
1506490 1188
1506500 1192
1506510 1198
1506520 1198
1506530 1203
1506540 1209
1506550 1209
1506560 1216
1506570 1224
1506580 1224
1506590 1231
1506600 1238
1506610 1238
1506620 1245
1506630 1253
1506640 1260
1506650 1260
1506660 1268
1506670 1277
1506680 1277
1506690 1285
1506700 1293
1506710 1293
1506720 1300
1506730 1308
1506740 1308
1506750 1315
1506760 1321
1506770 1321
1506780 1327
1506790 1332
1506800 1337
1506810 1337
1506820 1342
1506830 1347
1506840 1347
1506850 1350
1506860 1353
1506870 1353
1506880 1354
1506890 1354
1506900 1354
1506910 1352
1506920 1350
1506930 1350
1506940 1349
1506950 1348
1506960 1348
1506970 1348
1506980 1347
1506990 1347
1507000 1347
1507010 1349
1507020 1353
1507030 1353
1507040 1357
1507050 1360
1507060 1360
1507070 1363
1507080 1366
1507090 1366
1507100 1368
1507110 1370
1507120 1373
1507130 1373
1507140 1375
1507150 1378
1507160 1378
1507170 1382
1507180 1386
1507190 1386
1507200 1391
1507210 1395
1507220 1395
1507230 1398
1507240 1400
1507250 1400
1507260 1402
1507270 1404
1507280 1404
1507290 1407
1507300 1411
1507310 1414
1507320 1414
1507330 1419
1507340 1423
1507350 1423
1507360 1428
1507370 1433
1507380 1433
1507390 1438
1507400 1443
1507410 1443
1507420 1447
1507430 1450
1507440 1450
1507450 1455
1507460 1459
1507470 1463
1507480 1463
1507490 1466
1507500 1470
1507510 1470
1507520 1474
1507530 1476
1507540 1476
1507550 1479
1507560 1482
1507570 1482
1507580 1485
1507590 1488
1507600 1488
1507610 1491
1507620 1493
1507630 1495
1507640 1495
1507650 1498
1507660 1502
1507670 1502
1507680 1505
1507690 1508
1507700 1508
1507710 1512
1507720 1516
1507730 1516
1507740 1520
1507750 1524
1507760 1524
1507770 1526
1507780 1527
1507790 1529
1507800 1529
1507810 1530
1507820 1530
1507830 1530
1507840 1531
1507850 1532
1507860 1532
1507870 1533
1507880 1535
1507890 1535
1507900 1537
1507910 1538
1507920 1538
1507930 1540
1507940 1541
1507950 1543
1507960 1543
1507970 1544
1507980 1545
1507990 1545
1508000 1546
1508010 1547
1508020 1547
1508030 1546
1508040 1545
1508050 1545
1508060 1543
1508070 1541
1508080 1541
1508090 1540
1508100 1540
1508110 1540
1508120 1540
1508130 1538
1508140 1534
1508150 1534
1508160 1530
1508170 1525
1508180 1525
1508190 1520
1508200 1516
1508210 1516
1508220 1513
1508230 1509
1508240 1509
1508250 1505
1508260 1501
1508270 1501
1508280 1496
1508290 1491
1508300 1486
1508310 1486
1508320 1481
1508330 1475
1508340 1475
1508350 1468
1508360 1461
1508370 1461
1508380 1454
1508390 1447
1508400 1447
1508410 1437
1508420 1428
1508430 1428
1508440 1420
1508450 1409
1508460 1399
1508470 1399
1508480 1391
1508490 1384
1508500 1384
1508510 1377
1508520 1370
1508530 1370
1508540 1364
1508550 1358
1508560 1358
1508570 1352
1508580 1349
1508590 1349
1508600 1342
1508610 1337
1508620 1331
1508630 1331
1508640 1325
1508650 1318
1508660 1318
1508670 1313
1508680 1309
1508690 1309
1508700 1304
1508710 1299
1508720 1299
1508730 1294
1508740 1288
1508750 1288
1508760 1283
1508770 1279
1508780 1275
1508790 1275
1508800 1271
1508810 1266
1508820 1266
1508830 1262
1508840 1259
1508850 1259
1508860 1255
1508870 1251
1508880 1251
1508890 1245
1508900 1239
1508910 1239
1508920 1234
1508930 1231
1508940 1231
1508950 1229
1508960 1227
1508970 1223
1508980 1223
1508990 1217
1509000 1211
1509010 1211
1509020 1206
1509030 1200
1509040 1200
1509050 1195
1509060 1188
1509070 1188
1509080 1181
1509090 1174
1509100 1174
1509110 1168
1509120 1163
1509130 1158
1509140 1158
1509150 1153
1509160 1148
1509170 1148
1509180 1143
1509190 1138
1509200 1138
1509210 1134
1509220 1129
1509230 1129
1509240 1125
1509250 1121
1509260 1121
1509270 1118
1509280 1114
1509290 1111
1509300 1111
1509310 1108
1509320 1106
1509330 1106
1509340 1104
1509350 1101
1509360 1101
1509370 1099
1509380 1097
1509390 1097
1509400 1095
1509410 1093
1509420 1093
1509430 1091
1509440 1088
1509450 1086
1509460 1086
1509470 1084
1509480 1082
1509490 1082
1509500 1082
1509510 1081
1509520 1081
1509530 1082
1509540 1084
1509550 1084
1509560 1087
1509570 1091
1509580 1091
1509590 1096
1509600 1102
1509610 1107
1509620 1107
1509630 1111
1509640 1116
1509650 1116
1509660 1118
1509670 1119
1509680 1119
1509690 1118
1509700 1121
1509710 1121
1509720 1125
1509730 1129
1509740 1129
1509750 1131
1509760 1134
1509770 1134
1509780 1138
1509790 1142
1509800 1146
1509810 1146
1509820 1150
1509830 1154
1509840 1154
1509850 1156
1509860 1157
1509870 1157
1509880 1156
1509890 1153
1509900 1153
1509910 1150
1509920 1154
1509930 1154
1509940 1160
1509950 1166
1509960 1169
1509970 1169
1509980 1170
1509990 1170
1510000 1170
1510010 1171
1510020 1171
1510030 1171
1510040 1172
1510050 1174
1510060 1174
1510070 1176
1510080 1179
1510090 1179
1510100 1182
1510110 1184
1510120 1185
1510130 1185
1510140 1184
1510150 1184
1510160 1184
1510170 1185
1510180 1185
1510190 1185
1510200 1183
1510210 1182
1510220 1182
1510230 1182
1510240 1182
1510250 1182
1510260 1180
1510270 1179
1510280 1178
1510290 1178
1510300 1178
1510310 1178
1510320 1178
1510330 1178
1510340 1177
1510350 1177
1510360 1177
1510370 1176
1510380 1176
1510390 1176
1510400 1177
1510410 1177
1510420 1177
1510430 1176
1510440 1175
1510450 1175
1510460 1170
1510470 1164
1510480 1164
1510490 1159
1510500 1154
1510510 1154
1510520 1151
1510530 1148
1510540 1148
1510550 1144
1510560 1141
1510570 1141
1510580 1138
1510590 1136
1510600 1136
1510610 1135
1510620 1135
1510630 1134
1510640 1134
1510650 1132
1510660 1129
1510670 1129
1510680 1126
1510690 1115
1510700 1115
1510710 1113
1510720 1110
1510730 1110
1510740 1103
1510750 1097
1510760 1097
1510770 1093
1510780 1085
1510790 1076
1510800 1076
1510810 1074
1510820 1078
1510830 1078
1510840 1084
1510850 1088
1510860 1088
1510870 1090
1510880 1088
1510890 1088
1510900 1088
1510910 1092
1510920 1092
1510930 1097
1510940 1096
1510950 1089
1510960 1089
1510970 1085
1510980 1086
1510990 1086
1511000 1092
1511010 1097
1511020 1097
1511030 1098
1511040 1096
1511050 1096
1511060 1093
1511070 1089
1511080 1089
1511090 1085
1511100 1081
1511110 1078
1511120 1078
1511130 1078
1511140 1082
1511150 1082
1511160 1083
1511170 1082
1511180 1082
1511190 1082
1511200 1080
1511210 1080
1511220 1078
1511230 1075
1511240 1075
1511250 1072
1511260 1070
1511270 1064
1511280 1064
1511290 1058
1511300 1055
1511310 1055
1511320 1050
1511330 1044
1511340 1044
1511350 1040
1511360 1038
1511370 1038
1511380 1032
1511390 1029
1511400 1029
1511410 1030
1511420 1035
1511430 1035
1511440 1037
1511450 1037
1511460 1035
1511470 1035
1511480 1034
1511490 1032
1511500 1032
1511510 1030
1511520 1027
1511530 1027
1511540 1025
1511550 1020
1511560 1020
1511570 1016
1511580 1012
1511590 1012
1511600 1006
1511610 1000
1511620 996
1511630 996
1511640 994
1511650 991
1511660 991
1511670 986
1511680 981
1511690 981
1511700 977
1511710 973
1511720 973
1511730 969
1511740 965
1511750 965
1511760 964
1511770 963
1511780 961
1511790 961
1511800 958
1511810 953
1511820 953
1511830 949
1511840 945
1511850 945
1511860 940
1511870 936
1511880 936
1511890 932
1511900 929
1511910 929
1511920 926
1511930 923
1511940 920
1511950 920
1511960 918
1511970 916
1511980 916
1511990 913
1512000 911
1512010 911
1512020 910
1512030 908
1512040 908
1512050 906
1512060 904
1512070 904
1512080 901
1512090 898
1512100 895
1512110 895
1512120 893
1512130 891
1512140 891
1512150 888
1512160 886
1512170 886
1512180 884
1512190 882
1512200 882
1512210 881
1512220 881
1512230 881
1512240 880
1512250 879
1512260 877
1512270 877
1512280 876
1512290 875
1512300 875
1512310 874
1512320 873
1512330 873
1512340 873
1512350 871
1512360 871
1512370 870
1512380 869
1512390 869
1512400 867
1512410 865
1512420 865
1512430 864
1512440 863
1512450 861
1512460 861
1512470 859
1512480 857
1512490 857
1512500 856
1512510 855
1512520 855
1512530 853
1512540 852
1512550 852
1512560 850
1512570 848
1512580 848
1512590 846
1512600 844
1512610 843
1512620 843
1512630 841
1512640 839
1512650 839
1512660 837
1512670 836
1512680 836
1512690 834
1512700 831
1512710 831
1512720 829
1512730 827
1512740 827
1512750 828
1512760 828
1512770 828
1512780 828
1512790 827
1512800 827
1512810 827
1512820 827
1512830 826
1512840 826
1512850 823
1512860 820
1512870 820
1512880 818
1512890 816
1512900 816
1512910 813
1512920 812
1512930 812
1512940 812
1512950 811
1512960 809
1512970 809
1512980 806
1512990 804
1513000 804
1513010 802
1513020 801
1513030 801
1513040 800
1513050 800
1513060 800
1513070 800
1513080 801
1513090 800
1513100 800
1513110 800
1513120 800
1513130 800
1513140 801
1513150 801
1513160 801
1513170 801
1513180 801
1513190 801
1513200 802
1513210 803
1513220 803
1513230 803
1513240 803
1513250 803
1513260 803
1513270 803
1513280 802
1513290 802
1513300 802
1513310 801
1513320 801
1513330 801
1513340 802
1513350 802
1513360 803
1513370 805
1513380 805
1513390 807
1513400 807
1513410 807
1513420 808
1513430 808
1513440 808
1513450 808
1513460 807
1513470 806
1513480 806
1513490 807
1513500 808
1513510 808
1513520 809
1513530 810
1513540 810
1513550 811
1513560 810
1513570 810
1513580 809
1513590 808
1513600 806
1513610 806
1513620 804
1513630 802
1513640 802
1513650 803
1513660 804
1513670 804
1513680 806
1513690 807
1513700 807
1513710 807
1513720 807
1513730 807
1513740 807
1513750 804
1513760 802
1513770 802
1513780 798
1513790 790
1513800 790
1513810 784
1513820 781
1513830 781
1513840 776
1513850 771
1513860 771
1513870 769
1513880 768
1513890 768
1513900 767
1513910 762
1513920 759
1513930 759
1513940 757
1513950 755
1513960 755
1513970 753
1513980 754
1513990 754
1514000 753
1514010 753
1514020 753
1514030 754
1514040 757
1514050 757
1514060 758
1514070 759
1514080 759
1514090 761
1514100 762
1514110 764
1514120 764
1514130 766
1514140 767
1514150 767
1514160 770
1514170 770
1514180 770
1514190 767
1514200 764
1514210 764
1514220 761
1514230 760
1514240 760
1514250 761
1514260 761
1514270 761
1514280 761
1514290 760
1514300 758
1514310 758
1514320 756
1514330 753
1514340 753
1514350 752
1514360 751
1514370 751
1514380 748
1514390 745
1514400 745
1514410 741
1514420 736
1514430 730
1514440 730
1514450 724
1514460 717
1514470 717
1514480 710
1514490 703
1514500 703
1514510 696
1514520 691
1514530 691
1514540 688
1514550 686
1514560 686
1514570 685
1514580 684
1514590 682
1514600 682
1514610 678
1514620 675
1514630 675
1514640 672
1514650 668
1514660 668
1514670 665
1514680 663
1514690 663
1514700 659
1514710 656
1514720 656
1514730 652
1514740 649
1514750 645
1514760 645
1514770 641
1514780 636
1514790 636
1514800 631
1514810 626
1514820 626
1514830 619
1514840 614
1514850 614
1514860 604
1514870 596
1514880 596
1514890 606
1514900 618
1514910 618
1514920 625
1514930 628
1514940 630
1514950 630
1514960 633
1514970 638
1514980 638
1514990 643
1515000 650
1515010 650
1515020 657
1515030 663
1515040 663
1515050 669
1515060 672
1515070 672
1515080 675
1515090 678
1515100 681
1515110 681
1515120 685
1515130 689
1515140 689
1515150 693
1515160 697
1515170 697
1515180 701
1515190 704
1515200 704
1515210 707
1515220 710
1515230 710
1515240 712
1515250 714
1515260 715
1515270 715
1515280 717
1515290 720
1515300 720
1515310 723
1515320 726
1515330 726
1515340 729
1515350 733
1515360 733
1515370 737
1515380 742
1515390 742
1515400 747
1515410 752
1515420 756
1515430 756
1515440 759
1515450 761
1515460 761
1515470 763
1515480 764
1515490 764
1515500 765
1515510 766
1515520 766
1515530 768
1515540 770
1515550 770
1515560 771
1515570 772
1515580 773
1515590 773
1515600 774
1515610 775
1515620 775
1515630 776
1515640 776
1515650 776
1515660 774
1515670 771
1515680 771
1515690 767
1515700 767
1515710 767
1515720 764
1515730 760
1515740 760
1515750 758
1515760 757
1515770 755
1515780 755
1515790 752
1515800 750
1515810 750
1515820 749
1515830 747
1515840 747
1515850 746
1515860 746
1515870 746
1515880 745
1515890 744
1515900 744
1515910 743
1515920 741
1515930 738
1515940 738
1515950 736
1515960 733
1515970 733
1515980 731
1515990 729
1516000 729
1516010 727
1516020 725
1516030 725
1516040 721
1516050 716
1516060 716
1516070 712
1516080 709
1516090 705
1516100 705
1516110 703
1516120 701
1516130 701
1516140 699
1516150 698
1516160 698
1516170 697
1516180 697
1516190 697
1516200 697
1516210 697
1516220 697
1516230 696
1516240 696
1516250 696
1516260 696
1516270 696
1516280 695
1516290 695
1516300 695
1516310 695
1516320 695
1516330 695
1516340 696
1516350 696
1516360 697
1516370 697
1516380 697
1516390 698
1516400 699
1516410 699
1516420 699
1516430 698
1516440 695
1516450 695
1516460 692
1516470 688
1516480 688
1516490 685
1516500 683
1516510 683
1516520 682
1516530 682
1516540 682
1516550 681
1516560 681
1516570 681
1516580 681
1516590 682
1516600 682
1516610 682
1516620 683
1516630 685
1516640 685
1516650 686
1516660 687
1516670 687
1516680 687
1516690 686
1516700 686
1516710 685
1516720 684
1516730 684
1516740 682
1516750 680
1516760 676
1516770 676
1516780 673
1516790 670
1516800 670
1516810 669
1516820 669
1516830 669
1516840 669
1516850 670
1516860 670
1516870 669
1516880 668
1516890 668
1516900 667
1516910 666
1516920 664
1516930 664
1516940 661
1516950 658
1516960 658
1516970 656
1516980 654
1516990 654
1517000 652
1517010 650
1517020 650
1517030 650
1517040 648
1517050 648
1517060 647
1517070 645
1517080 643
1517090 643
1517100 641
1517110 639
1517120 639
1517130 638
1517140 637
1517150 637
1517160 636
1517170 635
1517180 635
1517190 633
1517200 631
1517210 631
1517220 628
1517230 626
1517240 625
1517250 625
1517260 620
1517270 614
1517280 614
1517290 611
1517300 610
1517310 610
1517320 610
1517330 610
1517340 610
1517350 610
1517360 612
1517370 612
1517380 615
1517390 616
1517400 616
1517410 616
1517420 616
1517430 617
1517440 617
1517450 615
1517460 611
1517470 611
1517480 607
1517490 605
1517500 605
1517510 604
1517520 602
1517530 602
1517540 600
1517550 599
1517560 599
1517570 597
1517580 595
1517590 593
1517600 593
1517610 591
1517620 590
1517630 590
1517640 589
1517650 588
1517660 588
1517670 588
1517680 587
1517690 587
1517700 586
1517710 585
1517720 585
1517730 583
1517740 582
1517750 581
1517760 581
1517770 580
1517780 580
1517790 580
1517800 580
1517810 580
1517820 580
1517830 581
1517840 582
1517850 582
1517860 582
1517870 583
1517880 583
1517890 586
1517900 587
1517910 588
1517920 588
1517930 588
1517940 588
1517950 588
1517960 587
1517970 586
1517980 586
1517990 586
1518000 586
1518010 586
1518020 585
1518030 585
1518040 585
1518050 584
1518060 583
1518070 583
1518080 583
1518090 582
1518100 581
1518110 581
1518120 580
1518130 578
1518140 578
1518150 576
1518160 574
1518170 574
1518180 571
1518190 570
1518200 570
1518210 569
1518220 568
1518230 568
1518240 567
1518250 567
1518260 565
1518270 565
1518280 562
1518290 559
1518300 559
1518310 557
1518320 555
1518330 555
1518340 553
1518350 552
1518360 552
1518370 552
1518380 551
1518390 551
1518400 550
1518410 548
1518420 546
1518430 546
1518440 544
1518450 541
1518460 541
1518470 539
1518480 539
1518490 539
1518500 538
1518510 538
1518520 538
1518530 537
1518540 534
1518550 534
1518560 532
1518570 528
1518580 524
1518590 524
1518600 521
1518610 519
1518620 519
1518630 519
1518640 518
1518650 518
1518660 518
1518670 518
1518680 518
1518690 516
1518700 516
1518710 516
1518720 515
1518730 515
1518740 515
1518750 515
1518760 516
1518770 516
1518780 516
1518790 516
1518800 516
1518810 516
1518820 516
1518830 516
1518840 516
1518850 516
1518860 516
1518870 516
1518880 517
1518890 517
1518900 517
1518910 517
1518920 517
1518930 517
1518940 517
1518950 517
1518960 517
1518970 517
1518980 517
1518990 517
1519000 517
1519010 516
1519020 516
1519030 516
1519040 516
1519050 516
1519060 516
1519070 517
1519080 518
1519090 518
1519100 518
1519110 519
1519120 520
1519130 520
1519140 522
1519150 522
1519160 522
1519170 526
1519180 527
1519190 527
1519200 527
1519210 527
1519220 527
1519230 527
1519240 527
1519250 527
1519260 527
1519270 527
1519280 527
1519290 527
1519300 527
1519310 527
1519320 527
1519330 528
1519340 528
1519350 528
1519360 528
1519370 528
1519380 528
1519390 529
1519400 529
1519410 529
1519420 529
1519430 530
1519440 530
1519450 530
1519460 530
1519470 531
1519480 531
1519490 532
1519500 532
1519510 532
1519520 532
1519530 531
1519540 531
1519550 531
1519560 530
1519570 529
1519580 529
1519590 529
1519600 528
1519610 528
1519620 527
1519630 527
1519640 527
1519650 527
1519660 527
1519670 527
1519680 526
1519690 526
1519700 526
1519710 526
1519720 525
1519730 524
1519740 524
1519750 522
1519760 520
1519770 520
1519780 519
1519790 519
1519800 519
1519810 518
1519820 518
1519830 518
1519840 518
1519850 518
1519860 518
1519870 517
1519880 517
1519890 517
1519900 517
1519910 516
1519920 516
1519930 516
1519940 516
1519950 517
1519960 517
1519970 518
1519980 519
1519990 519
