1500000 1087
1500010 1087
1500020 1086
1500030 1085
1500040 1085
1500050 1089
1500060 1096
1500070 1096
1500080 1104
1500090 1113
1500100 1113
1500110 1121
1500120 1130
1500130 1144
1500140 1144
1500150 1160
1500160 1165
1500170 1165
1500180 1169
1500190 1174
1500200 1174
1500210 1178
1500220 1183
1500230 1183
1500240 1185
1500250 1186
1500260 1186
1500270 1187
1500280 1188
1500290 1188
1500300 1188
1500310 1186
1500320 1184
1500330 1184
1500340 1184
1500350 1186
1500360 1186
1500370 1190
1500380 1195
1500390 1195
1500400 1200
1500410 1205
1500420 1205
1500430 1210
1500440 1213
1500450 1215
1500460 1215
1500470 1217
1500480 1219
1500490 1219
1500500 1221
1500510 1224
1500520 1224
1500530 1227
1500540 1232
1500550 1232
1500560 1237
1500570 1241
1500580 1241
1500590 1242
1500600 1245
1500610 1251
1500620 1251
1500630 1258
1500640 1265
1500650 1265
1500660 1272
1500670 1276
1500680 1276
1500690 1280
1500700 1283
1500710 1283
1500720 1284
1500730 1283
1500740 1283
1500750 1288
1500760 1295
1500770 1301
1500780 1301
1500790 1304
1500800 1306
1500810 1306
1500820 1310
1500830 1313
1500840 1313
1500850 1314
1500860 1315
1500870 1315
1500880 1318
1500890 1324
1500900 1324
1500910 1329
1500920 1333
1500930 1333
1500940 1338
1500950 1343
1500960 1347
1500970 1347
1500980 1353
1500990 1359
1501000 1359
1501010 1366
1501020 1372
1501030 1372
1501040 1378
1501050 1381
1501060 1381
1501070 1382
1501080 1383
1501090 1383
1501100 1384
1501110 1382
1501120 1379
1501130 1379
1501140 1375
1501150 1373
1501160 1373
1501170 1370
1501180 1367
1501190 1367
1501200 1364
1501210 1362
1501220 1362
1501230 1362
1501240 1361
1501250 1361
1501260 1357
1501270 1354
1501280 1351
1501290 1351
1501300 1348
1501310 1347
1501320 1347
1501330 1344
1501340 1341
1501350 1341
1501360 1337
1501370 1334
1501380 1334
1501390 1331
1501400 1328
1501410 1328
1501420 1325
1501430 1320
1501440 1315
1501450 1315
1501460 1311
1501470 1306
1501480 1306
1501490 1301
1501500 1296
1501510 1296
1501520 1292
1501530 1289
1501540 1289
1501550 1284
1501560 1280
1501570 1280
1501580 1275
1501590 1271
1501600 1267
1501610 1267
1501620 1263
1501630 1259
1501640 1259
1501650 1255
1501660 1251
1501670 1251
1501680 1248
1501690 1244
1501700 1244
1501710 1239
1501720 1232
1501730 1232
1501740 1228
1501750 1230
1501760 1230
1501770 1233
1501780 1237
1501790 1242
1501800 1242
1501810 1248
1501820 1254
1501830 1254
1501840 1261
1501850 1267
1501860 1267
1501870 1274
1501880 1280
1501890 1280
1501900 1287
1501910 1294
1501920 1294
1501930 1301
1501940 1307
1501950 1313
1501960 1313
1501970 1318
1501980 1323
1501990 1323
1502000 1327
1502010 1331
1502020 1331
1502030 1333
1502040 1335
1502050 1335
1502060 1337
1502070 1338
1502080 1338
1502090 1338
1502100 1339
1502110 1339
1502120 1339
1502130 1339
1502140 1339
1502150 1339
1502160 1338
1502170 1338
1502180 1338
1502190 1338
1502200 1338
1502210 1338
1502220 1340
1502230 1344
1502240 1344
1502250 1349
1502260 1354
1502270 1360
1502280 1360
1502290 1365
1502300 1370
1502310 1370
1502320 1375
1502330 1379
1502340 1379
1502350 1382
1502360 1385
1502370 1385
1502380 1388
1502390 1391
1502400 1391
1502410 1393
1502420 1395
1502430 1396
1502440 1396
1502450 1396
1502460 1396
1502470 1396
1502480 1398
1502490 1400
1502500 1400
1502510 1400
1502520 1400
1502530 1400
1502540 1398
1502550 1395
1502560 1395
1502570 1395
1502580 1396
1502590 1396
1502600 1398
1502610 1399
1502620 1402
1502630 1402
1502640 1404
1502650 1408
1502660 1408
1502670 1413
1502680 1417
1502690 1417
1502700 1422
1502710 1425
1502720 1425
1502730 1428
1502740 1428
1502750 1428
1502760 1428
1502770 1426
1502780 1423
1502790 1423
1502800 1420
1502810 1416
1502820 1416
1502830 1411
1502840 1408
1502850 1408
1502860 1406
1502870 1404
1502880 1404
1502890 1401
1502900 1399
1502910 1399
1502920 1400
1502930 1398
1502940 1391
1502950 1391
1502960 1384
1502970 1377
1502980 1377
1502990 1371
1503000 1364
1503010 1364
1503020 1357
1503030 1351
1503040 1351
1503050 1346
1503060 1340
1503070 1340
1503080 1333
1503090 1327
1503100 1320
1503110 1320
1503120 1314
1503130 1309
1503140 1309
1503150 1304
1503160 1299
1503170 1299
1503180 1294
1503190 1289
1503200 1289
1503210 1284
1503220 1278
1503230 1278
1503240 1270
1503250 1262
1503260 1255
1503270 1255
1503280 1249
1503290 1243
1503300 1243
1503310 1237
1503320 1233
1503330 1233
1503340 1230
1503350 1228
1503360 1228
1503370 1228
1503380 1228
1503390 1228
1503400 1228
1503410 1228
1503420 1228
1503430 1228
1503440 1227
1503450 1226
1503460 1226
1503470 1223
1503480 1221
1503490 1221
1503500 1219
1503510 1217
1503520 1217
1503530 1216
1503540 1217
1503550 1217
1503560 1218
1503570 1218
1503580 1218
1503590 1218
1503600 1217
1503610 1213
1503620 1213
1503630 1207
1503640 1206
1503650 1206
1503660 1205
1503670 1205
1503680 1205
1503690 1207
1503700 1210
1503710 1210
1503720 1214
1503730 1218
1503740 1218
1503750 1223
1503760 1228
1503770 1233
1503780 1233
1503790 1238
1503800 1246
1503810 1246
1503820 1250
1503830 1252
1503840 1252
1503850 1253
1503860 1253
1503870 1253
1503880 1252
1503890 1249
1503900 1249
1503910 1248
1503920 1249
1503930 1250
1503940 1250
1503950 1252
1503960 1252
1503970 1252
1503980 1250
1503990 1244
1504000 1244
1504010 1238
1504020 1232
1504030 1232
1504040 1227
1504050 1222
1504060 1222
1504070 1217
1504080 1215
1504090 1215
1504100 1215
1504110 1214
1504120 1212
1504130 1212
1504140 1208
1504150 1202
1504160 1202
1504170 1198
1504180 1195
1504190 1195
1504200 1195
1504210 1196
1504220 1196
1504230 1197
1504240 1199
1504250 1201
1504260 1201
1504270 1201
1504280 1206
1504290 1206
1504300 1209
1504310 1211
1504320 1211
1504330 1212
1504340 1211
1504350 1211
1504360 1211
1504370 1216
1504380 1216
1504390 1220
1504400 1223
1504410 1223
1504420 1226
1504430 1229
1504440 1232
1504450 1232
1504460 1235
1504470 1240
1504480 1240
1504490 1243
1504500 1244
1504510 1244
1504520 1245
1504530 1244
1504540 1244
1504550 1242
1504560 1238
1504570 1238
1504580 1232
1504590 1227
1504600 1226
1504610 1226
1504620 1228
1504630 1228
1504640 1228
1504650 1222
1504660 1217
1504670 1217
1504680 1215
1504690 1216
1504700 1216
1504710 1216
1504720 1217
1504730 1217
1504740 1215
1504750 1212
1504760 1206
1504770 1206
1504780 1201
1504790 1197
1504800 1197
1504810 1194
1504820 1191
1504830 1191
1504840 1189
1504850 1187
1504860 1187
1504870 1188
1504880 1190
1504890 1190
1504900 1190
1504910 1192
1504920 1194
1504930 1194
1504940 1193
1504950 1191
1504960 1191
1504970 1191
1504980 1191
1504990 1191
1505000 1190
1505010 1189
1505020 1189
1505030 1188
1505040 1187
1505050 1187
1505060 1184
1505070 1180
1505080 1176
1505090 1176
1505100 1170
1505110 1166
1505120 1166
1505130 1163
1505140 1158
1505150 1158
1505160 1154
1505170 1149
1505180 1149
1505190 1144
1505200 1141
1505210 1141
1505220 1136
1505230 1131
1505240 1131
1505250 1127
1505260 1122
1505270 1118
1505280 1118
1505290 1115
1505300 1111
1505310 1111
1505320 1108
1505330 1107
1505340 1107
1505350 1107
1505360 1107
1505370 1107
1505380 1107
1505390 1108
1505400 1108
1505410 1106
1505420 1100
1505430 1094
1505440 1094
1505450 1087
1505460 1080
1505470 1080
1505480 1074
1505490 1067
1505500 1067
1505510 1062
1505520 1056
1505530 1056
1505540 1051
1505550 1047
1505560 1047
1505570 1043
1505580 1037
1505590 1031
1505600 1031
1505610 1025
1505620 1021
1505630 1021
1505640 1017
1505650 1014
1505660 1014
1505670 1012
1505680 1011
1505690 1011
1505700 1008
1505710 1006
1505720 1006
1505730 1003
1505740 1000
1505750 997
1505760 997
1505770 993
1505780 988
1505790 988
1505800 981
1505810 975
1505820 975
1505830 972
1505840 976
1505850 976
1505860 982
1505870 982
1505880 982
1505890 974
1505900 967
1505910 969
1505920 969
1505930 974
1505940 979
1505950 979
1505960 985
1505970 989
1505980 989
1505990 995
1506000 1000
1506010 1000
1506020 1007
1506030 1015
1506040 1015
1506050 1024
1506060 1030
1506070 1034
1506080 1034
1506090 1037
1506100 1040
1506110 1040
1506120 1043
1506130 1045
1506140 1045
1506150 1047
1506160 1050
1506170 1050
1506180 1055
1506190 1062
1506200 1062
1506210 1065
1506220 1067
1506230 1067
1506240 1068
1506250 1072
1506260 1073
1506270 1073
1506280 1073
1506290 1076
1506300 1076
1506310 1080
1506320 1083
1506330 1083
1506340 1087
1506350 1092
1506360 1092
1506370 1098
1506380 1102
1506390 1102
1506400 1103
1506410 1104
1506420 1104
1506430 1104
1506440 1105
1506450 1105
1506460 1105
1506470 1107
1506480 1108
1506490 1108
1506500 1110
1506510 1111
1506520 1111
1506530 1113
1506540 1114
1506550 1114
1506560 1116
1506570 1117
1506580 1118
1506590 1118
1506600 1119
1506610 1119
1506620 1119
1506630 1120
1506640 1121
1506650 1121
1506660 1122
1506670 1123
1506680 1123
1506690 1124
1506700 1125
1506710 1125
1506720 1126
1506730 1126
1506740 1128
1506750 1128
1506760 1130
1506770 1132
1506780 1132
1506790 1134
1506800 1134
1506810 1134
1506820 1136
1506830 1135
1506840 1135
1506850 1136
1506860 1136
1506870 1136
1506880 1136
1506890 1140
1506900 1144
1506910 1144
1506920 1145
1506930 1146
1506940 1146
1506950 1150
1506960 1151
1506970 1151
1506980 1153
1506990 1154
1507000 1154
1507010 1155
1507020 1157
1507030 1157
1507040 1159
1507050 1161
1507060 1161
1507070 1163
1507080 1165
1507090 1167
1507100 1167
1507110 1169
1507120 1170
1507130 1170
1507140 1170
1507150 1170
1507160 1170
1507170 1168
1507180 1171
1507190 1171
1507200 1177
1507210 1182
1507220 1182
1507230 1187
1507240 1192
1507250 1196
1507260 1196
1507270 1200
1507280 1203
1507290 1203
1507300 1206
1507310 1207
1507320 1207
1507330 1208
1507340 1208
1507350 1208
1507360 1208
1507370 1209
1507380 1209
1507390 1210
1507400 1212
1507410 1215
1507420 1215
1507430 1216
1507440 1217
1507450 1217
1507460 1217
1507470 1215
1507480 1215
1507490 1212
1507500 1215
1507510 1215
1507520 1222
1507530 1225
1507540 1225
1507550 1225
1507560 1223
1507570 1227
1507580 1227
1507590 1231
1507600 1232
1507610 1232
1507620 1231
1507630 1229
1507640 1229
1507650 1230
1507660 1234
1507670 1234
1507680 1238
1507690 1241
1507700 1241
1507710 1239
1507720 1239
1507730 1238
1507740 1238
1507750 1236
1507760 1239
1507770 1239
1507780 1244
1507790 1248
1507800 1248
1507810 1248
1507820 1247
1507830 1247
1507840 1247
1507850 1249
1507860 1249
1507870 1251
1507880 1251
1507890 1255
1507900 1255
1507910 1261
1507920 1267
1507930 1267
1507940 1273
1507950 1277
1507960 1277
1507970 1283
1507980 1289
1507990 1289
1508000 1293
1508010 1297
1508020 1297
1508030 1300
1508040 1303
1508050 1303
1508060 1307
1508070 1310
1508080 1313
1508090 1313
1508100 1316
1508110 1319
1508120 1319
1508130 1321
1508140 1323
1508150 1323
1508160 1325
1508170 1326
1508180 1326
1508190 1326
1508200 1326
1508210 1326
1508220 1326
1508230 1326
1508240 1326
1508250 1326
1508260 1326
1508270 1325
1508280 1325
1508290 1324
1508300 1323
1508310 1323
1508320 1323
1508330 1324
1508340 1324
1508350 1324
1508360 1324
1508370 1324
1508380 1322
1508390 1321
1508400 1318
1508410 1318
1508420 1314
1508430 1308
1508440 1308
1508450 1301
1508460 1295
1508470 1295
1508480 1290
1508490 1284
1508500 1284
1508510 1279
1508520 1274
1508530 1274
1508540 1268
1508550 1263
1508560 1258
1508570 1258
1508580 1254
1508590 1250
1508600 1250
1508610 1246
1508620 1242
1508630 1242
1508640 1238
1508650 1235
1508660 1235
1508670 1233
1508680 1229
1508690 1229
1508700 1227
1508710 1226
1508720 1225
1508730 1225
1508740 1223
1508750 1220
1508760 1220
1508770 1217
1508780 1215
1508790 1215
1508800 1213
1508810 1211
1508820 1211
1508830 1209
1508840 1207
1508850 1207
1508860 1205
1508870 1203
1508880 1203
1508890 1201
1508900 1199
1508910 1198
1508920 1198
1508930 1196
1508940 1195
1508950 1195
1508960 1194
1508970 1194
1508980 1194
1508990 1193
1509000 1191
1509010 1191
1509020 1190
1509030 1189
1509040 1189
1509050 1188
1509060 1187
1509070 1186
1509080 1186
1509090 1186
1509100 1185
1509110 1185
1509120 1183
1509130 1181
1509140 1181
1509150 1179
1509160 1176
1509170 1176
1509180 1173
1509190 1171
1509200 1171
1509210 1169
1509220 1169
1509230 1168
1509240 1168
1509250 1167
1509260 1166
1509270 1166
1509280 1167
1509290 1167
1509300 1167
1509310 1166
1509320 1166
1509330 1166
1509340 1166
1509350 1168
1509360 1168
1509370 1169
1509380 1170
1509390 1172
1509400 1172
1509410 1174
1509420 1175
1509430 1175
1509440 1177
1509450 1177
1509460 1177
1509470 1176
1509480 1178
1509490 1178
1509500 1182
1509510 1186
1509520 1186
1509530 1187
1509540 1191
1509550 1194
1509560 1194
1509570 1197
1509580 1201
1509590 1201
1509600 1206
1509610 1210
1509620 1210
1509630 1215
1509640 1220
1509650 1220
1509660 1226
1509670 1230
1509680 1230
1509690 1235
1509700 1239
1509710 1239
1509720 1244
1509730 1249
1509740 1254
1509750 1254
1509760 1259
1509770 1264
1509780 1264
1509790 1269
1509800 1273
1509810 1273
1509820 1276
1509830 1280
1509840 1280
1509850 1283
1509860 1287
1509870 1287
1509880 1290
1509890 1293
1509900 1296
1509910 1296
1509920 1298
1509930 1301
1509940 1301
1509950 1303
1509960 1305
1509970 1305
1509980 1305
1509990 1304
1510000 1304
1510010 1301
1510020 1298
1510030 1298
1510040 1298
1510050 1301
1510060 1304
1510070 1304
1510080 1307
1510090 1311
1510100 1311
1510110 1314
1510120 1318
1510130 1318
1510140 1321
1510150 1325
1510160 1325
1510170 1328
1510180 1331
1510190 1331
1510200 1333
1510210 1336
1510220 1339
1510230 1339
1510240 1342
1510250 1345
1510260 1345
1510270 1349
1510280 1352
1510290 1352
1510300 1355
1510310 1358
1510320 1358
1510330 1362
1510340 1366
1510350 1366
1510360 1370
1510370 1373
1510380 1377
1510390 1377
1510400 1382
1510410 1387
1510420 1387
1510430 1392
1510440 1398
1510450 1398
1510460 1402
1510470 1406
1510480 1406
1510490 1409
1510500 1411
1510510 1411
1510520 1411
1510530 1411
1510540 1410
1510550 1410
1510560 1409
1510570 1408
1510580 1408
1510590 1407
1510600 1406
1510610 1406
1510620 1404
1510630 1403
1510640 1403
1510650 1404
1510660 1405
1510670 1405
1510680 1406
1510690 1407
1510700 1407
1510710 1408
1510720 1410
1510730 1411
1510740 1411
1510750 1411
1510760 1411
1510770 1411
1510780 1410
1510790 1407
1510800 1407
1510810 1405
1510820 1404
1510830 1404
1510840 1404
1510850 1404
1510860 1404
1510870 1402
1510880 1400
1510890 1397
1510900 1397
1510910 1394
1510920 1392
1510930 1392
1510940 1390
1510950 1388
1510960 1388
1510970 1387
1510980 1384
1510990 1384
1511000 1380
1511010 1375
1511020 1375
1511030 1369
1511040 1364
1511050 1359
1511060 1359
1511070 1354
1511080 1349
1511090 1349
1511100 1345
1511110 1341
1511120 1341
1511130 1338
1511140 1335
1511150 1335
1511160 1333
1511170 1334
1511180 1334
1511190 1334
1511200 1333
1511210 1334
1511220 1334
1511230 1334
1511240 1334
1511250 1334
1511260 1334
1511270 1334
1511280 1334
1511290 1334
1511300 1333
1511310 1333
1511320 1331
1511330 1329
1511340 1329
1511350 1326
1511360 1324
1511370 1322
1511380 1322
1511390 1320
1511400 1320
1511410 1320
1511420 1320
1511430 1317
1511440 1317
1511450 1312
1511460 1309
1511470 1309
1511480 1309
1511490 1311
1511500 1311
1511510 1313
1511520 1314
1511530 1314
1511540 1311
1511550 1306
1511560 1300
1511570 1300
1511580 1296
1511590 1294
1511600 1294
1511610 1292
1511620 1288
1511630 1288
1511640 1284
1511650 1280
1511660 1280
1511670 1276
1511680 1271
1511690 1271
1511700 1267
1511710 1265
1511720 1263
1511730 1263
1511740 1262
1511750 1261
1511760 1261
1511770 1260
1511780 1258
1511790 1258
1511800 1256
1511810 1254
1511820 1254
1511830 1252
1511840 1250
1511850 1250
1511860 1249
1511870 1248
1511880 1243
1511890 1243
1511900 1239
1511910 1236
1511920 1236
1511930 1233
1511940 1231
1511950 1231
1511960 1230
1511970 1226
1511980 1226
1511990 1221
1512000 1213
1512010 1213
1512020 1204
1512030 1199
1512040 1195
1512050 1195
1512060 1191
1512070 1186
1512080 1186
1512090 1180
1512100 1173
1512110 1173
1512120 1165
1512130 1160
1512140 1160
1512150 1155
1512160 1151
1512170 1151
1512180 1146
1512190 1140
1512200 1138
1512210 1138
1512220 1134
1512230 1131
1512240 1131
1512250 1128
1512260 1129
1512270 1129
1512280 1128
1512290 1124
1512300 1124
1512310 1117
1512320 1114
1512330 1114
1512340 1112
1512350 1109
1512360 1104
1512370 1104
1512380 1097
1512390 1090
1512400 1090
1512410 1082
1512420 1074
1512430 1074
1512440 1065
1512450 1058
1512460 1058
1512470 1055
1512480 1054
1512490 1054
1512500 1052
1512510 1049
1512520 1049
1512530 1045
1512540 1041
1512550 1037
1512560 1037
1512570 1029
1512580 1016
1512590 1016
1512600 1006
1512610 998
1512620 998
1512630 989
1512640 979
1512650 979
1512660 970
1512670 962
1512680 962
1512690 955
1512700 950
1512710 945
1512720 945
1512730 940
1512740 933
1512750 933
1512760 926
1512770 919
1512780 919
1512790 913
1512800 909
1512810 909
1512820 905
1512830 901
1512840 901
1512850 896
1512860 892
1512870 888
1512880 888
1512890 883
1512900 881
1512910 881
1512920 878
1512930 877
1512940 877
1512950 875
1512960 872
1512970 872
1512980 871
1512990 872
1513000 872
1513010 872
1513020 870
1513030 867
1513040 867
1513050 866
1513060 864
1513070 864
1513080 862
1513090 861
1513100 861
1513110 859
1513120 859
1513130 859
1513140 858
1513150 857
1513160 857
1513170 856
1513180 855
1513190 853
1513200 853
1513210 852
1513220 851
1513230 851
1513240 850
1513250 849
1513260 849
1513270 848
1513280 846
1513290 846
1513300 845
1513310 843
1513320 843
1513330 841
1513340 840
1513350 840
1513360 839
1513370 839
1513380 838
1513390 838
1513400 837
1513410 836
1513420 836
1513430 835
1513440 833
1513450 833
1513460 832
1513470 831
1513480 831
1513490 830
1513500 828
1513510 828
1513520 829
1513530 830
1513540 830
1513550 830
1513560 830
1513570 829
1513580 829
1513590 828
1513600 827
1513610 827
1513620 826
1513630 825
1513640 825
1513650 824
1513660 823
1513670 823
1513680 822
1513690 820
1513700 819
1513710 819
1513720 818
1513730 816
1513740 816
1513750 815
1513760 813
1513770 813
1513780 812
1513790 812
1513800 812
1513810 812
1513820 812
1513830 812
1513840 811
1513850 808
1513860 806
1513870 806
1513880 804
1513890 802
1513900 802
1513910 800
1513920 798
1513930 798
1513940 795
1513950 793
1513960 793
1513970 792
1513980 791
1513990 791
1514000 789
1514010 789
1514020 789
1514030 789
1514040 789
1514050 786
1514060 786
1514070 784
1514080 783
1514090 783
1514100 781
1514110 780
1514120 780
1514130 777
1514140 775
1514150 775
1514160 773
1514170 770
1514180 767
1514190 767
1514200 761
1514210 756
1514220 756
1514230 752
1514240 747
1514250 747
1514260 746
1514270 747
1514280 747
1514290 745
1514300 741
1514310 741
1514320 737
1514330 733
1514340 733
1514350 729
1514360 725
1514370 721
1514380 721
1514390 717
1514400 715
1514410 715
1514420 712
1514430 709
1514440 709
1514450 707
1514460 705
1514470 705
1514480 703
1514490 700
1514500 700
1514510 697
1514520 693
1514530 688
1514540 688
1514550 683
1514560 677
1514570 677
1514580 670
1514590 663
1514600 663
1514610 655
1514620 648
1514630 648
1514640 642
1514650 637
1514660 637
1514670 633
1514680 626
1514690 619
1514700 619
1514710 611
1514720 607
1514730 607
1514740 606
1514750 606
1514760 606
1514770 605
1514780 602
1514790 602
1514800 600
1514810 598
1514820 598
1514830 597
1514840 596
1514850 594
1514860 594
1514870 592
1514880 596
1514890 596
1514900 605
1514910 610
1514920 610
1514930 613
1514940 613
1514950 613
1514960 611
1514970 608
1514980 608
1514990 606
1515000 602
1515010 598
1515020 598
1515030 596
1515040 592
1515050 592
1515060 590
1515070 591
1515080 591
1515090 592
1515100 598
1515110 598
1515120 602
1515130 606
1515140 606
1515150 613
1515160 615
1515170 615
1515180 616
1515190 616
1515200 614
1515210 614
1515220 608
1515230 602
1515240 602
1515250 602
1515260 600
1515270 600
1515280 605
1515290 610
1515300 610
1515310 611
1515320 609
1515330 609
1515340 609
1515350 610
1515360 614
1515370 614
1515380 618
1515390 622
1515400 622
1515410 627
1515420 632
1515430 632
1515440 638
1515450 641
1515460 641
1515470 642
1515480 643
1515490 643
1515500 645
1515510 646
1515520 647
1515530 647
1515540 648
1515550 649
1515560 649
1515570 650
1515580 652
1515590 652
1515600 653
1515610 656
1515620 656
1515630 659
1515640 661
1515650 661
1515660 661
1515670 659
1515680 656
1515690 656
1515700 653
1515710 656
1515720 656
1515730 661
1515740 665
1515750 665
1515760 669
1515770 672
1515780 672
1515790 676
1515800 679
1515810 679
1515820 681
1515830 681
1515840 682
1515850 682
1515860 682
1515870 682
1515880 682
1515890 681
1515900 681
1515910 681
1515920 680
1515930 680
1515940 680
1515950 680
1515960 680
1515970 680
1515980 680
1515990 680
1516000 680
1516010 680
1516020 680
1516030 680
1516040 680
1516050 679
1516060 679
1516070 679
1516080 678
1516090 677
1516100 677
1516110 676
1516120 675
1516130 675
1516140 674
1516150 673
1516160 673
1516170 672
1516180 671
1516190 670
1516200 670
1516210 670
1516220 669
1516230 669
1516240 669
1516250 668
1516260 668
1516270 668
1516280 667
1516290 667
1516300 667
1516310 666
1516320 666
1516330 666
1516340 665
1516350 665
1516360 665
1516370 664
1516380 663
1516390 663
1516400 662
1516410 662
1516420 662
1516430 661
1516440 660
1516450 660
1516460 660
1516470 659
1516480 659
1516490 659
1516500 658
1516510 658
1516520 658
1516530 658
1516540 658
1516550 658
1516560 658
1516570 658
1516580 658
1516590 658
1516600 658
1516610 658
1516620 658
1516630 658
1516640 658
1516650 658
1516660 659
1516670 659
1516680 659
1516690 659
1516700 660
1516710 660
1516720 660
1516730 660
1516740 660
1516750 660
1516760 660
1516770 660
1516780 661
1516790 661
1516800 661
1516810 661
1516820 661
1516830 661
1516840 661
1516850 661
1516860 661
1516870 661
1516880 661
1516890 662
1516900 662
1516910 661
1516920 661
1516930 661
1516940 660
1516950 659
1516960 659
1516970 658
1516980 658
1516990 658
1517000 657
1517010 656
1517020 654
1517030 654
1517040 653
1517050 651
1517060 651
1517070 649
1517080 647
1517090 647
1517100 645
1517110 644
1517120 644
1517130 643
1517140 641
1517150 641
1517160 640
1517170 639
1517180 637
1517190 637
1517200 636
1517210 635
1517220 635
1517230 634
1517240 633
1517250 633
1517260 631
1517270 630
1517280 630
1517290 628
1517300 629
1517310 629
1517320 630
1517330 629
1517340 628
1517350 628
1517360 627
1517370 625
1517380 625
1517390 623
1517400 622
1517410 622
1517420 620
1517430 618
1517440 618
1517450 617
1517460 617
1517470 617
1517480 616
1517490 615
1517500 615
1517510 615
1517520 615
1517530 615
1517540 615
1517550 615
1517560 615
1517570 615
1517580 616
1517590 618
1517600 618
1517610 622
1517620 628
1517630 628
1517640 632
1517650 632
1517660 632
1517670 632
1517680 634
1517690 636
1517700 636
1517710 638
1517720 637
1517730 637
1517740 636
1517750 635
1517760 635
1517770 632
1517780 627
1517790 627
1517800 620
1517810 614
1517820 614
1517830 612
1517840 611
1517850 611
1517860 611
1517870 612
1517880 617
1517890 617
1517900 622
1517910 621
1517920 621
1517930 615
1517940 609
1517950 609
1517960 605
1517970 601
1517980 601
1517990 599
1518000 596
1518010 594
1518020 594
1518030 592
1518040 590
1518050 590
1518060 588
1518070 587
1518080 587
1518090 585
1518100 582
1518110 582
1518120 580
1518130 579
1518140 579
1518150 579
1518160 579
1518170 579
1518180 579
1518190 578
1518200 578
1518210 578
1518220 578
1518230 578
1518240 578
1518250 578
1518260 577
1518270 577
1518280 577
1518290 577
1518300 577
1518310 577
1518320 577
1518330 577
1518340 577
1518350 577
1518360 578
1518370 578
1518380 578
1518390 578
1518400 578
1518410 579
1518420 579
1518430 579
1518440 579
1518450 580
1518460 580
1518470 582
1518480 582
1518490 583
1518500 583
1518510 583
1518520 582
1518530 582
1518540 582
1518550 582
1518560 582
1518570 582
1518580 581
1518590 581
1518600 580
1518610 578
1518620 578
1518630 577
1518640 577
1518650 577
1518660 577
1518670 576
1518680 576
1518690 576
1518700 575
1518710 572
1518720 572
1518730 569
1518740 568
1518750 568
1518760 567
1518770 566
1518780 566
1518790 565
1518800 565
1518810 565
1518820 565
1518830 564
1518840 563
1518850 563
1518860 562
1518870 561
1518880 561
1518890 558
1518900 555
1518910 555
1518920 552
1518930 551
1518940 551
1518950 549
1518960 546
1518970 546
1518980 545
1518990 544
1519000 544
1519010 544
1519020 545
1519030 545
1519040 545
1519050 545
1519060 545
1519070 545
1519080 546
1519090 546
1519100 546
1519110 546
1519120 546
1519130 546
1519140 546
1519150 546
1519160 546
1519170 546
1519180 546
1519190 546
1519200 546
1519210 546
1519220 546
1519230 546
1519240 546
1519250 546
1519260 546
1519270 546
1519280 547
1519290 547
1519300 547
1519310 547
1519320 547
1519330 547
1519340 546
1519350 546
1519360 546
1519370 546
1519380 546
1519390 546
1519400 546
1519410 546
1519420 546
1519430 546
1519440 546
1519450 546
1519460 546
1519470 546
1519480 546
1519490 546
1519500 546
1519510 546
1519520 546
1519530 546
1519540 546
1519550 546
1519560 546
1519570 546
1519580 546
1519590 545
1519600 545
1519610 545
1519620 545
1519630 545
1519640 545
1519650 546
1519660 545
1519670 545
1519680 545
1519690 544
1519700 544
1519710 544
1519720 544
1519730 543
1519740 543
1519750 543
1519760 543
1519770 543
1519780 543
1519790 543
1519800 543
1519810 542
1519820 542
1519830 542
1519840 542
1519850 542
1519860 541
1519870 541
1519880 541
1519890 540
1519900 540
1519910 540
1519920 540
1519930 540
1519940 540
1519950 539
1519960 539
1519970 539
1519980 539
1519990 539
