1500000 1087
1500010 1090
1500020 1092
1500030 1092
1500040 1093
1500050 1095
1500060 1095
1500070 1097
1500080 1099
1500090 1101
1500100 1101
1500110 1103
1500120 1103
1500130 1103
1500140 1103
1500150 1103
1500160 1103
1500170 1103
1500180 1103
1500190 1103
1500200 1103
1500210 1102
1500220 1102
1500230 1100
1500240 1099
1500250 1097
1500260 1097
1500270 1095
1500280 1092
1500290 1092
1500300 1090
1500310 1087
1500320 1087
1500330 1085
1500340 1081
1500350 1081
1500360 1078
1500370 1073
1500380 1073
1500390 1069
1500400 1064
1500410 1058
1500420 1058
1500430 1053
1500440 1050
1500450 1050
1500460 1045
1500470 1039
1500480 1039
1500490 1032
1500500 1025
1500510 1025
1500520 1019
1500530 1012
1500540 1012
1500550 1006
1500560 1000
1500570 994
1500580 994
1500590 987
1500600 981
1500610 981
1500620 975
1500630 971
1500640 971
1500650 967
1500660 962
1500670 966
1500680 960
1500690 953
1500700 953
1500710 946
1500720 940
1500730 940
1500740 934
1500750 929
1500760 925
1500770 925
1500780 921
1500790 917
1500800 917
1500810 914
1500820 910
1500830 910
1500840 906
1500850 902
1500860 902
1500870 898
1500880 895
1500890 895
1500900 893
1500910 888
1500920 883
1500930 883
1500940 880
1500950 881
1500960 881
1500970 882
1500980 880
1500990 880
1501000 876
1501010 873
1501020 873
1501030 871
1501040 869
1501050 869
1501060 868
1501070 867
1501080 865
1501090 865
1501100 863
1501110 860
1501120 860
1501130 857
1501140 852
1501150 852
1501160 847
1501170 846
1501180 846
1501190 845
1501200 844
1501210 844
1501220 844
1501230 844
1501240 843
1501250 843
1501260 841
1501270 840
1501280 840
1501290 839
1501300 836
1501310 836
1501320 832
1501330 831
1501340 831
1501350 831
1501360 831
1501370 831
1501380 831
1501390 831
1501400 831
1501410 831
1501420 831
1501430 830
1501440 830
1501450 828
1501460 827
1501470 827
1501480 834
1501490 840
1501500 840
1501510 848
1501520 855
1501530 855
1501540 862
1501550 869
1501560 869
1501570 876
1501580 882
1501590 888
1501600 888
1501610 894
1501620 901
1501630 901
1501640 907
1501650 912
1501660 912
1501670 917
1501680 922
1501690 922
1501700 926
1501710 930
1501720 930
1501730 934
1501740 939
1501750 943
1501760 943
1501770 948
1501780 952
1501790 952
1501800 957
1501810 961
1501820 961
1501830 965
1501840 970
1501850 970
1501860 974
1501870 977
1501880 977
1501890 980
1501900 983
1501910 987
1501920 987
1501930 991
1501940 994
1501950 994
1501960 997
1501970 999
1501980 999
1501990 1001
1502000 1003
1502010 1003
1502020 1006
1502030 1009
1502040 1009
1502050 1010
1502060 1011
1502070 1011
1502080 1011
1502090 1010
1502100 1009
1502110 1009
1502120 1008
1502130 1005
1502140 1005
1502150 1003
1502160 1001
1502170 1001
1502180 1001
1502190 1001
1502200 1001
1502210 1000
1502220 1000
1502230 1000
1502240 999
1502250 997
1502260 993
1502270 993
1502280 989
1502290 984
1502300 984
1502310 977
1502320 970
1502330 970
1502340 963
1502350 958
1502360 958
1502370 956
1502380 954
1502390 954
1502400 954
1502410 953
1502420 953
1502430 953
1502440 955
1502450 956
1502460 956
1502470 957
1502480 956
1502490 956
1502500 954
1502510 953
1502520 953
1502530 951
1502540 950
1502550 950
1502560 947
1502570 939
1502580 929
1502590 929
1502600 918
1502610 910
1502620 910
1502630 903
1502640 902
1502650 902
1502660 906
1502670 913
1502680 913
1502690 923
1502700 932
1502710 932
1502720 941
1502730 949
1502740 949
1502750 956
1502760 963
1502770 968
1502780 968
1502790 970
1502800 972
1502810 972
1502820 972
1502830 974
1502840 974
1502850 975
1502860 976
1502870 976
1502880 977
1502890 978
1502900 978
1502910 979
1502920 983
1502930 987
1502940 987
1502950 991
1502960 996
1502970 996
1502980 1000
1502990 1004
1503000 1004
1503010 1008
1503020 1011
1503030 1011
1503040 1014
1503050 1018
1503060 1018
1503070 1021
1503080 1023
1503090 1023
1503100 1023
1503110 1026
1503120 1030
1503130 1030
1503140 1031
1503150 1031
1503160 1031
1503170 1032
1503180 1035
1503190 1035
1503200 1037
1503210 1042
1503220 1042
1503230 1044
1503240 1042
1503250 1040
1503260 1040
1503270 1037
1503280 1036
1503290 1036
1503300 1034
1503310 1030
1503320 1030
1503330 1027
1503340 1024
1503350 1024
1503360 1023
1503370 1022
1503380 1022
1503390 1022
1503400 1021
1503410 1020
1503420 1020
1503430 1019
1503440 1018
1503450 1018
1503460 1016
1503470 1010
1503480 1010
1503490 1007
1503500 1006
1503510 1006
1503520 1005
1503530 1004
1503540 1004
1503550 1001
1503560 998
1503570 998
1503580 996
1503590 995
1503600 995
1503610 995
1503620 994
1503630 995
1503640 995
1503650 996
1503660 997
1503670 997
1503680 998
1503690 998
1503700 998
1503710 1000
1503720 1003
1503730 1003
1503740 1004
1503750 1002
1503760 1000
1503770 1000
1503780 996
1503790 992
1503800 992
1503810 987
1503820 980
1503830 980
1503840 969
1503850 963
1503860 963
1503870 954
1503880 935
1503890 935
1503900 926
1503910 924
1503920 929
1503930 929
1503940 937
1503950 945
1503960 945
1503970 951
1503980 956
1503990 956
1504000 962
1504010 966
1504020 966
1504030 971
1504040 976
1504050 976
1504060 981
1504070 986
1504080 989
1504090 989
1504100 992
1504110 997
1504120 997
1504130 1002
1504140 1007
1504150 1007
1504160 1010
1504170 1011
1504180 1011
1504190 1011
1504200 1012
1504210 1012
1504220 1012
1504230 1010
1504240 1010
1504250 1008
1504260 1006
1504270 1007
1504280 1007
1504290 1007
1504300 1005
1504310 1005
1504320 1001
1504330 998
1504340 998
1504350 999
1504360 1003
1504370 1003
1504380 1002
1504390 998
1504400 998
1504410 994
1504420 990
1504430 984
1504440 984
1504450 978
1504460 967
1504470 967
1504480 955
1504490 956
1504500 956
1504510 964
1504520 971
1504530 971
1504540 978
1504550 984
1504560 984
1504570 989
1504580 991
1504590 993
1504600 993
1504610 996
1504620 1001
1504630 1001
1504640 1005
1504650 1009
1504660 1009
1504670 1014
1504680 1018
1504690 1018
1504700 1021
1504710 1024
1504720 1024
1504730 1027
1504740 1029
1504750 1032
1504760 1032
1504770 1034
1504780 1035
1504790 1035
1504800 1036
1504810 1034
1504820 1034
1504830 1034
1504840 1033
1504850 1033
1504860 1033
1504870 1032
1504880 1032
1504890 1031
1504900 1028
1504910 1028
1504920 1028
1504930 1029
1504940 1029
1504950 1029
1504960 1028
1504970 1029
1504980 1029
1504990 1030
1505000 1029
1505010 1029
1505020 1031
1505030 1033
1505040 1033
1505050 1033
1505060 1033
1505070 1033
1505080 1035
1505090 1038
1505100 1040
1505110 1040
1505120 1042
1505130 1045
1505140 1045
1505150 1049
1505160 1051
1505170 1051
1505180 1052
1505190 1055
1505200 1055
1505210 1056
1505220 1057
1505230 1057
1505240 1058
1505250 1058
1505260 1058
1505270 1058
1505280 1059
1505290 1059
1505300 1059
1505310 1061
1505320 1063
1505330 1063
1505340 1064
1505350 1066
1505360 1066
1505370 1067
1505380 1070
1505390 1070
1505400 1071
1505410 1072
1505420 1072
1505430 1072
1505440 1073
1505450 1073
1505460 1073
1505470 1073
1505480 1072
1505490 1072
1505500 1072
1505510 1070
1505520 1070
1505530 1069
1505540 1065
1505550 1065
1505560 1061
1505570 1057
1505580 1053
1505590 1053
1505600 1051
1505610 1049
1505620 1049
1505630 1048
1505640 1046
1505650 1046
1505660 1044
1505670 1042
1505680 1042
1505690 1041
1505700 1039
1505710 1039
1505720 1036
1505730 1034
1505740 1034
1505750 1031
1505760 1029
1505770 1026
1505780 1026
1505790 1025
1505800 1023
1505810 1023
1505820 1021
1505830 1018
1505840 1018
1505850 1017
1505860 1015
1505870 1015
1505880 1012
1505890 1008
1505900 1008
1505910 1001
1505920 994
1505930 987
1505940 987
1505950 979
1505960 972
1505970 972
1505980 966
1505990 960
1506000 960
1506010 953
1506020 946
1506030 946
1506040 937
1506050 930
1506060 930
1506070 924
1506080 917
1506090 911
1506100 911
1506110 904
1506120 898
1506130 898
1506140 891
1506150 884
1506160 884
1506170 878
1506180 872
1506190 872
1506200 867
1506210 861
1506220 861
1506230 855
1506240 847
1506250 840
1506260 840
1506270 832
1506280 825
1506290 825
1506300 817
1506310 810
1506320 810
1506330 803
1506340 797
1506350 797
1506360 791
1506370 788
1506380 788
1506390 785
1506400 788
1506410 788
1506420 793
1506430 799
1506440 803
1506450 803
1506460 806
1506470 809
1506480 809
1506490 811
1506500 814
1506510 814
1506520 819
1506530 824
1506540 824
1506550 829
1506560 834
1506570 834
1506580 839
1506590 843
1506600 846
1506610 846
1506620 851
1506630 855
1506640 855
1506650 861
1506660 866
1506670 866
1506680 871
1506690 876
1506700 876
1506710 878
1506720 877
1506730 877
1506740 873
1506750 876
1506760 882
1506770 882
1506780 887
1506790 891
1506800 891
1506810 893
1506820 896
1506830 896
1506840 901
1506850 905
1506860 905
1506870 909
1506880 913
1506890 913
1506900 919
1506910 924
1506920 929
1506930 929
1506940 934
1506950 939
1506960 939
1506970 943
1506980 946
1506990 946
1507000 951
1507010 957
1507020 957
1507030 962
1507040 969
1507050 969
1507060 975
1507070 979
1507080 979
1507090 984
1507100 990
1507110 994
1507120 994
1507130 998
1507140 1002
1507150 1002
1507160 1006
1507170 1010
1507180 1010
1507190 1011
1507200 1015
1507210 1015
1507220 1019
1507230 1023
1507240 1023
1507250 1026
1507260 1029
1507270 1032
1507280 1032
1507290 1036
1507300 1039
1507310 1039
1507320 1042
1507330 1044
1507340 1044
1507350 1045
1507360 1046
1507370 1046
1507380 1045
1507390 1044
1507400 1044
1507410 1042
1507420 1039
1507430 1034
1507440 1034
1507450 1029
1507460 1024
1507470 1024
1507480 1019
1507490 1014
1507500 1014
1507510 1008
1507520 1001
1507530 1001
1507540 994
1507550 986
1507560 986
1507570 989
1507580 998
1507590 1006
1507600 1006
1507610 1014
1507620 1022
1507630 1022
1507640 1028
1507650 1033
1507660 1033
1507670 1034
1507680 1036
1507690 1036
1507700 1038
1507710 1041
1507720 1041
1507730 1043
1507740 1045
1507750 1045
1507760 1048
1507770 1051
1507780 1053
1507790 1053
1507800 1056
1507810 1058
1507820 1058
1507830 1061
1507840 1063
1507850 1063
1507860 1065
1507870 1066
1507880 1066
1507890 1066
1507900 1067
1507910 1067
1507920 1067
1507930 1068
1507940 1068
1507950 1068
1507960 1068
1507970 1067
1507980 1067
1507990 1066
1508000 1063
1508010 1063
1508020 1061
1508030 1059
1508040 1059
1508050 1057
1508060 1055
1508070 1055
1508080 1053
1508090 1050
1508100 1048
1508110 1048
1508120 1045
1508130 1043
1508140 1043
1508150 1040
1508160 1037
1508170 1037
1508180 1034
1508190 1032
1508200 1032
1508210 1030
1508220 1027
1508230 1027
1508240 1024
1508250 1022
1508260 1020
1508270 1020
1508280 1019
1508290 1019
1508300 1019
1508310 1016
1508320 1014
1508330 1014
1508340 1013
1508350 1012
1508360 1012
1508370 1009
1508380 1007
1508390 1007
1508400 1004
1508410 1002
1508420 1001
1508430 1001
1508440 998
1508450 994
1508460 994
1508470 989
1508480 986
1508490 986
1508500 984
1508510 982
1508520 982
1508530 979
1508540 978
1508550 978
1508560 979
1508570 980
1508580 980
1508590 978
1508600 973
1508610 967
1508620 967
1508630 962
1508640 961
1508650 961
1508660 962
1508670 964
1508680 964
1508690 964
1508700 960
1508710 960
1508720 959
1508730 955
1508740 955
1508750 950
1508760 943
1508770 937
1508780 937
1508790 934
1508800 933
1508810 933
1508820 935
1508830 933
1508840 933
1508850 929
1508860 928
1508870 928
1508880 929
1508890 931
1508900 931
1508910 930
1508920 926
1508930 922
1508940 922
1508950 918
1508960 915
1508970 915
1508980 913
1508990 913
1509000 913
1509010 913
1509020 913
1509030 913
1509040 913
1509050 912
1509060 912
1509070 912
1509080 910
1509090 908
1509100 908
1509110 906
1509120 905
1509130 905
1509140 903
1509150 901
1509160 901
1509170 899
1509180 898
1509190 898
1509200 896
1509210 894
1509220 894
1509230 892
1509240 890
1509250 890
1509260 889
1509270 888
1509280 888
1509290 888
1509300 887
1509310 885
1509320 885
1509330 883
1509340 882
1509350 882
1509360 881
1509370 880
1509380 880
1509390 879
1509400 878
1509410 878
1509420 877
1509430 876
1509440 875
1509450 875
1509460 874
1509470 873
1509480 873
1509490 873
1509500 872
1509510 872
1509520 872
1509530 872
1509540 872
1509550 872
1509560 873
1509570 873
1509580 874
1509590 874
1509600 871
1509610 871
1509620 872
1509630 872
1509640 872
1509650 866
1509660 860
1509670 860
1509680 851
1509690 842
1509700 842
1509710 838
1509720 843
1509730 843
1509740 851
1509750 860
1509760 869
1509770 869
1509780 875
1509790 879
1509800 879
1509810 879
1509820 879
1509830 879
1509840 879
1509850 879
1509860 879
1509870 880
1509880 880
1509890 880
1509900 880
1509910 880
1509920 881
1509930 881
1509940 881
1509950 882
1509960 882
1509970 882
1509980 883
1509990 883
1510000 882
1510010 881
1510020 881
1510030 880
1510040 881
1510050 881
1510060 881
1510070 881
1510080 881
1510090 881
1510100 881
1510110 881
1510120 881
1510130 881
1510140 882
1510150 882
1510160 883
1510170 883
1510180 883
1510190 883
1510200 883
1510210 883
1510220 884
1510230 884
1510240 884
1510250 884
1510260 884
1510270 884
1510280 884
1510290 884
1510300 884
1510310 884
1510320 884
1510330 885
1510340 885
1510350 885
1510360 884
1510370 884
1510380 882
1510390 879
1510400 879
1510410 877
1510420 876
1510430 875
1510440 875
1510450 875
1510460 875
1510470 875
1510480 874
1510490 873
1510500 873
1510510 873
1510520 873
1510530 873
1510540 872
1510550 871
1510560 871
1510570 871
1510580 870
1510590 869
1510600 869
1510610 869
1510620 869
1510630 869
1510640 869
1510650 868
1510660 868
1510670 867
1510680 867
1510690 867
1510700 868
1510710 868
1510720 868
1510730 868
1510740 868
1510750 868
1510760 868
1510770 867
1510780 867
1510790 867
1510800 867
1510810 866
1510820 866
1510830 866
1510840 866
1510850 866
1510860 865
1510870 865
1510880 865
1510890 864
1510900 864
1510910 864
1510920 863
1510930 863
1510940 863
1510950 863
1510960 863
1510970 862
1510980 862
1510990 860
1511000 858
1511010 858
1511020 857
1511030 857
1511040 857
1511050 855
1511060 852
1511070 852
1511080 850
1511090 847
1511100 844
1511110 844
1511120 842
1511130 839
1511140 839
1511150 837
1511160 835
1511170 835
1511180 832
1511190 831
1511200 831
1511210 830
1511220 828
1511230 828
1511240 825
1511250 823
1511260 821
1511270 821
1511280 820
1511290 818
1511300 818
1511310 816
1511320 814
1511330 814
1511340 812
1511350 811
1511360 811
1511370 810
1511380 810
1511390 810
1511400 811
1511410 811
1511420 811
1511430 811
1511440 811
1511450 812
1511460 812
1511470 813
1511480 813
1511490 813
1511500 814
1511510 814
1511520 814
1511530 814
1511540 814
1511550 814
1511560 814
1511570 813
1511580 813
1511590 813
1511600 811
1511610 809
1511620 809
1511630 805
1511640 801
1511650 801
1511660 795
1511670 790
1511680 790
1511690 785
1511700 779
1511710 779
1511720 774
1511730 771
1511740 771
1511750 766
1511760 761
1511770 754
1511780 754
1511790 747
1511800 743
1511810 743
1511820 738
1511830 733
1511840 733
1511850 729
1511860 725
1511870 725
1511880 721
1511890 716
1511900 716
1511910 710
1511920 704
1511930 698
1511940 698
1511950 694
1511960 687
1511970 687
1511980 679
1511990 673
1512000 673
1512010 667
1512020 661
1512030 661
1512040 661
1512050 658
1512060 658
1512070 654
1512080 650
1512090 645
1512100 645
1512110 645
1512120 646
1512130 646
1512140 646
1512150 642
1512160 642
1512170 636
1512180 635
1512190 635
1512200 634
1512210 633
1512220 633
1512230 633
1512240 633
1512250 633
1512260 634
1512270 638
1512280 647
1512290 647
1512300 650
1512310 651
1512320 651
1512330 653
1512340 656
1512350 656
1512360 658
1512370 660
1512380 660
1512390 661
1512400 661
1512410 661
1512420 662
1512430 662
1512440 662
1512450 662
1512460 662
1512470 662
1512480 662
1512490 662
1512500 660
1512510 660
1512520 654
1512530 647
1512540 647
1512550 643
1512560 639
1512570 639
1512580 635
1512590 631
1512600 628
1512610 628
1512620 627
1512630 628
1512640 628
1512650 634
1512660 640
1512670 640
1512680 644
1512690 649
1512700 649
1512710 655
1512720 661
1512730 661
1512740 665
1512750 668
1512760 671
1512770 671
1512780 672
1512790 673
1512800 673
1512810 674
1512820 675
1512830 675
1512840 677
1512850 678
1512860 678
1512870 680
1512880 683
1512890 683
1512900 684
1512910 686
1512920 686
1512930 688
1512940 690
1512950 696
1512960 696
1512970 702
1512980 706
1512990 706
1513000 710
1513010 713
1513020 713
1513030 714
1513040 715
1513050 715
1513060 716
1513070 717
1513080 717
1513090 718
1513100 719
1513110 721
1513120 721
1513130 724
1513140 728
1513150 728
1513160 730
1513170 734
1513180 734
1513190 739
1513200 742
1513210 742
1513220 744
1513230 748
1513240 748
1513250 751
1513260 751
1513270 754
1513280 754
1513290 757
1513300 759
1513310 759
1513320 760
1513330 760
1513340 760
1513350 763
1513360 765
1513370 765
1513380 767
1513390 768
1513400 768
1513410 770
1513420 772
1513430 772
1513440 772
1513450 772
1513460 770
1513470 770
1513480 772
1513490 775
1513500 775
1513510 777
1513520 779
1513530 779
1513540 781
1513550 782
1513560 782
1513570 782
1513580 781
1513590 781
1513600 781
1513610 783
1513620 784
1513630 784
1513640 786
1513650 786
1513660 786
1513670 785
1513680 783
1513690 783
1513700 783
1513710 788
1513720 788
1513730 794
1513740 797
1513750 797
1513760 798
1513770 800
1513780 800
1513790 800
1513800 800
1513810 801
1513820 801
1513830 803
1513840 805
1513850 805
1513860 808
1513870 811
1513880 811
1513890 812
1513900 813
1513910 813
1513920 815
1513930 815
1513940 815
1513950 815
1513960 815
1513970 815
1513980 815
1513990 814
1514000 813
1514010 813
1514020 811
1514030 809
1514040 809
1514050 806
1514060 804
1514070 804
1514080 802
1514090 801
1514100 799
1514110 799
1514120 798
1514130 796
1514140 796
1514150 794
1514160 792
1514170 792
1514180 789
1514190 787
1514200 787
1514210 785
1514220 784
1514230 784
1514240 783
1514250 782
1514260 781
1514270 781
1514280 780
1514290 780
1514300 780
1514310 780
1514320 781
1514330 781
1514340 782
1514350 782
1514360 782
1514370 781
1514380 780
1514390 780
1514400 779
1514410 776
1514420 776
1514430 773
1514440 769
1514450 764
1514460 764
1514470 762
1514480 760
1514490 760
1514500 757
1514510 754
1514520 754
1514530 752
1514540 750
1514550 750
1514560 749
1514570 748
1514580 748
1514590 747
1514600 746
1514610 745
1514620 745
1514630 744
1514640 743
1514650 743
1514660 743
1514670 742
1514680 742
1514690 741
1514700 739
1514710 739
1514720 736
1514730 733
1514740 733
1514750 730
1514760 727
1514770 725
1514780 725
1514790 723
1514800 722
1514810 722
1514820 721
1514830 721
1514840 721
1514850 720
1514860 719
1514870 719
1514880 717
1514890 714
1514900 714
1514910 710
1514920 705
1514930 701
1514940 701
1514950 696
1514960 692
1514970 692
1514980 687
1514990 683
1515000 683
1515010 679
1515020 677
1515030 677
1515040 674
1515050 670
1515060 670
1515070 667
1515080 663
1515090 663
1515100 660
1515110 657
1515120 653
1515130 653
1515140 650
1515150 647
1515160 647
1515170 644
1515180 642
1515190 642
1515200 640
1515210 638
1515220 638
1515230 637
1515240 636
1515250 636
1515260 634
1515270 632
1515280 631
1515290 631
1515300 630
1515310 629
1515320 629
1515330 628
1515340 627
1515350 627
1515360 627
1515370 627
1515380 627
1515390 627
1515400 627
1515410 627
1515420 627
1515430 627
1515440 626
1515450 626
1515460 626
1515470 626
1515480 626
1515490 626
1515500 626
1515510 626
1515520 626
1515530 627
1515540 627
1515550 629
1515560 630
1515570 630
1515580 630
1515590 631
1515600 630
1515610 630
1515620 629
1515630 627
1515640 627
1515650 623
1515660 621
1515670 621
1515680 617
1515690 615
1515700 615
1515710 620
1515720 622
1515730 622
1515740 622
1515750 622
1515760 622
1515770 621
1515780 621
1515790 621
1515800 621
1515810 620
1515820 619
1515830 619
1515840 617
1515850 617
1515860 617
1515870 616
1515880 614
1515890 614
1515900 613
1515910 612
1515920 612
1515930 611
1515940 610
1515950 610
1515960 610
1515970 608
1515980 608
1515990 608
1516000 608
1516010 608
1516020 608
1516030 604
1516040 599
1516050 599
1516060 593
1516070 589
1516080 589
1516090 586
1516100 584
1516110 582
1516120 582
1516130 578
1516140 572
1516150 572
1516160 567
1516170 567
1516180 567
1516190 569
1516200 571
1516210 571
1516220 570
1516230 568
1516240 568
1516250 567
1516260 566
1516270 565
1516280 565
1516290 564
1516300 564
1516310 564
1516320 563
1516330 561
1516340 561
1516350 557
1516360 554
1516370 554
1516380 552
1516390 550
1516400 550
1516410 549
1516420 549
1516430 550
1516440 552
1516450 554
1516460 554
1516470 554
1516480 554
1516490 552
1516500 552
1516510 550
1516520 546
1516530 546
1516540 543
1516550 538
1516560 538
1516570 532
1516580 527
1516590 527
1516600 522
1516610 519
1516620 518
1516630 518
1516640 517
1516650 517
1516660 517
1516670 517
1516680 517
1516690 517
1516700 517
1516710 517
1516720 517
1516730 517
1516740 516
1516750 516
1516760 516
1516770 516
1516780 516
1516790 516
1516800 516
1516810 516
1516820 516
1516830 515
1516840 514
1516850 514
1516860 514
1516870 514
1516880 514
1516890 514
1516900 514
1516910 514
1516920 514
1516930 515
1516940 515
1516950 515
1516960 516
1516970 515
1516980 515
1516990 514
1517000 514
1517010 514
1517020 514
1517030 514
1517040 514
1517050 514
1517060 514
1517070 514
1517080 514
1517090 514
1517100 514
1517110 514
1517120 514
1517130 514
1517140 514
1517150 514
1517160 514
1517170 514
1517180 514
1517190 513
1517200 513
1517210 513
1517220 513
1517230 513
1517240 512
1517250 512
1517260 512
1517270 512
1517280 512
1517290 512
1517300 512
1517310 512
1517320 512
1517330 512
1517340 512
1517350 512
1517360 512
1517370 512
1517380 512
1517390 512
1517400 513
1517410 513
1517420 513
1517430 513
1517440 514
1517450 513
1517460 513
1517470 513
1517480 513
1517490 513
1517500 512
1517510 512
1517520 512
1517530 512
1517540 512
1517550 512
1517560 512
1517570 512
1517580 512
1517590 512
1517600 512
1517610 512
1517620 512
1517630 512
1517640 512
1517650 512
1517660 512
1517670 512
1517680 512
1517690 513
1517700 513
1517710 513
1517720 513
1517730 513
1517740 513
1517750 513
1517760 513
1517770 513
1517780 513
1517790 513
1517800 513
1517810 513
1517820 513
1517830 513
1517840 513
1517850 513
1517860 513
1517870 513
1517880 513
1517890 513
1517900 513
1517910 513
1517920 513
1517930 513
1517940 512
1517950 512
1517960 512
1517970 512
1517980 512
1517990 512
1518000 512
1518010 512
1518020 512
1518030 512
1518040 512
1518050 512
1518060 512
1518070 512
1518080 512
1518090 512
1518100 512
1518110 512
1518120 512
1518130 512
1518140 511
1518150 511
1518160 511
1518170 511
1518180 511
1518190 511
1518200 511
1518210 510
1518220 510
1518230 510
1518240 510
1518250 510
1518260 510
1518270 510
1518280 510
1518290 510
1518300 510
1518310 510
1518320 510
1518330 510
1518340 510
1518350 510
1518360 510
1518370 510
1518380 510
1518390 510
1518400 510
1518410 510
1518420 510
1518430 510
1518440 510
1518450 510
1518460 510
1518470 510
1518480 510
1518490 510
1518500 510
1518510 510
1518520 510
1518530 510
1518540 510
1518550 510
1518560 510
1518570 510
1518580 510
1518590 510
1518600 510
1518610 510
1518620 510
1518630 511
1518640 511
1518650 511
1518660 511
1518670 511
1518680 511
1518690 511
1518700 511
1518710 511
1518720 511
1518730 511
1518740 511
1518750 511
1518760 511
1518770 511
1518780 511
1518790 511
1518800 511
1518810 511
1518820 511
1518830 511
1518840 511
1518850 511
1518860 511
1518870 511
1518880 511
1518890 511
1518900 511
1518910 511
1518920 511
1518930 511
1518940 511
1518950 511
1518960 511
1518970 511
1518980 511
1518990 511
1519000 511
1519010 511
1519020 511
1519030 511
1519040 511
1519050 511
1519060 511
1519070 511
1519080 511
1519090 510
1519100 511
1519110 511
1519120 511
1519130 511
1519140 511
1519150 511
1519160 511
1519170 511
1519180 511
1519190 511
1519200 511
1519210 511
1519220 511
1519230 511
1519240 511
1519250 511
1519260 511
1519270 511
1519280 511
1519290 511
1519300 511
1519310 511
1519320 511
1519330 511
1519340 511
1519350 511
1519360 511
1519370 511
1519380 510
1519390 511
1519400 511
1519410 511
1519420 511
1519430 511
1519440 511
1519450 511
1519460 511
1519470 511
1519480 511
1519490 511
1519500 511
1519510 510
1519520 510
1519530 510
1519540 510
1519550 510
1519560 510
1519570 510
1519580 510
1519590 510
1519600 510
1519610 510
1519620 510
1519630 510
1519640 511
1519650 511
1519660 511
1519670 511
1519680 511
1519690 511
1519700 511
1519710 511
1519720 511
1519730 510
1519740 509
1519750 509
1519760 507
1519770 506
1519780 505
1519790 505
1519800 505
1519810 505
1519820 505
1519830 505
1519840 505
1519850 505
1519860 505
1519870 505
1519880 505
1519890 505
1519900 505
1519910 505
1519920 505
1519930 505
1519940 505
1519950 505
1519960 506
1519970 507
1519980 507
1519990 508
