1500000 1235
1500010 1240
1500020 1243
1500030 1243
1500040 1247
1500050 1250
1500060 1250
1500070 1252
1500080 1253
1500090 1253
1500100 1254
1500110 1255
1500120 1254
1500130 1254
1500140 1253
1500150 1251
1500160 1251
1500170 1249
1500180 1247
1500190 1247
1500200 1246
1500210 1246
1500220 1246
1500230 1244
1500240 1241
1500250 1241
1500260 1237
1500270 1232
1500280 1228
1500290 1228
1500300 1224
1500310 1220
1500320 1220
1500330 1214
1500340 1208
1500350 1208
1500360 1202
1500370 1196
1500380 1196
1500390 1191
1500400 1186
1500410 1186
1500420 1182
1500430 1177
1500440 1173
1500450 1173
1500460 1168
1500470 1164
1500480 1164
1500490 1158
1500500 1151
1500510 1151
1500520 1144
1500530 1137
1500540 1137
1500550 1131
1500560 1123
1500570 1123
1500580 1111
1500590 1102
1500600 1092
1500610 1092
1500620 1079
1500630 1068
1500640 1068
1500650 1066
1500660 1068
1500670 1068
1500680 1071
1500690 1072
1500700 1072
1500710 1069
1500720 1062
1500730 1062
1500740 1057
1500750 1053
1500760 1053
1500770 1050
1500780 1048
1500790 1046
1500800 1046
1500810 1044
1500820 1042
1500830 1042
1500840 1041
1500850 1040
1500860 1040
1500870 1038
1500880 1035
1500890 1035
1500900 1030
1500910 1021
1500920 1021
1500930 1011
1500940 1005
1500950 1005
1500960 1005
1500970 1001
1500980 994
1500990 994
1501000 988
1501010 982
1501020 982
1501030 975
1501040 969
1501050 969
1501060 963
1501070 956
1501080 956
1501090 950
1501100 944
1501110 939
1501120 939
1501130 935
1501140 932
1501150 932
1501160 928
1501170 924
1501180 924
1501190 919
1501200 915
1501210 915
1501220 910
1501230 906
1501240 906
1501250 901
1501260 896
1501270 891
1501280 891
1501290 886
1501300 882
1501310 882
1501320 878
1501330 874
1501340 874
1501350 870
1501360 867
1501370 867
1501380 863
1501390 860
1501400 860
1501410 856
1501420 854
1501430 854
1501440 851
1501450 849
1501460 846
1501470 846
1501480 843
1501490 840
1501500 840
1501510 837
1501520 833
1501530 833
1501540 831
1501550 829
1501560 829
1501570 829
1501580 828
1501590 828
1501600 828
1501610 827
1501620 827
1501630 827
1501640 827
1501650 826
1501660 826
1501670 825
1501680 824
1501690 824
1501700 823
1501710 822
1501720 822
1501730 822
1501740 822
1501750 822
1501760 822
1501770 821
1501780 823
1501790 823
1501800 826
1501810 829
1501820 829
1501830 834
1501840 841
1501850 841
1501860 846
1501870 851
1501880 851
1501890 856
1501900 861
1501910 861
1501920 864
1501930 867
1501940 869
1501950 869
1501960 870
1501970 870
1501980 870
1501990 873
1502000 876
1502010 876
1502020 877
1502030 877
1502040 877
1502050 877
1502060 876
1502070 876
1502080 874
1502090 871
1502100 871
1502110 869
1502120 867
1502130 866
1502140 866
1502150 866
1502160 866
1502170 866
1502180 866
1502190 865
1502200 865
1502210 864
1502220 860
1502230 860
1502240 854
1502250 851
1502260 851
1502270 848
1502280 844
1502290 840
1502300 840
1502310 838
1502320 836
1502330 836
1502340 834
1502350 832
1502360 832
1502370 827
1502380 817
1502390 817
1502400 812
1502410 810
1502420 810
1502430 809
1502440 808
1502450 808
1502460 808
1502470 808
1502480 808
1502490 808
1502500 808
1502510 809
1502520 809
1502530 809
1502540 809
1502550 809
1502560 808
1502570 808
1502580 808
1502590 808
1502600 807
1502610 807
1502620 807
1502630 806
1502640 806
1502650 806
1502660 806
1502670 804
1502680 804
1502690 805
1502700 806
1502710 806
1502720 805
1502730 805
1502740 805
1502750 805
1502760 805
1502770 805
1502780 806
1502790 806
1502800 806
1502810 806
1502820 805
1502830 805
1502840 805
1502850 804
1502860 803
1502870 803
1502880 803
1502890 804
1502900 804
1502910 804
1502920 805
1502930 805
1502940 806
1502950 807
1502960 808
1502970 808
1502980 808
1502990 808
1503000 808
1503010 808
1503020 807
1503030 807
1503040 805
1503050 806
1503060 806
1503070 809
1503080 813
1503090 813
1503100 818
1503110 822
1503120 828
1503130 828
1503140 834
1503150 835
1503160 835
1503170 834
1503180 835
1503190 835
1503200 834
1503210 833
1503220 833
1503230 832
1503240 832
1503250 832
1503260 833
1503270 833
1503280 833
1503290 833
1503300 834
1503310 834
1503320 834
1503330 835
1503340 837
1503350 837
1503360 836
1503370 840
1503380 840
1503390 845
1503400 848
1503410 848
1503420 849
1503430 847
1503440 846
1503450 846
1503460 848
1503470 849
1503480 849
1503490 851
1503500 853
1503510 853
1503520 853
1503530 849
1503540 849
1503550 847
1503560 846
1503570 846
1503580 843
1503590 837
1503600 837
1503610 835
1503620 831
1503630 826
1503640 826
1503650 820
1503660 812
1503670 812
1503680 811
1503690 812
1503700 812
1503710 815
1503720 817
1503730 817
1503740 814
1503750 812
1503760 812
1503770 811
1503780 801
1503790 799
1503800 799
1503810 807
1503820 811
1503830 811
1503840 813
1503850 809
1503860 809
1503870 800
1503880 793
1503890 793
1503900 791
1503910 790
1503920 790
1503930 789
1503940 796
1503950 803
1503960 803
1503970 810
1503980 811
1503990 811
1504000 808
1504010 805
1504020 805
1504030 803
1504040 801
1504050 801
1504060 799
1504070 797
1504080 797
1504090 797
1504100 798
1504110 796
1504120 796
1504130 795
1504140 794
1504150 794
1504160 795
1504170 796
1504180 796
1504190 796
1504200 796
1504210 796
1504220 797
1504230 801
1504240 801
1504250 802
1504260 801
1504270 801
1504280 800
1504290 801
1504300 803
1504310 803
1504320 805
1504330 809
1504340 809
1504350 815
1504360 821
1504370 821
1504380 827
1504390 834
1504400 834
1504410 841
1504420 848
1504430 848
1504440 855
1504450 862
1504460 866
1504470 866
1504480 870
1504490 874
1504500 874
1504510 879
1504520 883
1504530 883
1504540 885
1504550 890
1504560 890
1504570 894
1504580 894
1504590 894
1504600 892
1504610 895
1504620 898
1504630 898
1504640 900
1504650 901
1504660 901
1504670 903
1504680 905
1504690 905
1504700 906
1504710 906
1504720 906
1504730 907
1504740 909
1504750 909
1504760 913
1504770 916
1504780 917
1504790 917
1504800 915
1504810 913
1504820 913
1504830 913
1504840 912
1504850 912
1504860 910
1504870 906
1504880 906
1504890 905
1504900 903
1504910 903
1504920 899
1504930 889
1504940 889
1504950 876
1504960 866
1504970 859
1504980 859
1504990 856
1505000 851
1505010 851
1505020 848
1505030 855
1505040 855
1505050 863
1505060 865
1505070 865
1505080 863
1505090 856
1505100 856
1505110 848
1505120 845
1505130 842
1505140 842
1505150 842
1505160 845
1505170 845
1505180 842
1505190 843
1505200 843
1505210 848
1505220 852
1505230 852
1505240 855
1505250 856
1505260 856
1505270 855
1505280 853
1505290 856
1505300 856
1505310 857
1505320 859
1505330 859
1505340 859
1505350 862
1505360 862
1505370 865
1505380 869
1505390 869
1505400 871
1505410 873
1505420 873
1505430 874
1505440 877
1505450 880
1505460 880
1505470 883
1505480 885
1505490 885
1505500 884
1505510 885
1505520 885
1505530 887
1505540 886
1505550 886
1505560 882
1505570 878
1505580 878
1505590 878
1505600 878
1505610 878
1505620 877
1505630 877
1505640 873
1505650 873
1505660 876
1505670 877
1505680 877
1505690 876
1505700 875
1505710 875
1505720 872
1505730 870
1505740 870
1505750 870
1505760 872
1505770 872
1505780 877
1505790 881
1505800 882
1505810 882
1505820 880
1505830 876
1505840 876
1505850 870
1505860 864
1505870 864
1505880 859
1505890 852
1505900 852
1505910 851
1505920 849
1505930 849
1505940 847
1505950 844
1505960 842
1505970 842
1505980 844
1505990 850
1506000 850
1506010 856
1506020 863
1506030 863
1506040 868
1506050 871
1506060 871
1506070 870
1506080 864
1506090 864
1506100 858
1506110 852
1506120 845
1506130 845
1506140 838
1506150 832
1506160 832
1506170 825
1506180 819
1506190 819
1506200 813
1506210 808
1506220 808
1506230 805
1506240 802
1506250 802
1506260 798
1506270 794
1506280 794
1506290 788
1506300 784
1506310 780
1506320 780
1506330 775
1506340 769
1506350 769
1506360 763
1506370 760
1506380 760
1506390 761
1506400 762
1506410 762
1506420 764
1506430 769
1506440 769
1506450 777
1506460 787
1506470 794
1506480 794
1506490 798
1506500 802
1506510 802
1506520 809
1506530 819
1506540 819
1506550 829
1506560 837
1506570 837
1506580 842
1506590 845
1506600 845
1506610 848
1506620 851
1506630 857
1506640 857
1506650 865
1506660 873
1506670 873
1506680 881
1506690 885
1506700 885
1506710 889
1506720 891
1506730 891
1506740 893
1506750 896
1506760 896
1506770 899
1506780 903
1506790 906
1506800 906
1506810 908
1506820 909
1506830 909
1506840 911
1506850 914
1506860 914
1506870 916
1506880 918
1506890 918
1506900 920
1506910 922
1506920 922
1506930 923
1506940 923
1506950 923
1506960 924
1506970 925
1506980 926
1506990 926
1507000 927
1507010 928
1507020 928
1507030 929
1507040 931
1507050 931
1507060 932
1507070 934
1507080 934
1507090 937
1507100 938
1507110 938
1507120 940
1507130 941
1507140 943
1507150 943
1507160 944
1507170 945
1507180 945
1507190 946
1507200 947
1507210 947
1507220 948
1507230 949
1507240 949
1507250 950
1507260 950
1507270 950
1507280 951
1507290 951
1507300 950
1507310 950
1507320 950
1507330 950
1507340 950
1507350 949
1507360 949
1507370 949
1507380 948
1507390 946
1507400 946
1507410 945
1507420 945
1507430 945
1507440 943
1507450 940
1507460 934
1507470 934
1507480 930
1507490 924
1507500 924
1507510 919
1507520 912
1507530 912
1507540 904
1507550 896
1507560 896
1507570 889
1507580 881
1507590 881
1507600 874
1507610 871
1507620 871
1507630 877
1507640 883
1507650 887
1507660 887
1507670 892
1507680 897
1507690 897
1507700 900
1507710 905
1507720 905
1507730 910
1507740 916
1507750 916
1507760 922
1507770 927
1507780 927
1507790 929
1507800 930
1507810 930
1507820 930
1507830 931
1507840 932
1507850 932
1507860 932
1507870 933
1507880 933
1507890 933
1507900 933
1507910 933
1507920 933
1507930 933
1507940 933
1507950 933
1507960 932
1507970 932
1507980 932
1507990 931
1508000 932
1508010 932
1508020 932
1508030 932
1508040 932
1508050 932
1508060 932
1508070 932
1508080 931
1508090 929
1508100 929
1508110 929
1508120 929
1508130 928
1508140 928
1508150 928
1508160 928
1508170 928
1508180 928
1508190 927
1508200 927
1508210 926
1508220 926
1508230 926
1508240 924
1508250 923
1508260 923
1508270 923
1508280 921
1508290 921
1508300 920
1508310 919
1508320 918
1508330 918
1508340 917
1508350 916
1508360 916
1508370 915
1508380 915
1508390 915
1508400 914
1508410 913
1508420 913
1508430 911
1508440 910
1508450 910
1508460 909
1508470 908
1508480 907
1508490 907
1508500 904
1508510 900
1508520 900
1508530 897
1508540 894
1508550 894
1508560 887
1508570 884
1508580 884
1508590 883
1508600 882
1508610 882
1508620 879
1508630 875
1508640 870
1508650 870
1508660 867
1508670 864
1508680 864
1508690 864
1508700 869
1508710 869
1508720 875
1508730 880
1508740 880
1508750 885
1508760 888
1508770 888
1508780 888
1508790 888
1508800 888
1508810 888
1508820 887
1508830 887
1508840 887
1508850 886
1508860 886
1508870 886
1508880 885
1508890 884
1508900 884
1508910 883
1508920 882
1508930 882
1508940 881
1508950 880
1508960 880
1508970 880
1508980 879
1508990 879
1509000 879
1509010 878
1509020 876
1509030 876
1509040 875
1509050 873
1509060 873
1509070 871
1509080 869
1509090 869
1509100 867
1509110 865
1509120 865
1509130 863
1509140 861
1509150 860
1509160 860
1509170 859
1509180 857
1509190 857
1509200 853
1509210 855
1509220 855
1509230 859
1509240 859
1509250 859
1509260 856
1509270 855
1509280 855
1509290 854
1509300 854
1509310 852
1509320 852
1509330 852
1509340 851
1509350 851
1509360 850
1509370 850
1509380 850
1509390 849
1509400 848
1509410 848
1509420 847
1509430 846
1509440 846
1509450 845
1509460 844
1509470 843
1509480 843
1509490 842
1509500 841
1509510 841
1509520 839
1509530 838
1509540 838
1509550 838
1509560 837
1509570 837
1509580 836
1509590 835
1509600 835
1509610 833
1509620 832
1509630 831
1509640 831
1509650 829
1509660 826
1509670 826
1509680 825
1509690 826
1509700 826
1509710 825
1509720 823
1509730 823
1509740 821
1509750 819
1509760 819
1509770 818
1509780 817
1509790 817
1509800 816
1509810 815
1509820 814
1509830 814
1509840 812
1509850 810
1509860 810
1509870 807
1509880 804
1509890 804
1509900 800
1509910 796
1509920 796
1509930 794
1509940 791
1509950 791
1509960 787
1509970 782
1509980 775
1509990 775
1510000 769
1510010 763
1510020 763
1510030 760
1510040 758
1510050 758
1510060 760
1510070 761
1510080 761
1510090 762
1510100 765
1510110 765
1510120 767
1510130 769
1510140 772
1510150 772
1510160 774
1510170 776
1510180 776
1510190 777
1510200 778
1510210 778
1510220 779
1510230 780
1510240 780
1510250 783
1510260 785
1510270 785
1510280 785
1510290 783
1510300 780
1510310 780
1510320 778
1510330 777
1510340 777
1510350 778
1510360 778
1510370 778
1510380 777
1510390 776
1510400 776
1510410 775
1510420 774
1510430 774
1510440 772
1510450 771
1510460 771
1510470 770
1510480 769
1510490 768
1510500 768
1510510 767
1510520 765
1510530 765
1510540 764
1510550 762
1510560 762
1510570 761
1510580 760
1510590 760
1510600 759
1510610 758
1510620 758
1510630 754
1510640 749
1510650 750
1510660 750
1510670 751
1510680 747
1510690 747
1510700 743
1510710 741
1510720 741
1510730 745
1510740 747
1510750 747
1510760 746
1510770 745
1510780 745
1510790 744
1510800 745
1510810 745
1510820 745
1510830 745
1510840 744
1510850 744
1510860 744
1510870 744
1510880 744
1510890 745
1510900 746
1510910 746
1510920 746
1510930 745
1510940 745
1510950 745
1510960 745
1510970 746
1510980 746
1510990 747
1511000 748
1511010 748
1511020 749
1511030 750
1511040 750
1511050 751
1511060 752
1511070 752
1511080 754
1511090 756
1511100 756
1511110 759
1511120 764
1511130 764
1511140 766
1511150 765
1511160 764
1511170 764
1511180 763
1511190 762
1511200 762
1511210 762
1511220 761
1511230 761
1511240 761
1511250 761
1511260 761
1511270 762
1511280 762
1511290 762
1511300 762
1511310 761
1511320 762
1511330 762
1511340 762
1511350 763
1511360 763
1511370 763
1511380 763
1511390 763
1511400 762
1511410 762
1511420 762
1511430 761
1511440 761
1511450 761
1511460 761
1511470 760
1511480 760
1511490 760
1511500 759
1511510 759
1511520 759
1511530 758
1511540 758
1511550 758
1511560 757
1511570 756
1511580 756
1511590 755
1511600 750
1511610 750
1511620 745
1511630 741
1511640 738
1511650 738
1511660 733
1511670 729
1511680 729
1511690 725
1511700 721
1511710 721
1511720 717
1511730 715
1511740 715
1511750 712
1511760 710
1511770 710
1511780 707
1511790 705
1511800 705
1511810 702
1511820 700
1511830 697
1511840 697
1511850 694
1511860 692
1511870 692
1511880 690
1511890 689
1511900 689
1511910 687
1511920 685
1511930 685
1511940 678
1511950 669
1511960 669
1511970 661
1511980 654
1511990 649
1512000 649
1512010 645
1512020 640
1512030 640
1512040 641
1512050 650
1512060 650
1512070 662
1512080 672
1512090 672
1512100 677
1512110 679
1512120 679
1512130 681
1512140 684
1512150 689
1512160 689
1512170 695
1512180 700
1512190 700
1512200 703
1512210 706
1512220 706
1512230 709
1512240 712
1512250 712
1512260 716
1512270 720
1512280 720
1512290 723
1512300 725
1512310 727
1512320 727
1512330 728
1512340 729
1512350 729
1512360 730
1512370 731
1512380 731
1512390 731
1512400 731
1512410 731
1512420 731
1512430 731
1512440 731
1512450 731
1512460 730
1512470 730
1512480 730
1512490 730
1512500 729
1512510 729
1512520 729
1512530 728
1512540 728
1512550 727
1512560 726
1512570 726
1512580 726
1512590 725
1512600 725
1512610 723
1512620 722
1512630 722
1512640 721
1512650 719
1512660 718
1512670 718
1512680 715
1512690 715
1512700 715
1512710 715
1512720 716
1512730 716
1512740 717
1512750 718
1512760 718
1512770 718
1512780 719
1512790 719
1512800 720
1512810 720
1512820 721
1512830 721
1512840 722
1512850 723
1512860 723
1512870 725
1512880 728
1512890 728
1512900 734
1512910 738
1512920 738
1512930 740
1512940 742
1512950 742
1512960 744
1512970 747
1512980 749
1512990 749
1513000 751
1513010 754
1513020 754
1513030 758
1513040 761
1513050 761
1513060 763
1513070 763
1513080 763
1513090 764
1513100 764
1513110 764
1513120 764
1513130 764
1513140 765
1513150 765
1513160 765
1513170 765
1513180 765
1513190 766
1513200 766
1513210 766
1513220 767
1513230 768
1513240 768
1513250 769
1513260 770
1513270 770
1513280 770
1513290 772
1513300 772
1513310 773
1513320 775
1513330 778
1513340 776
1513350 777
1513360 776
1513370 776
1513380 776
1513390 775
1513400 775
1513410 773
1513420 771
1513430 771
1513440 770
1513450 768
1513460 768
1513470 767
1513480 766
1513490 765
1513500 765
1513510 764
1513520 763
1513530 763
1513540 762
1513550 761
1513560 761
1513570 760
1513580 757
1513590 757
1513600 755
1513610 753
1513620 753
1513630 750
1513640 747
1513650 743
1513660 743
1513670 740
1513680 736
1513690 736
1513700 733
1513710 729
1513720 729
1513730 726
1513740 723
1513750 723
1513760 721
1513770 720
1513780 720
1513790 719
1513800 717
1513810 714
1513820 714
1513830 709
1513840 706
1513850 706
1513860 705
1513870 705
1513880 705
1513890 704
1513900 704
1513910 704
1513920 704
1513930 704
1513940 704
1513950 703
1513960 701
1513970 701
1513980 699
1513990 697
1514000 696
1514010 696
1514020 694
1514030 693
1514040 693
1514050 692
1514060 691
1514070 691
1514080 689
1514090 689
1514100 689
1514110 688
1514120 688
1514130 688
1514140 687
1514150 686
1514160 684
1514170 684
1514180 683
1514190 682
1514200 682
1514210 681
1514220 680
1514230 680
1514240 679
1514250 678
1514260 678
1514270 678
1514280 676
1514290 676
1514300 675
1514310 674
1514320 673
1514330 673
1514340 672
1514350 672
1514360 672
1514370 672
1514380 672
1514390 672
1514400 672
1514410 672
1514420 672
1514430 672
1514440 672
1514450 672
1514460 672
1514470 673
1514480 673
1514490 673
1514500 674
1514510 674
1514520 674
1514530 674
1514540 674
1514550 674
1514560 673
1514570 672
1514580 672
1514590 670
1514600 669
1514610 669
1514620 667
1514630 665
1514640 665
1514650 664
1514660 662
1514670 660
1514680 660
1514690 657
1514700 655
1514710 655
1514720 653
1514730 651
1514740 651
1514750 647
1514760 644
1514770 644
1514780 641
1514790 639
1514800 639
1514810 636
1514820 634
1514830 632
1514840 632
1514850 632
1514860 632
1514870 632
1514880 632
1514890 634
1514900 634
1514910 636
1514920 637
1514930 637
1514940 636
1514950 636
1514960 636
1514970 636
1514980 637
1514990 639
1515000 639
1515010 641
1515020 639
1515030 639
1515040 636
1515050 635
1515060 635
1515070 636
1515080 638
1515090 638
1515100 640
1515110 641
1515120 641
1515130 643
1515140 644
1515150 645
1515160 645
1515170 645
1515180 645
1515190 645
1515200 645
1515210 647
1515220 647
1515230 648
1515240 649
1515250 649
1515260 650
1515270 651
1515280 651
1515290 651
1515300 652
1515310 652
1515320 652
1515330 650
1515340 649
1515350 649
1515360 647
1515370 643
1515380 643
1515390 642
1515400 640
1515410 640
1515420 639
1515430 635
1515440 635
1515450 632
1515460 631
1515470 631
1515480 631
1515490 630
1515500 630
1515510 630
1515520 629
1515530 628
1515540 628
1515550 628
1515560 627
1515570 627
1515580 627
1515590 627
1515600 627
1515610 627
1515620 625
1515630 625
1515640 621
1515650 616
1515660 609
1515670 609
1515680 606
1515690 606
1515700 606
1515710 606
1515720 606
1515730 606
1515740 608
1515750 610
1515760 610
1515770 608
1515780 603
1515790 603
1515800 599
1515810 595
1515820 591
1515830 591
1515840 587
1515850 582
1515860 582
1515870 577
1515880 573
1515890 573
1515900 569
1515910 565
1515920 565
1515930 561
1515940 557
1515950 557
1515960 554
1515970 550
1515980 546
1515990 546
1516000 542
1516010 539
1516020 539
1516030 537
1516040 534
1516050 534
1516060 530
1516070 526
1516080 526
1516090 523
1516100 520
1516110 520
1516120 518
1516130 518
1516140 518
1516150 516
1516160 516
1516170 516
1516180 516
1516190 516
1516200 515
1516210 515
1516220 515
1516230 515
1516240 515
1516250 515
1516260 515
1516270 515
1516280 515
1516290 515
1516300 515
1516310 515
1516320 515
1516330 515
1516340 515
1516350 515
1516360 515
1516370 515
1516380 515
1516390 515
1516400 515
1516410 515
1516420 515
1516430 515
1516440 515
1516450 514
1516460 514
1516470 513
1516480 513
1516490 513
1516500 513
1516510 513
1516520 512
1516530 512
1516540 512
1516550 512
1516560 512
1516570 512
1516580 512
1516590 512
1516600 512
1516610 512
1516620 512
1516630 512
1516640 512
1516650 512
1516660 512
1516670 512
1516680 512
1516690 512
1516700 512
1516710 512
1516720 512
1516730 512
1516740 512
1516750 512
1516760 512
1516770 512
1516780 512
1516790 512
1516800 512
1516810 512
1516820 512
1516830 513
1516840 513
1516850 513
1516860 512
1516870 512
1516880 512
1516890 512
1516900 512
1516910 512
1516920 512
1516930 512
1516940 512
1516950 512
1516960 513
1516970 513
1516980 513
1516990 512
1517000 512
1517010 512
1517020 512
1517030 512
1517040 512
1517050 512
1517060 512
1517070 512
1517080 512
1517090 512
1517100 512
1517110 512
1517120 512
1517130 512
1517140 512
1517150 512
1517160 512
1517170 512
1517180 512
1517190 512
1517200 512
1517210 512
1517220 512
1517230 512
1517240 512
1517250 512
1517260 512
1517270 512
1517280 511
1517290 511
1517300 511
1517310 511
1517320 511
1517330 511
1517340 511
1517350 511
1517360 511
1517370 511
1517380 511
1517390 511
1517400 511
1517410 511
1517420 511
1517430 511
1517440 511
1517450 511
1517460 511
1517470 511
1517480 511
1517490 511
1517500 511
1517510 511
1517520 511
1517530 511
1517540 511
1517550 511
1517560 511
1517570 511
1517580 511
1517590 511
1517600 510
1517610 510
1517620 511
1517630 511
1517640 511
1517650 511
1517660 511
1517670 511
1517680 511
1517690 511
1517700 511
1517710 511
1517720 511
1517730 511
1517740 511
1517750 511
1517760 511
1517770 511
1517780 511
1517790 511
1517800 511
1517810 511
1517820 511
1517830 511
1517840 511
1517850 511
1517860 511
1517870 511
1517880 511
1517890 511
1517900 511
1517910 511
1517920 512
1517930 512
1517940 512
1517950 512
1517960 512
1517970 512
1517980 512
1517990 512
1518000 512
1518010 512
1518020 512
1518030 512
1518040 512
1518050 512
1518060 512
1518070 512
1518080 512
1518090 512
1518100 514
1518110 515
1518120 515
1518130 515
1518140 515
1518150 515
1518160 515
1518170 515
1518180 515
1518190 515
1518200 515
1518210 515
1518220 515
1518230 515
1518240 515
1518250 515
1518260 515
1518270 515
1518280 515
1518290 515
1518300 515
1518310 515
1518320 515
1518330 515
1518340 515
1518350 515
1518360 515
1518370 515
1518380 515
1518390 515
1518400 515
1518410 515
1518420 515
1518430 515
1518440 515
1518450 515
1518460 515
1518470 515
1518480 515
1518490 515
1518500 515
1518510 515
1518520 515
1518530 515
1518540 515
1518550 515
1518560 515
1518570 515
1518580 515
1518590 515
1518600 515
1518610 515
1518620 515
1518630 515
1518640 515
1518650 515
1518660 515
1518670 515
1518680 515
1518690 515
1518700 515
1518710 515
1518720 515
1518730 515
1518740 515
1518750 515
1518760 515
1518770 515
1518780 515
1518790 515
1518800 515
1518810 515
1518820 515
1518830 515
1518840 515
1518850 515
1518860 515
1518870 515
1518880 515
1518890 515
1518900 515
1518910 516
1518920 516
1518930 516
1518940 516
1518950 516
1518960 516
1518970 517
1518980 517
1518990 518
1519000 518
1519010 518
1519020 518
1519030 518
1519040 514
1519050 514
1519060 513
1519070 511
1519080 511
1519090 511
1519100 511
1519110 511
1519120 511
1519130 511
1519140 511
1519150 511
1519160 511
1519170 511
1519180 511
1519190 511
1519200 511
1519210 511
1519220 511
1519230 511
1519240 511
1519250 511
1519260 511
1519270 511
1519280 511
1519290 511
1519300 511
1519310 511
1519320 511
1519330 511
1519340 511
1519350 511
1519360 509
1519370 509
1519380 508
1519390 506
1519400 506
1519410 506
1519420 506
1519430 506
1519440 506
1519450 506
1519460 506
1519470 506
1519480 507
1519490 507
1519500 509
1519510 511
1519520 512
1519530 512
1519540 513
1519550 515
1519560 515
1519570 518
1519580 522
1519590 522
1519600 527
1519610 531
1519620 531
1519630 534
1519640 537
1519650 537
1519660 539
1519670 540
1519680 542
1519690 542
1519700 545
1519710 548
1519720 548
1519730 551
1519740 555
1519750 555
1519760 559
1519770 562
1519780 562
1519790 564
1519800 566
1519810 566
1519820 568
1519830 569
1519840 570
1519850 570
1519860 571
1519870 572
1519880 572
1519890 573
1519900 573
1519910 573
1519920 574
1519930 576
1519940 576
1519950 578
1519960 579
1519970 579
1519980 581
1519990 582
