1500000 1237
1500010 1235
1500020 1235
1500030 1233
1500040 1229
1500050 1229
1500060 1224
1500070 1216
1500080 1216
1500090 1209
1500100 1203
1500110 1198
1500120 1198
1500130 1193
1500140 1188
1500150 1188
1500160 1184
1500170 1180
1500180 1180
1500190 1175
1500200 1167
1500210 1167
1500220 1159
1500230 1152
1500240 1152
1500250 1148
1500260 1145
1500270 1143
1500280 1143
1500290 1144
1500300 1147
1500310 1147
1500320 1154
1500330 1166
1500340 1166
1500350 1173
1500360 1181
1500370 1181
1500380 1188
1500390 1194
1500400 1194
1500410 1196
1500420 1199
1500430 1199
1500440 1201
1500450 1202
1500460 1203
1500470 1203
1500480 1204
1500490 1206
1500500 1206
1500510 1208
1500520 1209
1500530 1209
1500540 1210
1500550 1210
1500560 1210
1500570 1211
1500580 1212
1500590 1212
1500600 1213
1500610 1214
1500620 1215
1500630 1215
1500640 1216
1500650 1217
1500660 1217
1500670 1218
1500680 1218
1500690 1218
1500700 1218
1500710 1217
1500720 1217
1500730 1207
1500740 1192
1500750 1192
1500760 1193
1500770 1201
1500780 1209
1500790 1209
1500800 1214
1500810 1218
1500820 1218
1500830 1221
1500840 1224
1500850 1224
1500860 1226
1500870 1227
1500880 1227
1500890 1229
1500900 1230
1500910 1230
1500920 1231
1500930 1232
1500940 1232
1500950 1233
1500960 1234
1500970 1236
1500980 1236
1500990 1237
1501000 1237
1501010 1237
1501020 1239
1501030 1240
1501040 1240
1501050 1242
1501060 1244
1501070 1244
1501080 1245
1501090 1246
1501100 1246
1501110 1246
1501120 1247
1501130 1247
1501140 1247
1501150 1248
1501160 1248
1501170 1248
1501180 1250
1501190 1249
1501200 1249
1501210 1247
1501220 1244
1501230 1244
1501240 1242
1501250 1239
1501260 1239
1501270 1236
1501280 1233
1501290 1231
1501300 1231
1501310 1229
1501320 1227
1501330 1227
1501340 1224
1501350 1222
1501360 1222
1501370 1221
1501380 1220
1501390 1220
1501400 1219
1501410 1217
1501420 1217
1501430 1215
1501440 1214
1501450 1214
1501460 1214
1501470 1213
1501480 1212
1501490 1212
1501500 1211
1501510 1209
1501520 1209
1501530 1206
1501540 1204
1501550 1204
1501560 1201
1501570 1198
1501580 1198
1501590 1193
1501600 1185
1501610 1185
1501620 1173
1501630 1160
1501640 1155
1501650 1155
1501660 1154
1501670 1156
1501680 1156
1501690 1163
1501700 1170
1501710 1170
1501720 1177
1501730 1184
1501740 1184
1501750 1192
1501760 1198
1501770 1198
1501780 1204
1501790 1209
1501800 1213
1501810 1213
1501820 1218
1501830 1223
1501840 1223
1501850 1228
1501860 1231
1501870 1231
1501880 1234
1501890 1237
1501900 1237
1501910 1238
1501920 1239
1501930 1239
1501940 1240
1501950 1239
1501960 1239
1501970 1240
1501980 1240
1501990 1241
1502000 1241
1502010 1241
1502020 1240
1502030 1240
1502040 1240
1502050 1238
1502060 1238
1502070 1236
1502080 1234
1502090 1234
1502100 1238
1502110 1245
1502120 1245
1502130 1251
1502140 1258
1502150 1264
1502160 1264
1502170 1272
1502180 1279
1502190 1279
1502200 1285
1502210 1290
1502220 1290
1502230 1293
1502240 1297
1502250 1297
1502260 1300
1502270 1303
1502280 1303
1502290 1303
1502300 1303
1502310 1304
1502320 1304
1502330 1304
1502340 1303
1502350 1303
1502360 1304
1502370 1304
1502380 1304
1502390 1306
1502400 1307
1502410 1307
1502420 1305
1502430 1303
1502440 1303
1502450 1301
1502460 1299
1502470 1299
1502480 1299
1502490 1299
1502500 1301
1502510 1301
1502520 1304
1502530 1306
1502540 1306
1502550 1308
1502560 1308
1502570 1308
1502580 1308
1502590 1308
1502600 1308
1502610 1310
1502620 1311
1502630 1311
1502640 1313
1502650 1315
1502660 1315
1502670 1315
1502680 1315
1502690 1315
1502700 1315
1502710 1317
1502720 1318
1502730 1318
1502740 1319
1502750 1321
1502760 1321
1502770 1325
1502780 1328
1502790 1328
1502800 1329
1502810 1331
1502820 1333
1502830 1333
1502840 1334
1502850 1335
1502860 1335
1502870 1337
1502880 1337
1502890 1337
1502900 1338
1502910 1340
1502920 1340
1502930 1344
1502940 1347
1502950 1347
1502960 1349
1502970 1352
1502980 1354
1502990 1354
1503000 1356
1503010 1358
1503020 1358
1503030 1358
1503040 1358
1503050 1358
1503060 1359
1503070 1359
1503080 1359
1503090 1361
1503100 1363
1503110 1363
1503120 1364
1503130 1367
1503140 1367
1503150 1370
1503160 1375
1503170 1376
1503180 1376
1503190 1380
1503200 1385
1503210 1385
1503220 1389
1503230 1394
1503240 1394
1503250 1399
1503260 1405
1503270 1405
1503280 1411
1503290 1415
1503300 1415
1503310 1419
1503320 1424
1503330 1429
1503340 1429
1503350 1434
1503360 1439
1503370 1439
1503380 1443
1503390 1446
1503400 1446
1503410 1451
1503420 1455
1503430 1455
1503440 1457
1503450 1459
1503460 1459
1503470 1461
1503480 1463
1503490 1466
1503500 1466
1503510 1468
1503520 1472
1503530 1472
1503540 1476
1503550 1484
1503560 1484
1503570 1491
1503580 1496
1503590 1496
1503600 1499
1503610 1502
1503620 1502
1503630 1505
1503640 1507
1503650 1507
1503660 1509
1503670 1511
1503680 1513
1503690 1513
1503700 1515
1503710 1517
1503720 1517
1503730 1519
1503740 1523
1503750 1523
1503760 1527
1503770 1532
1503780 1532
1503790 1537
1503800 1542
1503810 1542
1503820 1544
1503830 1544
1503840 1543
1503850 1543
1503860 1542
1503870 1540
1503880 1540
1503890 1538
1503900 1535
1503910 1535
1503920 1531
1503930 1529
1503940 1529
1503950 1525
1503960 1521
1503970 1521
1503980 1517
1503990 1513
1504000 1508
1504010 1508
1504020 1505
1504030 1501
1504040 1501
1504050 1497
1504060 1492
1504070 1492
1504080 1487
1504090 1483
1504100 1483
1504110 1478
1504120 1473
1504130 1473
1504140 1468
1504150 1462
1504160 1462
1504170 1458
1504180 1453
1504190 1449
1504200 1449
1504210 1444
1504220 1439
1504230 1439
1504240 1433
1504250 1427
1504260 1427
1504270 1420
1504280 1415
1504290 1415
1504300 1409
1504310 1403
1504320 1403
1504330 1397
1504340 1392
1504350 1386
1504360 1386
1504370 1379
1504380 1369
1504390 1369
1504400 1360
1504410 1362
1504420 1362
1504430 1367
1504440 1370
1504450 1370
1504460 1374
1504470 1378
1504480 1378
1504490 1380
1504500 1382
1504510 1384
1504520 1384
1504530 1386
1504540 1389
1504550 1389
1504560 1393
1504570 1396
1504580 1396
1504590 1400
1504600 1403
1504610 1403
1504620 1407
1504630 1412
1504640 1412
1504650 1414
1504660 1414
1504670 1413
1504680 1413
1504690 1412
1504700 1410
1504710 1410
1504720 1408
1504730 1404
1504740 1404
1504750 1398
1504760 1392
1504770 1392
1504780 1389
1504790 1387
1504800 1387
1504810 1384
1504820 1381
1504830 1381
1504840 1378
1504850 1375
1504860 1373
1504870 1373
1504880 1369
1504890 1364
1504900 1364
1504910 1360
1504920 1355
1504930 1355
1504940 1350
1504950 1345
1504960 1345
1504970 1342
1504980 1337
1504990 1337
1505000 1332
1505010 1326
1505020 1320
1505030 1320
1505040 1316
1505050 1312
1505060 1312
1505070 1306
1505080 1300
1505090 1300
1505100 1298
1505110 1296
1505120 1296
1505130 1292
1505140 1287
1505150 1287
1505160 1281
1505170 1275
1505180 1269
1505190 1269
1505200 1265
1505210 1262
1505220 1262
1505230 1264
1505240 1268
1505250 1268
1505260 1269
1505270 1266
1505280 1266
1505290 1261
1505300 1260
1505310 1260
1505320 1260
1505330 1260
1505340 1260
1505350 1260
1505360 1260
1505370 1262
1505380 1262
1505390 1263
1505400 1263
1505410 1263
1505420 1264
1505430 1265
1505440 1265
1505450 1265
1505460 1264
1505470 1264
1505480 1263
1505490 1269
1505500 1269
1505510 1274
1505520 1279
1505530 1283
1505540 1283
1505550 1287
1505560 1292
1505570 1292
1505580 1296
1505590 1297
1505600 1297
1505610 1300
1505620 1304
1505630 1304
1505640 1309
1505650 1313
1505660 1313
1505670 1314
1505680 1316
1505690 1320
1505700 1320
1505710 1325
1505720 1329
1505730 1329
1505740 1334
1505750 1337
1505760 1337
1505770 1341
1505780 1344
1505790 1344
1505800 1346
1505810 1347
1505820 1347
1505830 1348
1505840 1348
1505850 1348
1505860 1348
1505870 1348
1505880 1348
1505890 1348
1505900 1347
1505910 1345
1505920 1345
1505930 1344
1505940 1342
1505950 1342
1505960 1339
1505970 1336
1505980 1336
1505990 1333
1506000 1330
1506010 1330
1506020 1328
1506030 1326
1506040 1324
1506050 1324
1506060 1323
1506070 1321
1506080 1321
1506090 1318
1506100 1316
1506110 1316
1506120 1315
1506130 1314
1506140 1314
1506150 1314
1506160 1316
1506170 1316
1506180 1317
1506190 1319
1506200 1320
1506210 1320
1506220 1320
1506230 1320
1506240 1320
1506250 1321
1506260 1323
1506270 1323
1506280 1322
1506290 1323
1506300 1323
1506310 1325
1506320 1328
1506330 1328
1506340 1332
1506350 1336
1506360 1338
1506370 1338
1506380 1338
1506390 1335
1506400 1335
1506410 1332
1506420 1328
1506430 1328
1506440 1328
1506450 1329
1506460 1329
1506470 1328
1506480 1325
1506490 1325
1506500 1321
1506510 1320
1506520 1320
1506530 1319
1506540 1319
1506550 1320
1506560 1320
1506570 1320
1506580 1318
1506590 1318
1506600 1318
1506610 1318
1506620 1318
1506630 1318
1506640 1317
1506650 1317
1506660 1317
1506670 1316
1506680 1316
1506690 1314
1506700 1313
1506710 1311
1506720 1311
1506730 1307
1506740 1303
1506750 1303
1506760 1299
1506770 1292
1506780 1292
1506790 1282
1506800 1271
1506810 1271
1506820 1263
1506830 1257
1506840 1257
1506850 1251
1506860 1246
1506870 1243
1506880 1243
1506890 1242
1506900 1241
1506910 1241
1506920 1239
1506930 1237
1506940 1237
1506950 1235
1506960 1233
1506970 1233
1506980 1228
1506990 1226
1507000 1226
1507010 1224
1507020 1221
1507030 1221
1507040 1218
1507050 1215
1507060 1213
1507070 1213
1507080 1213
1507090 1212
1507100 1212
1507110 1209
1507120 1208
1507130 1208
1507140 1209
1507150 1210
1507160 1210
1507170 1211
1507180 1212
1507190 1212
1507200 1211
1507210 1211
1507220 1210
1507230 1210
1507240 1209
1507250 1209
1507260 1209
1507270 1210
1507280 1213
1507290 1213
1507300 1215
1507310 1216
1507320 1216
1507330 1216
1507340 1216
1507350 1216
1507360 1216
1507370 1216
1507380 1217
1507390 1217
1507400 1216
1507410 1215
1507420 1215
1507430 1214
1507440 1213
1507450 1213
1507460 1212
1507470 1211
1507480 1211
1507490 1210
1507500 1209
1507510 1209
1507520 1207
1507530 1205
1507540 1205
1507550 1202
1507560 1200
1507570 1197
1507580 1197
1507590 1195
1507600 1194
1507610 1194
1507620 1193
1507630 1190
1507640 1190
1507650 1187
1507660 1186
1507670 1186
1507680 1186
1507690 1187
1507700 1187
1507710 1189
1507720 1191
1507730 1192
1507740 1192
1507750 1192
1507760 1193
1507770 1193
1507780 1192
1507790 1190
1507800 1190
1507810 1189
1507820 1190
1507830 1190
1507840 1191
1507850 1192
1507860 1192
1507870 1193
1507880 1194
1507890 1195
1507900 1195
1507910 1196
1507920 1197
1507930 1197
1507940 1197
1507950 1197
1507960 1197
1507970 1197
1507980 1198
1507990 1198
1508000 1196
1508010 1192
1508020 1192
1508030 1189
1508040 1187
1508050 1187
1508060 1188
1508070 1189
1508080 1189
1508090 1189
1508100 1187
1508110 1186
1508120 1186
1508130 1185
1508140 1184
1508150 1184
1508160 1182
1508170 1180
1508180 1180
1508190 1180
1508200 1179
1508210 1179
1508220 1178
1508230 1176
1508240 1175
1508250 1175
1508260 1174
1508270 1173
1508280 1173
1508290 1171
1508300 1170
1508310 1170
1508320 1169
1508330 1169
1508340 1169
1508350 1168
1508360 1168
1508370 1168
1508380 1167
1508390 1165
1508400 1164
1508410 1164
1508420 1163
1508430 1161
1508440 1161
1508450 1159
1508460 1158
1508470 1158
1508480 1158
1508490 1157
1508500 1157
1508510 1155
1508520 1154
1508530 1154
1508540 1152
1508550 1150
1508560 1149
1508570 1149
1508580 1148
1508590 1147
1508600 1147
1508610 1146
1508620 1146
1508630 1146
1508640 1146
1508650 1146
1508660 1146
1508670 1146
1508680 1145
1508690 1145
1508700 1145
1508710 1145
1508720 1145
1508730 1145
1508740 1144
1508750 1144
1508760 1144
1508770 1144
1508780 1144
1508790 1144
1508800 1144
1508810 1143
1508820 1143
1508830 1142
1508840 1140
1508850 1140
1508860 1138
1508870 1137
1508880 1137
1508890 1137
1508900 1135
1508910 1132
1508920 1132
1508930 1129
1508940 1127
1508950 1127
1508960 1124
1508970 1122
1508980 1122
1508990 1120
1509000 1118
1509010 1118
1509020 1116
1509030 1115
1509040 1115
1509050 1113
1509060 1108
1509070 1105
1509080 1105
1509090 1102
1509100 1098
1509110 1098
1509120 1095
1509130 1092
1509140 1092
1509150 1088
1509160 1085
1509170 1085
1509180 1081
1509190 1077
1509200 1077
1509210 1074
1509220 1071
1509230 1071
1509240 1069
1509250 1067
1509260 1065
1509270 1065
1509280 1062
1509290 1060
1509300 1060
1509310 1058
1509320 1056
1509330 1056
1509340 1054
1509350 1053
1509360 1053
1509370 1053
1509380 1052
1509390 1052
1509400 1051
1509410 1050
1509420 1047
1509430 1047
1509440 1045
1509450 1042
1509460 1042
1509470 1039
1509480 1036
1509490 1036
1509500 1033
1509510 1030
1509520 1030
1509530 1028
1509540 1027
1509550 1027
1509560 1026
1509570 1026
1509580 1024
1509590 1024
1509600 1022
1509610 1019
1509620 1019
1509630 1017
1509640 1013
1509650 1013
1509660 1010
1509670 1007
1509680 1007
1509690 1003
1509700 999
1509710 999
1509720 995
1509730 991
1509740 991
1509750 987
1509760 982
1509770 978
1509780 978
1509790 974
1509800 969
1509810 969
1509820 966
1509830 962
1509840 962
1509850 959
1509860 956
1509870 956
1509880 955
1509890 951
1509900 951
1509910 947
1509920 943
1509930 938
1509940 938
1509950 933
1509960 927
1509970 927
1509980 923
1509990 919
1510000 919
1510010 915
1510020 911
1510030 911
1510040 907
1510050 905
1510060 905
1510070 903
1510080 900
1510090 898
1510100 898
1510110 896
1510120 895
1510130 895
1510140 893
1510150 892
1510160 892
1510170 890
1510180 889
1510190 889
1510200 888
1510210 887
1510220 887
1510230 886
1510240 882
1510250 877
1510260 877
1510270 873
1510280 867
1510290 867
1510300 865
1510310 859
1510320 859
1510330 855
1510340 851
1510350 851
1510360 848
1510370 846
1510380 846
1510390 843
1510400 838
1510410 838
1510420 832
1510430 826
1510440 821
1510450 821
1510460 816
1510470 811
1510480 811
1510490 808
1510500 806
1510510 806
1510520 804
1510530 802
1510540 802
1510550 798
1510560 793
1510570 793
1510580 788
1510590 783
1510600 780
1510610 780
1510620 778
1510630 777
1510640 777
1510650 776
1510660 776
1510670 776
1510680 775
1510690 775
1510700 775
1510710 773
1510720 770
1510730 770
1510740 767
1510750 765
1510760 763
1510770 763
1510780 760
1510790 757
1510800 757
1510810 754
1510820 751
1510830 751
1510840 749
1510850 746
1510860 746
1510870 743
1510880 740
1510890 740
1510900 738
1510910 736
1510920 736
1510930 734
1510940 733
1510950 731
1510960 731
1510970 728
1510980 726
1510990 726
1511000 724
1511010 723
1511020 723
1511030 721
1511040 720
1511050 720
1511060 718
1511070 714
1511080 714
1511090 711
1511100 709
1511110 708
1511120 708
1511130 706
1511140 705
1511150 705
1511160 702
1511170 700
1511180 700
1511190 697
1511200 696
1511210 696
1511220 696
1511230 698
1511240 698
1511250 698
1511260 698
1511270 696
1511280 696
1511290 694
1511300 692
1511310 692
1511320 689
1511330 686
1511340 686
1511350 683
1511360 681
1511370 681
1511380 679
1511390 680
1511400 680
1511410 680
1511420 681
1511430 681
1511440 680
1511450 681
1511460 681
1511470 681
1511480 681
1511490 680
1511500 680
1511510 680
1511520 679
1511530 679
1511540 679
1511550 679
1511560 679
1511570 678
1511580 678
1511590 678
1511600 677
1511610 677
1511620 677
1511630 677
1511640 675
1511650 674
1511660 674
1511670 674
1511680 673
1511690 673
1511700 673
1511710 673
1511720 673
1511730 673
1511740 673
1511750 673
1511760 672
1511770 672
1511780 672
1511790 672
1511800 672
1511810 672
1511820 672
1511830 672
1511840 672
1511850 672
1511860 671
1511870 670
1511880 670
1511890 670
1511900 669
1511910 669
1511920 669
1511930 669
1511940 669
1511950 669
1511960 669
1511970 669
1511980 669
1511990 669
1512000 669
1512010 669
1512020 668
1512030 666
1512040 664
1512050 663
1512060 663
1512070 663
1512080 663
1512090 663
1512100 663
1512110 662
1512120 662
1512130 662
1512140 662
1512150 662
1512160 660
1512170 660
1512180 659
1512190 657
1512200 657
1512210 656
1512220 654
1512230 654
1512240 653
1512250 653
1512260 653
1512270 653
1512280 652
1512290 651
1512300 651
1512310 648
1512320 647
1512330 647
1512340 645
1512350 644
1512360 644
1512370 643
1512380 641
1512390 641
1512400 639
1512410 637
1512420 637
1512430 635
1512440 633
1512450 631
1512460 631
1512470 630
1512480 628
1512490 628
1512500 626
1512510 625
1512520 625
1512530 622
1512540 619
1512550 619
1512560 615
1512570 611
1512580 611
1512590 608
1512600 605
1512610 605
1512620 604
1512630 602
1512640 601
1512650 601
1512660 599
1512670 596
1512680 596
1512690 593
1512700 591
1512710 591
1512720 589
1512730 586
1512740 586
1512750 584
1512760 582
1512770 582
1512780 580
1512790 579
1512800 579
1512810 579
1512820 580
1512830 580
1512840 580
1512850 580
1512860 579
1512870 579
1512880 576
1512890 574
1512900 574
1512910 573
1512920 572
1512930 572
1512940 572
1512950 571
1512960 571
1512970 571
1512980 570
1512990 570
1513000 570
1513010 569
1513020 567
1513030 567
1513040 565
1513050 564
1513060 564
1513070 564
1513080 561
1513090 561
1513100 559
1513110 556
1513120 556
1513130 553
1513140 551
1513150 550
1513160 550
1513170 547
1513180 543
1513190 543
1513200 539
1513210 536
1513220 536
1513230 533
1513240 530
1513250 530
1513260 530
1513270 531
1513280 531
1513290 531
1513300 531
1513310 530
1513320 530
1513330 528
1513340 527
1513350 527
1513360 527
1513370 526
1513380 526
1513390 525
1513400 524
1513410 524
1513420 523
1513430 523
1513440 523
1513450 522
1513460 522
1513470 522
1513480 522
1513490 522
1513500 520
1513510 520
1513520 518
1513530 517
1513540 517
1513550 516
1513560 515
1513570 515
1513580 515
1513590 515
1513600 515
1513610 515
1513620 515
1513630 515
1513640 515
1513650 515
1513660 515
1513670 515
1513680 515
1513690 515
1513700 515
1513710 515
1513720 515
1513730 515
1513740 515
1513750 515
1513760 515
1513770 515
1513780 515
1513790 515
1513800 515
1513810 515
1513820 515
1513830 515
1513840 516
1513850 516
1513860 516
1513870 516
1513880 516
1513890 516
1513900 515
1513910 514
1513920 514
1513930 514
1513940 514
1513950 514
1513960 514
1513970 514
1513980 514
1513990 514
1514000 514
1514010 514
1514020 514
1514030 514
1514040 514
1514050 514
1514060 514
1514070 514
1514080 514
1514090 514
1514100 514
1514110 514
1514120 514
1514130 514
1514140 514
1514150 514
1514160 514
1514170 514
1514180 514
1514190 514
1514200 514
1514210 514
1514220 514
1514230 514
1514240 514
1514250 514
1514260 514
1514270 514
1514280 514
1514290 514
1514300 514
1514310 514
1514320 514
1514330 514
1514340 514
1514350 514
1514360 514
1514370 514
1514380 514
1514390 514
1514400 514
1514410 514
1514420 514
1514430 514
1514440 514
1514450 514
1514460 514
1514470 514
1514480 514
1514490 514
1514500 514
1514510 514
1514520 514
1514530 514
1514540 514
1514550 514
1514560 514
1514570 514
1514580 514
1514590 514
1514600 514
1514610 514
1514620 514
1514630 514
1514640 514
1514650 514
1514660 514
1514670 514
1514680 514
1514690 514
1514700 514
1514710 513
1514720 513
1514730 513
1514740 513
1514750 513
1514760 513
1514770 514
1514780 514
1514790 514
1514800 514
1514810 514
1514820 514
1514830 514
1514840 514
1514850 514
1514860 514
1514870 514
1514880 514
1514890 514
1514900 514
1514910 514
1514920 514
1514930 514
1514940 514
1514950 514
1514960 514
1514970 514
1514980 514
1514990 514
1515000 514
1515010 514
1515020 514
1515030 514
1515040 514
1515050 514
1515060 514
1515070 514
1515080 515
1515090 517
1515100 517
1515110 517
1515120 515
1515130 515
1515140 515
1515150 515
1515160 515
1515170 515
1515180 515
1515190 515
1515200 515
1515210 515
1515220 515
1515230 515
1515240 515
1515250 515
1515260 515
1515270 515
1515280 515
1515290 515
1515300 516
1515310 517
1515320 517
1515330 517
1515340 514
1515350 514
1515360 514
1515370 514
1515380 514
1515390 514
1515400 514
1515410 514
1515420 514
1515430 514
1515440 513
1515450 513
1515460 514
1515470 514
1515480 514
1515490 513
1515500 513
1515510 513
1515520 513
1515530 513
1515540 513
1515550 513
1515560 513
1515570 513
1515580 513
1515590 513
1515600 513
1515610 513
1515620 513
1515630 513
1515640 513
1515650 513
1515660 513
1515670 513
1515680 513
1515690 513
1515700 513
1515710 513
1515720 513
1515730 513
1515740 513
1515750 513
1515760 513
1515770 513
1515780 513
1515790 513
1515800 513
1515810 513
1515820 513
1515830 513
1515840 513
1515850 513
1515860 513
1515870 513
1515880 513
1515890 513
1515900 513
1515910 513
1515920 513
1515930 513
1515940 513
1515950 513
1515960 513
1515970 513
1515980 514
1515990 514
1516000 515
1516010 515
1516020 515
1516030 515
1516040 515
1516050 515
1516060 515
1516070 517
1516080 519
1516090 519
1516100 521
1516110 523
1516120 523
1516130 525
1516140 526
1516150 526
1516160 527
1516170 527
1516180 528
1516190 528
1516200 528
1516210 528
1516220 528
1516230 530
1516240 532
1516250 532
1516260 534
1516270 537
1516280 537
1516290 541
1516300 547
1516310 547
1516320 548
1516330 551
1516340 554
1516350 554
1516360 555
1516370 556
1516380 556
1516390 555
1516400 549
1516410 549
1516420 545
1516430 547
1516440 547
1516450 553
1516460 558
1516470 558
1516480 559
1516490 558
1516500 558
1516510 558
1516520 558
1516530 557
1516540 557
1516550 558
1516560 558
1516570 558
1516580 558
1516590 558
1516600 558
1516610 560
1516620 561
1516630 561
1516640 564
1516650 565
1516660 565
1516670 566
1516680 566
1516690 568
1516700 568
1516710 569
1516720 570
1516730 570
1516740 572
1516750 574
1516760 574
1516770 576
1516780 580
1516790 580
1516800 584
1516810 588
1516820 588
1516830 591
1516840 594
1516850 598
1516860 598
1516870 601
1516880 603
1516890 603
1516900 605
1516910 607
1516920 607
1516930 609
1516940 611
1516950 611
1516960 613
1516970 615
1516980 615
1516990 616
1517000 618
1517010 618
1517020 619
1517030 618
1517040 617
1517050 617
1517060 617
1517070 616
1517080 616
1517090 616
1517100 615
1517110 615
1517120 615
1517130 614
1517140 614
1517150 614
1517160 613
1517170 613
1517180 613
1517190 612
1517200 612
1517210 612
1517220 612
1517230 613
1517240 613
1517250 614
1517260 615
1517270 615
1517280 617
1517290 619
1517300 619
1517310 621
1517320 622
1517330 622
1517340 623
1517350 624
1517360 625
1517370 625
1517380 625
1517390 624
1517400 624
1517410 624
1517420 623
1517430 623
1517440 623
1517450 623
1517460 623
1517470 622
1517480 622
1517490 622
1517500 621
1517510 623
1517520 624
1517530 624
1517540 624
1517550 624
1517560 624
1517570 624
1517580 625
1517590 625
1517600 626
1517610 627
1517620 627
1517630 629
1517640 631
1517650 631
1517660 630
1517670 627
1517680 627
1517690 623
1517700 621
1517710 623
1517720 623
1517730 623
1517740 625
1517750 625
1517760 627
1517770 628
1517780 628
1517790 629
1517800 630
1517810 630
1517820 632
1517830 633
1517840 633
1517850 635
1517860 638
1517870 643
1517880 643
1517890 645
1517900 648
1517910 648
1517920 650
1517930 654
1517940 654
1517950 656
1517960 658
1517970 658
1517980 660
1517990 662
1518000 662
1518010 664
1518020 665
1518030 667
1518040 667
1518050 670
1518060 672
1518070 672
1518080 674
1518090 675
1518100 675
1518110 676
1518120 678
1518130 678
1518140 680
1518150 681
1518160 681
1518170 682
1518180 682
1518190 682
1518200 683
1518210 684
1518220 685
1518230 685
1518240 687
1518250 689
1518260 689
1518270 690
1518280 692
1518290 692
1518300 694
1518310 695
1518320 695
1518330 696
1518340 698
1518350 698
1518360 699
1518370 701
1518380 702
1518390 702
1518400 704
1518410 705
1518420 705
1518430 706
1518440 707
1518450 707
1518460 707
1518470 708
1518480 708
1518490 709
1518500 709
1518510 709
1518520 710
1518530 710
1518540 710
1518550 710
1518560 711
1518570 711
1518580 711
1518590 712
1518600 712
1518610 712
1518620 713
1518630 714
1518640 714
1518650 714
1518660 715
1518670 715
1518680 715
1518690 715
1518700 715
1518710 716
1518720 716
1518730 717
1518740 717
1518750 719
1518760 722
1518770 722
1518780 724
1518790 724
1518800 724
1518810 723
1518820 720
1518830 720
1518840 720
1518850 723
1518860 723
1518870 725
1518880 723
1518890 720
1518900 720
1518910 721
1518920 723
1518930 723
1518940 726
1518950 729
1518960 729
1518970 733
1518980 737
1518990 737
1519000 741
1519010 744
1519020 744
1519030 748
1519040 752
1519050 756
1519060 756
1519070 761
1519080 764
1519090 764
1519100 768
1519110 772
1519120 772
1519130 776
1519140 781
1519150 781
1519160 787
1519170 798
1519180 798
1519190 806
1519200 813
1519210 813
1519220 821
1519230 823
1519240 825
1519250 825
1519260 825
1519270 827
1519280 827
1519290 829
1519300 831
1519310 831
1519320 833
1519330 834
1519340 834
1519350 837
1519360 839
1519370 839
1519380 841
1519390 843
1519400 847
1519410 847
1519420 852
1519430 858
1519440 858
1519450 865
1519460 872
1519470 872
1519480 876
1519490 877
1519500 877
1519510 877
1519520 876
1519530 876
1519540 874
1519550 870
1519560 866
1519570 866
1519580 862
1519590 859
1519600 859
1519610 855
1519620 852
1519630 852
1519640 849
1519650 849
1519660 849
1519670 851
1519680 854
1519690 854
1519700 857
1519710 858
1519720 858
1519730 858
1519740 859
1519750 858
1519760 858
1519770 857
1519780 856
1519790 856
1519800 857
1519810 857
1519820 857
1519830 857
1519840 858
1519850 858
1519860 860
1519870 862
1519880 862
1519890 865
1519900 868
1519910 872
1519920 872
1519930 878
1519940 882
1519950 882
1519960 883
1519970 883
1519980 883
1519990 882
