1500000 1726
1500010 1726
1500020 1730
1500030 1734
1500040 1734
1500050 1738
1500060 1742
1500070 1746
1500080 1746
1500090 1749
1500100 1752
1500110 1752
1500120 1755
1500130 1758
1500140 1758
1500150 1761
1500160 1764
1500170 1764
1500180 1767
1500190 1770
1500200 1770
1500210 1773
1500220 1776
1500230 1779
1500240 1779
1500250 1781
1500260 1782
1500270 1782
1500280 1782
1500290 1783
1500300 1783
1500310 1783
1500320 1784
1500330 1784
1500340 1785
1500350 1785
1500360 1785
1500370 1785
1500380 1785
1500390 1785
1500400 1785
1500410 1784
1500420 1782
1500430 1782
1500440 1780
1500450 1779
1500460 1779
1500470 1777
1500480 1775
1500490 1775
1500500 1772
1500510 1769
1500520 1769
1500530 1766
1500540 1763
1500550 1763
1500560 1760
1500570 1756
1500580 1751
1500590 1751
1500600 1748
1500610 1745
1500620 1745
1500630 1742
1500640 1739
1500650 1739
1500660 1735
1500670 1731
1500680 1731
1500690 1727
1500700 1725
1500710 1725
1500720 1722
1500730 1719
1500740 1715
1500750 1715
1500760 1709
1500770 1704
1500780 1704
1500790 1702
1500800 1701
1500810 1701
1500820 1697
1500830 1692
1500840 1692
1500850 1696
1500860 1700
1500870 1700
1500880 1703
1500890 1705
1500900 1705
1500910 1705
1500920 1704
1500930 1704
1500940 1704
1500950 1703
1500960 1703
1500970 1703
1500980 1702
1500990 1702
1501000 1702
1501010 1702
1501020 1702
1501030 1702
1501040 1703
1501050 1703
1501060 1703
1501070 1704
1501080 1705
1501090 1705
1501100 1705
1501110 1706
1501120 1706
1501130 1706
1501140 1705
1501150 1706
1501160 1706
1501170 1706
1501180 1703
1501190 1703
1501200 1705
1501210 1708
1501220 1708
1501230 1709
1501240 1709
1501250 1709
1501260 1709
1501270 1708
1501280 1708
1501290 1708
1501300 1708
1501310 1708
1501320 1708
1501330 1709
1501340 1709
1501350 1709
1501360 1709
1501370 1709
1501380 1709
1501390 1708
1501400 1708
1501410 1708
1501420 1708
1501430 1708
1501440 1708
1501450 1708
1501460 1708
1501470 1707
1501480 1707
1501490 1705
1501500 1703
1501510 1703
1501520 1701
1501530 1699
1501540 1699
1501550 1696
1501560 1695
1501570 1695
1501580 1693
1501590 1691
1501600 1689
1501610 1689
1501620 1686
1501630 1683
1501640 1683
1501650 1679
1501660 1676
1501670 1676
1501680 1673
1501690 1670
1501700 1670
1501710 1668
1501720 1665
1501730 1665
1501740 1662
1501750 1660
1501760 1658
1501770 1658
1501780 1656
1501790 1654
1501800 1654
1501810 1650
1501820 1646
1501830 1646
1501840 1643
1501850 1643
1501860 1643
1501870 1641
1501880 1639
1501890 1639
1501900 1639
1501910 1639
1501920 1640
1501930 1640
1501940 1641
1501950 1642
1501960 1642
1501970 1644
1501980 1647
1501990 1647
1502000 1649
1502010 1651
1502020 1651
1502030 1653
1502040 1653
1502050 1653
1502060 1652
1502070 1653
1502080 1653
1502090 1652
1502100 1651
1502110 1653
1502120 1653
1502130 1653
1502140 1653
1502150 1653
1502160 1654
1502170 1656
1502180 1656
1502190 1658
1502200 1657
1502210 1657
1502220 1657
1502230 1656
1502240 1656
1502250 1654
1502260 1652
1502270 1650
1502280 1650
1502290 1649
1502300 1650
1502310 1650
1502320 1650
1502330 1649
1502340 1649
1502350 1649
1502360 1649
1502370 1649
1502380 1650
1502390 1651
1502400 1651
1502410 1653
1502420 1656
1502430 1656
1502440 1658
1502450 1660
1502460 1660
1502470 1660
1502480 1659
1502490 1659
1502500 1659
1502510 1659
1502520 1660
1502530 1660
1502540 1661
1502550 1663
1502560 1663
1502570 1666
1502580 1669
1502590 1669
1502600 1671
1502610 1673
1502620 1676
1502630 1676
1502640 1678
1502650 1678
1502660 1678
1502670 1680
1502680 1682
1502690 1682
1502700 1684
1502710 1681
1502720 1681
1502730 1677
1502740 1674
1502750 1674
1502760 1671
1502770 1670
1502780 1670
1502790 1670
1502800 1670
1502810 1668
1502820 1668
1502830 1667
1502840 1665
1502850 1665
1502860 1662
1502870 1659
1502880 1659
1502890 1656
1502900 1653
1502910 1653
1502920 1649
1502930 1645
1502940 1645
1502950 1642
1502960 1639
1502970 1635
1502980 1635
1502990 1630
1503000 1624
1503010 1624
1503020 1618
1503030 1611
1503040 1611
1503050 1604
1503060 1599
1503070 1599
1503080 1596
1503090 1593
1503100 1593
1503110 1590
1503120 1585
1503130 1578
1503140 1578
1503150 1570
1503160 1563
1503170 1563
1503180 1555
1503190 1548
1503200 1548
1503210 1540
1503220 1530
1503230 1530
1503240 1521
1503250 1517
1503260 1517
1503270 1515
1503280 1512
1503290 1510
1503300 1510
1503310 1506
1503320 1502
1503330 1502
1503340 1498
1503350 1493
1503360 1493
1503370 1490
1503380 1488
1503390 1488
1503400 1484
1503410 1481
1503420 1481
1503430 1478
1503440 1474
1503450 1474
1503460 1470
1503470 1465
1503480 1460
1503490 1460
1503500 1454
1503510 1447
1503520 1447
1503530 1440
1503540 1439
1503550 1439
1503560 1442
1503570 1445
1503580 1445
1503590 1448
1503600 1449
1503610 1449
1503620 1449
1503630 1448
1503640 1447
1503650 1447
1503660 1445
1503670 1443
1503680 1443
1503690 1440
1503700 1437
1503710 1437
1503720 1433
1503730 1429
1503740 1429
1503750 1424
1503760 1418
1503770 1418
1503780 1413
1503790 1414
1503800 1419
1503810 1419
1503820 1424
1503830 1428
1503840 1428
1503850 1427
1503860 1428
1503870 1428
1503880 1429
1503890 1428
1503900 1428
1503910 1425
1503920 1420
1503930 1420
1503940 1415
1503950 1410
1503960 1410
1503970 1406
1503980 1401
1503990 1396
1504000 1396
1504010 1397
1504020 1401
1504030 1401
1504040 1403
1504050 1406
1504060 1406
1504070 1409
1504080 1412
1504090 1412
1504100 1415
1504110 1417
1504120 1417
1504130 1419
1504140 1420
1504150 1421
1504160 1421
1504170 1422
1504180 1425
1504190 1425
1504200 1431
1504210 1436
1504220 1436
1504230 1440
1504240 1442
1504250 1442
1504260 1445
1504270 1447
1504280 1447
1504290 1451
1504300 1453
1504310 1456
1504320 1456
1504330 1458
1504340 1459
1504350 1459
1504360 1459
1504370 1459
1504380 1459
1504390 1457
1504400 1456
1504410 1456
1504420 1454
1504430 1452
1504440 1452
1504450 1451
1504460 1452
1504470 1452
1504480 1455
1504490 1457
1504500 1460
1504510 1460
1504520 1463
1504530 1466
1504540 1466
1504550 1470
1504560 1473
1504570 1473
1504580 1475
1504590 1477
1504600 1477
1504610 1479
1504620 1482
1504630 1482
1504640 1484
1504650 1486
1504660 1487
1504670 1487
1504680 1488
1504690 1489
1504700 1489
1504710 1490
1504720 1489
1504730 1489
1504740 1489
1504750 1489
1504760 1489
1504770 1488
1504780 1487
1504790 1487
1504800 1486
1504810 1484
1504820 1483
1504830 1483
1504840 1482
1504850 1479
1504860 1479
1504870 1477
1504880 1475
1504890 1475
1504900 1474
1504910 1475
1504920 1475
1504930 1474
1504940 1473
1504950 1473
1504960 1471
1504970 1470
1504980 1470
1504990 1469
1505000 1469
1505010 1467
1505020 1467
1505030 1465
1505040 1462
1505050 1462
1505060 1458
1505070 1454
1505080 1454
1505090 1450
1505100 1447
1505110 1447
1505120 1446
1505130 1448
1505140 1448
1505150 1449
1505160 1448
1505170 1443
1505180 1443
1505190 1437
1505200 1432
1505210 1432
1505220 1427
1505230 1422
1505240 1422
1505250 1416
1505260 1410
1505270 1410
1505280 1404
1505290 1398
1505300 1398
1505310 1392
1505320 1387
1505330 1383
1505340 1383
1505350 1378
1505360 1374
1505370 1374
1505380 1370
1505390 1366
1505400 1366
1505410 1362
1505420 1357
1505430 1357
1505440 1352
1505450 1348
1505460 1348
1505470 1343
1505480 1338
1505490 1338
1505500 1332
1505510 1327
1505520 1321
1505530 1321
1505540 1311
1505550 1301
1505560 1301
1505570 1295
1505580 1290
1505590 1290
1505600 1287
1505610 1287
1505620 1287
1505630 1285
1505640 1278
1505650 1278
1505660 1271
1505670 1266
1505680 1261
1505690 1261
1505700 1257
1505710 1252
1505720 1252
1505730 1248
1505740 1243
1505750 1243
1505760 1238
1505770 1232
1505780 1232
1505790 1226
1505800 1220
1505810 1220
1505820 1215
1505830 1209
1505840 1205
1505850 1205
1505860 1200
1505870 1195
1505880 1195
1505890 1191
1505900 1187
1505910 1187
1505920 1184
1505930 1179
1505940 1179
1505950 1174
1505960 1169
1505970 1169
1505980 1164
1505990 1160
1506000 1160
1506010 1155
1506020 1149
1506030 1143
1506040 1143
1506050 1138
1506060 1132
1506070 1132
1506080 1126
1506090 1120
1506100 1120
1506110 1115
1506120 1110
1506130 1110
1506140 1104
1506150 1098
1506160 1098
1506170 1092
1506180 1086
1506190 1081
1506200 1081
1506210 1074
1506220 1068
1506230 1068
1506240 1061
1506250 1056
1506260 1056
1506270 1052
1506280 1048
1506290 1048
1506300 1044
1506310 1041
1506320 1041
1506330 1037
1506340 1032
1506350 1025
1506360 1025
1506370 1019
1506380 1012
1506390 1012
1506400 1002
1506410 999
1506420 999
1506430 999
1506440 995
1506450 995
1506460 986
1506470 979
1506480 979
1506490 974
1506500 972
1506510 972
1506520 974
1506530 980
1506540 988
1506550 988
1506560 998
1506570 1003
1506580 1003
1506590 1005
1506600 1006
1506610 1006
1506620 1009
1506630 1013
1506640 1013
1506650 1017
1506660 1020
1506670 1020
1506680 1019
1506690 1016
1506700 1011
1506710 1011
1506720 1008
1506730 1005
1506740 1005
1506750 1002
1506760 1000
1506770 1000
1506780 1001
1506790 1001
1506800 1001
1506810 1004
1506820 1008
1506830 1008
1506840 1007
1506850 1006
1506860 1006
1506870 1005
1506880 1003
1506890 1000
1506900 1000
1506910 997
1506920 996
1506930 996
1506940 994
1506950 994
1506960 994
1506970 992
1506980 991
1506990 991
1507000 991
1507010 991
1507020 991
1507030 990
1507040 990
1507050 990
1507060 990
1507070 991
1507080 991
1507090 991
1507100 991
1507110 992
1507120 992
1507130 992
1507140 991
1507150 991
1507160 990
1507170 990
1507180 990
1507190 990
1507200 991
1507210 990
1507220 990
1507230 989
1507240 988
1507250 988
1507260 989
1507270 990
1507280 990
1507290 990
1507300 991
1507310 991
1507320 991
1507330 992
1507340 992
1507350 992
1507360 993
1507370 993
1507380 992
1507390 990
1507400 987
1507410 987
1507420 984
1507430 980
1507440 980
1507450 975
1507460 972
1507470 972
1507480 970
1507490 967
1507500 967
1507510 965
1507520 963
1507530 963
1507540 962
1507550 960
1507560 959
1507570 959
1507580 958
1507590 958
1507600 958
1507610 958
1507620 957
1507630 957
1507640 956
1507650 956
1507660 956
1507670 955
1507680 955
1507690 955
1507700 953
1507710 952
1507720 950
1507730 950
1507740 950
1507750 949
1507760 949
1507770 947
1507780 944
1507790 944
1507800 941
1507810 938
1507820 938
1507830 936
1507840 935
1507850 935
1507860 932
1507870 928
1507880 928
1507890 920
1507900 914
1507910 910
1507920 910
1507930 907
1507940 905
1507950 905
1507960 902
1507970 901
1507980 901
1507990 899
1508000 897
1508010 897
1508020 895
1508030 893
1508040 893
1508050 891
1508060 890
1508070 890
1508080 890
1508090 889
1508100 888
1508110 888
1508120 888
1508130 887
1508140 887
1508150 886
1508160 885
1508170 885
1508180 884
1508190 884
1508200 884
1508210 882
1508220 881
1508230 880
1508240 880
1508250 878
1508260 877
1508270 877
1508280 876
1508290 873
1508300 873
1508310 871
1508320 870
1508330 870
1508340 870
1508350 868
1508360 868
1508370 867
1508380 866
1508390 866
1508400 864
1508410 863
1508420 862
1508430 862
1508440 861
1508450 859
1508460 859
1508470 858
1508480 856
1508490 856
1508500 854
1508510 852
1508520 852
1508530 850
1508540 848
1508550 848
1508560 846
1508570 843
1508580 841
1508590 841
1508600 839
1508610 838
1508620 838
1508630 837
1508640 835
1508650 835
1508660 834
1508670 833
1508680 833
1508690 831
1508700 829
1508710 829
1508720 825
1508730 821
1508740 816
1508750 816
1508760 811
1508770 807
1508780 807
1508790 803
1508800 800
1508810 800
1508820 797
1508830 790
1508840 790
1508850 784
1508860 779
1508870 779
1508880 775
1508890 771
1508900 771
1508910 766
1508920 762
1508930 758
1508940 758
1508950 753
1508960 748
1508970 748
1508980 743
1508990 738
1509000 738
1509010 734
1509020 729
1509030 729
1509040 723
1509050 714
1509060 714
1509070 706
1509080 710
1509090 715
1509100 715
1509110 715
1509120 714
1509130 714
1509140 712
1509150 710
1509160 710
1509170 709
1509180 708
1509190 708
1509200 707
1509210 707
1509220 707
1509230 707
1509240 707
1509250 707
1509260 707
1509270 707
1509280 707
1509290 707
1509300 706
1509310 706
1509320 706
1509330 706
1509340 705
1509350 705
1509360 705
1509370 704
1509380 704
1509390 704
1509400 703
1509410 703
1509420 703
1509430 703
1509440 702
1509450 702
1509460 702
1509470 702
1509480 702
1509490 701
1509500 700
1509510 700
1509520 698
1509530 697
1509540 697
1509550 696
1509560 694
1509570 694
1509580 693
1509590 691
1509600 690
1509610 690
1509620 689
1509630 687
1509640 687
1509650 684
1509660 680
1509670 680
1509680 677
1509690 674
1509700 674
1509710 670
1509720 666
1509730 666
1509740 662
1509750 658
1509760 656
1509770 656
1509780 654
1509790 652
1509800 652
1509810 649
1509820 646
1509830 646
1509840 642
1509850 638
1509860 638
1509870 634
1509880 631
1509890 631
1509900 628
1509910 625
1509920 625
1509930 617
1509940 606
1509950 598
1509960 598
1509970 596
1509980 591
1509990 591
1510000 585
1510010 581
1510020 581
1510030 579
1510040 577
1510050 577
1510060 576
1510070 577
1510080 577
1510090 581
1510100 581
1510110 577
1510120 577
1510130 575
1510140 573
1510150 573
1510160 573
1510170 573
1510180 573
1510190 572
1510200 571
1510210 571
1510220 571
1510230 571
1510240 571
1510250 571
1510260 572
1510270 570
1510280 570
1510290 565
1510300 562
1510310 562
1510320 562
1510330 562
1510340 562
1510350 561
1510360 558
1510370 558
1510380 557
1510390 560
1510400 560
1510410 563
1510420 564
1510430 564
1510440 561
1510450 558
1510460 557
1510470 557
1510480 557
1510490 555
1510500 555
1510510 552
1510520 550
1510530 550
1510540 546
1510550 542
1510560 542
1510570 536
1510580 531
1510590 531
1510600 528
1510610 525
1510620 522
1510630 522
1510640 518
1510650 516
1510660 516
1510670 515
1510680 515
1510690 515
1510700 515
1510710 515
1510720 515
1510730 515
1510740 515
1510750 515
1510760 515
1510770 515
1510780 515
1510790 515
1510800 515
1510810 515
1510820 515
1510830 515
1510840 515
1510850 515
1510860 515
1510870 515
1510880 515
1510890 516
1510900 517
1510910 517
1510920 518
1510930 518
1510940 518
1510950 518
1510960 518
1510970 518
1510980 518
1510990 518
1511000 518
1511010 518
1511020 518
1511030 518
1511040 518
1511050 518
1511060 519
1511070 519
1511080 520
1511090 520
1511100 520
1511110 521
1511120 522
1511130 522
1511140 522
1511150 521
1511160 520
1511170 520
1511180 520
1511190 519
1511200 519
1511210 519
1511220 519
1511230 519
1511240 519
1511250 518
1511260 518
1511270 518
1511280 517
1511290 517
1511300 517
1511310 517
1511320 517
1511330 517
1511340 517
1511350 517
1511360 517
1511370 517
1511380 517
1511390 517
1511400 517
1511410 517
1511420 517
1511430 517
1511440 517
1511450 517
1511460 517
1511470 517
1511480 517
1511490 517
1511500 517
1511510 517
1511520 517
1511530 517
1511540 517
1511550 517
1511560 517
1511570 517
1511580 517
1511590 517
1511600 517
1511610 517
1511620 517
1511630 517
1511640 517
1511650 517
1511660 517
1511670 517
1511680 517
1511690 517
1511700 517
1511710 517
1511720 517
1511730 517
1511740 517
1511750 517
1511760 517
1511770 517
1511780 517
1511790 516
1511800 517
1511810 517
1511820 517
1511830 517
1511840 517
1511850 517
1511860 517
1511870 517
1511880 517
1511890 517
1511900 517
1511910 517
1511920 517
1511930 517
1511940 517
1511950 517
1511960 517
1511970 517
1511980 517
1511990 517
1512000 517
1512010 517
1512020 517
1512030 517
1512040 517
1512050 517
1512060 517
1512070 517
1512080 518
1512090 518
1512100 519
1512110 518
1512120 518
1512130 517
1512140 518
1512150 517
1512160 517
1512170 517
1512180 518
1512190 518
1512200 517
1512210 517
1512220 517
1512230 517
1512240 517
1512250 517
1512260 517
1512270 517
1512280 517
1512290 516
1512300 516
1512310 516
1512320 516
1512330 516
1512340 516
1512350 516
1512360 516
1512370 516
1512380 516
1512390 516
1512400 516
1512410 516
1512420 516
1512430 516
1512440 516
1512450 516
1512460 516
1512470 516
1512480 516
1512490 516
1512500 516
1512510 516
1512520 516
1512530 516
1512540 516
1512550 516
1512560 516
1512570 516
1512580 516
1512590 516
1512600 516
1512610 516
1512620 516
1512630 516
1512640 516
1512650 516
1512660 516
1512670 516
1512680 516
1512690 516
1512700 516
1512710 516
1512720 516
1512730 516
1512740 516
1512750 516
1512760 516
1512770 516
1512780 516
1512790 516
1512800 516
1512810 515
1512820 515
1512830 515
1512840 515
1512850 516
1512860 516
1512870 516
1512880 516
1512890 516
1512900 516
1512910 516
1512920 516
1512930 516
1512940 516
1512950 516
1512960 515
1512970 515
1512980 515
1512990 515
1513000 516
1513010 516
1513020 516
1513030 516
1513040 516
1513050 516
1513060 516
1513070 516
1513080 516
1513090 516
1513100 516
1513110 516
1513120 516
1513130 516
1513140 516
1513150 516
1513160 516
1513170 516
1513180 516
1513190 516
1513200 516
1513210 516
1513220 516
1513230 516
1513240 516
1513250 516
1513260 516
1513270 516
1513280 516
1513290 516
1513300 516
1513310 516
1513320 516
1513330 516
1513340 516
1513350 515
1513360 516
1513370 516
1513380 515
1513390 515
1513400 515
1513410 515
1513420 515
1513430 515
1513440 515
1513450 515
1513460 515
1513470 515
1513480 515
1513490 515
1513500 515
1513510 515
1513520 515
1513530 515
1513540 515
1513550 515
1513560 515
1513570 515
1513580 515
1513590 515
1513600 515
1513610 515
1513620 515
1513630 515
1513640 515
1513650 515
1513660 516
1513670 516
1513680 516
1513690 516
1513700 516
1513710 516
1513720 516
1513730 516
1513740 516
1513750 516
1513760 515
1513770 515
1513780 515
1513790 515
1513800 515
1513810 515
1513820 515
1513830 515
1513840 515
1513850 515
1513860 515
1513870 515
1513880 515
1513890 515
1513900 515
1513910 515
1513920 515
1513930 515
1513940 515
1513950 515
1513960 515
1513970 515
1513980 515
1513990 515
1514000 515
1514010 514
1514020 514
1514030 514
1514040 514
1514050 514
1514060 514
1514070 514
1514080 514
1514090 514
1514100 514
1514110 514
1514120 514
1514130 514
1514140 514
1514150 514
1514160 514
1514170 514
1514180 514
1514190 514
1514200 514
1514210 514
1514220 514
1514230 514
1514240 514
1514250 514
1514260 514
1514270 514
1514280 514
1514290 514
1514300 514
1514310 514
1514320 514
1514330 514
1514340 515
1514350 515
1514360 515
1514370 515
1514380 515
1514390 515
1514400 516
1514410 516
1514420 516
1514430 516
1514440 516
1514450 516
1514460 516
1514470 516
1514480 516
1514490 516
1514500 516
1514510 516
1514520 516
1514530 516
1514540 515
1514550 515
1514560 516
1514570 515
1514580 515
1514590 515
1514600 515
1514610 515
1514620 515
1514630 515
1514640 515
1514650 515
1514660 515
1514670 515
1514680 516
1514690 518
1514700 520
1514710 520
1514720 521
1514730 523
1514740 523
1514750 525
1514760 527
1514770 527
1514780 530
1514790 534
1514800 534
1514810 538
1514820 542
1514830 542
1514840 545
1514850 548
1514860 548
1514870 551
1514880 552
1514890 553
1514900 553
1514910 554
1514920 556
1514930 556
1514940 558
1514950 560
1514960 560
1514970 562
1514980 563
1514990 563
1515000 567
1515010 572
1515020 572
1515030 576
1515040 579
1515050 581
1515060 581
1515070 584
1515080 590
1515090 590
1515100 593
1515110 595
1515120 595
1515130 600
1515140 602
1515150 602
1515160 606
1515170 610
1515180 610
1515190 612
1515200 615
1515210 618
1515220 618
1515230 620
1515240 623
1515250 623
1515260 626
1515270 629
1515280 629
1515290 632
1515300 635
1515310 635
1515320 639
1515330 642
1515340 642
1515350 645
1515360 647
1515370 647
1515380 649
1515390 652
1515400 654
1515410 654
1515420 656
1515430 658
1515440 658
1515450 660
1515460 662
1515470 662
1515480 664
1515490 667
1515500 667
1515510 669
1515520 671
1515530 671
1515540 674
1515550 677
1515560 681
1515570 681
1515580 686
1515590 690
1515600 690
1515610 693
1515620 698
1515630 698
1515640 703
1515650 710
1515660 710
1515670 716
1515680 721
1515690 721
1515700 725
1515710 730
1515720 735
1515730 735
1515740 739
1515750 743
1515760 743
1515770 748
1515780 753
1515790 753
1515800 758
1515810 763
1515820 763
1515830 768
1515840 774
1515850 774
1515860 779
1515870 781
1515880 781
1515890 783
1515900 785
1515910 789
1515920 789
1515930 792
1515940 795
1515950 795
1515960 799
1515970 805
1515980 805
1515990 810
1516000 815
1516010 815
1516020 820
1516030 826
1516040 826
1516050 832
1516060 835
1516070 836
1516080 836
1516090 838
1516100 839
1516110 839
1516120 841
1516130 843
1516140 843
1516150 846
1516160 848
1516170 848
1516180 849
1516190 851
1516200 851
1516210 853
1516220 855
1516230 857
1516240 857
1516250 859
1516260 860
1516270 860
1516280 861
1516290 862
1516300 862
1516310 863
1516320 863
1516330 863
1516340 864
1516350 865
1516360 865
1516370 866
1516380 867
1516390 867
1516400 869
1516410 871
1516420 872
1516430 872
1516440 874
1516450 876
1516460 876
1516470 878
1516480 879
1516490 879
1516500 880
1516510 880
1516520 880
1516530 881
1516540 881
1516550 881
1516560 882
1516570 884
1516580 885
1516590 885
1516600 885
1516610 885
1516620 885
1516630 885
1516640 885
1516650 885
1516660 884
1516670 884
1516680 884
1516690 884
1516700 884
1516710 884
1516720 884
1516730 884
1516740 884
1516750 884
1516760 883
1516770 882
1516780 882
1516790 881
1516800 879
1516810 879
1516820 878
1516830 876
1516840 876
1516850 875
1516860 873
1516870 873
1516880 872
1516890 871
1516900 871
1516910 869
1516920 868
1516930 869
1516940 869
1516950 869
1516960 870
1516970 870
1516980 871
1516990 872
1517000 872
1517010 873
1517020 874
1517030 874
1517040 875
1517050 875
1517060 875
1517070 875
1517080 876
1517090 876
1517100 876
1517110 876
1517120 876
1517130 876
1517140 876
1517150 876
1517160 876
1517170 877
1517180 877
1517190 877
1517200 877
1517210 877
1517220 877
1517230 878
1517240 878
1517250 879
1517260 879
1517270 879
1517280 880
1517290 880
1517300 880
1517310 881
1517320 881
1517330 881
1517340 881
1517350 881
1517360 881
1517370 881
1517380 881
1517390 881
1517400 881
1517410 881
1517420 881
1517430 882
1517440 882
1517450 882
1517460 883
1517470 884
1517480 884
1517490 886
1517500 887
1517510 887
1517520 888
1517530 889
1517540 889
1517550 891
1517560 892
1517570 892
1517580 894
1517590 895
1517600 896
1517610 896
1517620 897
1517630 900
1517640 900
1517650 901
1517660 902
1517670 902
1517680 902
1517690 903
1517700 903
1517710 903
1517720 903
1517730 903
1517740 902
1517750 899
1517760 899
1517770 895
1517780 893
1517790 894
1517800 894
1517810 897
1517820 903
1517830 903
1517840 906
1517850 906
1517860 906
1517870 905
1517880 904
1517890 904
1517900 901
1517910 900
1517920 900
1517930 897
1517940 893
1517950 890
1517960 890
1517970 888
1517980 886
1517990 886
1518000 885
1518010 882
1518020 882
1518030 879
1518040 874
1518050 874
1518060 869
1518070 866
1518080 866
1518090 863
1518100 860
1518110 856
1518120 856
1518130 852
1518140 848
1518150 848
1518160 845
1518170 841
1518180 847
1518190 843
1518200 839
1518210 839
1518220 836
1518230 832
1518240 832
1518250 829
1518260 826
1518270 826
1518280 823
1518290 819
1518300 817
1518310 817
1518320 814
1518330 812
1518340 812
1518350 811
1518360 810
1518370 810
1518380 808
1518390 807
1518400 807
1518410 806
1518420 806
1518430 806
1518440 806
1518450 806
1518460 806
1518470 806
1518480 807
1518490 809
1518500 809
1518510 812
1518520 815
1518530 815
1518540 820
1518550 824
1518560 824
1518570 828
1518580 833
1518590 833
1518600 838
1518610 843
1518620 848
1518630 848
1518640 853
1518650 857
1518660 857
1518670 858
1518680 858
1518690 858
1518700 859
1518710 860
1518720 860
1518730 861
1518740 861
1518750 861
1518760 860
1518770 859
1518780 859
1518790 857
1518800 855
1518810 852
1518820 852
1518830 850
1518840 848
1518850 848
1518860 845
1518870 844
1518880 844
1518890 843
1518900 841
1518910 841
1518920 839
1518930 837
1518940 837
1518950 835
1518960 833
1518970 832
1518980 832
1518990 833
1519000 836
1519010 836
1519020 838
1519030 841
1519040 841
1519050 844
1519060 845
1519070 845
1519080 846
1519090 848
1519100 848
1519110 851
1519120 854
1519130 857
1519140 857
1519150 860
1519160 863
1519170 863
1519180 867
1519190 871
1519200 871
1519210 876
1519220 880
1519230 880
1519240 883
1519250 886
1519260 886
1519270 890
1519280 897
1519290 897
1519300 904
1519310 910
1519320 912
1519330 912
1519340 910
1519350 907
1519360 907
1519370 907
1519380 906
1519390 906
1519400 903
1519410 900
1519420 900
1519430 896
1519440 892
1519450 892
1519460 891
1519470 890
1519480 890
1519490 890
1519500 889
1519510 887
1519520 887
1519530 885
1519540 882
1519550 882
1519560 879
1519570 876
1519580 876
1519590 874
1519600 873
1519610 873
1519620 872
1519630 872
1519640 872
1519650 872
1519660 873
1519670 874
1519680 874
1519690 874
1519700 874
1519710 874
1519720 874
1519730 874
1519740 874
1519750 873
1519760 872
1519770 872
1519780 872
1519790 871
1519800 871
1519810 871
1519820 871
1519830 871
1519840 871
1519850 871
1519860 871
1519870 871
1519880 869
1519890 869
1519900 869
1519910 870
1519920 870
1519930 870
1519940 868
1519950 866
1519960 866
1519970 863
1519980 860
1519990 857
