1500000 1839
1500010 1839
1500020 1830
1500030 1823
1500040 1823
1500050 1820
1500060 1810
1500070 1810
1500080 1796
1500090 1786
1500100 1786
1500110 1780
1500120 1774
1500130 1774
1500140 1767
1500150 1766
1500160 1768
1500170 1768
1500180 1770
1500190 1769
1500200 1769
1500210 1764
1500220 1756
1500230 1756
1500240 1755
1500250 1754
1500260 1754
1500270 1753
1500280 1755
1500290 1755
1500300 1756
1500310 1752
1500320 1752
1500330 1744
1500340 1736
1500350 1726
1500360 1726
1500370 1716
1500380 1711
1500390 1711
1500400 1712
1500410 1715
1500420 1715
1500430 1722
1500440 1727
1500450 1727
1500460 1735
1500470 1741
1500480 1741
1500490 1738
1500500 1730
1500510 1721
1500520 1721
1500530 1713
1500540 1707
1500550 1707
1500560 1702
1500570 1700
1500580 1700
1500590 1703
1500600 1709
1500610 1709
1500620 1712
1500630 1689
1500640 1689
1500650 1659
1500660 1648
1500670 1647
1500680 1647
1500690 1637
1500700 1626
1500710 1626
1500720 1613
1500730 1602
1500740 1602
1500750 1593
1500760 1585
1500770 1585
1500780 1578
1500790 1571
1500800 1571
1500810 1563
1500820 1555
1500830 1555
1500840 1545
1500850 1529
1500860 1518
1500870 1518
1500880 1513
1500890 1512
1500900 1512
1500910 1508
1500920 1508
1500930 1508
1500940 1510
1500950 1511
1500960 1511
1500970 1506
1500980 1500
1500990 1500
1501000 1494
1501010 1487
1501020 1485
1501030 1485
1501040 1484
1501050 1489
1501060 1489
1501070 1492
1501080 1493
1501090 1493
1501100 1494
1501110 1495
1501120 1495
1501130 1491
1501140 1484
1501150 1484
1501160 1476
1501170 1467
1501180 1459
1501190 1459
1501200 1451
1501210 1442
1501220 1442
1501230 1432
1501240 1421
1501250 1421
1501260 1411
1501270 1406
1501280 1406
1501290 1400
1501300 1405
1501310 1405
1501320 1412
1501330 1412
1501340 1412
1501350 1410
1501360 1406
1501370 1400
1501380 1400
1501390 1387
1501400 1378
1501410 1378
1501420 1381
1501430 1385
1501440 1385
1501450 1389
1501460 1393
1501470 1393
1501480 1394
1501490 1393
1501500 1393
1501510 1394
1501520 1394
1501530 1394
1501540 1394
1501550 1396
1501560 1396
1501570 1396
1501580 1397
1501590 1399
1501600 1399
1501610 1400
1501620 1402
1501630 1402
1501640 1407
1501650 1408
1501660 1408
1501670 1407
1501680 1405
1501690 1405
1501700 1404
1501710 1401
1501720 1397
1501730 1397
1501740 1404
1501750 1411
1501760 1411
1501770 1415
1501780 1418
1501790 1418
1501800 1421
1501810 1424
1501820 1424
1501830 1426
1501840 1430
1501850 1430
1501860 1434
1501870 1439
1501880 1445
1501890 1445
1501900 1452
1501910 1459
1501920 1459
1501930 1464
1501940 1469
1501950 1469
1501960 1473
1501970 1476
1501980 1476
1501990 1480
1502000 1484
1502010 1484
1502020 1487
1502030 1491
1502040 1494
1502050 1494
1502060 1497
1502070 1498
1502080 1498
1502090 1499
1502100 1502
1502110 1502
1502120 1505
1502130 1508
1502140 1508
1502150 1511
1502160 1513
1502170 1513
1502180 1515
1502190 1517
1502200 1517
1502210 1519
1502220 1521
1502230 1523
1502240 1523
1502250 1524
1502260 1526
1502270 1526
1502280 1528
1502290 1530
1502300 1530
1502310 1532
1502320 1532
1502330 1532
1502340 1531
1502350 1531
1502360 1531
1502370 1529
1502380 1525
1502390 1521
1502400 1521
1502410 1517
1502420 1516
1502430 1516
1502440 1516
1502450 1515
1502460 1515
1502470 1513
1502480 1511
1502490 1511
1502500 1509
1502510 1506
1502520 1506
1502530 1504
1502540 1503
1502550 1503
1502560 1501
1502570 1498
1502580 1495
1502590 1495
1502600 1492
1502610 1488
1502620 1488
1502630 1484
1502640 1480
1502650 1480
1502660 1476
1502670 1473
1502680 1473
1502690 1469
1502700 1465
1502710 1465
1502720 1461
1502730 1456
1502740 1451
1502750 1451
1502760 1447
1502770 1440
1502780 1440
1502790 1439
1502800 1436
1502810 1436
1502820 1433
1502830 1429
1502840 1429
1502850 1424
1502860 1420
1502870 1420
1502880 1416
1502890 1413
1502900 1410
1502910 1410
1502920 1406
1502930 1403
1502940 1403
1502950 1399
1502960 1397
1502970 1397
1502980 1396
1502990 1393
1503000 1393
1503010 1390
1503020 1385
1503030 1385
1503040 1378
1503050 1371
1503060 1371
1503070 1370
1503080 1371
1503090 1370
1503100 1370
1503110 1370
1503120 1368
1503130 1368
1503140 1365
1503150 1361
1503160 1361
1503170 1356
1503180 1353
1503190 1353
1503200 1349
1503210 1345
1503220 1345
1503230 1344
1503240 1343
1503250 1341
1503260 1341
1503270 1338
1503280 1337
1503290 1337
1503300 1337
1503310 1336
1503320 1336
1503330 1335
1503340 1333
1503350 1333
1503360 1330
1503370 1327
1503380 1327
1503390 1324
1503400 1321
1503410 1317
1503420 1317
1503430 1314
1503440 1310
1503450 1310
1503460 1305
1503470 1300
1503480 1300
1503490 1294
1503500 1287
1503510 1287
1503520 1281
1503530 1274
1503540 1274
1503550 1268
1503560 1262
1503570 1262
1503580 1256
1503590 1251
1503600 1246
1503610 1246
1503620 1241
1503630 1237
1503640 1237
1503650 1233
1503660 1229
1503670 1229
1503680 1226
1503690 1222
1503700 1222
1503710 1218
1503720 1213
1503730 1213
1503740 1208
1503750 1203
1503760 1198
1503770 1198
1503780 1193
1503790 1187
1503800 1187
1503810 1181
1503820 1176
1503830 1176
1503840 1170
1503850 1163
1503860 1163
1503870 1157
1503880 1151
1503890 1151
1503900 1145
1503910 1141
1503920 1141
1503930 1134
1503940 1129
1503950 1124
1503960 1124
1503970 1119
1503980 1114
1503990 1114
1504000 1109
1504010 1104
1504020 1104
1504030 1099
1504040 1093
1504050 1093
1504060 1088
1504070 1083
1504080 1083
1504090 1077
1504100 1070
1504110 1060
1504120 1060
1504130 1048
1504140 1037
1504150 1037
1504160 1024
1504170 1012
1504180 1012
1504190 1001
1504200 991
1504210 991
1504220 979
1504230 968
1504240 968
1504250 954
1504260 933
1504270 921
1504280 921
1504290 915
1504300 914
1504310 914
1504320 921
1504330 932
1504340 932
1504350 940
1504360 947
1504370 947
1504380 957
1504390 967
1504400 967
1504410 973
1504420 975
1504430 975
1504440 976
1504450 981
1504460 987
1504470 987
1504480 994
1504490 998
1504500 998
1504510 1001
1504520 1004
1504530 1004
1504540 1007
1504550 1008
1504560 1008
1504570 1010
1504580 1011
1504590 1011
1504600 1011
1504610 1012
1504620 1012
1504630 1012
1504640 1012
1504650 1009
1504660 1009
1504670 1007
1504680 1006
1504690 1006
1504700 1004
1504710 1002
1504720 1002
1504730 1000
1504740 998
1504750 998
1504760 997
1504770 995
1504780 995
1504790 994
1504800 993
1504810 993
1504820 993
1504830 992
1504840 991
1504850 991
1504860 990
1504870 988
1504880 988
1504890 988
1504900 987
1504910 987
1504920 985
1504930 982
1504940 982
1504950 978
1504960 975
1504970 973
1504980 973
1504990 970
1505000 965
1505010 965
1505020 960
1505030 955
1505040 955
1505050 950
1505060 947
1505070 947
1505080 943
1505090 940
1505100 940
1505110 938
1505120 936
1505130 935
1505140 935
1505150 933
1505160 932
1505170 932
1505180 930
1505190 928
1505200 928
1505210 926
1505220 923
1505230 923
1505240 920
1505250 915
1505260 915
1505270 912
1505280 917
1505290 917
1505300 916
1505310 915
1505320 913
1505330 913
1505340 911
1505350 909
1505360 909
1505370 905
1505380 903
1505390 903
1505400 900
1505410 896
1505420 896
1505430 893
1505440 890
1505450 890
1505460 887
1505470 885
1505480 883
1505490 883
1505500 879
1505510 875
1505520 875
1505530 872
1505540 869
1505550 869
1505560 866
1505570 864
1505580 864
1505590 860
1505600 855
1505610 855
1505620 850
1505630 845
1505640 842
1505650 842
1505660 840
1505670 837
1505680 837
1505690 834
1505700 831
1505710 831
1505720 827
1505730 824
1505740 824
1505750 821
1505760 818
1505770 818
1505780 815
1505790 812
1505800 812
1505810 808
1505820 803
1505830 801
1505840 801
1505850 799
1505860 797
1505870 797
1505880 795
1505890 793
1505900 793
1505910 790
1505920 781
1505930 781
1505940 770
1505950 758
1505960 758
1505970 753
1505980 756
1505990 763
1506000 763
1506010 764
1506020 766
1506030 766
1506040 766
1506050 764
1506060 764
1506070 762
1506080 760
1506090 760
1506100 756
1506110 755
1506120 755
1506130 755
1506140 754
1506150 754
1506160 751
1506170 748
1506180 747
1506190 747
1506200 745
1506210 747
1506220 747
1506230 749
1506240 750
1506250 750
1506260 752
1506270 753
1506280 753
1506290 754
1506300 754
1506310 754
1506320 753
1506330 753
1506340 751
1506350 751
1506360 749
1506370 747
1506380 747
1506390 746
1506400 743
1506410 743
1506420 739
1506430 734
1506440 734
1506450 728
1506460 721
1506470 721
1506480 716
1506490 715
1506500 715
1506510 715
1506520 713
1506530 710
1506540 710
1506550 709
1506560 711
1506570 711
1506580 713
1506590 713
1506600 713
1506610 712
1506620 710
1506630 710
1506640 708
1506650 702
1506660 702
1506670 700
1506680 698
1506690 697
1506700 697
1506710 695
1506720 693
1506730 693
1506740 691
1506750 690
1506760 690
1506770 689
1506780 688
1506790 688
1506800 687
1506810 686
1506820 686
1506830 685
1506840 684
1506850 683
1506860 683
1506870 682
1506880 680
1506890 680
1506900 679
1506910 677
1506920 677
1506930 675
1506940 672
1506950 672
1506960 670
1506970 667
1506980 667
1506990 665
1507000 662
1507010 662
1507020 660
1507030 658
1507040 655
1507050 655
1507060 652
1507070 650
1507080 650
1507090 648
1507100 646
1507110 646
1507120 644
1507130 643
1507140 643
1507150 641
1507160 638
1507170 638
1507180 637
1507190 635
1507200 633
1507210 633
1507220 631
1507230 627
1507240 627
1507250 623
1507260 617
1507270 617
1507280 613
1507290 613
1507300 613
1507310 612
1507320 611
1507330 611
1507340 611
1507350 609
1507360 606
1507370 606
1507380 602
1507390 599
1507400 599
1507410 597
1507420 593
1507430 593
1507440 590
1507450 587
1507460 587
1507470 584
1507480 581
1507490 581
1507500 578
1507510 574
1507520 574
1507530 570
1507540 568
1507550 567
1507560 567
1507570 568
1507580 569
1507590 569
1507600 569
1507610 569
1507620 569
1507630 569
1507640 567
1507650 567
1507660 564
1507670 566
1507680 566
1507690 567
1507700 566
1507710 566
1507720 566
1507730 565
1507740 564
1507750 564
1507760 563
1507770 561
1507780 561
1507790 559
1507800 558
1507810 558
1507820 556
1507830 555
1507840 555
1507850 553
1507860 551
1507870 550
1507880 550
1507890 549
1507900 548
1507910 548
1507920 547
1507930 547
1507940 547
1507950 546
1507960 545
1507970 545
1507980 545
1507990 543
1508000 543
1508010 539
1508020 533
1508030 533
1508040 529
1508050 526
1508060 525
1508070 525
1508080 524
1508090 523
1508100 523
1508110 522
1508120 522
1508130 522
1508140 522
1508150 522
1508160 522
1508170 522
1508180 522
1508190 522
1508200 522
1508210 522
1508220 522
1508230 522
1508240 522
1508250 522
1508260 522
1508270 522
1508280 522
1508290 522
1508300 522
1508310 522
1508320 522
1508330 522
1508340 522
1508350 522
1508360 523
1508370 523
1508380 523
1508390 523
1508400 523
1508410 523
1508420 523
1508430 523
1508440 522
1508450 522
1508460 522
1508470 522
1508480 522
1508490 522
1508500 522
1508510 522
1508520 522
1508530 522
1508540 522
1508550 522
1508560 522
1508570 522
1508580 522
1508590 522
1508600 522
1508610 522
1508620 522
1508630 522
1508640 522
1508650 522
1508660 522
1508670 522
1508680 522
1508690 522
1508700 522
1508710 522
1508720 522
1508730 522
1508740 522
1508750 522
1508760 522
1508770 522
1508780 521
1508790 521
1508800 521
1508810 521
1508820 521
1508830 521
1508840 521
1508850 521
1508860 521
1508870 521
1508880 521
1508890 521
1508900 521
1508910 521
1508920 520
1508930 520
1508940 520
1508950 520
1508960 520
1508970 520
1508980 520
1508990 520
1509000 520
1509010 520
1509020 520
1509030 520
1509040 520
1509050 520
1509060 520
1509070 520
1509080 520
1509090 520
1509100 520
1509110 520
1509120 520
1509130 520
1509140 520
1509150 520
1509160 520
1509170 520
1509180 520
1509190 520
1509200 520
1509210 520
1509220 520
1509230 520
1509240 520
1509250 520
1509260 520
1509270 520
1509280 520
1509290 520
1509300 520
1509310 520
1509320 520
1509330 520
1509340 520
1509350 520
1509360 520
1509370 520
1509380 520
1509390 520
1509400 520
1509410 520
1509420 520
1509430 520
1509440 520
1509450 520
1509460 520
1509470 520
1509480 520
1509490 520
1509500 520
1509510 520
1509520 520
1509530 520
1509540 520
1509550 520
1509560 520
1509570 520
1509580 519
1509590 520
1509600 520
1509610 520
1509620 519
1509630 519
1509640 519
1509650 519
1509660 519
1509670 519
1509680 519
1509690 519
1509700 519
1509710 519
1509720 519
1509730 519
1509740 519
1509750 519
1509760 519
1509770 520
1509780 520
1509790 520
1509800 519
1509810 518
1509820 518
1509830 517
1509840 517
1509850 517
1509860 517
1509870 517
1509880 517
1509890 517
1509900 518
1509910 518
1509920 520
1509930 520
1509940 520
1509950 520
1509960 520
1509970 520
1509980 520
1509990 521
1510000 522
1510010 522
1510020 522
1510030 522
1510040 522
1510050 521
1510060 520
1510070 520
1510080 520
1510090 521
1510100 521
1510110 521
1510120 521
1510130 521
1510140 521
1510150 521
1510160 520
1510170 520
1510180 519
1510190 520
1510200 520
1510210 520
1510220 520
1510230 520
1510240 519
1510250 519
1510260 519
1510270 519
1510280 519
1510290 519
1510300 519
1510310 519
1510320 519
1510330 519
1510340 519
1510350 519
1510360 519
1510370 519
1510380 519
1510390 519
1510400 519
1510410 519
1510420 519
1510430 519
1510440 519
1510450 519
1510460 519
1510470 519
1510480 519
1510490 519
1510500 519
1510510 519
1510520 519
1510530 519
1510540 519
1510550 519
1510560 519
1510570 519
1510580 519
1510590 519
1510600 519
1510610 519
1510620 519
1510630 519
1510640 519
1510650 519
1510660 519
1510670 519
1510680 519
1510690 518
1510700 518
1510710 518
1510720 518
1510730 518
1510740 518
1510750 518
1510760 518
1510770 518
1510780 518
1510790 518
1510800 518
1510810 518
1510820 519
1510830 519
1510840 519
1510850 519
1510860 519
1510870 519
1510880 519
1510890 519
1510900 519
1510910 519
1510920 519
1510930 519
1510940 519
1510950 519
1510960 519
1510970 519
1510980 519
1510990 519
1511000 519
1511010 519
1511020 519
1511030 519
1511040 519
1511050 519
1511060 519
1511070 519
1511080 519
1511090 519
1511100 519
1511110 519
1511120 519
1511130 519
1511140 519
1511150 519
1511160 519
1511170 518
1511180 518
1511190 518
1511200 518
1511210 518
1511220 518
1511230 518
1511240 519
1511250 519
1511260 519
1511270 519
1511280 519
1511290 519
1511300 521
1511310 525
1511320 525
1511330 525
1511340 522
1511350 522
1511360 519
1511370 519
1511380 519
1511390 519
1511400 519
1511410 519
1511420 519
1511430 519
1511440 519
1511450 519
1511460 519
1511470 519
1511480 519
1511490 519
1511500 519
1511510 519
1511520 519
1511530 519
1511540 519
1511550 519
1511560 519
1511570 519
1511580 519
1511590 519
1511600 519
1511610 518
1511620 519
1511630 519
1511640 519
1511650 518
1511660 518
1511670 518
1511680 518
1511690 519
1511700 519
1511710 519
1511720 519
1511730 519
1511740 519
1511750 519
1511760 519
1511770 519
1511780 519
1511790 519
1511800 519
1511810 519
1511820 519
1511830 519
1511840 519
1511850 519
1511860 519
1511870 519
1511880 519
1511890 519
1511900 519
1511910 519
1511920 519
1511930 519
1511940 519
1511950 519
1511960 519
1511970 519
1511980 519
1511990 518
1512000 518
1512010 518
1512020 518
1512030 518
1512040 518
1512050 518
1512060 518
1512070 518
1512080 518
1512090 518
1512100 518
1512110 518
1512120 518
1512130 518
1512140 518
1512150 518
1512160 518
1512170 518
1512180 518
1512190 518
1512200 518
1512210 518
1512220 518
1512230 518
1512240 518
1512250 518
1512260 518
1512270 518
1512280 518
1512290 518
1512300 518
1512310 518
1512320 517
1512330 517
1512340 517
1512350 518
1512360 518
1512370 518
1512380 518
1512390 518
1512400 518
1512410 517
1512420 517
1512430 517
1512440 518
1512450 518
1512460 518
1512470 518
1512480 517
1512490 517
1512500 517
1512510 517
1512520 517
1512530 517
1512540 517
1512550 517
1512560 517
1512570 517
1512580 517
1512590 517
1512600 517
1512610 517
1512620 517
1512630 517
1512640 517
1512650 517
1512660 517
1512670 517
1512680 517
1512690 517
1512700 517
1512710 517
1512720 517
1512730 518
1512740 520
1512750 520
1512760 522
1512770 525
1512780 525
1512790 529
1512800 533
1512810 533
1512820 538
1512830 540
1512840 542
1512850 542
1512860 545
1512870 547
1512880 547
1512890 551
1512900 556
1512910 556
1512920 560
1512930 564
1512940 564
1512950 568
1512960 572
1512970 572
1512980 575
1512990 579
1513000 579
1513010 582
1513020 586
1513030 590
1513040 590
1513050 593
1513060 597
1513070 597
1513080 600
1513090 604
1513100 604
1513110 607
1513120 610
1513130 610
1513140 612
1513150 615
1513160 615
1513170 617
1513180 619
1513190 621
1513200 621
1513210 623
1513220 625
1513230 625
1513240 627
1513250 628
1513260 628
1513270 629
1513280 631
1513290 631
1513300 633
1513310 635
1513320 635
1513330 638
1513340 640
1513350 640
1513360 643
1513370 647
1513380 650
1513390 650
1513400 654
1513410 658
1513420 658
1513430 661
1513440 663
1513450 663
1513460 665
1513470 667
1513480 667
1513490 668
1513500 670
1513510 670
1513520 671
1513530 672
1513540 673
1513550 673
1513560 675
1513570 677
1513580 677
1513590 680
1513600 682
1513610 682
1513620 684
1513630 686
1513640 686
1513650 689
1513660 691
1513670 691
1513680 694
1513690 696
1513700 698
1513710 698
1513720 700
1513730 702
1513740 702
1513750 702
1513760 702
1513770 702
1513780 702
1513790 702
1513800 702
1513810 703
1513820 703
1513830 703
1513840 704
1513850 704
1513860 704
1513870 707
1513880 710
1513890 714
1513900 714
1513910 718
1513920 721
1513930 721
1513940 723
1513950 725
1513960 725
1513970 727
1513980 729
1513990 729
1514000 731
1514010 733
1514020 733
1514030 736
1514040 739
1514050 743
1514060 743
1514070 747
1514080 750
1514090 750
1514100 754
1514110 757
1514120 757
1514130 759
1514140 761
1514150 761
1514160 761
1514170 762
1514180 762
1514190 762
1514200 763
1514210 763
1514220 763
1514230 764
1514240 764
1514250 764
1514260 765
1514270 765
1514280 765
1514290 766
1514300 767
1514310 767
1514320 768
1514330 768
1514340 768
1514350 769
1514360 769
1514370 769
1514380 770
1514390 770
1514400 771
1514410 771
1514420 771
1514430 772
1514440 772
1514450 774
1514460 775
1514470 775
1514480 777
1514490 779
1514500 779
1514510 782
1514520 784
1514530 784
1514540 786
1514550 788
1514560 789
1514570 789
1514580 790
1514590 791
1514600 791
1514610 792
1514620 793
1514630 793
1514640 793
1514650 793
1514660 793
1514670 794
1514680 794
1514690 794
1514700 794
1514710 793
1514720 793
1514730 792
1514740 792
1514750 791
1514760 791
1514770 790
1514780 790
1514790 790
1514800 789
1514810 789
1514820 789
1514830 790
1514840 791
1514850 791
1514860 792
1514870 793
1514880 793
1514890 794
1514900 795
1514910 797
1514920 797
1514930 800
1514940 802
1514950 802
1514960 804
1514970 808
1514980 808
1514990 809
1515000 811
1515010 811
1515020 813
1515030 816
1515040 816
1515050 818
1515060 821
1515070 824
1515080 824
1515090 827
1515100 829
1515110 829
1515120 832
1515130 836
1515140 836
1515150 840
1515160 843
1515170 843
1515180 846
1515190 848
1515200 848
1515210 850
1515220 851
1515230 851
1515240 853
1515250 855
1515260 856
1515270 856
1515280 858
1515290 860
1515300 860
1515310 862
1515320 864
1515330 864
1515340 866
1515350 867
1515360 867
1515370 869
1515380 870
1515390 870
1515400 872
1515410 873
1515420 874
1515430 874
1515440 875
1515450 876
1515460 876
1515470 876
1515480 877
1515490 877
1515500 876
1515510 875
1515520 875
1515530 875
1515540 875
1515550 875
1515560 875
1515570 875
1515580 875
1515590 874
1515600 873
1515610 871
1515620 871
1515630 871
1515640 872
1515650 872
1515660 872
1515670 872
1515680 872
1515690 872
1515700 872
1515710 872
1515720 872
1515730 871
1515740 871
1515750 871
1515760 870
1515770 869
1515780 869
1515790 869
1515800 869
1515810 869
1515820 870
1515830 871
1515840 871
1515850 871
1515860 870
1515870 870
1515880 868
1515890 867
1515900 867
1515910 867
1515920 867
1515930 867
1515940 867
1515950 867
1515960 869
1515970 869
1515980 871
1515990 874
1516000 874
1516010 876
1516020 879
1516030 879
1516040 880
1516050 881
1516060 881
1516070 882
1516080 879
1516090 879
1516100 879
1516110 878
1516120 876
1516130 876
1516140 875
1516150 873
1516160 873
1516170 872
1516180 871
1516190 871
1516200 870
1516210 869
1516220 869
1516230 866
1516240 863
1516250 863
1516260 860
1516270 856
1516280 855
1516290 855
1516300 855
1516310 853
1516320 853
1516330 852
1516340 849
1516350 849
1516360 848
1516370 847
1516380 847
1516390 847
1516400 846
1516410 846
1516420 845
1516430 845
1516440 844
1516450 844
1516460 843
1516470 842
1516480 842
1516490 840
1516500 839
1516510 839
1516520 837
1516530 834
1516540 834
1516550 830
1516560 827
1516570 827
1516580 823
1516590 819
1516600 819
1516610 816
1516620 815
1516630 814
1516640 814
1516650 813
1516660 813
1516670 813
1516680 814
1516690 815
1516700 815
1516710 816
1516720 818
1516730 818
1516740 820
1516750 821
1516760 821
1516770 822
1516780 822
1516790 822
1516800 822
1516810 821
1516820 821
1516830 821
1516840 821
1516850 822
1516860 822
1516870 822
1516880 822
1516890 822
1516900 822
1516910 821
1516920 821
1516930 820
1516940 821
1516950 821
1516960 821
1516970 819
1516980 817
1516990 817
1517000 815
1517010 813
1517020 813
1517030 812
1517040 810
1517050 810
1517060 809
1517070 809
1517080 809
1517090 809
1517100 809
1517110 809
1517120 807
1517130 806
1517140 805
1517150 805
1517160 805
1517170 806
1517180 806
1517190 807
1517200 808
1517210 808
1517220 808
1517230 809
1517240 809
1517250 810
1517260 810
1517270 810
1517280 809
1517290 808
1517300 807
1517310 807
1517320 806
1517330 806
1517340 806
1517350 805
1517360 803
1517370 803
1517380 801
1517390 799
1517400 799
1517410 796
1517420 793
1517430 793
1517440 790
1517450 788
1517460 788
1517470 787
1517480 786
1517490 787
1517500 787
1517510 789
1517520 790
1517530 790
1517540 791
1517550 792
1517560 792
1517570 791
1517580 789
1517590 789
1517600 789
1517610 787
1517620 787
1517630 785
1517640 783
1517650 782
1517660 782
1517670 781
1517680 779
1517690 779
1517700 777
1517710 774
1517720 774
1517730 774
1517740 776
1517750 776
1517760 780
1517770 785
1517780 785
1517790 789
1517800 790
1517810 790
1517820 794
1517830 801
1517840 812
1517850 812
1517860 819
1517870 826
1517880 826
1517890 831
1517900 836
1517910 836
1517920 838
1517930 839
1517940 839
1517950 840
1517960 840
1517970 840
1517980 840
1517990 840
1518000 840
1518010 840
1518020 840
1518030 841
1518040 841
1518050 842
1518060 843
1518070 843
1518080 842
1518090 840
1518100 840
1518110 840
1518120 841
1518130 841
1518140 842
1518150 841
1518160 839
1518170 839
1518180 837
1518190 836
1518200 836
1518210 835
1518220 835
1518230 835
1518240 834
1518250 833
1518260 833
1518270 831
1518280 830
1518290 830
1518300 830
1518310 829
1518320 829
1518330 829
1518340 828
1518350 828
1518360 828
1518370 828
1518380 827
1518390 827
1518400 828
1518410 827
1518420 827
1518430 827
1518440 826
1518450 826
1518460 826
1518470 827
1518480 827
1518490 826
1518500 825
1518510 824
1518520 824
1518530 823
1518540 822
1518550 822
1518560 821
1518570 819
1518580 819
1518590 817
1518600 816
1518610 816
1518620 814
1518630 813
1518640 813
1518650 811
1518660 809
1518670 809
1518680 807
1518690 805
1518700 804
1518710 804
1518720 803
1518730 803
1518740 803
1518750 802
1518760 801
1518770 801
1518780 799
1518790 796
1518800 796
1518810 793
1518820 791
1518830 791
1518840 789
1518850 786
1518860 784
1518870 784
1518880 781
1518890 780
1518900 780
1518910 778
1518920 775
1518930 775
1518940 773
1518950 771
1518960 771
1518970 768
1518980 766
1518990 766
1519000 764
1519010 763
1519020 762
1519030 762
1519040 760
1519050 759
1519060 759
1519070 758
1519080 757
1519090 757
1519100 757
1519110 757
1519120 757
1519130 756
1519140 756
1519150 756
1519160 757
1519170 757
1519180 757
1519190 757
1519200 758
1519210 759
1519220 759
1519230 759
1519240 760
1519250 760
1519260 761
1519270 762
1519280 762
1519290 764
1519300 765
1519310 765
1519320 766
1519330 768
1519340 768
1519350 769
1519360 770
1519370 771
1519380 771
1519390 772
1519400 773
1519410 773
1519420 774
1519430 775
1519440 775
1519450 776
1519460 777
1519470 777
1519480 777
1519490 778
1519500 778
1519510 779
1519520 780
1519530 780
1519540 781
1519550 781
1519560 782
1519570 782
1519580 783
1519590 783
1519600 783
1519610 784
1519620 785
1519630 785
1519640 785
1519650 786
1519660 786
1519670 788
1519680 789
1519690 789
1519700 791
1519710 791
1519720 792
1519730 792
1519740 792
1519750 792
1519760 792
1519770 792
1519780 793
1519790 793
1519800 794
1519810 797
1519820 797
1519830 799
1519840 800
1519850 800
1519860 802
1519870 807
1519880 813
1519890 813
1519900 821
1519910 828
1519920 828
1519930 833
1519940 835
1519950 835
1519960 838
1519970 841
1519980 841
1519990 845
