1500000 561
1500010 560
1500020 560
1500030 560
1500040 560
1500050 560
1500060 558
1500070 556
1500080 556
1500090 557
1500100 556
1500110 556
1500120 556
1500130 553
1500140 550
1500150 550
1500160 546
1500170 542
1500180 542
1500190 539
1500200 538
1500210 538
1500220 538
1500230 538
1500240 538
1500250 537
1500260 537
1500270 537
1500280 537
1500290 537
1500300 537
1500310 537
1500320 537
1500330 538
1500340 538
1500350 538
1500360 539
1500370 539
1500380 539
1500390 540
1500400 540
1500410 541
1500420 541
1500430 541
1500440 541
1500450 541
1500460 542
1500470 542
1500480 541
1500490 542
1500500 542
1500510 542
1500520 542
1500530 542
1500540 542
1500550 543
1500560 543
1500570 543
1500580 543
1500590 543
1500600 543
1500610 542
1500620 542
1500630 542
1500640 541
1500650 541
1500660 541
1500670 541
1500680 540
1500690 540
1500700 540
1500710 540
1500720 540
1500730 540
1500740 540
1500750 540
1500760 539
1500770 539
1500780 539
1500790 539
1500800 539
1500810 539
1500820 539
1500830 539
1500840 539
1500850 539
1500860 538
1500870 537
1500880 537
1500890 536
1500900 536
1500910 536
1500920 536
1500930 536
1500940 536
1500950 535
1500960 535
1500970 535
1500980 535
1500990 535
1501000 535
1501010 535
1501020 535
1501030 535
1501040 535
1501050 535
1501060 535
1501070 535
1501080 534
1501090 532
1501100 532
1501110 531
1501120 531
1501130 531
1501140 531
1501150 531
1501160 531
1501170 531
1501180 531
1501190 533
1501200 533
1501210 536
1501220 536
1501230 536
1501240 536
1501250 536
1501260 536
1501270 536
1501280 537
1501290 537
1501300 537
1501310 537
1501320 537
1501330 537
1501340 537
1501350 537
1501360 537
1501370 537
1501380 537
1501390 537
1501400 537
1501410 537
1501420 537
1501430 537
1501440 537
1501450 537
1501460 537
1501470 537
1501480 537
1501490 537
1501500 537
1501510 537
1501520 537
1501530 537
1501540 537
1501550 537
1501560 537
1501570 537
1501580 537
1501590 537
1501600 537
1501610 537
1501620 538
1501630 538
1501640 538
1501650 538
1501660 538
1501670 538
1501680 538
1501690 538
1501700 538
1501710 538
1501720 538
1501730 538
1501740 538
1501750 538
1501760 538
1501770 538
1501780 538
1501790 538
1501800 538
1501810 539
1501820 539
1501830 539
1501840 539
1501850 538
1501860 538
1501870 538
1501880 538
1501890 538
1501900 538
1501910 538
1501920 538
1501930 538
1501940 538
1501950 538
1501960 538
1501970 538
1501980 538
1501990 538
1502000 538
1502010 538
1502020 538
1502030 538
1502040 538
1502050 538
1502060 538
1502070 538
1502080 539
1502090 539
1502100 538
1502110 539
1502120 539
1502130 539
1502140 539
1502150 539
1502160 539
1502170 538
1502180 538
1502190 538
1502200 538
1502210 538
1502220 538
1502230 538
1502240 538
1502250 538
1502260 538
1502270 538
1502280 538
1502290 539
1502300 539
1502310 539
1502320 539
1502330 539
1502340 539
1502350 539
1502360 539
1502370 539
1502380 539
1502390 538
1502400 539
1502410 539
1502420 539
1502430 539
1502440 539
1502450 539
1502460 540
1502470 540
1502480 540
1502490 539
1502500 539
1502510 539
1502520 539
1502530 539
1502540 539
1502550 539
1502560 538
1502570 538
1502580 538
1502590 538
1502600 538
1502610 538
1502620 538
1502630 538
1502640 538
1502650 538
1502660 538
1502670 538
1502680 538
1502690 538
1502700 538
1502710 537
1502720 535
1502730 535
1502740 536
1502750 535
1502760 535
1502770 534
1502780 535
1502790 535
1502800 535
1502810 537
1502820 537
1502830 541
1502840 542
1502850 542
1502860 542
1502870 543
1502880 543
1502890 543
1502900 543
1502910 542
1502920 542
1502930 542
1502940 543
1502950 543
1502960 542
1502970 542
1502980 542
1502990 542
1503000 542
1503010 542
1503020 542
1503030 542
1503040 542
1503050 542
1503060 542
1503070 543
1503080 543
1503090 543
1503100 543
1503110 543
1503120 543
1503130 543
1503140 543
1503150 543
1503160 543
1503170 543
1503180 543
1503190 543
1503200 543
1503210 543
1503220 543
1503230 543
1503240 543
1503250 543
1503260 543
1503270 543
1503280 543
1503290 543
1503300 543
1503310 543
1503320 543
1503330 543
1503340 543
1503350 543
1503360 543
1503370 543
1503380 543
1503390 543
1503400 543
1503410 543
1503420 543
1503430 543
1503440 544
1503450 543
1503460 543
1503470 543
1503480 543
1503490 543
1503500 543
1503510 543
1503520 543
1503530 543
1503540 543
1503550 543
1503560 543
1503570 543
1503580 543
1503590 543
1503600 543
1503610 543
1503620 543
1503630 543
1503640 543
1503650 543
1503660 543
1503670 543
1503680 543
1503690 543
1503700 543
1503710 543
1503720 543
1503730 543
1503740 543
1503750 543
1503760 543
1503770 543
1503780 543
1503790 543
1503800 543
1503810 543
1503820 543
1503830 543
1503840 543
1503850 543
1503860 543
1503870 543
1503880 543
1503890 543
1503900 543
1503910 543
1503920 543
1503930 543
1503940 543
1503950 543
1503960 543
1503970 543
1503980 543
1503990 542
1504000 542
1504010 542
1504020 542
1504030 542
1504040 542
1504050 543
1504060 543
1504070 543
1504080 543
1504090 543
1504100 543
1504110 543
1504120 543
1504130 543
1504140 542
1504150 542
1504160 542
1504170 542
1504180 542
1504190 542
1504200 542
1504210 542
1504220 542
1504230 542
1504240 543
1504250 543
1504260 542
1504270 542
1504280 542
1504290 542
1504300 542
1504310 542
1504320 542
1504330 542
1504340 542
1504350 542
1504360 542
1504370 542
1504380 542
1504390 542
1504400 542
1504410 542
1504420 543
1504430 544
1504440 544
1504450 542
1504460 542
1504470 543
1504480 543
1504490 544
1504500 543
1504510 543
1504520 543
1504530 543
1504540 543
1504550 543
1504560 543
1504570 543
1504580 543
1504590 542
1504600 542
1504610 542
1504620 542
1504630 542
1504640 542
1504650 541
1504660 541
1504670 541
1504680 541
1504690 541
1504700 541
1504710 541
1504720 541
1504730 541
1504740 541
1504750 541
1504760 541
1504770 541
1504780 541
1504790 541
1504800 541
1504810 541
1504820 541
1504830 541
1504840 541
1504850 541
1504860 541
1504870 541
1504880 541
1504890 541
1504900 541
1504910 541
1504920 541
1504930 541
1504940 541
1504950 541
1504960 541
1504970 541
1504980 541
1504990 541
1505000 541
1505010 540
1505020 540
1505030 540
1505040 540
1505050 540
1505060 540
1505070 540
1505080 540
1505090 541
1505100 541
1505110 541
1505120 541
1505130 541
1505140 541
1505150 541
1505160 541
1505170 541
1505180 541
1505190 539
1505200 537
1505210 537
1505220 537
1505230 537
1505240 537
1505250 537
1505260 538
1505270 538
1505280 538
1505290 538
1505300 538
1505310 538
1505320 538
1505330 538
1505340 538
1505350 538
1505360 538
1505370 538
1505380 538
1505390 538
1505400 538
1505410 538
1505420 538
1505430 538
1505440 538
1505450 538
1505460 538
1505470 538
1505480 538
1505490 538
1505500 539
1505510 539
1505520 540
1505530 540
1505540 540
1505550 542
1505560 542
1505570 544
1505580 545
1505590 545
1505600 546
1505610 547
1505620 547
1505630 548
1505640 549
1505650 549
1505660 551
1505670 554
1505680 554
1505690 557
1505700 561
1505710 564
1505720 564
1505730 567
1505740 570
1505750 570
1505760 574
1505770 578
1505780 578
1505790 580
1505800 584
1505810 584
1505820 586
1505830 586
1505840 586
1505850 586
1505860 586
1505870 586
1505880 586
1505890 585
1505900 586
1505910 586
1505920 590
1505930 599
1505940 599
1505950 607
1505960 610
1505970 610
1505980 610
1505990 608
1506000 608
1506010 608
1506020 611
1506030 611
1506040 611
1506050 610
1506060 606
1506070 606
1506080 605
1506090 603
1506100 603
1506110 599
1506120 607
1506130 607
1506140 612
1506150 614
1506160 614
1506170 616
1506180 618
1506190 618
1506200 619
1506210 621
1506220 622
1506230 622
1506240 623
1506250 625
1506260 625
1506270 626
1506280 627
1506290 627
1506300 628
1506310 629
1506320 629
1506330 630
1506340 631
1506350 631
1506360 632
1506370 632
1506380 632
1506390 633
1506400 634
1506410 635
1506420 635
1506430 637
1506440 638
1506450 638
1506460 639
1506470 641
1506480 641
1506490 642
1506500 642
1506510 642
1506520 642
1506530 643
1506540 643
1506550 645
1506560 647
1506570 648
1506580 648
1506590 648
1506600 648
1506610 648
1506620 648
1506630 648
1506640 648
1506650 648
1506660 646
1506670 646
1506680 645
1506690 643
1506700 643
1506710 641
1506720 640
1506730 640
1506740 642
1506750 643
1506760 645
1506770 645
1506780 647
1506790 649
1506800 649
1506810 650
1506820 653
1506830 653
1506840 656
1506850 659
1506860 659
1506870 662
1506880 664
1506890 664
1506900 666
1506910 669
1506920 670
1506930 670
1506940 672
1506950 675
1506960 675
1506970 679
1506980 682
1506990 682
1507000 684
1507010 685
1507020 685
1507030 686
1507040 688
1507050 688
1507060 691
1507070 693
1507080 693
1507090 696
1507100 700
1507110 703
1507120 703
1507130 705
1507140 706
1507150 706
1507160 707
1507170 709
1507180 709
1507190 710
1507200 712
1507210 712
1507220 714
1507230 716
1507240 716
1507250 718
1507260 720
1507270 724
1507280 724
1507290 727
1507300 732
1507310 732
1507320 737
1507330 741
1507340 741
1507350 745
1507360 748
1507370 748
1507380 752
1507390 756
1507400 756
1507410 759
1507420 758
1507430 755
1507440 755
1507450 751
1507460 748
1507470 748
1507480 746
1507490 748
1507500 748
1507510 751
1507520 757
1507530 757
1507540 762
1507550 764
1507560 764
1507570 766
1507580 768
1507590 768
1507600 770
1507610 772
1507620 775
1507630 775
1507640 778
1507650 780
1507660 780
1507670 781
1507680 782
1507690 782
1507700 785
1507710 788
1507720 788
1507730 790
1507740 794
1507750 794
1507760 796
1507770 800
1507780 803
1507790 803
1507800 804
1507810 804
1507820 804
1507830 801
1507840 799
1507850 799
1507860 798
1507870 797
1507880 797
1507890 793
1507900 788
1507910 788
1507920 785
1507930 785
1507940 785
1507950 786
1507960 784
1507970 780
1507980 780
1507990 775
1508000 770
1508010 770
1508020 765
1508030 763
1508040 763
1508050 763
1508060 763
1508070 763
1508080 765
1508090 766
1508100 766
1508110 768
1508120 769
1508130 770
1508140 770
1508150 771
1508160 772
1508170 772
1508180 773
1508190 774
1508200 774
1508210 775
1508220 776
1508230 776
1508240 776
1508250 777
1508260 777
1508270 778
1508280 779
1508290 779
1508300 781
1508310 782
1508320 783
1508330 783
1508340 784
1508350 787
1508360 787
1508370 790
1508380 794
1508390 794
1508400 799
1508410 804
1508420 804
1508430 810
1508440 816
1508450 816
1508460 820
1508470 823
1508480 825
1508490 825
1508500 829
1508510 833
1508520 833
1508530 834
1508540 831
1508550 831
1508560 829
1508570 826
1508580 826
1508590 823
1508600 821
1508610 821
1508620 815
1508630 812
1508640 812
1508650 811
1508660 811
1508670 810
1508680 810
1508690 810
1508700 811
1508710 811
1508720 811
1508730 812
1508740 812
1508750 814
1508760 816
1508770 816
1508780 818
1508790 820
1508800 820
1508810 822
1508820 824
1508830 825
1508840 825
1508850 824
1508860 822
1508870 822
1508880 820
1508890 818
1508900 818
1508910 815
1508920 811
1508930 811
1508940 808
1508950 807
1508960 807
1508970 808
1508980 809
1508990 809
1509000 810
1509010 810
1509020 811
1509030 811
1509040 811
1509050 810
1509060 810
1509070 810
1509080 812
1509090 812
1509100 817
1509110 819
1509120 819
1509130 816
1509140 813
1509150 813
1509160 814
1509170 816
1509180 816
1509190 816
1509200 814
1509210 814
1509220 814
1509230 818
1509240 824
1509250 824
1509260 827
1509270 826
1509280 826
1509290 824
1509300 822
1509310 822
1509320 822
1509330 822
1509340 822
1509350 824
1509360 824
1509370 825
1509380 825
1509390 825
1509400 827
1509410 827
1509420 829
1509430 830
1509440 830
1509450 831
1509460 827
1509470 827
1509480 823
1509490 823
1509500 823
1509510 826
1509520 826
1509530 824
1509540 824
1509550 821
1509560 815
1509570 815
1509580 807
1509590 800
1509600 800
1509610 795
1509620 792
1509630 792
1509640 790
1509650 789
1509660 789
1509670 789
1509680 789
1509690 789
1509700 789
1509710 791
1509720 792
1509730 792
1509740 792
1509750 791
1509760 791
1509770 789
1509780 787
1509790 787
1509800 785
1509810 783
1509820 783
1509830 781
1509840 779
1509850 779
1509860 777
1509870 775
1509880 774
1509890 774
1509900 773
1509910 772
1509920 772
1509930 772
1509940 771
1509950 771
1509960 768
1509970 766
1509980 766
1509990 766
1510000 766
1510010 766
1510020 768
1510030 770
1510040 770
1510050 771
1510060 771
1510070 771
1510080 771
1510090 770
1510100 769
1510110 769
1510120 769
1510130 769
1510140 769
1510150 768
1510160 767
1510170 767
1510180 767
1510190 766
1510200 766
1510210 766
1510220 765
1510230 765
1510240 765
1510250 764
1510260 763
1510270 763
1510280 760
1510290 757
1510300 757
1510310 753
1510320 750
1510330 750
1510340 748
1510350 745
1510360 745
1510370 742
1510380 740
1510390 740
1510400 738
1510410 737
1510420 735
1510430 735
1510440 733
1510450 732
1510460 732
1510470 730
1510480 729
1510490 729
1510500 728
1510510 726
1510520 726
1510530 725
1510540 724
1510550 724
1510560 723
1510570 723
1510580 722
1510590 722
1510600 720
1510610 719
1510620 719
1510630 718
1510640 717
1510650 717
1510660 716
1510670 716
1510680 716
1510690 715
1510700 715
1510710 715
1510720 715
1510730 714
1510740 714
1510750 714
1510760 713
1510770 713
1510780 713
1510790 713
1510800 713
1510810 713
1510820 713
1510830 713
1510840 713
1510850 712
1510860 713
1510870 713
1510880 713
1510890 713
1510900 713
1510910 712
1510920 712
1510930 712
1510940 712
1510950 712
1510960 711
1510970 711
1510980 711
1510990 711
1511000 711
1511010 710
1511020 710
1511030 710
1511040 709
1511050 708
1511060 708
1511070 707
1511080 706
1511090 706
1511100 704
1511110 703
1511120 701
1511130 701
1511140 699
1511150 697
1511160 697
1511170 695
1511180 693
1511190 693
1511200 692
1511210 690
1511220 690
1511230 689
1511240 688
1511250 688
1511260 688
1511270 687
1511280 686
1511290 686
1511300 684
1511310 682
1511320 682
1511330 681
1511340 680
1511350 680
1511360 678
1511370 676
1511380 676
1511390 674
1511400 673
1511410 673
1511420 672
1511430 672
1511440 672
1511450 671
1511460 670
1511470 669
1511480 669
1511490 668
1511500 668
1511510 668
1511520 667
1511530 665
1511540 665
1511550 664
1511560 661
1511570 661
1511580 657
1511590 653
1511600 653
1511610 650
1511620 649
1511630 646
1511640 646
1511650 641
1511660 639
1511670 639
1511680 637
1511690 635
1511700 635
1511710 634
1511720 632
1511730 632
1511740 629
1511750 627
1511760 627
1511770 625
1511780 622
1511790 622
1511800 619
1511810 615
1511820 612
1511830 612
1511840 611
1511850 611
1511860 611
1511870 611
1511880 612
1511890 612
1511900 613
1511910 613
1511920 613
1511930 612
1511940 609
1511950 609
1511960 607
1511970 604
1511980 602
1511990 602
1512000 599
1512010 596
1512020 596
1512030 594
1512040 593
1512050 593
1512060 592
1512070 591
1512080 591
1512090 592
1512100 592
1512110 592
1512120 591
1512130 589
1512140 589
1512150 588
1512160 588
1512170 588
1512180 588
1512190 588
1512200 588
1512210 588
1512220 588
1512230 588
1512240 588
1512250 588
1512260 588
1512270 588
1512280 588
1512290 588
1512300 588
1512310 588
1512320 588
1512330 588
1512340 588
1512350 588
1512360 588
1512370 588
1512380 588
1512390 588
1512400 588
1512410 588
1512420 588
1512430 588
1512440 588
1512450 588
1512460 588
1512470 588
1512480 588
1512490 588
1512500 588
1512510 588
1512520 588
1512530 588
1512540 588
1512550 588
1512560 588
1512570 588
1512580 588
1512590 588
1512600 588
1512610 588
1512620 588
1512630 588
1512640 588
1512650 588
1512660 588
1512670 588
1512680 588
1512690 588
1512700 588
1512710 588
1512720 588
1512730 588
1512740 588
1512750 588
1512760 588
1512770 588
1512780 588
1512790 588
1512800 588
1512810 588
1512820 588
1512830 588
1512840 588
1512850 588
1512860 588
1512870 588
1512880 588
1512890 588
1512900 588
1512910 588
1512920 588
1512930 588
1512940 588
1512950 588
1512960 588
1512970 588
1512980 588
1512990 588
1513000 588
1513010 588
1513020 588
1513030 588
1513040 588
1513050 588
1513060 588
1513070 588
1513080 588
1513090 588
1513100 588
1513110 588
1513120 588
1513130 588
1513140 588
1513150 588
1513160 588
1513170 588
1513180 588
1513190 588
1513200 588
1513210 588
1513220 588
1513230 588
1513240 588
1513250 588
1513260 588
1513270 588
1513280 588
1513290 588
1513300 588
1513310 588
1513320 588
1513330 588
1513340 588
1513350 588
1513360 588
1513370 588
1513380 588
1513390 588
1513400 588
1513410 588
1513420 588
1513430 588
1513440 588
1513450 588
1513460 588
1513470 588
1513480 588
1513490 588
1513500 588
1513510 588
1513520 588
1513530 588
1513540 588
1513550 588
1513560 588
1513570 588
1513580 588
1513590 588
1513600 588
1513610 588
1513620 588
1513630 588
1513640 588
1513650 588
1513660 588
1513670 588
1513680 588
1513690 588
1513700 588
1513710 588
1513720 588
1513730 588
1513740 588
1513750 588
1513760 588
1513770 588
1513780 588
1513790 588
1513800 588
1513810 588
1513820 588
1513830 588
1513840 588
1513850 588
1513860 588
1513870 588
1513880 588
1513890 588
1513900 588
1513910 588
1513920 588
1513930 588
1513940 588
1513950 588
1513960 588
1513970 588
1513980 588
1513990 588
1514000 588
1514010 588
1514020 588
1514030 588
1514040 588
1514050 588
1514060 588
1514070 588
1514080 588
1514090 588
1514100 588
1514110 588
1514120 588
1514130 588
1514140 588
1514150 588
1514160 588
1514170 588
1514180 588
1514190 588
1514200 588
1514210 588
1514220 588
1514230 588
1514240 588
1514250 588
1514260 588
1514270 588
1514280 588
1514290 588
1514300 588
1514310 588
1514320 588
1514330 588
1514340 588
1514350 588
1514360 588
1514370 588
1514380 588
1514390 588
1514400 588
1514410 588
1514420 588
1514430 588
1514440 588
1514450 588
1514460 588
1514470 588
1514480 588
1514490 588
1514500 588
1514510 588
1514520 588
1514530 588
1514540 588
1514550 588
1514560 588
1514570 588
1514580 588
1514590 588
1514600 588
1514610 588
1514620 588
1514630 588
1514640 588
1514650 588
1514660 588
1514670 588
1514680 588
1514690 588
1514700 588
1514710 588
1514720 588
1514730 588
1514740 588
1514750 588
1514760 588
1514770 588
1514780 588
1514790 588
1514800 588
1514810 588
1514820 588
1514830 588
1514840 588
1514850 588
1514860 588
1514870 588
1514880 588
1514890 588
1514900 588
1514910 588
1514920 588
1514930 588
1514940 588
1514950 588
1514960 588
1514970 588
1514980 588
1514990 588
1515000 588
1515010 588
1515020 588
1515030 588
1515040 588
1515050 588
1515060 588
1515070 588
1515080 588
1515090 588
1515100 588
1515110 588
1515120 588
1515130 588
1515140 588
1515150 588
1515160 588
1515170 588
1515180 588
1515190 588
1515200 588
1515210 588
1515220 588
1515230 588
1515240 589
1515250 590
1515260 590
1515270 591
1515280 592
1515290 592
1515300 592
1515310 592
1515320 593
1515330 593
1515340 594
1515350 594
1515360 594
1515370 595
1515380 596
1515390 596
1515400 597
1515410 598
1515420 598
1515430 598
1515440 600
1515450 600
1515460 601
1515470 603
1515480 605
1515490 605
1515500 605
1515510 606
1515520 606
1515530 606
1515540 607
1515550 607
1515560 608
1515570 609
1515580 609
1515590 611
1515600 612
1515610 612
1515620 612
1515630 614
1515640 618
1515650 618
1515660 620
1515670 623
1515680 623
1515690 626
1515700 627
1515710 627
1515720 629
1515730 633
1515740 633
1515750 635
1515760 639
1515770 639
1515780 643
1515790 642
1515800 642
1515810 641
1515820 643
1515830 648
1515840 648
1515850 655
1515860 660
1515870 660
1515880 664
1515890 667
1515900 667
1515910 670
1515920 673
1515930 673
1515940 677
1515950 681
1515960 681
1515970 686
1515980 690
1515990 694
1516000 694
1516010 700
1516020 707
1516030 707
1516040 712
1516050 718
1516060 718
1516070 723
1516080 728
1516090 728
1516100 730
1516110 733
1516120 733
1516130 737
1516140 741
1516150 741
1516160 746
1516170 750
1516180 751
1516190 751
1516200 754
1516210 757
1516220 757
1516230 758
1516240 760
1516250 760
1516260 760
1516270 760
1516280 760
1516290 761
1516300 761
1516310 761
1516320 760
1516330 762
1516340 764
1516350 764
1516360 767
1516370 772
1516380 772
1516390 774
1516400 776
1516410 776
1516420 779
1516430 780
1516440 780
1516450 781
1516460 782
1516470 782
1516480 783
1516490 784
1516500 784
1516510 784
1516520 785
1516530 785
1516540 785
1516550 784
1516560 784
1516570 784
1516580 785
1516590 786
1516600 786
1516610 789
1516620 791
1516630 791
1516640 792
1516650 794
1516660 794
1516670 797
1516680 798
1516690 800
1516700 800
1516710 801
1516720 803
1516730 803
1516740 804
1516750 804
1516760 804
1516770 805
1516780 806
1516790 806
1516800 807
1516810 808
1516820 808
1516830 808
1516840 809
1516850 809
1516860 810
1516870 811
1516880 812
1516890 812
1516900 813
1516910 815
1516920 815
1516930 816
1516940 817
1516950 817
1516960 819
1516970 821
1516980 821
1516990 823
1517000 825
1517010 825
1517020 826
1517030 826
1517040 827
1517050 827
1517060 828
1517070 829
1517080 829
1517090 830
1517100 828
1517110 828
1517120 827
1517130 827
1517140 827
1517150 827
1517160 827
1517170 827
1517180 827
1517190 827
1517200 827
1517210 827
1517220 827
1517230 827
1517240 827
1517250 827
1517260 827
1517270 827
1517280 827
1517290 828
1517300 828
1517310 828
1517320 829
1517330 829
1517340 829
1517350 829
1517360 829
1517370 829
1517380 830
1517390 830
1517400 830
1517410 831
1517420 831
1517430 831
1517440 832
1517450 833
1517460 833
1517470 833
1517480 834
1517490 834
1517500 834
1517510 835
1517520 835
1517530 836
1517540 837
1517550 837
1517560 838
1517570 840
1517580 841
1517590 841
1517600 842
1517610 842
1517620 842
1517630 843
1517640 845
1517650 845
1517660 847
1517670 847
1517680 847
1517690 848
1517700 850
1517710 850
1517720 851
1517730 853
1517740 854
1517750 854
1517760 855
1517770 856
1517780 856
1517790 858
1517800 859
1517810 859
1517820 860
1517830 862
1517840 862
1517850 863
1517860 865
1517870 865
1517880 867
1517890 868
1517900 868
1517910 870
1517920 871
1517930 873
1517940 873
1517950 875
1517960 878
1517970 878
1517980 879
1517990 881
1518000 881
1518010 882
1518020 883
1518030 883
1518040 885
1518050 887
1518060 887
1518070 889
1518080 891
1518090 892
1518100 892
1518110 895
1518120 896
1518130 896
1518140 899
1518150 901
1518160 901
1518170 903
1518180 903
1518190 903
1518200 906
1518210 908
1518220 908
1518230 910
1518240 913
1518250 913
1518260 916
1518270 920
1518280 924
1518290 924
1518300 928
1518310 932
1518320 932
1518330 934
1518340 935
1518350 935
1518360 935
1518370 935
1518380 935
1518390 937
1518400 939
1518410 939
1518420 942
1518430 947
1518440 952
1518450 952
1518460 957
1518470 961
1518480 961
1518490 965
1518500 970
1518510 970
1518520 974
1518530 978
1518540 978
1518550 982
1518560 986
1518570 986
1518580 990
1518590 994
1518600 994
1518610 998
1518620 1001
1518630 1006
1518640 1006
1518650 1010
1518660 1014
1518670 1014
1518680 1018
1518690 1021
1518700 1021
1518710 1025
1518720 1028
1518730 1028
1518740 1033
1518750 1038
1518760 1038
1518770 1043
1518780 1049
1518790 1053
1518800 1053
1518810 1059
1518820 1063
1518830 1063
1518840 1066
1518850 1070
1518860 1070
1518870 1071
1518880 1068
1518890 1068
1518900 1064
1518910 1059
1518920 1059
1518930 1051
1518940 1047
1518950 1047
1518960 1044
1518970 1042
1518980 1043
1518990 1043
1519000 1044
1519010 1042
1519020 1042
1519030 1038
1519040 1032
1519050 1032
1519060 1026
1519070 1016
1519080 1016
1519090 1008
1519100 1002
1519110 1002
1519120 1003
1519130 1004
1519140 1000
1519150 1000
1519160 998
1519170 996
1519180 996
1519190 991
1519200 985
1519210 985
1519220 979
1519230 972
1519240 972
1519250 967
1519260 963
1519270 963
1519280 965
1519290 963
1519300 963
1519310 959
1519320 953
1519330 950
1519340 950
1519350 950
1519360 950
1519370 950
1519380 950
1519390 949
1519400 949
1519410 943
1519420 937
1519430 937
1519440 931
1519450 925
1519460 925
1519470 922
1519480 915
1519490 905
1519500 905
1519510 901
1519520 900
1519530 900
1519540 899
1519550 897
1519560 897
1519570 894
1519580 899
1519590 899
1519600 903
1519610 905
1519620 905
1519630 907
1519640 910
1519650 910
1519660 913
1519670 917
1519680 921
1519690 921
1519700 924
1519710 926
1519720 926
1519730 922
1519740 915
1519750 915
1519760 906
1519770 897
1519780 897
1519790 889
1519800 881
1519810 881
1519820 873
1519830 865
1519840 864
1519850 864
1519860 860
1519870 855
1519880 855
1519890 854
1519900 848
1519910 848
1519920 839
1519930 826
1519940 826
1519950 817
1519960 811
1519970 811
1519980 810
1519990 807
