1500000 641
1500010 641
1500020 640
1500030 639
1500040 639
1500050 639
1500060 638
1500070 638
1500080 637
1500090 637
1500100 637
1500110 636
1500120 636
1500130 636
1500140 636
1500150 635
1500160 635
1500170 635
1500180 635
1500190 635
1500200 634
1500210 634
1500220 632
1500230 632
1500240 631
1500250 629
1500260 629
1500270 628
1500280 629
1500290 629
1500300 630
1500310 633
1500320 633
1500330 635
1500340 635
1500350 635
1500360 634
1500370 634
1500380 634
1500390 634
1500400 634
1500410 633
1500420 633
1500430 634
1500440 635
1500450 635
1500460 635
1500470 636
1500480 636
1500490 637
1500500 639
1500510 639
1500520 640
1500530 641
1500540 641
1500550 643
1500560 645
1500570 647
1500580 647
1500590 648
1500600 650
1500610 650
1500620 652
1500630 654
1500640 654
1500650 656
1500660 659
1500670 659
1500680 661
1500690 664
1500700 664
1500710 666
1500720 668
1500730 669
1500740 669
1500750 669
1500760 669
1500770 669
1500780 669
1500790 668
1500800 668
1500810 668
1500820 667
1500830 667
1500840 666
1500850 665
1500860 665
1500870 665
1500880 664
1500890 664
1500900 664
1500910 663
1500920 663
1500930 663
1500940 662
1500950 662
1500960 662
1500970 661
1500980 662
1500990 662
1501000 662
1501010 662
1501020 662
1501030 662
1501040 662
1501050 662
1501060 662
1501070 662
1501080 662
1501090 662
1501100 662
1501110 662
1501120 662
1501130 662
1501140 662
1501150 662
1501160 661
1501170 661
1501180 661
1501190 661
1501200 660
1501210 660
1501220 660
1501230 660
1501240 660
1501250 660
1501260 659
1501270 659
1501280 659
1501290 658
1501300 658
1501310 658
1501320 657
1501330 657
1501340 657
1501350 656
1501360 656
1501370 656
1501380 656
1501390 655
1501400 655
1501410 654
1501420 654
1501430 654
1501440 653
1501450 653
1501460 653
1501470 653
1501480 652
1501490 652
1501500 652
1501510 652
1501520 651
1501530 651
1501540 651
1501550 650
1501560 650
1501570 647
1501580 642
1501590 642
1501600 637
1501610 632
1501620 628
1501630 628
1501640 623
1501650 617
1501660 617
1501670 612
1501680 608
1501690 608
1501700 604
1501710 600
1501720 600
1501730 598
1501740 597
1501750 597
1501760 596
1501770 595
1501780 595
1501790 588
1501800 580
1501810 577
1501820 577
1501830 574
1501840 572
1501850 572
1501860 574
1501870 581
1501880 581
1501890 584
1501900 588
1501910 588
1501920 592
1501930 594
1501940 594
1501950 599
1501960 605
1501970 609
1501980 609
1501990 613
1502000 616
1502010 616
1502020 621
1502030 626
1502040 626
1502050 629
1502060 633
1502070 633
1502080 637
1502090 643
1502100 643
1502110 653
1502120 660
1502130 660
1502140 663
1502150 667
1502160 671
1502170 671
1502180 674
1502190 676
1502200 676
1502210 678
1502220 679
1502230 679
1502240 681
1502250 681
1502260 681
1502270 681
1502280 681
1502290 681
1502300 682
1502310 682
1502320 682
1502330 682
1502340 683
1502350 683
1502360 683
1502370 682
1502380 681
1502390 681
1502400 680
1502410 680
1502420 680
1502430 679
1502440 680
1502450 680
1502460 680
1502470 680
1502480 680
1502490 680
1502500 680
1502510 680
1502520 680
1502530 681
1502540 680
1502550 680
1502560 679
1502570 679
1502580 679
1502590 679
1502600 679
1502610 679
1502620 680
1502630 680
1502640 680
1502650 679
1502660 677
1502670 677
1502680 675
1502690 672
1502700 668
1502710 668
1502720 664
1502730 660
1502740 660
1502750 655
1502760 652
1502770 652
1502780 651
1502790 651
1502800 651
1502810 651
1502820 651
1502830 651
1502840 651
1502850 652
1502860 653
1502870 653
1502880 655
1502890 656
1502900 656
1502910 657
1502920 656
1502930 656
1502940 655
1502950 654
1502960 654
1502970 652
1502980 651
1502990 651
1503000 650
1503010 648
1503020 648
1503030 646
1503040 645
1503050 644
1503060 644
1503070 644
1503080 643
1503090 643
1503100 641
1503110 638
1503120 638
1503130 637
1503140 635
1503150 635
1503160 634
1503170 633
1503180 633
1503190 631
1503200 630
1503210 630
1503220 628
1503230 626
1503240 624
1503250 624
1503260 623
1503270 621
1503280 621
1503290 619
1503300 617
1503310 617
1503320 615
1503330 613
1503340 613
1503350 611
1503360 610
1503370 610
1503380 607
1503390 606
1503400 604
1503410 604
1503420 601
1503430 599
1503440 599
1503450 597
1503460 595
1503470 595
1503480 593
1503490 593
1503500 593
1503510 593
1503520 592
1503530 592
1503540 592
1503550 591
1503560 591
1503570 591
1503580 590
1503590 590
1503600 590
1503610 589
1503620 589
1503630 589
1503640 589
1503650 588
1503660 588
1503670 588
1503680 588
1503690 588
1503700 589
1503710 590
1503720 590
1503730 591
1503740 592
1503750 592
1503760 592
1503770 592
1503780 592
1503790 592
1503800 592
1503810 592
1503820 592
1503830 592
1503840 592
1503850 592
1503860 592
1503870 592
1503880 592
1503890 592
1503900 591
1503910 591
1503920 591
1503930 592
1503940 593
1503950 593
1503960 593
1503970 592
1503980 592
1503990 592
1504000 592
1504010 592
1504020 591
1504030 591
1504040 591
1504050 591
1504060 591
1504070 591
1504080 592
1504090 593
1504100 593
1504110 593
1504120 593
1504130 593
1504140 593
1504150 593
1504160 592
1504170 592
1504180 592
1504190 592
1504200 592
1504210 592
1504220 593
1504230 593
1504240 593
1504250 593
1504260 593
1504270 593
1504280 593
1504290 593
1504300 593
1504310 593
1504320 593
1504330 593
1504340 593
1504350 594
1504360 594
1504370 594
1504380 594
1504390 594
1504400 593
1504410 593
1504420 593
1504430 593
1504440 593
1504450 593
1504460 592
1504470 593
1504480 593
1504490 593
1504500 593
1504510 592
1504520 592
1504530 592
1504540 592
1504550 592
1504560 592
1504570 591
1504580 591
1504590 590
1504600 589
1504610 589
1504620 589
1504630 588
1504640 588
1504650 588
1504660 588
1504670 588
1504680 588
1504690 588
1504700 588
1504710 588
1504720 588
1504730 588
1504740 588
1504750 588
1504760 588
1504770 588
1504780 588
1504790 588
1504800 588
1504810 588
1504820 588
1504830 588
1504840 588
1504850 588
1504860 588
1504870 588
1504880 588
1504890 588
1504900 588
1504910 588
1504920 588
1504930 588
1504940 588
1504950 588
1504960 588
1504970 588
1504980 588
1504990 588
1505000 588
1505010 588
1505020 588
1505030 588
1505040 588
1505050 588
1505060 588
1505070 588
1505080 588
1505090 588
1505100 588
1505110 588
1505120 588
1505130 588
1505140 588
1505150 588
1505160 588
1505170 588
1505180 588
1505190 588
1505200 588
1505210 588
1505220 588
1505230 588
1505240 588
1505250 588
1505260 588
1505270 588
1505280 588
1505290 588
1505300 588
1505310 588
1505320 588
1505330 588
1505340 588
1505350 588
1505360 588
1505370 588
1505380 588
1505390 588
1505400 588
1505410 588
1505420 588
1505430 588
1505440 588
1505450 588
1505460 588
1505470 588
1505480 588
1505490 588
1505500 588
1505510 588
1505520 588
1505530 588
1505540 588
1505550 588
1505560 588
1505570 588
1505580 588
1505590 588
1505600 588
1505610 588
1505620 588
1505630 588
1505640 588
1505650 588
1505660 588
1505670 588
1505680 588
1505690 588
1505700 588
1505710 588
1505720 588
1505730 588
1505740 588
1505750 588
1505760 588
1505770 588
1505780 588
1505790 588
1505800 588
1505810 588
1505820 588
1505830 588
1505840 588
1505850 588
1505860 588
1505870 588
1505880 588
1505890 588
1505900 588
1505910 588
1505920 588
1505930 589
1505940 589
1505950 589
1505960 589
1505970 588
1505980 588
1505990 588
1506000 589
1506010 589
1506020 589
1506030 589
1506040 589
1506050 589
1506060 589
1506070 589
1506080 589
1506090 588
1506100 588
1506110 588
1506120 588
1506130 588
1506140 588
1506150 588
1506160 588
1506170 588
1506180 588
1506190 588
1506200 588
1506210 588
1506220 588
1506230 588
1506240 588
1506250 588
1506260 588
1506270 588
1506280 588
1506290 588
1506300 588
1506310 588
1506320 588
1506330 588
1506340 588
1506350 588
1506360 588
1506370 588
1506380 588
1506390 588
1506400 588
1506410 588
1506420 588
1506430 588
1506440 588
1506450 588
1506460 588
1506470 588
1506480 588
1506490 588
1506500 588
1506510 588
1506520 588
1506530 588
1506540 588
1506550 588
1506560 588
1506570 588
1506580 588
1506590 588
1506600 588
1506610 588
1506620 588
1506630 588
1506640 588
1506650 588
1506660 588
1506670 588
1506680 588
1506690 588
1506700 588
1506710 588
1506720 588
1506730 588
1506740 588
1506750 588
1506760 588
1506770 588
1506780 588
1506790 588
1506800 588
1506810 588
1506820 588
1506830 588
1506840 588
1506850 588
1506860 588
1506870 588
1506880 588
1506890 588
1506900 588
1506910 588
1506920 588
1506930 588
1506940 588
1506950 588
1506960 588
1506970 588
1506980 588
1506990 588
1507000 588
1507010 588
1507020 588
1507030 588
1507040 588
1507050 588
1507060 588
1507070 588
1507080 588
1507090 588
1507100 588
1507110 588
1507120 588
1507130 588
1507140 588
1507150 588
1507160 588
1507170 588
1507180 588
1507190 588
1507200 588
1507210 588
1507220 588
1507230 588
1507240 588
1507250 588
1507260 588
1507270 588
1507280 588
1507290 588
1507300 588
1507310 588
1507320 588
1507330 588
1507340 589
1507350 589
1507360 591
1507370 592
1507380 592
1507390 593
1507400 596
1507410 596
1507420 601
1507430 606
1507440 606
1507450 609
1507460 612
1507470 612
1507480 615
1507490 618
1507500 621
1507510 621
1507520 623
1507530 626
1507540 626
1507550 628
1507560 630
1507570 630
1507580 633
1507590 640
1507600 640
1507610 644
1507620 647
1507630 647
1507640 650
1507650 651
1507660 651
1507670 652
1507680 653
1507690 654
1507700 654
1507710 654
1507720 654
1507730 654
1507740 655
1507750 655
1507760 655
1507770 655
1507780 655
1507790 655
1507800 654
1507810 654
1507820 654
1507830 654
1507840 653
1507850 652
1507860 652
1507870 652
1507880 652
1507890 652
1507900 652
1507910 653
1507920 653
1507930 653
1507940 654
1507950 654
1507960 655
1507970 656
1507980 656
1507990 657
1508000 659
1508010 659
1508020 660
1508030 661
1508040 661
1508050 661
1508060 659
1508070 652
1508080 652
1508090 642
1508100 634
1508110 634
1508120 640
1508130 651
1508140 651
1508150 657
1508160 658
1508170 658
1508180 658
1508190 658
1508200 657
1508210 657
1508220 659
1508230 660
1508240 660
1508250 661
1508260 663
1508270 663
1508280 665
1508290 667
1508300 667
1508310 670
1508320 672
1508330 672
1508340 675
1508350 678
1508360 678
1508370 681
1508380 684
1508390 687
1508400 687
1508410 690
1508420 693
1508430 693
1508440 696
1508450 698
1508460 698
1508470 699
1508480 701
1508490 701
1508500 703
1508510 704
1508520 704
1508530 706
1508540 708
1508550 710
1508560 710
1508570 712
1508580 714
1508590 714
1508600 715
1508610 716
1508620 716
1508630 717
1508640 719
1508650 719
1508660 719
1508670 719
1508680 719
1508690 720
1508700 720
1508710 720
1508720 721
1508730 722
1508740 724
1508750 724
1508760 725
1508770 726
1508780 726
1508790 726
1508800 726
1508810 726
1508820 725
1508830 725
1508840 725
1508850 724
1508860 723
1508870 723
1508880 722
1508890 721
1508900 721
1508910 720
1508920 720
1508930 720
1508940 720
1508950 720
1508960 720
1508970 720
1508980 720
1508990 720
1509000 720
1509010 720
1509020 721
1509030 721
1509040 721
1509050 721
1509060 721
1509070 721
1509080 721
1509090 721
1509100 721
1509110 721
1509120 721
1509130 721
1509140 721
1509150 721
1509160 721
1509170 721
1509180 723
1509190 723
1509200 725
1509210 726
1509220 726
1509230 727
1509240 729
1509250 729
1509260 730
1509270 731
1509280 732
1509290 732
1509300 733
1509310 734
1509320 734
1509330 736
1509340 738
1509350 738
1509360 740
1509370 741
1509380 741
1509390 744
1509400 745
1509410 745
1509420 747
1509430 750
1509440 752
1509450 752
1509460 755
1509470 757
1509480 757
1509490 760
1509500 763
1509510 763
1509520 766
1509530 768
1509540 768
1509550 771
1509560 773
1509570 773
1509580 774
1509590 775
1509600 775
1509610 776
1509620 776
1509630 777
1509640 777
1509650 777
1509660 776
1509670 776
1509680 775
1509690 775
1509700 775
1509710 774
1509720 774
1509730 774
1509740 775
1509750 775
1509760 775
1509770 776
1509780 777
1509790 777
1509800 778
1509810 780
1509820 781
1509830 781
1509840 782
1509850 782
1509860 782
1509870 783
1509880 783
1509890 783
1509900 782
1509910 782
1509920 782
1509930 781
1509940 782
1509950 782
1509960 782
1509970 783
1509980 784
1509990 784
1510000 785
1510010 786
1510020 786
1510030 786
1510040 786
1510050 786
1510060 787
1510070 787
1510080 787
1510090 786
1510100 786
1510110 786
1510120 785
1510130 784
1510140 784
1510150 780
1510160 775
1510170 771
1510180 771
1510190 767
1510200 759
1510210 759
1510220 758
1510230 757
1510240 757
1510250 756
1510260 755
1510270 755
1510280 755
1510290 754
1510300 754
1510310 754
1510320 754
1510330 753
1510340 753
1510350 753
1510360 753
1510370 753
1510380 753
1510390 752
1510400 752
1510410 752
1510420 751
1510430 751
1510440 751
1510450 751
1510460 751
1510470 750
1510480 750
1510490 750
1510500 750
1510510 750
1510520 749
1510530 749
1510540 749
1510550 749
1510560 749
1510570 750
1510580 750
1510590 750
1510600 751
1510610 753
1510620 753
1510630 758
1510640 761
1510650 761
1510660 764
1510670 768
1510680 768
1510690 769
1510700 770
1510710 772
1510720 772
1510730 774
1510740 776
1510750 776
1510760 777
1510770 778
1510780 778
1510790 779
1510800 782
1510810 782
1510820 782
1510830 784
1510840 784
1510850 786
1510860 787
1510870 788
1510880 788
1510890 787
1510900 781
1510910 781
1510920 774
1510930 770
1510940 770
1510950 769
1510960 769
1510970 769
1510980 769
1510990 769
1511000 769
1511010 769
1511020 769
1511030 769
1511040 769
1511050 769
1511060 769
1511070 769
1511080 769
1511090 770
1511100 770
1511110 773
1511120 777
1511130 777
1511140 782
1511150 784
1511160 784
1511170 784
1511180 784
1511190 784
1511200 784
1511210 784
1511220 785
1511230 785
1511240 785
1511250 786
1511260 786
1511270 786
1511280 785
1511290 785
1511300 785
1511310 786
1511320 786
1511330 786
1511340 786
1511350 786
1511360 787
1511370 787
1511380 787
1511390 788
1511400 790
1511410 791
1511420 791
1511430 792
1511440 794
1511450 794
1511460 795
1511470 797
1511480 797
1511490 797
1511500 797
1511510 797
1511520 797
1511530 798
1511540 798
1511550 799
1511560 799
1511570 799
1511580 800
1511590 801
1511600 802
1511610 802
1511620 803
1511630 803
1511640 803
1511650 806
1511660 810
1511670 810
1511680 811
1511690 811
1511700 811
1511710 812
1511720 813
1511730 813
1511740 814
1511750 816
1511760 817
1511770 817
1511780 818
1511790 820
1511800 820
1511810 822
1511820 825
1511830 825
1511840 826
1511850 828
1511860 828
1511870 828
1511880 830
1511890 830
1511900 832
1511910 834
1511920 834
1511930 833
1511940 833
1511950 832
1511960 832
1511970 830
1511980 827
1511990 827
1512000 826
1512010 825
1512020 825
1512030 825
1512040 825
1512050 825
1512060 823
1512070 823
1512080 823
1512090 822
1512100 822
1512110 822
1512120 822
1512130 822
1512140 821
1512150 821
1512160 820
1512170 821
1512180 821
1512190 821
1512200 822
1512210 822
1512220 823
1512230 824
1512240 824
1512250 827
1512260 831
1512270 831
1512280 834
1512290 830
1512300 821
1512310 821
1512320 820
1512330 829
1512340 829
1512350 844
1512360 851
1512370 851
1512380 854
1512390 856
1512400 856
1512410 858
1512420 859
1512430 859
1512440 860
1512450 862
1512460 863
1512470 863
1512480 865
1512490 866
1512500 866
1512510 867
1512520 868
1512530 868
1512540 870
1512550 872
1512560 872
1512570 874
1512580 875
1512590 875
1512600 877
1512610 878
1512620 878
1512630 880
1512640 881
1512650 883
1512660 883
1512670 884
1512680 886
1512690 886
1512700 887
1512710 889
1512720 889
1512730 890
1512740 891
1512750 891
1512760 892
1512770 893
1512780 893
1512790 895
1512800 896
1512810 896
1512820 896
1512830 897
1512840 899
1512850 899
1512860 901
1512870 902
1512880 902
1512890 903
1512900 904
1512910 904
1512920 906
1512930 907
1512940 907
1512950 908
1512960 909
1512970 909
1512980 910
1512990 912
1513000 913
1513010 913
1513020 914
1513030 916
1513040 916
1513050 917
1513060 919
1513070 919
1513080 919
1513090 919
1513100 919
1513110 920
1513120 922
1513130 922
1513140 924
1513150 925
1513160 925
1513170 925
1513180 926
1513190 927
1513200 927
1513210 929
1513220 931
1513230 931
1513240 933
1513250 934
1513260 934
1513270 935
1513280 936
1513290 936
1513300 937
1513310 938
1513320 938
1513330 940
1513340 941
1513350 942
1513360 942
1513370 943
1513380 944
1513390 944
1513400 945
1513410 945
1513420 945
1513430 946
1513440 947
1513450 947
1513460 948
1513470 949
1513480 949
1513490 952
1513500 953
1513510 953
1513520 955
1513530 956
1513540 958
1513550 958
1513560 959
1513570 959
1513580 959
1513590 960
1513600 959
1513610 959
1513620 960
1513630 962
1513640 962
1513650 962
1513660 963
1513670 963
1513680 964
1513690 966
1513700 966
1513710 969
1513720 972
1513730 973
1513740 973
1513750 974
1513760 975
1513770 975
1513780 977
1513790 978
1513800 978
1513810 979
1513820 979
1513830 979
1513840 979
1513850 977
1513860 977
1513870 975
1513880 974
1513890 973
1513900 973
1513910 974
1513920 974
1513930 974
1513940 974
1513950 974
1513960 974
1513970 977
1513980 980
1513990 980
1514000 981
1514010 983
1514020 983
1514030 984
1514040 987
1514050 987
1514060 990
1514070 994
1514080 1000
1514090 1000
1514100 1006
1514110 1010
1514120 1010
1514130 1012
1514140 1012
1514150 1012
1514160 1012
1514170 1014
1514180 1014
1514190 1017
1514200 1018
1514210 1018
1514220 1011
1514230 1003
1514240 1014
1514250 1014
1514260 1019
1514270 1019
1514280 1019
1514290 1017
1514300 1023
1514310 1023
1514320 1033
1514330 1045
1514340 1045
1514350 1051
1514360 1055
1514370 1055
1514380 1059
1514390 1063
1514400 1063
1514410 1069
1514420 1073
1514430 1079
1514440 1079
1514450 1084
1514460 1088
1514470 1088
1514480 1093
1514490 1099
1514500 1099
1514510 1105
1514520 1109
1514530 1109
1514540 1114
1514550 1118
1514560 1118
1514570 1123
1514580 1127
1514590 1127
1514600 1131
1514610 1135
1514620 1140
1514630 1140
1514640 1145
1514650 1149
1514660 1149
1514670 1153
1514680 1156
1514690 1156
1514700 1159
1514710 1164
1514720 1164
1514730 1169
1514740 1173
1514750 1173
1514760 1178
1514770 1182
1514780 1185
1514790 1185
1514800 1189
1514810 1192
1514820 1192
1514830 1196
1514840 1200
1514850 1200
1514860 1204
1514870 1208
1514880 1208
1514890 1210
1514900 1212
1514910 1212
1514920 1214
1514930 1215
1514940 1215
1514950 1216
1514960 1217
1514970 1219
1514980 1219
1514990 1222
1515000 1226
1515010 1226
1515020 1229
1515030 1233
1515040 1233
1515050 1236
1515060 1240
1515070 1240
1515080 1242
1515090 1244
1515100 1244
1515110 1247
1515120 1249
1515130 1253
1515140 1253
1515150 1257
1515160 1261
1515170 1261
1515180 1265
1515190 1268
1515200 1268
1515210 1271
1515220 1272
1515230 1272
1515240 1272
1515250 1273
1515260 1273
1515270 1274
1515280 1276
1515290 1276
1515300 1277
1515310 1279
1515320 1281
1515330 1281
1515340 1283
1515350 1285
1515360 1285
1515370 1288
1515380 1290
1515390 1290
1515400 1292
1515410 1294
1515420 1294
1515430 1295
1515440 1296
1515450 1296
1515460 1296
1515470 1298
1515480 1298
1515490 1302
1515500 1306
1515510 1309
1515520 1309
1515530 1312
1515540 1314
1515550 1314
1515560 1317
1515570 1321
1515580 1321
1515590 1325
1515600 1329
1515610 1329
1515620 1333
1515630 1337
1515640 1337
1515650 1339
1515660 1341
1515670 1342
1515680 1342
1515690 1343
1515700 1346
1515710 1346
1515720 1348
1515730 1351
1515740 1351
1515750 1354
1515760 1358
1515770 1358
1515780 1362
1515790 1365
1515800 1365
1515810 1367
1515820 1368
1515830 1368
1515840 1370
1515850 1374
1515860 1377
1515870 1377
1515880 1380
1515890 1383
1515900 1383
1515910 1387
1515920 1393
1515930 1393
1515940 1399
1515950 1404
1515960 1404
1515970 1408
1515980 1413
1515990 1413
1516000 1417
1516010 1420
1516020 1424
1516030 1424
1516040 1427
1516050 1431
1516060 1431
1516070 1437
1516080 1441
1516090 1441
1516100 1447
1516110 1452
1516120 1452
1516130 1456
1516140 1460
1516150 1460
1516160 1463
1516170 1468
1516180 1468
1516190 1473
1516200 1475
1516210 1476
1516220 1476
1516230 1479
1516240 1481
1516250 1481
1516260 1484
1516270 1487
1516280 1487
1516290 1489
1516300 1490
1516310 1490
1516320 1491
1516330 1493
1516340 1493
1516350 1500
1516360 1505
1516370 1505
1516380 1508
1516390 1509
1516400 1511
1516410 1511
1516420 1514
1516430 1518
1516440 1518
1516450 1524
1516460 1531
1516470 1531
1516480 1538
1516490 1547
1516500 1547
1516510 1553
1516520 1557
1516530 1557
1516540 1561
1516550 1562
1516560 1566
1516570 1566
1516580 1570
1516590 1574
1516600 1574
1516610 1577
1516620 1581
1516630 1581
1516640 1584
1516650 1587
1516660 1587
1516670 1590
1516680 1593
1516690 1593
1516700 1596
1516710 1601
1516720 1601
1516730 1605
1516740 1607
1516750 1610
1516760 1610
1516770 1612
1516780 1614
1516790 1614
1516800 1616
1516810 1618
1516820 1618
1516830 1620
1516840 1621
1516850 1621
1516860 1623
1516870 1623
1516880 1623
1516890 1624
1516900 1624
1516910 1625
1516920 1625
1516930 1627
1516940 1628
1516950 1628
1516960 1630
1516970 1631
1516980 1631
1516990 1633
1517000 1633
1517010 1633
1517020 1633
1517030 1634
1517040 1634
1517050 1635
1517060 1636
1517070 1636
1517080 1638
1517090 1640
1517100 1642
1517110 1642
1517120 1645
1517130 1648
1517140 1648
1517150 1652
1517160 1656
1517170 1656
1517180 1659
1517190 1663
1517200 1663
1517210 1666
1517220 1669
1517230 1669
1517240 1671
1517250 1672
1517260 1672
1517270 1674
1517280 1679
1517290 1682
1517300 1682
1517310 1688
1517320 1695
1517330 1695
1517340 1704
1517350 1710
1517360 1710
1517370 1715
1517380 1720
1517390 1720
1517400 1725
1517410 1730
1517420 1730
1517430 1735
1517440 1740
1517450 1746
1517460 1746
1517470 1751
1517480 1756
1517490 1756
1517500 1760
1517510 1762
1517520 1762
1517530 1759
1517540 1755
1517550 1755
1517560 1750
1517570 1745
1517580 1745
1517590 1741
1517600 1738
1517610 1738
1517620 1735
1517630 1733
1517640 1733
1517650 1733
1517660 1734
1517670 1733
1517680 1733
1517690 1730
1517700 1725
1517710 1725
1517720 1721
1517730 1717
1517740 1717
1517750 1716
1517760 1716
1517770 1716
1517780 1711
1517790 1703
1517800 1698
1517810 1698
1517820 1694
1517830 1690
1517840 1690
1517850 1686
1517860 1682
1517870 1682
1517880 1677
1517890 1670
1517900 1670
1517910 1666
1517920 1660
1517930 1660
1517940 1653
1517950 1647
1517960 1647
1517970 1642
1517980 1637
1517990 1631
1518000 1631
1518010 1625
1518020 1619
1518030 1619
1518040 1614
1518050 1609
1518060 1609
1518070 1603
1518080 1598
1518090 1598
1518100 1594
1518110 1591
1518120 1591
1518130 1588
1518140 1587
1518150 1587
1518160 1586
1518170 1586
1518180 1586
1518190 1586
1518200 1585
1518210 1583
1518220 1583
1518230 1581
1518240 1578
1518250 1578
1518260 1571
1518270 1564
1518280 1564
1518290 1555
1518300 1548
1518310 1548
1518320 1541
1518330 1535
1518340 1527
1518350 1527
1518360 1520
1518370 1516
1518380 1516
1518390 1512
1518400 1508
1518410 1508
1518420 1505
1518430 1505
1518440 1505
1518450 1504
1518460 1502
1518470 1502
1518480 1499
1518490 1495
1518500 1495
1518510 1493
1518520 1489
1518530 1486
1518540 1486
1518550 1482
1518560 1480
1518570 1480
1518580 1476
1518590 1467
1518600 1467
1518610 1464
1518620 1464
1518630 1464
1518640 1462
1518650 1462
1518660 1462
1518670 1465
1518680 1465
1518690 1464
1518700 1464
1518710 1463
1518720 1461
1518730 1461
1518740 1457
1518750 1454
1518760 1454
1518770 1451
1518780 1453
1518790 1453
1518800 1456
1518810 1455
1518820 1455
1518830 1454
1518840 1454
1518850 1454
1518860 1456
1518870 1460
1518880 1463
1518890 1463
1518900 1465
1518910 1467
1518920 1467
1518930 1469
1518940 1469
1518950 1469
1518960 1469
1518970 1467
1518980 1467
1518990 1463
1519000 1457
1519010 1457
1519020 1452
1519030 1445
1519040 1445
1519050 1439
1519060 1433
1519070 1434
1519080 1434
1519090 1436
1519100 1437
1519110 1437
1519120 1439
1519130 1440
1519140 1440
1519150 1440
1519160 1441
1519170 1441
1519180 1443
1519190 1446
1519200 1446
1519210 1448
1519220 1451
1519230 1452
1519240 1452
1519250 1451
1519260 1449
1519270 1449
1519280 1448
1519290 1448
1519300 1448
1519310 1447
1519320 1445
1519330 1445
1519340 1441
1519350 1435
1519360 1435
1519370 1430
1519380 1427
1519390 1427
1519400 1426
1519410 1425
1519420 1424
1519430 1424
1519440 1423
1519450 1419
1519460 1419
1519470 1414
1519480 1410
1519490 1410
1519500 1406
1519510 1402
1519520 1402
1519530 1395
1519540 1386
1519550 1386
1519560 1385
1519570 1393
1519580 1400
1519590 1400
1519600 1401
1519610 1400
1519620 1400
1519630 1404
1519640 1406
1519650 1406
1519660 1404
1519670 1405
1519680 1405
1519690 1406
1519700 1410
1519710 1410
1519720 1412
1519730 1411
1519740 1411
1519750 1411
1519760 1411
1519770 1412
1519780 1412
1519790 1412
1519800 1413
1519810 1413
1519820 1414
1519830 1415
1519840 1415
1519850 1415
1519860 1416
1519870 1416
1519880 1416
1519890 1418
1519900 1418
1519910 1419
1519920 1420
1519930 1420
1519940 1421
1519950 1422
1519960 1422
1519970 1422
1519980 1422
1519990 1424
