1500000 640
1500010 640
1500020 639
1500030 639
1500040 639
1500050 638
1500060 638
1500070 638
1500080 638
1500090 638
1500100 638
1500110 639
1500120 639
1500130 639
1500140 640
1500150 641
1500160 641
1500170 642
1500180 643
1500190 643
1500200 645
1500210 647
1500220 649
1500230 649
1500240 651
1500250 652
1500260 652
1500270 654
1500280 656
1500290 656
1500300 658
1500310 661
1500320 661
1500330 664
1500340 666
1500350 666
1500360 669
1500370 671
1500380 671
1500390 673
1500400 673
1500410 674
1500420 674
1500430 675
1500440 676
1500450 676
1500460 676
1500470 676
1500480 676
1500490 676
1500500 676
1500510 676
1500520 675
1500530 675
1500540 675
1500550 675
1500560 674
1500570 674
1500580 674
1500590 673
1500600 672
1500610 672
1500620 671
1500630 671
1500640 671
1500650 669
1500660 668
1500670 668
1500680 669
1500690 669
1500700 669
1500710 669
1500720 670
1500730 670
1500740 670
1500750 670
1500760 671
1500770 671
1500780 672
1500790 672
1500800 672
1500810 672
1500820 672
1500830 672
1500840 672
1500850 672
1500860 672
1500870 671
1500880 670
1500890 670
1500900 670
1500910 669
1500920 669
1500930 668
1500940 667
1500950 666
1500960 666
1500970 665
1500980 664
1500990 664
1501000 663
1501010 662
1501020 662
1501030 661
1501040 660
1501050 660
1501060 659
1501070 659
1501080 659
1501090 658
1501100 658
1501110 658
1501120 658
1501130 658
1501140 658
1501150 658
1501160 658
1501170 659
1501180 659
1501190 661
1501200 661
1501210 661
1501220 661
1501230 663
1501240 663
1501250 663
1501260 664
1501270 664
1501280 664
1501290 665
1501300 666
1501310 666
1501320 665
1501330 665
1501340 665
1501350 665
1501360 665
1501370 665
1501380 665
1501390 665
1501400 665
1501410 665
1501420 665
1501430 665
1501440 665
1501450 665
1501460 665
1501470 665
1501480 665
1501490 664
1501500 664
1501510 664
1501520 664
1501530 664
1501540 663
1501550 664
1501560 664
1501570 664
1501580 664
1501590 664
1501600 664
1501610 664
1501620 664
1501630 664
1501640 664
1501650 664
1501660 664
1501670 664
1501680 664
1501690 664
1501700 664
1501710 664
1501720 664
1501730 664
1501740 664
1501750 664
1501760 664
1501770 665
1501780 665
1501790 665
1501800 666
1501810 666
1501820 667
1501830 668
1501840 669
1501850 669
1501860 670
1501870 670
1501880 670
1501890 669
1501900 667
1501910 667
1501920 666
1501930 666
1501940 666
1501950 666
1501960 665
1501970 665
1501980 659
1501990 653
1502000 647
1502010 647
1502020 639
1502030 633
1502040 633
1502050 629
1502060 625
1502070 625
1502080 621
1502090 619
1502100 619
1502110 613
1502120 604
1502130 604
1502140 593
1502150 585
1502160 585
1502170 580
1502180 576
1502190 578
1502200 578
1502210 586
1502220 593
1502230 593
1502240 601
1502250 608
1502260 608
1502270 615
1502280 620
1502290 620
1502300 627
1502310 635
1502320 635
1502330 642
1502340 646
1502350 646
1502360 646
1502370 646
1502380 646
1502390 646
1502400 646
1502410 646
1502420 646
1502430 646
1502440 646
1502450 646
1502460 647
1502470 647
1502480 647
1502490 646
1502500 645
1502510 645
1502520 642
1502530 641
1502540 639
1502550 639
1502560 634
1502570 631
1502580 631
1502590 629
1502600 627
1502610 627
1502620 624
1502630 622
1502640 622
1502650 620
1502660 618
1502670 618
1502680 617
1502690 615
1502700 615
1502710 613
1502720 612
1502730 610
1502740 610
1502750 609
1502760 607
1502770 607
1502780 606
1502790 605
1502800 605
1502810 604
1502820 602
1502830 602
1502840 601
1502850 600
1502860 600
1502870 599
1502880 597
1502890 595
1502900 595
1502910 593
1502920 592
1502930 592
1502940 593
1502950 592
1502960 592
1502970 592
1502980 590
1502990 590
1503000 588
1503010 587
1503020 587
1503030 587
1503040 588
1503050 588
1503060 589
1503070 590
1503080 591
1503090 591
1503100 592
1503110 592
1503120 592
1503130 593
1503140 596
1503150 596
1503160 598
1503170 600
1503180 600
1503190 602
1503200 602
1503210 602
1503220 602
1503230 601
1503240 601
1503250 601
1503260 601
1503270 601
1503280 601
1503290 601
1503300 600
1503310 600
1503320 601
1503330 601
1503340 601
1503350 601
1503360 601
1503370 601
1503380 601
1503390 600
1503400 600
1503410 600
1503420 599
1503430 599
1503440 599
1503450 598
1503460 598
1503470 598
1503480 598
1503490 597
1503500 597
1503510 597
1503520 597
1503530 597
1503540 597
1503550 597
1503560 597
1503570 597
1503580 596
1503590 596
1503600 596
1503610 596
1503620 596
1503630 596
1503640 596
1503650 596
1503660 596
1503670 596
1503680 597
1503690 597
1503700 597
1503710 597
1503720 597
1503730 597
1503740 597
1503750 597
1503760 597
1503770 597
1503780 597
1503790 597
1503800 597
1503810 597
1503820 597
1503830 597
1503840 598
1503850 598
1503860 598
1503870 598
1503880 598
1503890 598
1503900 598
1503910 598
1503920 598
1503930 598
1503940 598
1503950 598
1503960 598
1503970 598
1503980 598
1503990 598
1504000 598
1504010 598
1504020 598
1504030 598
1504040 598
1504050 598
1504060 599
1504070 599
1504080 599
1504090 598
1504100 598
1504110 598
1504120 598
1504130 599
1504140 599
1504150 599
1504160 599
1504170 599
1504180 599
1504190 599
1504200 599
1504210 599
1504220 599
1504230 599
1504240 600
1504250 600
1504260 600
1504270 599
1504280 599
1504290 599
1504300 599
1504310 599
1504320 599
1504330 599
1504340 599
1504350 600
1504360 600
1504370 600
1504380 599
1504390 599
1504400 599
1504410 599
1504420 599
1504430 600
1504440 600
1504450 600
1504460 599
1504470 599
1504480 599
1504490 600
1504500 599
1504510 599
1504520 599
1504530 599
1504540 599
1504550 599
1504560 599
1504570 599
1504580 599
1504590 599
1504600 599
1504610 599
1504620 599
1504630 599
1504640 599
1504650 599
1504660 599
1504670 599
1504680 599
1504690 599
1504700 598
1504710 598
1504720 598
1504730 598
1504740 598
1504750 598
1504760 598
1504770 598
1504780 598
1504790 598
1504800 598
1504810 598
1504820 598
1504830 598
1504840 598
1504850 598
1504860 598
1504870 598
1504880 598
1504890 598
1504900 598
1504910 598
1504920 598
1504930 598
1504940 598
1504950 597
1504960 597
1504970 597
1504980 597
1504990 597
1505000 598
1505010 598
1505020 598
1505030 598
1505040 597
1505050 597
1505060 597
1505070 598
1505080 598
1505090 598
1505100 598
1505110 598
1505120 598
1505130 598
1505140 598
1505150 598
1505160 598
1505170 598
1505180 598
1505190 598
1505200 598
1505210 597
1505220 597
1505230 597
1505240 597
1505250 597
1505260 597
1505270 597
1505280 597
1505290 597
1505300 597
1505310 597
1505320 597
1505330 597
1505340 597
1505350 597
1505360 597
1505370 597
1505380 597
1505390 597
1505400 597
1505410 597
1505420 597
1505430 597
1505440 597
1505450 597
1505460 597
1505470 597
1505480 597
1505490 597
1505500 597
1505510 597
1505520 597
1505530 597
1505540 597
1505550 597
1505560 597
1505570 597
1505580 597
1505590 597
1505600 597
1505610 597
1505620 597
1505630 597
1505640 597
1505650 597
1505660 597
1505670 597
1505680 597
1505690 597
1505700 597
1505710 597
1505720 597
1505730 597
1505740 597
1505750 597
1505760 597
1505770 598
1505780 598
1505790 598
1505800 599
1505810 599
1505820 599
1505830 599
1505840 599
1505850 599
1505860 599
1505870 599
1505880 599
1505890 598
1505900 598
1505910 598
1505920 598
1505930 598
1505940 599
1505950 599
1505960 599
1505970 599
1505980 599
1505990 599
1506000 599
1506010 599
1506020 599
1506030 600
1506040 600
1506050 600
1506060 599
1506070 599
1506080 599
1506090 599
1506100 599
1506110 599
1506120 598
1506130 598
1506140 598
1506150 597
1506160 597
1506170 597
1506180 597
1506190 597
1506200 597
1506210 597
1506220 598
1506230 598
1506240 598
1506250 598
1506260 598
1506270 597
1506280 597
1506290 598
1506300 598
1506310 598
1506320 598
1506330 598
1506340 598
1506350 598
1506360 598
1506370 598
1506380 599
1506390 599
1506400 600
1506410 602
1506420 602
1506430 604
1506440 605
1506450 605
1506460 605
1506470 606
1506480 606
1506490 606
1506500 607
1506510 607
1506520 607
1506530 607
1506540 606
1506550 606
1506560 604
1506570 603
1506580 603
1506590 605
1506600 610
1506610 610
1506620 613
1506630 615
1506640 617
1506650 617
1506660 615
1506670 611
1506680 611
1506690 607
1506700 605
1506710 605
1506720 605
1506730 606
1506740 606
1506750 608
1506760 610
1506770 610
1506780 610
1506790 609
1506800 609
1506810 609
1506820 610
1506830 610
1506840 610
1506850 610
1506860 608
1506870 608
1506880 611
1506890 612
1506900 612
1506910 613
1506920 614
1506930 614
1506940 615
1506950 617
1506960 617
1506970 618
1506980 620
1506990 621
1507000 621
1507010 623
1507020 624
1507030 624
1507040 625
1507050 626
1507060 626
1507070 627
1507080 628
1507090 628
1507100 629
1507110 630
1507120 630
1507130 631
1507140 632
1507150 632
1507160 633
1507170 634
1507180 635
1507190 635
1507200 635
1507210 633
1507220 633
1507230 629
1507240 621
1507250 621
1507260 617
1507270 622
1507280 622
1507290 626
1507300 632
1507310 632
1507320 638
1507330 642
1507340 646
1507350 646
1507360 649
1507370 652
1507380 652
1507390 656
1507400 661
1507410 661
1507420 665
1507430 667
1507440 667
1507450 669
1507460 673
1507470 673
1507480 677
1507490 679
1507500 679
1507510 679
1507520 680
1507530 680
1507540 680
1507550 679
1507560 680
1507570 680
1507580 680
1507590 679
1507600 679
1507610 679
1507620 679
1507630 679
1507640 679
1507650 680
1507660 680
1507670 681
1507680 682
1507690 683
1507700 683
1507710 684
1507720 685
1507730 685
1507740 685
1507750 685
1507760 685
1507770 686
1507780 686
1507790 686
1507800 687
1507810 689
1507820 689
1507830 692
1507840 694
1507850 694
1507860 695
1507870 695
1507880 695
1507890 695
1507900 694
1507910 694
1507920 694
1507930 695
1507940 697
1507950 697
1507960 700
1507970 702
1507980 702
1507990 704
1508000 703
1508010 703
1508020 700
1508030 696
1508040 696
1508050 692
1508060 688
1508070 682
1508080 682
1508090 682
1508100 684
1508110 684
1508120 686
1508130 689
1508140 689
1508150 691
1508160 691
1508170 691
1508180 691
1508190 690
1508200 690
1508210 689
1508220 689
1508230 689
1508240 689
1508250 689
1508260 691
1508270 691
1508280 692
1508290 694
1508300 694
1508310 696
1508320 698
1508330 698
1508340 701
1508350 703
1508360 703
1508370 706
1508380 709
1508390 709
1508400 711
1508410 715
1508420 718
1508430 718
1508440 720
1508450 721
1508460 721
1508470 721
1508480 720
1508490 720
1508500 721
1508510 721
1508520 721
1508530 723
1508540 724
1508550 724
1508560 726
1508570 728
1508580 731
1508590 733
1508600 736
1508610 738
1508620 738
1508630 740
1508640 741
1508650 741
1508660 742
1508670 743
1508680 743
1508690 744
1508700 744
1508710 744
1508720 745
1508730 747
1508740 747
1508750 748
1508760 750
1508770 751
1508780 751
1508790 753
1508800 754
1508810 754
1508820 756
1508830 757
1508840 757
1508850 758
1508860 759
1508870 759
1508880 760
1508890 763
1508900 763
1508910 765
1508920 768
1508930 768
1508940 771
1508950 773
1508960 773
1508970 773
1508980 774
1508990 774
1509000 774
1509010 772
1509020 770
1509030 770
1509040 767
1509050 766
1509060 766
1509070 764
1509080 763
1509090 763
1509100 761
1509110 760
1509120 759
1509130 759
1509140 759
1509150 758
1509160 758
1509170 758
1509180 759
1509190 759
1509200 760
1509210 760
1509220 760
1509230 759
1509240 757
1509250 757
1509260 755
1509270 755
1509280 755
1509290 755
1509300 755
1509310 754
1509320 754
1509330 753
1509340 755
1509350 755
1509360 756
1509370 757
1509380 757
1509390 758
1509400 759
1509410 759
1509420 760
1509430 761
1509440 761
1509450 761
1509460 761
1509470 762
1509480 762
1509490 762
1509500 763
1509510 763
1509520 764
1509530 764
1509540 764
1509550 765
1509560 765
1509570 765
1509580 766
1509590 766
1509600 766
1509610 767
1509620 767
1509630 767
1509640 768
1509650 768
1509660 769
1509670 769
1509680 769
1509690 769
1509700 769
1509710 769
1509720 769
1509730 769
1509740 769
1509750 769
1509760 769
1509770 769
1509780 769
1509790 769
1509800 769
1509810 769
1509820 769
1509830 769
1509840 769
1509850 769
1509860 769
1509870 768
1509880 768
1509890 768
1509900 768
1509910 768
1509920 768
1509930 768
1509940 768
1509950 768
1509960 768
1509970 767
1509980 767
1509990 767
1510000 766
1510010 766
1510020 766
1510030 765
1510040 765
1510050 765
1510060 764
1510070 764
1510080 764
1510090 765
1510100 766
1510110 766
1510120 768
1510130 770
1510140 770
1510150 770
1510160 770
1510170 770
1510180 770
1510190 773
1510200 775
1510210 775
1510220 777
1510230 780
1510240 780
1510250 784
1510260 787
1510270 787
1510280 789
1510290 791
1510300 791
1510310 790
1510320 790
1510330 790
1510340 791
1510350 792
1510360 792
1510370 792
1510380 793
1510390 794
1510400 794
1510410 793
1510420 796
1510430 796
1510440 798
1510450 799
1510460 799
1510470 800
1510480 800
1510490 800
1510500 800
1510510 801
1510520 801
1510530 802
1510540 804
1510550 806
1510560 806
1510570 807
1510580 807
1510590 807
1510600 806
1510610 806
1510620 806
1510630 805
1510640 805
1510650 805
1510660 805
1510670 805
1510680 805
1510690 806
1510700 807
1510710 807
1510720 808
1510730 809
1510740 811
1510750 811
1510760 811
1510770 808
1510780 808
1510790 804
1510800 801
1510810 801
1510820 801
1510830 802
1510840 802
1510850 800
1510860 797
1510870 797
1510880 796
1510890 795
1510900 794
1510910 794
1510920 794
1510930 793
1510940 793
1510950 793
1510960 793
1510970 793
1510980 793
1510990 793
1511000 793
1511010 792
1511020 792
1511030 792
1511040 793
1511050 799
1511060 799
1511070 806
1511080 814
1511090 822
1511100 822
1511110 829
1511120 832
1511130 832
1511140 831
1511150 831
1511160 831
1511170 832
1511180 834
1511190 834
1511200 837
1511210 840
1511220 840
1511230 842
1511240 845
1511250 848
1511260 848
1511270 851
1511280 853
1511290 853
1511300 855
1511310 858
1511320 858
1511330 860
1511340 861
1511350 861
1511360 860
1511370 859
1511380 859
1511390 857
1511400 855
1511410 855
1511420 854
1511430 853
1511440 852
1511450 852
1511460 851
1511470 849
1511480 849
1511490 847
1511500 845
1511510 845
1511520 844
1511530 843
1511540 843
1511550 842
1511560 843
1511570 843
1511580 843
1511590 844
1511600 844
1511610 844
1511620 845
1511630 845
1511640 845
1511650 845
1511660 846
1511670 846
1511680 846
1511690 846
1511700 846
1511710 847
1511720 847
1511730 847
1511740 848
1511750 848
1511760 848
1511770 848
1511780 847
1511790 849
1511800 849
1511810 852
1511820 853
1511830 853
1511840 855
1511850 856
1511860 856
1511870 858
1511880 859
1511890 859
1511900 861
1511910 862
1511920 862
1511930 863
1511940 864
1511950 864
1511960 866
1511970 867
1511980 868
1511990 868
1512000 870
1512010 872
1512020 872
1512030 875
1512040 878
1512050 878
1512060 881
1512070 884
1512080 884
1512090 886
1512100 888
1512110 888
1512120 891
1512130 893
1512140 894
1512150 894
1512160 895
1512170 896
1512180 896
1512190 894
1512200 890
1512210 890
1512220 883
1512230 876
1512240 876
1512250 871
1512260 866
1512270 866
1512280 863
1512290 859
1512300 859
1512310 856
1512320 849
1512330 847
1512340 847
1512350 847
1512360 849
1512370 849
1512380 856
1512390 865
1512400 865
1512410 874
1512420 881
1512430 881
1512440 887
1512450 892
1512460 892
1512470 896
1512480 901
1512490 901
1512500 904
1512510 904
1512520 905
1512530 905
1512540 907
1512550 908
1512560 908
1512570 909
1512580 911
1512590 911
1512600 913
1512610 914
1512620 914
1512630 916
1512640 918
1512650 918
1512660 919
1512670 922
1512680 923
1512690 923
1512700 923
1512710 924
1512720 924
1512730 923
1512740 921
1512750 921
1512760 921
1512770 923
1512780 923
1512790 925
1512800 927
1512810 927
1512820 928
1512830 930
1512840 930
1512850 932
1512860 932
1512870 933
1512880 933
1512890 935
1512900 936
1512910 936
1512920 937
1512930 939
1512940 939
1512950 940
1512960 941
1512970 941
1512980 942
1512990 945
1513000 945
1513010 948
1513020 949
1513030 950
1513040 950
1513050 951
1513060 953
1513070 953
1513080 955
1513090 958
1513100 958
1513110 960
1513120 963
1513130 963
1513140 965
1513150 968
1513160 968
1513170 970
1513180 972
1513190 972
1513200 974
1513210 977
1513220 980
1513230 980
1513240 982
1513250 985
1513260 985
1513270 988
1513280 992
1513290 992
1513300 994
1513310 997
1513320 997
1513330 1001
1513340 1008
1513350 1008
1513360 1015
1513370 1021
1513380 1024
1513390 1028
1513400 1031
1513410 1034
1513420 1034
1513430 1036
1513440 1037
1513450 1037
1513460 1039
1513470 1040
1513480 1040
1513490 1041
1513500 1042
1513510 1042
1513520 1042
1513530 1043
1513540 1043
1513550 1043
1513560 1042
1513570 1043
1513580 1043
1513590 1044
1513600 1045
1513610 1045
1513620 1045
1513630 1045
1513640 1045
1513650 1046
1513660 1046
1513670 1046
1513680 1046
1513690 1045
1513700 1045
1513710 1046
1513720 1047
1513730 1047
1513740 1048
1513750 1049
1513760 1049
1513770 1049
1513780 1050
1513790 1052
1513800 1052
1513810 1052
1513820 1053
1513830 1053
1513840 1054
1513850 1055
1513860 1055
1513870 1055
1513880 1056
1513890 1056
1513900 1057
1513910 1058
1513920 1059
1513930 1059
1513940 1060
1513950 1059
1513960 1059
1513970 1059
1513980 1058
1513990 1058
1514000 1059
1514010 1060
1514020 1060
1514030 1060
1514040 1059
1514050 1059
1514060 1057
1514070 1057
1514080 1057
1514090 1056
1514100 1055
1514110 1053
1514120 1053
1514130 1051
1514140 1048
1514150 1048
1514160 1046
1514170 1045
1514180 1045
1514190 1045
1514200 1045
1514210 1045
1514220 1047
1514230 1049
1514240 1049
1514250 1051
1514260 1053
1514270 1053
1514280 1055
1514290 1057
1514300 1060
1514310 1060
1514320 1062
1514330 1066
1514340 1066
1514350 1072
1514360 1077
1514370 1077
1514380 1082
1514390 1088
1514400 1088
1514410 1093
1514420 1098
1514430 1098
1514440 1100
1514450 1095
1514460 1088
1514470 1088
1514480 1088
1514490 1092
1514500 1092
1514510 1097
1514520 1102
1514530 1102
1514540 1107
1514550 1112
1514560 1112
1514570 1116
1514580 1121
1514590 1121
1514600 1126
1514610 1131
1514620 1131
1514630 1136
1514640 1140
1514650 1144
1514660 1144
1514670 1148
1514680 1152
1514690 1152
1514700 1156
1514710 1159
1514720 1159
1514730 1164
1514740 1168
1514750 1168
1514760 1171
1514770 1174
1514780 1174
1514790 1178
1514800 1182
1514810 1187
1514820 1187
1514830 1190
1514840 1193
1514850 1193
1514860 1196
1514870 1200
1514880 1200
1514890 1204
1514900 1209
1514910 1209
1514920 1214
1514930 1218
1514940 1218
1514950 1223
1514960 1226
1514970 1226
1514980 1229
1514990 1232
1515000 1235
1515010 1235
1515020 1239
1515030 1244
1515040 1244
1515050 1248
1515060 1251
1515070 1251
1515080 1254
1515090 1257
1515100 1257
1515110 1261
1515120 1265
1515130 1265
1515140 1270
1515150 1274
1515160 1274
1515170 1278
1515180 1282
1515190 1286
1515200 1286
1515210 1290
1515220 1294
1515230 1294
1515240 1298
1515250 1301
1515260 1301
1515270 1303
1515280 1305
1515290 1305
1515300 1308
1515310 1312
1515320 1312
1515330 1314
1515340 1316
1515350 1318
1515360 1318
1515370 1319
1515380 1321
1515390 1321
1515400 1323
1515410 1324
1515420 1324
1515430 1325
1515440 1327
1515450 1327
1515460 1328
1515470 1330
1515480 1330
1515490 1334
1515500 1339
1515510 1339
1515520 1342
1515530 1347
1515540 1352
1515550 1352
1515560 1355
1515570 1358
1515580 1358
1515590 1361
1515600 1363
1515610 1363
1515620 1365
1515630 1366
1515640 1366
1515650 1368
1515660 1370
1515670 1370
1515680 1373
1515690 1376
1515700 1378
1515710 1378
1515720 1380
1515730 1382
1515740 1382
1515750 1384
1515760 1386
1515770 1386
1515780 1389
1515790 1392
1515800 1392
1515810 1395
1515820 1398
1515830 1398
1515840 1402
1515850 1405
1515860 1405
1515870 1405
1515880 1407
1515890 1410
1515900 1410
1515910 1414
1515920 1419
1515930 1419
1515940 1426
1515950 1433
1515960 1433
1515970 1441
1515980 1448
1515990 1448
1516000 1453
1516010 1458
1516020 1458
1516030 1462
1516040 1466
1516050 1466
1516060 1469
1516070 1474
1516080 1479
1516090 1479
1516100 1484
1516110 1488
1516120 1488
1516130 1492
1516140 1496
1516150 1496
1516160 1500
1516170 1504
1516180 1504
1516190 1508
1516200 1512
1516210 1512
1516220 1518
1516230 1522
1516240 1525
1516250 1525
1516260 1529
1516270 1532
1516280 1532
1516290 1536
1516300 1541
1516310 1541
1516320 1545
1516330 1549
1516340 1549
1516350 1553
1516360 1557
1516370 1557
1516380 1561
1516390 1564
1516400 1564
1516410 1568
1516420 1572
1516430 1577
1516440 1577
1516450 1581
1516460 1584
1516470 1584
1516480 1586
1516490 1588
1516500 1588
1516510 1589
1516520 1591
1516530 1591
1516540 1593
1516550 1595
1516560 1595
1516570 1598
1516580 1601
1516590 1605
1516600 1605
1516610 1608
1516620 1612
1516630 1612
1516640 1615
1516650 1618
1516660 1618
1516670 1622
1516680 1625
1516690 1625
1516700 1628
1516710 1630
1516720 1630
1516730 1632
1516740 1633
1516750 1633
1516760 1634
1516770 1633
1516780 1633
1516790 1633
1516800 1636
1516810 1637
1516820 1637
1516830 1638
1516840 1642
1516850 1642
1516860 1645
1516870 1645
1516880 1645
1516890 1646
1516900 1647
1516910 1647
1516920 1647
1516930 1647
1516940 1647
1516950 1648
1516960 1650
1516970 1652
1516980 1652
1516990 1654
1517000 1656
1517010 1656
1517020 1658
1517030 1661
1517040 1661
1517050 1664
1517060 1667
1517070 1667
1517080 1671
1517090 1674
1517100 1674
1517110 1679
1517120 1684
1517130 1689
1517140 1689
1517150 1694
1517160 1698
1517170 1698
1517180 1703
1517190 1707
1517200 1707
1517210 1711
1517220 1716
1517230 1716
1517240 1722
1517250 1727
1517260 1727
1517270 1732
1517280 1738
1517290 1738
1517300 1743
1517310 1748
1517320 1752
1517330 1752
1517340 1757
1517350 1762
1517360 1762
1517370 1768
1517380 1773
1517390 1773
1517400 1778
1517410 1784
1517420 1784
1517430 1792
1517440 1797
1517450 1797
1517460 1801
1517470 1805
1517480 1809
1517490 1809
1517500 1810
1517510 1806
1517520 1806
1517530 1802
1517540 1798
1517550 1798
1517560 1795
1517570 1793
1517580 1793
1517590 1790
1517600 1787
1517610 1787
1517620 1784
1517630 1781
1517640 1781
1517650 1778
1517660 1773
1517670 1771
1517680 1771
1517690 1768
1517700 1765
1517710 1765
1517720 1762
1517730 1756
1517740 1756
1517750 1753
1517760 1747
1517770 1747
1517780 1741
1517790 1736
1517800 1736
1517810 1730
1517820 1724
1517830 1724
1517840 1719
1517850 1714
1517860 1710
1517870 1710
1517880 1706
1517890 1701
1517900 1701
1517910 1697
1517920 1693
1517930 1693
1517940 1688
1517950 1683
1517960 1683
1517970 1678
1517980 1674
1517990 1674
1518000 1671
1518010 1667
1518020 1664
1518030 1664
1518040 1663
1518050 1661
1518060 1661
1518070 1659
1518080 1654
1518090 1654
1518100 1650
1518110 1650
1518120 1650
1518130 1649
1518140 1648
1518150 1648
1518160 1648
1518170 1646
1518180 1646
1518190 1643
1518200 1640
1518210 1639
1518220 1639
1518230 1637
1518240 1632
1518250 1632
1518260 1629
1518270 1629
1518280 1629
1518290 1628
1518300 1626
1518310 1626
1518320 1622
1518330 1621
1518340 1621
1518350 1619
1518360 1616
1518370 1616
1518380 1613
1518390 1609
1518400 1606
1518410 1606
1518420 1602
1518430 1597
1518440 1597
1518450 1593
1518460 1588
1518470 1588
1518480 1583
1518490 1581
1518500 1581
1518510 1578
1518520 1575
1518530 1575
1518540 1572
1518550 1571
1518560 1569
1518570 1569
1518580 1571
1518590 1570
1518600 1570
1518610 1569
1518620 1566
1518630 1566
1518640 1562
1518650 1558
1518660 1558
1518670 1555
1518680 1556
1518690 1556
1518700 1555
1518710 1554
1518720 1554
1518730 1552
1518740 1552
1518750 1552
1518760 1552
1518770 1550
1518780 1549
1518790 1549
1518800 1549
1518810 1547
1518820 1547
1518830 1542
1518840 1538
1518850 1538
1518860 1533
1518870 1527
1518880 1527
1518890 1527
1518900 1528
1518910 1532
1518920 1532
1518930 1535
1518940 1537
1518950 1537
1518960 1539
1518970 1540
1518980 1540
1518990 1542
1519000 1541
1519010 1541
1519020 1541
1519030 1541
1519040 1541
1519050 1541
1519060 1541
1519070 1541
1519080 1540
1519090 1540
1519100 1539
1519110 1539
1519120 1538
1519130 1538
1519140 1538
1519150 1537
1519160 1537
1519170 1537
1519180 1537
1519190 1537
1519200 1537
1519210 1537
1519220 1537
1519230 1537
1519240 1537
1519250 1537
1519260 1537
1519270 1536
1519280 1535
1519290 1534
1519300 1534
1519310 1534
1519320 1533
1519330 1533
1519340 1534
1519350 1533
1519360 1533
1519370 1529
1519380 1525
1519390 1525
1519400 1520
1519410 1514
1519420 1514
1519430 1508
1519440 1504
1519450 1499
1519460 1499
1519470 1493
1519480 1486
1519490 1486
1519500 1483
1519510 1482
1519520 1482
1519530 1479
1519540 1476
1519550 1476
1519560 1473
1519570 1474
1519580 1474
1519590 1481
1519600 1484
1519610 1484
1519620 1488
1519630 1491
1519640 1492
1519650 1492
1519660 1491
1519670 1491
1519680 1491
1519690 1493
1519700 1496
1519710 1496
1519720 1498
1519730 1499
1519740 1499
1519750 1501
1519760 1503
1519770 1503
1519780 1503
1519790 1504
1519800 1506
1519810 1506
1519820 1508
1519830 1508
1519840 1508
1519850 1508
1519860 1510
1519870 1510
1519880 1512
1519890 1514
1519900 1514
1519910 1516
1519920 1516
1519930 1516
1519940 1516
1519950 1516
1519960 1516
1519970 1516
1519980 1517
1519990 1519
