1500000 681
1500010 680
1500020 679
1500030 679
1500040 679
1500050 678
1500060 678
1500070 677
1500080 677
1500090 677
1500100 676
1500110 675
1500120 674
1500130 674
1500140 674
1500150 673
1500160 673
1500170 672
1500180 671
1500190 671
1500200 671
1500210 670
1500220 670
1500230 669
1500240 669
1500250 669
1500260 669
1500270 668
1500280 668
1500290 668
1500300 667
1500310 667
1500320 667
1500330 667
1500340 667
1500350 667
1500360 667
1500370 667
1500380 667
1500390 667
1500400 667
1500410 667
1500420 667
1500430 667
1500440 667
1500450 667
1500460 668
1500470 667
1500480 667
1500490 667
1500500 667
1500510 667
1500520 668
1500530 669
1500540 669
1500550 670
1500560 671
1500570 671
1500580 672
1500590 672
1500600 672
1500610 671
1500620 670
1500630 669
1500640 669
1500650 667
1500660 666
1500670 666
1500680 664
1500690 662
1500700 662
1500710 660
1500720 658
1500730 658
1500740 655
1500750 653
1500760 653
1500770 651
1500780 649
1500790 649
1500800 646
1500810 644
1500820 642
1500830 642
1500840 639
1500850 636
1500860 636
1500870 633
1500880 631
1500890 631
1500900 630
1500910 627
1500920 627
1500930 624
1500940 623
1500950 623
1500960 622
1500970 621
1500980 621
1500990 620
1501000 620
1501010 619
1501020 619
1501030 618
1501040 617
1501050 617
1501060 617
1501070 617
1501080 617
1501090 616
1501100 616
1501110 616
1501120 616
1501130 616
1501140 616
1501150 616
1501160 615
1501170 615
1501180 615
1501190 615
1501200 616
1501210 616
1501220 616
1501230 616
1501240 616
1501250 616
1501260 616
1501270 616
1501280 616
1501290 617
1501300 617
1501310 617
1501320 617
1501330 617
1501340 617
1501350 617
1501360 618
1501370 618
1501380 619
1501390 624
1501400 624
1501410 626
1501420 626
1501430 626
1501440 624
1501450 620
1501460 620
1501470 619
1501480 619
1501490 619
1501500 619
1501510 622
1501520 627
1501530 627
1501540 626
1501550 625
1501560 625
1501570 625
1501580 621
1501590 621
1501600 615
1501610 609
1501620 609
1501630 604
1501640 600
1501650 600
1501660 599
1501670 599
1501680 599
1501690 598
1501700 598
1501710 598
1501720 598
1501730 598
1501740 598
1501750 598
1501760 598
1501770 597
1501780 597
1501790 597
1501800 597
1501810 597
1501820 597
1501830 597
1501840 597
1501850 596
1501860 596
1501870 596
1501880 595
1501890 593
1501900 591
1501910 591
1501920 591
1501930 592
1501940 592
1501950 593
1501960 593
1501970 593
1501980 592
1501990 591
1502000 591
1502010 591
1502020 591
1502030 591
1502040 591
1502050 591
1502060 591
1502070 591
1502080 590
1502090 590
1502100 590
1502110 590
1502120 590
1502130 590
1502140 590
1502150 590
1502160 590
1502170 590
1502180 590
1502190 590
1502200 590
1502210 590
1502220 590
1502230 589
1502240 589
1502250 589
1502260 589
1502270 589
1502280 589
1502290 589
1502300 589
1502310 589
1502320 589
1502330 589
1502340 586
1502350 586
1502360 586
1502370 585
1502380 585
1502390 585
1502400 586
1502410 586
1502420 585
1502430 585
1502440 587
1502450 587
1502460 589
1502470 589
1502480 589
1502490 590
1502500 593
1502510 593
1502520 597
1502530 597
1502540 597
1502550 598
1502560 598
1502570 598
1502580 598
1502590 598
1502600 597
1502610 597
1502620 598
1502630 602
1502640 602
1502650 604
1502660 603
1502670 603
1502680 603
1502690 604
1502700 604
1502710 607
1502720 607
1502730 607
1502740 607
1502750 607
1502760 607
1502770 607
1502780 607
1502790 607
1502800 607
1502810 608
1502820 608
1502830 608
1502840 609
1502850 614
1502860 614
1502870 619
1502880 626
1502890 626
1502900 633
1502910 639
1502920 639
1502930 644
1502940 646
1502950 644
1502960 644
1502970 642
1502980 641
1502990 641
1503000 642
1503010 643
1503020 643
1503030 644
1503040 645
1503050 645
1503060 647
1503070 648
1503080 648
1503090 650
1503100 650
1503110 650
1503120 650
1503130 650
1503140 650
1503150 650
1503160 650
1503170 650
1503180 650
1503190 650
1503200 650
1503210 650
1503220 649
1503230 649
1503240 649
1503250 649
1503260 649
1503270 649
1503280 649
1503290 649
1503300 649
1503310 649
1503320 649
1503330 649
1503340 649
1503350 649
1503360 649
1503370 649
1503380 649
1503390 649
1503400 649
1503410 649
1503420 649
1503430 649
1503440 649
1503450 648
1503460 648
1503470 648
1503480 648
1503490 648
1503500 648
1503510 648
1503520 648
1503530 648
1503540 648
1503550 648
1503560 648
1503570 647
1503580 648
1503590 648
1503600 648
1503610 649
1503620 649
1503630 649
1503640 650
1503650 650
1503660 650
1503670 651
1503680 653
1503690 653
1503700 656
1503710 660
1503720 660
1503730 661
1503740 662
1503750 662
1503760 662
1503770 662
1503780 662
1503790 662
1503800 662
1503810 662
1503820 662
1503830 662
1503840 662
1503850 661
1503860 661
1503870 661
1503880 661
1503890 661
1503900 660
1503910 660
1503920 660
1503930 660
1503940 660
1503950 660
1503960 660
1503970 660
1503980 660
1503990 660
1504000 660
1504010 659
1504020 659
1504030 659
1504040 659
1504050 659
1504060 659
1504070 659
1504080 659
1504090 659
1504100 659
1504110 659
1504120 659
1504130 659
1504140 659
1504150 659
1504160 659
1504170 658
1504180 658
1504190 658
1504200 657
1504210 656
1504220 655
1504230 655
1504240 653
1504250 647
1504260 647
1504270 642
1504280 637
1504290 637
1504300 634
1504310 632
1504320 632
1504330 632
1504340 631
1504350 631
1504360 631
1504370 630
1504380 630
1504390 630
1504400 631
1504410 631
1504420 631
1504430 630
1504440 630
1504450 630
1504460 631
1504470 631
1504480 631
1504490 632
1504500 632
1504510 632
1504520 633
1504530 632
1504540 632
1504550 633
1504560 633
1504570 633
1504580 633
1504590 633
1504600 633
1504610 633
1504620 633
1504630 633
1504640 633
1504650 634
1504660 634
1504670 634
1504680 634
1504690 634
1504700 634
1504710 634
1504720 634
1504730 634
1504740 634
1504750 634
1504760 634
1504770 634
1504780 634
1504790 634
1504800 634
1504810 633
1504820 633
1504830 633
1504840 633
1504850 633
1504860 633
1504870 632
1504880 632
1504890 632
1504900 632
1504910 633
1504920 633
1504930 633
1504940 633
1504950 632
1504960 632
1504970 632
1504980 632
1504990 632
1505000 631
1505010 630
1505020 630
1505030 631
1505040 630
1505050 630
1505060 630
1505070 628
1505080 628
1505090 628
1505100 627
1505110 627
1505120 627
1505130 627
1505140 626
1505150 626
1505160 626
1505170 625
1505180 625
1505190 625
1505200 625
1505210 625
1505220 625
1505230 625
1505240 625
1505250 625
1505260 625
1505270 625
1505280 625
1505290 624
1505300 625
1505310 625
1505320 625
1505330 625
1505340 625
1505350 626
1505360 629
1505370 629
1505380 629
1505390 629
1505400 629
1505410 630
1505420 632
1505430 632
1505440 634
1505450 634
1505460 634
1505470 634
1505480 635
1505490 636
1505500 636
1505510 637
1505520 637
1505530 637
1505540 637
1505550 638
1505560 638
1505570 639
1505580 639
1505590 639
1505600 640
1505610 641
1505620 641
1505630 641
1505640 641
1505650 641
1505660 641
1505670 641
1505680 640
1505690 640
1505700 639
1505710 639
1505720 639
1505730 640
1505740 639
1505750 639
1505760 638
1505770 638
1505780 638
1505790 639
1505800 640
1505810 640
1505820 640
1505830 642
1505840 643
1505850 643
1505860 645
1505870 648
1505880 648
1505890 649
1505900 650
1505910 650
1505920 652
1505930 655
1505940 655
1505950 656
1505960 657
1505970 657
1505980 658
1505990 659
1506000 661
1506010 661
1506020 662
1506030 662
1506040 662
1506050 662
1506060 663
1506070 663
1506080 663
1506090 663
1506100 663
1506110 660
1506120 653
1506130 653
1506140 649
1506150 647
1506160 647
1506170 644
1506180 647
1506190 654
1506200 654
1506210 658
1506220 662
1506230 662
1506240 664
1506250 667
1506260 667
1506270 669
1506280 669
1506290 669
1506300 669
1506310 669
1506320 669
1506330 670
1506340 669
1506350 669
1506360 669
1506370 669
1506380 669
1506390 669
1506400 668
1506410 669
1506420 669
1506430 669
1506440 669
1506450 669
1506460 670
1506470 671
1506480 671
1506490 672
1506500 673
1506510 673
1506520 674
1506530 676
1506540 678
1506550 678
1506560 680
1506570 682
1506580 682
1506590 684
1506600 686
1506610 686
1506620 688
1506630 689
1506640 689
1506650 690
1506660 691
1506670 691
1506680 692
1506690 692
1506700 692
1506710 692
1506720 692
1506730 693
1506740 693
1506750 693
1506760 693
1506770 693
1506780 693
1506790 694
1506800 694
1506810 694
1506820 696
1506830 696
1506840 698
1506850 700
1506860 700
1506870 703
1506880 704
1506890 705
1506900 705
1506910 706
1506920 708
1506930 708
1506940 710
1506950 713
1506960 713
1506970 716
1506980 718
1506990 718
1507000 720
1507010 722
1507020 722
1507030 724
1507040 725
1507050 725
1507060 726
1507070 726
1507080 726
1507090 726
1507100 725
1507110 725
1507120 725
1507130 724
1507140 724
1507150 724
1507160 724
1507170 724
1507180 724
1507190 724
1507200 724
1507210 724
1507220 724
1507230 724
1507240 724
1507250 724
1507260 724
1507270 724
1507280 724
1507290 725
1507300 726
1507310 726
1507320 730
1507330 732
1507340 732
1507350 733
1507360 735
1507370 735
1507380 737
1507390 738
1507400 738
1507410 740
1507420 741
1507430 743
1507440 743
1507450 743
1507460 744
1507470 744
1507480 744
1507490 744
1507500 744
1507510 744
1507520 744
1507530 744
1507540 744
1507550 743
1507560 743
1507570 743
1507580 743
1507590 743
1507600 742
1507610 742
1507620 742
1507630 742
1507640 743
1507650 743
1507660 743
1507670 743
1507680 742
1507690 742
1507700 741
1507710 741
1507720 741
1507730 740
1507740 739
1507750 739
1507760 737
1507770 736
1507780 734
1507790 734
1507800 731
1507810 731
1507820 731
1507830 730
1507840 730
1507850 730
1507860 730
1507870 729
1507880 729
1507890 729
1507900 730
1507910 730
1507920 730
1507930 730
1507940 730
1507950 730
1507960 730
1507970 731
1507980 731
1507990 731
1508000 731
1508010 731
1508020 731
1508030 730
1508040 730
1508050 730
1508060 731
1508070 731
1508080 731
1508090 731
1508100 731
1508110 731
1508120 732
1508130 732
1508140 732
1508150 733
1508160 734
1508170 734
1508180 735
1508190 736
1508200 736
1508210 737
1508220 738
1508230 738
1508240 740
1508250 741
1508260 741
1508270 742
1508280 742
1508290 742
1508300 744
1508310 745
1508320 745
1508330 745
1508340 746
1508350 747
1508360 747
1508370 749
1508380 750
1508390 750
1508400 751
1508410 754
1508420 754
1508430 756
1508440 756
1508450 756
1508460 756
1508470 756
1508480 756
1508490 756
1508500 756
1508510 758
1508520 758
1508530 759
1508540 760
1508550 760
1508560 761
1508570 761
1508580 761
1508590 762
1508600 763
1508610 763
1508620 765
1508630 765
1508640 765
1508650 766
1508660 767
1508670 768
1508680 768
1508690 770
1508700 771
1508710 771
1508720 772
1508730 773
1508740 773
1508750 774
1508760 774
1508770 774
1508780 775
1508790 777
1508800 777
1508810 778
1508820 780
1508830 780
1508840 782
1508850 782
1508860 783
1508870 783
1508880 783
1508890 784
1508900 784
1508910 786
1508920 786
1508930 786
1508940 787
1508950 788
1508960 788
1508970 789
1508980 789
1508990 789
1509000 790
1509010 791
1509020 791
1509030 791
1509040 791
1509050 791
1509060 791
1509070 791
1509080 791
1509090 791
1509100 791
1509110 791
1509120 791
1509130 791
1509140 791
1509150 791
1509160 792
1509170 792
1509180 792
1509190 792
1509200 792
1509210 793
1509220 793
1509230 793
1509240 794
1509250 794
1509260 794
1509270 795
1509280 795
1509290 796
1509300 797
1509310 797
1509320 798
1509330 799
1509340 799
1509350 800
1509360 801
1509370 801
1509380 802
1509390 803
1509400 804
1509410 804
1509420 805
1509430 806
1509440 806
1509450 807
1509460 809
1509470 809
1509480 810
1509490 811
1509500 811
1509510 813
1509520 814
1509530 814
1509540 816
1509550 817
1509560 817
1509570 819
1509580 820
1509590 821
1509600 821
1509610 822
1509620 825
1509630 825
1509640 827
1509650 828
1509660 828
1509670 830
1509680 831
1509690 831
1509700 832
1509710 834
1509720 834
1509730 835
1509740 836
1509750 837
1509760 837
1509770 837
1509780 838
1509790 838
1509800 840
1509810 840
1509820 840
1509830 841
1509840 843
1509850 843
1509860 844
1509870 845
1509880 845
1509890 846
1509900 849
1509910 849
1509920 852
1509930 854
1509940 855
1509950 855
1509960 856
1509970 858
1509980 858
1509990 859
1510000 860
1510010 860
1510020 862
1510030 863
1510040 863
1510050 865
1510060 866
1510070 866
1510080 868
1510090 869
1510100 870
1510110 870
1510120 871
1510130 872
1510140 872
1510150 873
1510160 875
1510170 875
1510180 876
1510190 878
1510200 878
1510210 879
1510220 881
1510230 881
1510240 882
1510250 883
1510260 883
1510270 884
1510280 884
1510290 885
1510300 885
1510310 886
1510320 887
1510330 887
1510340 888
1510350 890
1510360 890
1510370 890
1510380 890
1510390 890
1510400 889
1510410 888
1510420 888
1510430 887
1510440 886
1510450 886
1510460 887
1510470 887
1510480 888
1510490 888
1510500 888
1510510 889
1510520 889
1510530 891
1510540 892
1510550 892
1510560 894
1510570 896
1510580 896
1510590 897
1510600 899
1510610 899
1510620 900
1510630 901
1510640 902
1510650 902
1510660 903
1510670 904
1510680 904
1510690 904
1510700 905
1510710 905
1510720 905
1510730 906
1510740 906
1510750 906
1510760 907
1510770 907
1510780 908
1510790 906
1510800 906
1510810 903
1510820 907
1510830 911
1510840 911
1510850 913
1510860 914
1510870 914
1510880 915
1510890 916
1510900 916
1510910 918
1510920 919
1510930 919
1510940 919
1510950 922
1510960 922
1510970 923
1510980 924
1510990 924
1511000 927
1511010 929
1511020 929
1511030 929
1511040 930
1511050 932
1511060 932
1511070 934
1511080 935
1511090 935
1511100 936
1511110 937
1511120 937
1511130 939
1511140 940
1511150 942
1511160 944
1511170 946
1511180 948
1511190 948
1511200 950
1511210 952
1511220 952
1511230 955
1511240 958
1511250 958
1511260 962
1511270 967
1511280 967
1511290 971
1511300 974
1511310 974
1511320 977
1511330 979
1511340 979
1511350 980
1511360 980
1511370 981
1511380 981
1511390 983
1511400 985
1511410 985
1511420 986
1511430 988
1511440 988
1511450 989
1511460 991
1511470 991
1511480 991
1511490 993
1511500 993
1511510 995
1511520 998
1511530 1001
1511540 1001
1511550 1004
1511560 1007
1511570 1007
1511580 1010
1511590 1013
1511600 1013
1511610 1016
1511620 1018
1511630 1018
1511640 1021
1511650 1022
1511660 1022
1511670 1024
1511680 1025
1511690 1025
1511700 1026
1511710 1027
1511720 1027
1511730 1027
1511740 1027
1511750 1026
1511760 1026
1511770 1025
1511780 1024
1511790 1024
1511800 1024
1511810 1023
1511820 1023
1511830 1023
1511840 1022
1511850 1022
1511860 1022
1511870 1022
1511880 1022
1511890 1021
1511900 1021
1511910 1021
1511920 1021
1511930 1021
1511940 1023
1511950 1023
1511960 1024
1511970 1024
1511980 1024
1511990 1025
1512000 1025
1512010 1025
1512020 1025
1512030 1024
1512040 1024
1512050 1024
1512060 1024
1512070 1025
1512080 1025
1512090 1026
1512100 1027
1512110 1027
1512120 1028
1512130 1031
1512140 1031
1512150 1032
1512160 1033
1512170 1033
1512180 1034
1512190 1035
1512200 1035
1512210 1035
1512220 1035
1512230 1035
1512240 1034
1512250 1035
1512260 1037
1512270 1037
1512280 1038
1512290 1040
1512300 1040
1512310 1043
1512320 1046
1512330 1046
1512340 1047
1512350 1046
1512360 1046
1512370 1044
1512380 1041
1512390 1041
1512400 1041
1512410 1041
1512420 1041
1512430 1041
1512440 1041
1512450 1038
1512460 1038
1512470 1039
1512480 1043
1512490 1043
1512500 1050
1512510 1056
1512520 1056
1512530 1063
1512540 1064
1512550 1064
1512560 1063
1512570 1062
1512580 1062
1512590 1061
1512600 1060
1512610 1053
1512620 1053
1512630 1046
1512640 1040
1512650 1040
1512660 1035
1512670 1034
1512680 1034
1512690 1033
1512700 1028
1512710 1028
1512720 1022
1512730 1017
1512740 1017
1512750 1013
1512760 1010
1512770 1010
1512780 1011
1512790 1010
1512800 1002
1512810 1002
1512820 989
1512830 979
1512840 979
1512850 971
1512860 968
1512870 968
1512880 976
1512890 986
1512900 986
1512910 997
1512920 1008
1512930 1008
1512940 1019
1512950 1028
1512960 1036
1512970 1036
1512980 1042
1512990 1046
1513000 1046
1513010 1050
1513020 1054
1513030 1054
1513040 1059
1513050 1063
1513060 1063
1513070 1069
1513080 1074
1513090 1074
1513100 1080
1513110 1086
1513120 1086
1513130 1094
1513140 1100
1513150 1106
1513160 1106
1513170 1112
1513180 1114
1513190 1114
1513200 1117
1513210 1120
1513220 1120
1513230 1124
1513240 1127
1513250 1127
1513260 1131
1513270 1138
1513280 1138
1513290 1142
1513300 1144
1513310 1144
1513320 1151
1513330 1156
1513340 1160
1513350 1160
1513360 1165
1513370 1170
1513380 1170
1513390 1174
1513400 1178
1513410 1178
1513420 1182
1513430 1186
1513440 1186
1513450 1190
1513460 1195
1513470 1195
1513480 1201
1513490 1207
1513500 1212
1513510 1212
1513520 1219
1513530 1226
1513540 1226
1513550 1233
1513560 1238
1513570 1238
1513580 1243
1513590 1249
1513600 1249
1513610 1258
1513620 1269
1513630 1269
1513640 1277
1513650 1284
1513660 1284
1513670 1288
1513680 1292
1513690 1298
1513700 1298
1513710 1304
1513720 1311
1513730 1311
1513740 1318
1513750 1323
1513760 1323
1513770 1330
1513780 1337
1513790 1337
1513800 1344
1513810 1351
1513820 1351
1513830 1358
1513840 1365
1513850 1371
1513860 1371
1513870 1377
1513880 1384
1513890 1384
1513900 1391
1513910 1398
1513920 1398
1513930 1405
1513940 1411
1513950 1411
1513960 1416
1513970 1421
1513980 1421
1513990 1425
1514000 1429
1514010 1429
1514020 1432
1514030 1436
1514040 1439
1514050 1439
1514060 1441
1514070 1444
1514080 1444
1514090 1446
1514100 1448
1514110 1448
1514120 1449
1514130 1449
1514140 1449
1514150 1448
1514160 1450
1514170 1450
1514180 1451
1514190 1449
1514200 1449
1514210 1448
1514220 1448
1514230 1449
1514240 1449
1514250 1453
1514260 1455
1514270 1455
1514280 1455
1514290 1453
1514300 1453
1514310 1451
1514320 1449
1514330 1449
1514340 1447
1514350 1444
1514360 1444
1514370 1441
1514380 1436
1514390 1432
1514400 1432
1514410 1428
1514420 1424
1514430 1424
1514440 1418
1514450 1412
1514460 1412
1514470 1408
1514480 1409
1514490 1409
1514500 1411
1514510 1410
1514520 1410
1514530 1408
1514540 1408
1514550 1408
1514560 1407
1514570 1405
1514580 1402
1514590 1402
1514600 1396
1514610 1390
1514620 1390
1514630 1382
1514640 1374
1514650 1374
1514660 1365
1514670 1358
1514680 1358
1514690 1363
1514700 1364
1514710 1364
1514720 1364
1514730 1366
1514740 1366
1514750 1368
1514760 1369
1514770 1369
1514780 1369
1514790 1369
1514800 1370
1514810 1370
1514820 1370
1514830 1370
1514840 1370
1514850 1367
1514860 1364
1514870 1364
1514880 1361
1514890 1354
1514900 1354
1514910 1356
1514920 1363
1514930 1368
1514940 1368
1514950 1369
1514960 1372
1514970 1372
1514980 1373
1514990 1374
1515000 1374
1515010 1374
1515020 1375
1515030 1375
1515040 1376
1515050 1377
1515060 1377
1515070 1379
1515080 1379
1515090 1379
1515100 1380
1515110 1379
1515120 1376
1515130 1376
1515140 1371
1515150 1370
1515160 1370
1515170 1369
1515180 1369
1515190 1369
1515200 1371
1515210 1374
1515220 1374
1515230 1376
1515240 1378
1515250 1378
1515260 1381
1515270 1383
1515280 1385
1515290 1385
1515300 1386
1515310 1388
1515320 1388
1515330 1391
1515340 1395
1515350 1395
1515360 1399
1515370 1402
1515380 1402
1515390 1406
1515400 1411
1515410 1411
1515420 1418
1515430 1423
1515440 1423
1515450 1427
1515460 1431
1515470 1433
1515480 1433
1515490 1434
1515500 1435
1515510 1435
1515520 1442
1515530 1445
1515540 1445
1515550 1447
1515560 1450
1515570 1450
1515580 1451
1515590 1451
1515600 1451
1515610 1449
1515620 1449
1515630 1449
1515640 1453
1515650 1459
1515660 1465
1515670 1465
1515680 1469
1515690 1472
1515700 1472
1515710 1475
1515720 1478
1515730 1478
1515740 1478
1515750 1477
1515760 1477
1515770 1478
1515780 1478
1515790 1478
1515800 1481
1515810 1484
1515820 1486
1515830 1486
1515840 1486
1515850 1488
1515860 1488
1515870 1490
1515880 1493
1515890 1493
1515900 1496
1515910 1501
1515920 1501
1515930 1506
1515940 1513
1515950 1513
1515960 1519
1515970 1527
1515980 1527
1515990 1532
1516000 1537
1516010 1542
1516020 1542
1516030 1546
1516040 1549
1516050 1549
1516060 1553
1516070 1558
1516080 1558
1516090 1560
1516100 1563
1516110 1563
1516120 1567
1516130 1572
1516140 1572
1516150 1576
1516160 1580
1516170 1580
1516180 1585
1516190 1588
1516200 1589
1516210 1589
1516220 1590
1516230 1593
1516240 1593
1516250 1595
1516260 1600
1516270 1600
1516280 1606
1516290 1612
1516300 1612
1516310 1616
1516320 1619
1516330 1619
1516340 1622
1516350 1626
1516360 1630
1516370 1630
1516380 1634
1516390 1639
1516400 1639
1516410 1643
1516420 1647
1516430 1647
1516440 1651
1516450 1655
1516460 1655
1516470 1661
1516480 1664
1516490 1664
1516500 1666
1516510 1669
1516520 1669
1516530 1671
1516540 1673
1516550 1675
1516560 1675
1516570 1679
1516580 1682
1516590 1682
1516600 1685
1516610 1688
1516620 1688
1516630 1692
1516640 1696
1516650 1696
1516660 1698
1516670 1700
1516680 1700
1516690 1704
1516700 1710
1516710 1710
1516720 1716
1516730 1724
1516740 1733
1516750 1733
1516760 1741
1516770 1749
1516780 1749
1516790 1754
1516800 1756
1516810 1756
1516820 1761
1516830 1766
1516840 1766
1516850 1771
1516860 1776
1516870 1776
1516880 1780
1516890 1784
1516900 1787
1516910 1787
1516920 1789
1516930 1790
1516940 1790
1516950 1792
1516960 1794
1516970 1794
1516980 1793
1516990 1793
1517000 1793
1517010 1796
1517020 1798
1517030 1798
1517040 1796
1517050 1794
1517060 1794
1517070 1794
1517080 1797
1517090 1798
1517100 1798
1517110 1799
1517120 1801
1517130 1801
1517140 1804
1517150 1806
1517160 1806
1517170 1807
1517180 1808
1517190 1808
1517200 1808
1517210 1810
1517220 1810
1517230 1810
1517240 1814
1517250 1818
1517260 1818
1517270 1820
1517280 1823
1517290 1823
1517300 1825
1517310 1826
1517320 1826
1517330 1827
1517340 1827
1517350 1827
1517360 1827
1517370 1828
1517380 1828
1517390 1833
1517400 1837
1517410 1837
1517420 1838
1517430 1839
1517440 1843
1517450 1843
1517460 1846
1517470 1849
1517480 1849
1517490 1854
1517500 1859
1517510 1859
1517520 1866
1517530 1873
1517540 1873
1517550 1880
1517560 1886
1517570 1886
1517580 1890
1517590 1895
1517600 1895
1517610 1901
1517620 1908
1517630 1914
1517640 1914
1517650 1922
1517660 1925
1517670 1925
1517680 1924
1517690 1925
1517700 1925
1517710 1929
1517720 1933
1517730 1933
1517740 1937
1517750 1939
1517760 1939
1517770 1941
1517780 1942
1517790 1943
1517800 1943
1517810 1943
1517820 1943
1517830 1943
1517840 1944
1517850 1946
1517860 1946
1517870 1948
1517880 1949
1517890 1949
1517900 1949
1517910 1948
1517920 1948
1517930 1945
1517940 1939
1517950 1939
1517960 1934
1517970 1933
1517980 1933
1517990 1933
1518000 1932
1518010 1932
1518020 1932
1518030 1931
1518040 1929
1518050 1929
1518060 1927
1518070 1924
1518080 1924
1518090 1921
1518100 1918
1518110 1918
1518120 1915
1518130 1912
1518140 1912
1518150 1910
1518160 1908
1518170 1906
1518180 1906
1518190 1903
1518200 1900
1518210 1900
1518220 1897
1518230 1893
1518240 1893
1518250 1890
1518260 1886
1518270 1886
1518280 1882
1518290 1877
1518300 1877
1518310 1874
1518320 1872
1518330 1868
1518340 1868
1518350 1864
1518360 1861
1518370 1861
1518380 1857
1518390 1854
1518400 1854
1518410 1850
1518420 1848
1518430 1848
1518440 1849
1518450 1850
1518460 1850
1518470 1851
1518480 1852
1518490 1852
1518500 1852
1518510 1851
1518520 1850
1518530 1850
1518540 1848
1518550 1846
1518560 1846
1518570 1844
1518580 1842
1518590 1842
1518600 1841
1518610 1839
1518620 1839
1518630 1836
1518640 1832
1518650 1832
1518660 1829
1518670 1826
1518680 1822
1518690 1822
1518700 1819
1518710 1818
1518720 1818
1518730 1818
1518740 1816
1518750 1816
1518760 1814
1518770 1814
1518780 1814
1518790 1813
1518800 1812
1518810 1812
1518820 1809
1518830 1806
1518840 1806
1518850 1803
1518860 1801
1518870 1798
1518880 1798
1518890 1795
1518900 1792
1518910 1792
1518920 1790
1518930 1788
1518940 1788
1518950 1786
1518960 1784
1518970 1784
1518980 1782
1518990 1780
1519000 1780
1519010 1779
1519020 1776
1519030 1776
1519040 1773
1519050 1771
1519060 1771
1519070 1771
1519080 1770
1519090 1769
1519100 1769
1519110 1767
1519120 1764
1519130 1764
1519140 1761
1519150 1759
1519160 1759
1519170 1756
1519180 1753
1519190 1753
1519200 1751
1519210 1748
1519220 1747
1519230 1747
1519240 1744
1519250 1743
1519260 1743
1519270 1745
1519280 1746
1519290 1746
1519300 1747
1519310 1748
1519320 1748
1519330 1749
1519340 1757
1519350 1757
1519360 1758
1519370 1759
1519380 1759
1519390 1760
1519400 1760
1519410 1761
1519420 1761
1519430 1762
1519440 1764
1519450 1764
1519460 1765
1519470 1767
1519480 1767
1519490 1768
1519500 1768
1519510 1768
1519520 1770
1519530 1771
1519540 1771
1519550 1772
1519560 1774
1519570 1774
1519580 1776
1519590 1777
1519600 1779
1519610 1779
1519620 1780
1519630 1781
1519640 1781
1519650 1781
1519660 1781
1519670 1781
1519680 1781
1519690 1781
1519700 1781
1519710 1781
1519720 1781
1519730 1781
1519740 1781
1519750 1780
1519760 1780
1519770 1780
1519780 1781
1519790 1783
1519800 1783
1519810 1787
1519820 1788
1519830 1788
1519840 1790
1519850 1792
1519860 1792
1519870 1795
1519880 1797
1519890 1797
1519900 1800
1519910 1802
1519920 1802
1519930 1805
1519940 1807
1519950 1809
1519960 1809
1519970 1812
1519980 1814
1519990 1814
