1500000 793
1500010 793
1500020 793
1500030 792
1500040 791
1500050 791
1500060 791
1500070 791
1500080 791
1500090 791
1500100 791
1500110 790
1500120 790
1500130 790
1500140 790
1500150 790
1500160 791
1500170 792
1500180 792
1500190 792
1500200 792
1500210 792
1500220 791
1500230 791
1500240 791
1500250 791
1500260 791
1500270 790
1500280 790
1500290 788
1500300 786
1500310 786
1500320 785
1500330 783
1500340 783
1500350 782
1500360 781
1500370 781
1500380 779
1500390 778
1500400 778
1500410 777
1500420 776
1500430 775
1500440 775
1500450 775
1500460 774
1500470 774
1500480 773
1500490 773
1500500 773
1500510 771
1500520 770
1500530 770
1500540 769
1500550 767
1500560 767
1500570 765
1500580 763
1500590 763
1500600 760
1500610 757
1500620 755
1500630 755
1500640 752
1500650 748
1500660 748
1500670 745
1500680 741
1500690 741
1500700 739
1500710 737
1500720 737
1500730 736
1500740 734
1500750 734
1500760 732
1500770 730
1500780 730
1500790 729
1500800 727
1500810 723
1500820 723
1500830 723
1500840 726
1500850 726
1500860 726
1500870 723
1500880 723
1500890 720
1500900 718
1500910 718
1500920 717
1500930 716
1500940 716
1500950 715
1500960 714
1500970 714
1500980 714
1500990 714
1501000 713
1501010 713
1501020 711
1501030 710
1501040 710
1501050 708
1501060 707
1501070 707
1501080 706
1501090 704
1501100 704
1501110 703
1501120 701
1501130 701
1501140 700
1501150 698
1501160 696
1501170 696
1501180 695
1501190 693
1501200 693
1501210 692
1501220 690
1501230 690
1501240 688
1501250 688
1501260 688
1501270 686
1501280 685
1501290 685
1501300 682
1501310 681
1501320 681
1501330 681
1501340 682
1501350 681
1501360 681
1501370 680
1501380 680
1501390 680
1501400 678
1501410 676
1501420 676
1501430 675
1501440 675
1501450 675
1501460 674
1501470 673
1501480 673
1501490 672
1501500 670
1501510 669
1501520 669
1501530 669
1501540 669
1501550 669
1501560 669
1501570 669
1501580 669
1501590 670
1501600 670
1501610 670
1501620 671
1501630 670
1501640 670
1501650 670
1501660 670
1501670 670
1501680 669
1501690 668
1501700 667
1501710 667
1501720 666
1501730 666
1501740 666
1501750 665
1501760 665
1501770 665
1501780 664
1501790 664
1501800 664
1501810 664
1501820 663
1501830 663
1501840 663
1501850 662
1501860 662
1501870 661
1501880 661
1501890 660
1501900 660
1501910 660
1501920 660
1501930 660
1501940 660
1501950 660
1501960 660
1501970 660
1501980 661
1501990 661
1502000 661
1502010 660
1502020 660
1502030 659
1502040 659
1502050 659
1502060 659
1502070 659
1502080 659
1502090 659
1502100 659
1502110 659
1502120 659
1502130 660
1502140 660
1502150 660
1502160 660
1502170 660
1502180 660
1502190 659
1502200 656
1502210 656
1502220 654
1502230 652
1502240 652
1502250 652
1502260 651
1502270 650
1502280 650
1502290 648
1502300 645
1502310 645
1502320 641
1502330 636
1502340 636
1502350 630
1502360 623
1502370 623
1502380 615
1502390 611
1502400 611
1502410 608
1502420 608
1502430 609
1502440 609
1502450 614
1502460 620
1502470 620
1502480 623
1502490 626
1502500 626
1502510 629
1502520 633
1502530 633
1502540 638
1502550 644
1502560 644
1502570 649
1502580 655
1502590 655
1502600 660
1502610 665
1502620 671
1502630 671
1502640 679
1502650 688
1502660 688
1502670 696
1502680 707
1502690 707
1502700 716
1502710 720
1502720 720
1502730 726
1502740 732
1502750 732
1502760 738
1502770 740
1502780 740
1502790 740
1502800 740
1502810 740
1502820 740
1502830 740
1502840 740
1502850 740
1502860 740
1502870 741
1502880 741
1502890 741
1502900 741
1502910 741
1502920 742
1502930 743
1502940 743
1502950 745
1502960 748
1502970 751
1502980 751
1502990 753
1503000 755
1503010 755
1503020 757
1503030 758
1503040 758
1503050 760
1503060 761
1503070 761
1503080 762
1503090 763
1503100 763
1503110 765
1503120 766
1503130 766
1503140 767
1503150 769
1503160 770
1503170 770
1503180 771
1503190 772
1503200 772
1503210 772
1503220 772
1503230 772
1503240 771
1503250 771
1503260 771
1503270 770
1503280 769
1503290 769
1503300 768
1503310 766
1503320 765
1503330 765
1503340 764
1503350 764
1503360 764
1503370 763
1503380 762
1503390 762
1503400 761
1503410 761
1503420 761
1503430 760
1503440 760
1503450 760
1503460 759
1503470 759
1503480 759
1503490 759
1503500 759
1503510 759
1503520 759
1503530 760
1503540 760
1503550 760
1503560 761
1503570 761
1503580 761
1503590 761
1503600 761
1503610 761
1503620 761
1503630 761
1503640 761
1503650 761
1503660 761
1503670 761
1503680 760
1503690 759
1503700 757
1503710 757
1503720 753
1503730 749
1503740 749
1503750 748
1503760 749
1503770 749
1503780 755
1503790 759
1503800 759
1503810 763
1503820 766
1503830 766
1503840 768
1503850 770
1503860 771
1503870 771
1503880 772
1503890 773
1503900 773
1503910 773
1503920 772
1503930 772
1503940 772
1503950 771
1503960 771
1503970 770
1503980 770
1503990 770
1504000 768
1504010 767
1504020 767
1504030 765
1504040 764
1504050 764
1504060 764
1504070 763
1504080 761
1504090 761
1504100 761
1504110 760
1504120 760
1504130 759
1504140 757
1504150 757
1504160 756
1504170 755
1504180 755
1504190 761
1504200 769
1504210 769
1504220 774
1504230 777
1504240 779
1504250 779
1504260 780
1504270 782
1504280 782
1504290 783
1504300 784
1504310 784
1504320 784
1504330 784
1504340 784
1504350 784
1504360 784
1504370 784
1504380 784
1504390 784
1504400 784
1504410 784
1504420 786
1504430 788
1504440 788
1504450 789
1504460 790
1504470 790
1504480 792
1504490 794
1504500 794
1504510 796
1504520 797
1504530 797
1504540 796
1504550 796
1504560 796
1504570 796
1504580 794
1504590 793
1504600 793
1504610 793
1504620 793
1504630 793
1504640 793
1504650 793
1504660 793
1504670 794
1504680 794
1504690 794
1504700 796
1504710 796
1504720 796
1504730 796
1504740 797
1504750 797
1504760 798
1504770 799
1504780 799
1504790 799
1504800 798
1504810 796
1504820 796
1504830 792
1504840 787
1504850 787
1504860 786
1504870 786
1504880 786
1504890 785
1504900 784
1504910 784
1504920 785
1504930 784
1504940 784
1504950 784
1504960 784
1504970 784
1504980 784
1504990 784
1505000 784
1505010 784
1505020 784
1505030 783
1505040 783
1505050 783
1505060 783
1505070 783
1505080 783
1505090 783
1505100 783
1505110 783
1505120 782
1505130 782
1505140 782
1505150 782
1505160 782
1505170 782
1505180 780
1505190 779
1505200 779
1505210 779
1505220 778
1505230 778
1505240 778
1505250 778
1505260 778
1505270 779
1505280 779
1505290 779
1505300 778
1505310 779
1505320 779
1505330 779
1505340 779
1505350 779
1505360 779
1505370 779
1505380 779
1505390 779
1505400 779
1505410 778
1505420 778
1505430 778
1505440 778
1505450 778
1505460 778
1505470 779
1505480 779
1505490 779
1505500 778
1505510 778
1505520 778
1505530 779
1505540 778
1505550 778
1505560 778
1505570 778
1505580 778
1505590 777
1505600 777
1505610 777
1505620 777
1505630 778
1505640 778
1505650 778
1505660 778
1505670 778
1505680 778
1505690 778
1505700 779
1505710 779
1505720 780
1505730 779
1505740 779
1505750 779
1505760 779
1505770 779
1505780 779
1505790 779
1505800 779
1505810 779
1505820 778
1505830 778
1505840 778
1505850 778
1505860 778
1505870 778
1505880 778
1505890 778
1505900 778
1505910 778
1505920 777
1505930 777
1505940 778
1505950 779
1505960 779
1505970 782
1505980 787
1505990 787
1506000 792
1506010 798
1506020 798
1506030 804
1506040 810
1506050 813
1506060 813
1506070 814
1506080 815
1506090 815
1506100 817
1506110 819
1506120 819
1506130 820
1506140 824
1506150 824
1506160 828
1506170 830
1506180 830
1506190 828
1506200 822
1506210 821
1506220 821
1506230 820
1506240 820
1506250 820
1506260 822
1506270 824
1506280 824
1506290 828
1506300 834
1506310 834
1506320 839
1506330 845
1506340 845
1506350 848
1506360 850
1506370 850
1506380 854
1506390 860
1506400 866
1506410 866
1506420 872
1506430 875
1506440 875
1506450 879
1506460 884
1506470 884
1506480 889
1506490 892
1506500 892
1506510 897
1506520 901
1506530 901
1506540 905
1506550 909
1506560 909
1506570 915
1506580 920
1506590 924
1506600 924
1506610 926
1506620 928
1506630 928
1506640 929
1506650 931
1506660 931
1506670 935
1506680 939
1506690 939
1506700 945
1506710 949
1506720 949
1506730 951
1506740 951
1506750 953
1506760 953
1506770 957
1506780 962
1506790 962
1506800 966
1506810 968
1506820 968
1506830 969
1506840 971
1506850 971
1506860 972
1506870 973
1506880 973
1506890 974
1506900 974
1506910 974
1506920 975
1506930 974
1506940 972
1506950 972
1506960 969
1506970 967
1506980 967
1506990 965
1507000 962
1507010 962
1507020 959
1507030 958
1507040 958
1507050 960
1507060 962
1507070 962
1507080 964
1507090 967
1507100 967
1507110 969
1507120 972
1507130 975
1507140 975
1507150 977
1507160 980
1507170 980
1507180 982
1507190 986
1507200 986
1507210 990
1507220 994
1507230 994
1507240 997
1507250 1002
1507260 1002
1507270 1004
1507280 1006
1507290 1008
1507300 1008
1507310 1010
1507320 1013
1507330 1013
1507340 1015
1507350 1016
1507360 1016
1507370 1020
1507380 1023
1507390 1023
1507400 1027
1507410 1032
1507420 1032
1507430 1036
1507440 1040
1507450 1040
1507460 1042
1507470 1044
1507480 1046
1507490 1046
1507500 1048
1507510 1052
1507520 1052
1507530 1056
1507540 1061
1507550 1061
1507560 1065
1507570 1069
1507580 1069
1507590 1075
1507600 1082
1507610 1082
1507620 1087
1507630 1090
1507640 1090
1507650 1096
1507660 1101
1507670 1105
1507680 1105
1507690 1109
1507700 1113
1507710 1113
1507720 1116
1507730 1117
1507740 1117
1507750 1117
1507760 1117
1507770 1117
1507780 1118
1507790 1121
1507800 1121
1507810 1124
1507820 1127
1507830 1128
1507840 1128
1507850 1130
1507860 1131
1507870 1131
1507880 1131
1507890 1132
1507900 1132
1507910 1133
1507920 1134
1507930 1134
1507940 1135
1507950 1135
1507960 1135
1507970 1135
1507980 1135
1507990 1135
1508000 1134
1508010 1133
1508020 1132
1508030 1132
1508040 1131
1508050 1132
1508060 1132
1508070 1133
1508080 1133
1508090 1133
1508100 1134
1508110 1135
1508120 1135
1508130 1136
1508140 1135
1508150 1135
1508160 1132
1508170 1133
1508180 1133
1508190 1136
1508200 1138
1508210 1140
1508220 1140
1508230 1144
1508240 1148
1508250 1151
1508260 1154
1508270 1156
1508280 1156
1508290 1157
1508300 1157
1508310 1157
1508320 1156
1508330 1154
1508340 1154
1508350 1154
1508360 1160
1508370 1160
1508380 1165
1508390 1168
1508400 1169
1508410 1169
1508420 1171
1508430 1174
1508440 1174
1508450 1179
1508460 1185
1508470 1185
1508480 1191
1508490 1195
1508500 1195
1508510 1199
1508520 1204
1508530 1204
1508540 1208
1508550 1213
1508560 1217
1508570 1217
1508580 1221
1508590 1224
1508600 1224
1508610 1229
1508620 1234
1508630 1234
1508640 1240
1508650 1243
1508660 1243
1508670 1244
1508680 1245
1508690 1245
1508700 1245
1508710 1248
1508720 1248
1508730 1254
1508740 1257
1508750 1260
1508760 1260
1508770 1261
1508780 1263
1508790 1263
1508800 1264
1508810 1264
1508820 1264
1508830 1267
1508840 1269
1508850 1269
1508860 1272
1508870 1277
1508880 1277
1508890 1281
1508900 1285
1508910 1285
1508920 1289
1508930 1293
1508940 1297
1508950 1297
1508960 1299
1508970 1300
1508980 1300
1508990 1306
1509000 1310
1509010 1310
1509020 1314
1509030 1315
1509040 1315
1509050 1315
1509060 1315
1509070 1315
1509080 1315
1509090 1313
1509100 1312
1509110 1312
1509120 1310
1509130 1306
1509140 1306
1509150 1303
1509160 1299
1509170 1299
1509180 1299
1509190 1297
1509200 1297
1509210 1302
1509220 1309
1509230 1309
1509240 1317
1509250 1325
1509260 1325
1509270 1331
1509280 1336
1509290 1341
1509300 1341
1509310 1345
1509320 1349
1509330 1349
1509340 1350
1509350 1354
1509360 1354
1509370 1361
1509380 1366
1509390 1366
1509400 1370
1509410 1374
1509420 1374
1509430 1377
1509440 1379
1509450 1379
1509460 1380
1509470 1382
1509480 1383
1509490 1383
1509500 1385
1509510 1386
1509520 1386
1509530 1389
1509540 1392
1509550 1392
1509560 1395
1509570 1399
1509580 1399
1509590 1404
1509600 1407
1509610 1407
1509620 1409
1509630 1411
1509640 1413
1509650 1413
1509660 1415
1509670 1417
1509680 1417
1509690 1419
1509700 1421
1509710 1421
1509720 1421
1509730 1421
1509740 1421
1509750 1421
1509760 1421
1509770 1421
1509780 1421
1509790 1422
1509800 1422
1509810 1422
1509820 1423
1509830 1424
1509840 1424
1509850 1425
1509860 1425
1509870 1425
1509880 1425
1509890 1426
1509900 1426
1509910 1427
1509920 1428
1509930 1428
1509940 1428
1509950 1429
1509960 1429
1509970 1430
1509980 1430
1509990 1430
1510000 1428
1510010 1426
1510020 1422
1510030 1422
1510040 1419
1510050 1415
1510060 1415
1510070 1412
1510080 1407
1510090 1407
1510100 1402
1510110 1397
1510120 1397
1510130 1392
1510140 1386
1510150 1386
1510160 1381
1510170 1375
1510180 1370
1510190 1370
1510200 1363
1510210 1359
1510220 1359
1510230 1353
1510240 1355
1510250 1355
1510260 1363
1510270 1373
1510280 1373
1510290 1380
1510300 1383
1510310 1383
1510320 1385
1510330 1386
1510340 1386
1510350 1384
1510360 1383
1510370 1380
1510380 1380
1510390 1382
1510400 1380
1510410 1380
1510420 1380
1510430 1387
1510440 1387
1510450 1396
1510460 1405
1510470 1405
1510480 1415
1510490 1427
1510500 1427
1510510 1439
1510520 1447
1510530 1447
1510540 1453
1510550 1460
1510560 1468
1510570 1468
1510580 1474
1510590 1475
1510600 1475
1510610 1481
1510620 1489
1510630 1489
1510640 1496
1510650 1499
1510660 1499
1510670 1504
1510680 1506
1510690 1506
1510700 1511
1510710 1515
1510720 1519
1510730 1519
1510740 1522
1510750 1523
1510760 1523
1510770 1526
1510780 1528
1510790 1528
1510800 1530
1510810 1532
1510820 1532
1510830 1533
1510840 1533
1510850 1533
1510860 1534
1510870 1535
1510880 1535
1510890 1536
1510900 1538
1510910 1539
1510920 1539
1510930 1538
1510940 1539
1510950 1539
1510960 1541
1510970 1544
1510980 1544
1510990 1549
1511000 1554
1511010 1554
1511020 1558
1511030 1561
1511040 1561
1511050 1567
1511060 1571
1511070 1571
1511080 1573
1511090 1574
1511100 1578
1511110 1578
1511120 1584
1511130 1590
1511140 1590
1511150 1595
1511160 1601
1511170 1601
1511180 1605
1511190 1611
1511200 1611
1511210 1617
1511220 1623
1511230 1623
1511240 1627
1511250 1631
1511260 1636
1511270 1636
1511280 1644
1511290 1651
1511300 1651
1511310 1658
1511320 1664
1511330 1664
1511340 1671
1511350 1677
1511360 1677
1511370 1684
1511380 1691
1511390 1691
1511400 1697
1511410 1704
1511420 1704
1511430 1711
1511440 1716
1511450 1720
1511460 1720
1511470 1722
1511480 1725
1511490 1725
1511500 1730
1511510 1734
1511520 1734
1511530 1734
1511540 1735
1511550 1735
1511560 1738
1511570 1742
1511580 1742
1511590 1745
1511600 1746
1511610 1746
1511620 1749
1511630 1753
1511640 1761
1511650 1761
1511660 1770
1511670 1777
1511680 1777
1511690 1785
1511700 1791
1511710 1791
1511720 1797
1511730 1803
1511740 1803
1511750 1810
1511760 1812
1511770 1812
1511780 1815
1511790 1818
1511800 1820
1511810 1820
1511820 1822
1511830 1824
1511840 1824
1511850 1828
1511860 1831
1511870 1831
1511880 1835
1511890 1838
1511900 1838
1511910 1842
1511920 1845
1511930 1845
1511940 1847
1511950 1850
1511960 1850
1511970 1852
1511980 1855
1511990 1858
1512000 1858
1512010 1858
1512020 1858
1512030 1858
1512040 1859
1512050 1861
1512060 1861
1512070 1861
1512080 1861
1512090 1861
1512100 1860
1512110 1858
1512120 1858
1512130 1855
1512140 1851
1512150 1851
1512160 1847
1512170 1844
1512180 1841
1512190 1841
1512200 1838
1512210 1834
1512220 1834
1512230 1830
1512240 1826
1512250 1826
1512260 1821
1512270 1816
1512280 1816
1512290 1811
1512300 1809
1512310 1809
1512320 1810
1512330 1810
1512340 1810
1512350 1809
1512360 1807
1512370 1808
1512380 1808
1512390 1807
1512400 1807
1512410 1807
1512420 1807
1512430 1807
1512440 1807
1512450 1807
1512460 1806
1512470 1806
1512480 1805
1512490 1803
1512500 1803
1512510 1802
1512520 1801
1512530 1800
1512540 1800
1512550 1798
1512560 1797
1512570 1797
1512580 1794
1512590 1792
1512600 1792
1512610 1789
1512620 1789
1512630 1789
1512640 1789
1512650 1788
1512660 1788
1512670 1786
1512680 1783
1512690 1783
1512700 1781
1512710 1779
1512720 1778
1512730 1778
1512740 1776
1512750 1774
1512760 1774
1512770 1771
1512780 1769
1512790 1769
1512800 1766
1512810 1763
1512820 1763
1512830 1760
1512840 1759
1512850 1759
1512860 1756
1512870 1753
1512880 1753
1512890 1751
1512900 1749
1512910 1746
1512920 1746
1512930 1743
1512940 1740
1512950 1740
1512960 1735
1512970 1730
1512980 1730
1512990 1726
1513000 1721
1513010 1721
1513020 1717
1513030 1714
1513040 1714
1513050 1711
1513060 1707
1513070 1703
1513080 1703
1513090 1699
1513100 1701
1513110 1701
1513120 1700
1513130 1698
1513140 1698
1513150 1695
1513160 1691
1513170 1691
1513180 1687
1513190 1682
1513200 1682
1513210 1676
1513220 1670
1513230 1670
1513240 1664
1513250 1660
1513260 1657
1513270 1657
1513280 1654
1513290 1650
1513300 1650
1513310 1644
1513320 1639
1513330 1639
1513340 1636
1513350 1634
1513360 1634
1513370 1631
1513380 1628
1513390 1628
1513400 1625
1513410 1621
1513420 1621
1513430 1616
1513440 1611
1513450 1608
1513460 1608
1513470 1605
1513480 1600
1513490 1600
1513500 1595
1513510 1591
1513520 1591
1513530 1586
1513540 1583
1513550 1583
1513560 1579
1513570 1574
1513580 1574
1513590 1568
1513600 1563
1513610 1558
1513620 1558
1513630 1553
1513640 1548
1513650 1548
1513660 1542
1513670 1537
1513680 1537
1513690 1532
1513700 1526
1513710 1526
1513720 1519
1513730 1513
1513740 1513
1513750 1507
1513760 1499
1513770 1499
1513780 1494
1513790 1495
1513800 1496
1513810 1496
1513820 1495
1513830 1494
1513840 1494
1513850 1496
1513860 1496
1513870 1496
1513880 1496
1513890 1494
1513900 1494
1513910 1490
1513920 1487
1513930 1487
1513940 1484
1513950 1481
1513960 1481
1513970 1478
1513980 1475
1513990 1473
1514000 1473
1514010 1471
1514020 1471
1514030 1471
1514040 1468
1514050 1461
1514060 1461
1514070 1455
1514080 1448
1514090 1448
1514100 1440
1514110 1431
1514120 1431
1514130 1422
1514140 1422
1514150 1428
1514160 1428
1514170 1434
1514180 1441
1514190 1441
1514200 1449
1514210 1455
1514220 1455
1514230 1460
1514240 1464
1514250 1464
1514260 1468
1514270 1473
1514280 1473
1514290 1478
1514300 1483
1514310 1483
1514320 1486
1514330 1488
1514340 1490
1514350 1490
1514360 1490
1514370 1489
1514380 1489
1514390 1486
1514400 1482
1514410 1482
1514420 1479
1514430 1475
1514440 1475
1514450 1472
1514460 1468
1514470 1468
1514480 1465
1514490 1462
1514500 1462
1514510 1463
1514520 1461
1514530 1455
1514540 1455
1514550 1448
1514560 1448
1514570 1448
1514580 1455
1514590 1463
1514600 1463
1514610 1469
1514620 1475
1514630 1475
1514640 1480
1514650 1486
1514660 1486
1514670 1492
1514680 1498
1514690 1506
1514700 1506
1514710 1514
1514720 1520
1514730 1520
1514740 1526
1514750 1532
1514760 1532
1514770 1538
1514780 1544
1514790 1544
1514800 1550
1514810 1556
1514820 1556
1514830 1562
1514840 1568
1514850 1568
1514860 1573
1514870 1579
1514880 1585
1514890 1585
1514900 1591
1514910 1597
1514920 1597
1514930 1604
1514940 1610
1514950 1610
1514960 1617
1514970 1623
1514980 1623
1514990 1633
1515000 1642
1515010 1642
1515020 1648
1515030 1655
1515040 1655
1515050 1660
1515060 1665
1515070 1670
1515080 1670
1515090 1675
1515100 1679
1515110 1679
1515120 1683
1515130 1687
1515140 1687
1515150 1690
1515160 1694
1515170 1694
1515180 1698
1515190 1703
1515200 1703
1515210 1708
1515220 1714
1515230 1714
1515240 1718
1515250 1722
1515260 1726
1515270 1726
1515280 1730
1515290 1735
1515300 1735
1515310 1738
1515320 1741
1515330 1741
1515340 1745
1515350 1748
1515360 1748
1515370 1751
1515380 1754
1515390 1754
1515400 1758
1515410 1762
1515420 1765
1515430 1765
1515440 1769
1515450 1772
1515460 1772
1515470 1776
1515480 1779
1515490 1779
1515500 1781
1515510 1785
1515520 1785
1515530 1788
1515540 1793
1515550 1793
1515560 1797
1515570 1800
1515580 1800
1515590 1804
1515600 1809
1515610 1813
1515620 1813
1515630 1818
1515640 1822
1515650 1822
1515660 1825
1515670 1828
1515680 1828
1515690 1830
1515700 1832
1515710 1832
1515720 1835
1515730 1838
1515740 1838
1515750 1842
1515760 1846
1515770 1846
1515780 1850
1515790 1855
1515800 1861
1515810 1861
1515820 1865
1515830 1868
1515840 1868
1515850 1872
1515860 1877
1515870 1877
1515880 1881
1515890 1886
1515900 1886
1515910 1890
1515920 1894
1515930 1894
1515940 1897
1515950 1900
1515960 1903
1515970 1903
1515980 1906
1515990 1908
1516000 1908
1516010 1910
1516020 1912
1516030 1912
1516040 1914
1516050 1917
1516060 1917
1516070 1920
1516080 1922
1516090 1922
1516100 1924
1516110 1926
1516120 1926
1516130 1928
1516140 1931
1516150 1933
1516160 1933
1516170 1935
1516180 1939
1516190 1939
1516200 1943
1516210 1949
1516220 1949
1516230 1954
1516240 1958
1516250 1958
1516260 1962
1516270 1966
1516280 1966
1516290 1970
1516300 1974
1516310 1974
1516320 1978
1516330 1982
1516340 1986
1516350 1986
1516360 1989
1516370 1993
1516380 1993
1516390 1997
1516400 2001
1516410 2001
1516420 2005
1516430 2010
1516440 2010
1516450 2014
1516460 2019
1516470 2019
1516480 2023
1516490 2028
1516500 2032
1516510 2032
1516520 2035
1516530 2038
1516540 2038
1516550 2042
1516560 2045
1516570 2045
1516580 2047
1516590 2050
1516600 2050
1516610 2053
1516620 2053
1516630 2053
1516640 2055
1516650 2057
1516660 2057
1516670 2059
1516680 2061
1516690 2062
1516700 2062
1516710 2062
1516720 2061
1516730 2061
1516740 2061
1516750 2061
1516760 2061
1516770 2060
1516780 2059
1516790 2059
1516800 2058
1516810 2057
1516820 2057
1516830 2055
1516840 2054
1516850 2054
1516860 2052
1516870 2051
1516880 2050
1516890 2050
1516900 2049
1516910 2047
1516920 2047
1516930 2044
1516940 2042
1516950 2042
1516960 2039
1516970 2038
1516980 2038
1516990 2036
1517000 2034
1517010 2034
1517020 2033
1517030 2031
1517040 2029
1517050 2029
1517060 2027
1517070 2024
1517080 2024
1517090 2021
1517100 2018
1517110 2018
1517120 2016
1517130 2013
1517140 2013
1517150 2010
1517160 2007
1517170 2007
1517180 2004
1517190 2001
1517200 2001
1517210 1998
1517220 1993
1517230 1991
1517240 1991
1517250 1989
1517260 1986
1517270 1986
1517280 1984
1517290 1981
1517300 1981
1517310 1979
1517320 1977
1517330 1977
1517340 1975
1517350 1973
1517360 1973
1517370 1971
1517380 1969
1517390 1969
1517400 1967
1517410 1965
1517420 1963
1517430 1963
1517440 1959
1517450 1955
1517460 1955
1517470 1951
1517480 1946
1517490 1946
1517500 1942
1517510 1939
1517520 1939
1517530 1934
1517540 1933
1517550 1933
1517560 1935
1517570 1931
1517580 1927
1517590 1927
1517600 1921
1517610 1915
1517620 1915
1517630 1911
1517640 1907
1517650 1907
1517660 1903
1517670 1898
1517680 1898
1517690 1892
1517700 1887
1517710 1887
1517720 1886
1517730 1885
1517740 1885
1517750 1882
1517760 1879
1517770 1876
1517780 1876
1517790 1873
1517800 1871
1517810 1871
1517820 1870
1517830 1869
1517840 1869
1517850 1865
1517860 1862
1517870 1862
1517880 1860
1517890 1857
1517900 1857
1517910 1854
1517920 1851
1517930 1851
1517940 1846
1517950 1842
1517960 1838
1517970 1838
1517980 1834
1517990 1830
1518000 1830
1518010 1824
1518020 1820
1518030 1820
1518040 1816
1518050 1811
1518060 1811
1518070 1808
1518080 1805
1518090 1805
1518100 1801
1518110 1799
1518120 1799
1518130 1796
1518140 1792
1518150 1787
1518160 1787
1518170 1785
1518180 1782
1518190 1782
1518200 1779
1518210 1777
1518220 1777
1518230 1773
1518240 1771
1518250 1771
1518260 1769
1518270 1767
1518280 1767
1518290 1763
1518300 1761
1518310 1760
1518320 1760
1518330 1757
1518340 1755
1518350 1755
1518360 1754
1518370 1752
1518380 1752
1518390 1748
1518400 1744
1518410 1744
1518420 1740
1518430 1736
1518440 1736
1518450 1732
1518460 1730
1518470 1730
1518480 1727
1518490 1723
1518500 1720
1518510 1720
1518520 1718
1518530 1717
1518540 1717
1518550 1715
1518560 1715
1518570 1715
1518580 1716
1518590 1716
1518600 1716
1518610 1716
1518620 1714
1518630 1714
1518640 1713
1518650 1711
1518660 1711
1518670 1709
1518680 1708
1518690 1706
1518700 1706
1518710 1704
1518720 1705
1518730 1705
1518740 1705
1518750 1704
1518760 1704
1518770 1704
1518780 1703
1518790 1703
1518800 1703
1518810 1701
1518820 1701
1518830 1700
1518840 1699
1518850 1697
1518860 1697
1518870 1694
1518880 1691
1518890 1691
1518900 1688
1518910 1685
1518920 1685
1518930 1682
1518940 1679
1518950 1679
1518960 1678
1518970 1675
1518980 1675
1518990 1673
1519000 1671
1519010 1671
1519020 1669
1519030 1667
1519040 1666
1519050 1666
1519060 1663
1519070 1662
1519080 1662
1519090 1662
1519100 1660
1519110 1660
1519120 1658
1519130 1656
1519140 1656
1519150 1654
1519160 1652
1519170 1652
1519180 1651
1519190 1649
1519200 1649
1519210 1648
1519220 1648
1519230 1647
1519240 1647
1519250 1644
1519260 1642
1519270 1642
1519280 1638
1519290 1635
1519300 1635
1519310 1633
1519320 1629
1519330 1629
1519340 1625
1519350 1622
1519360 1622
1519370 1619
1519380 1615
1519390 1612
1519400 1612
1519410 1608
1519420 1605
1519430 1605
1519440 1601
1519450 1597
1519460 1597
1519470 1592
1519480 1587
1519490 1587
1519500 1583
1519510 1579
1519520 1579
1519530 1575
1519540 1572
1519550 1572
1519560 1568
1519570 1564
1519580 1560
1519590 1560
1519600 1557
1519610 1553
1519620 1553
1519630 1549
1519640 1545
1519650 1545
1519660 1540
1519670 1536
1519680 1536
1519690 1533
1519700 1529
1519710 1529
1519720 1525
1519730 1520
1519740 1520
1519750 1516
1519760 1512
1519770 1509
1519780 1509
1519790 1506
1519800 1502
1519810 1502
1519820 1499
1519830 1497
1519840 1497
1519850 1494
1519860 1490
1519870 1490
1519880 1487
1519890 1483
1519900 1483
1519910 1479
1519920 1475
1519930 1472
1519940 1472
1519950 1470
1519960 1467
1519970 1467
1519980 1463
1519990 1459
