1500000 884
1500010 884
1500020 883
1500030 883
1500040 883
1500050 884
1500060 885
1500070 885
1500080 885
1500090 885
1500100 885
1500110 885
1500120 886
1500130 887
1500140 887
1500150 888
1500160 888
1500170 888
1500180 887
1500190 886
1500200 886
1500210 886
1500220 886
1500230 886
1500240 887
1500250 888
1500260 888
1500270 888
1500280 887
1500290 887
1500300 887
1500310 887
1500320 888
1500330 888
1500340 889
1500350 890
1500360 890
1500370 889
1500380 888
1500390 888
1500400 889
1500410 890
1500420 890
1500430 890
1500440 891
1500450 892
1500460 892
1500470 894
1500480 891
1500490 891
1500500 888
1500510 886
1500520 886
1500530 883
1500540 881
1500550 881
1500560 879
1500570 876
1500580 876
1500590 874
1500600 871
1500610 868
1500620 868
1500630 865
1500640 862
1500650 862
1500660 859
1500670 857
1500680 857
1500690 854
1500700 852
1500710 852
1500720 851
1500730 851
1500740 851
1500750 851
1500760 850
1500770 850
1500780 849
1500790 847
1500800 845
1500810 845
1500820 844
1500830 843
1500840 843
1500850 843
1500860 845
1500870 845
1500880 845
1500890 843
1500900 843
1500910 838
1500920 832
1500930 832
1500940 828
1500950 826
1500960 826
1500970 828
1500980 826
1500990 825
1501000 825
1501010 825
1501020 829
1501030 829
1501040 829
1501050 827
1501060 827
1501070 830
1501080 830
1501090 830
1501100 826
1501110 821
1501120 821
1501130 817
1501140 815
1501150 815
1501160 823
1501170 830
1501180 835
1501190 835
1501200 836
1501210 833
1501220 833
1501230 828
1501240 823
1501250 823
1501260 816
1501270 808
1501280 808
1501290 799
1501300 791
1501310 791
1501320 784
1501330 777
1501340 770
1501350 770
1501360 766
1501370 763
1501380 763
1501390 758
1501400 752
1501410 752
1501420 747
1501430 746
1501440 746
1501450 745
1501460 743
1501470 743
1501480 741
1501490 740
1501500 740
1501510 739
1501520 738
1501530 736
1501540 736
1501550 733
1501560 734
1501570 734
1501580 736
1501590 739
1501600 739
1501610 742
1501620 744
1501630 744
1501640 747
1501650 749
1501660 749
1501670 752
1501680 758
1501690 758
1501700 762
1501710 763
1501720 763
1501730 763
1501740 763
1501750 762
1501760 762
1501770 762
1501780 762
1501790 762
1501800 762
1501810 763
1501820 763
1501830 763
1501840 764
1501850 764
1501860 765
1501870 768
1501880 768
1501890 770
1501900 771
1501910 773
1501920 773
1501930 773
1501940 773
1501950 773
1501960 773
1501970 774
1501980 774
1501990 775
1502000 776
1502010 776
1502020 777
1502030 778
1502040 778
1502050 780
1502060 782
1502070 782
1502080 782
1502090 784
1502100 784
1502110 784
1502120 784
1502130 785
1502140 785
1502150 786
1502160 787
1502170 787
1502180 789
1502190 790
1502200 790
1502210 792
1502220 793
1502230 793
1502240 794
1502250 794
1502260 794
1502270 794
1502280 793
1502290 793
1502300 793
1502310 793
1502320 793
1502330 793
1502340 792
1502350 789
1502360 789
1502370 785
1502380 780
1502390 780
1502400 775
1502410 771
1502420 771
1502430 765
1502440 759
1502450 756
1502460 756
1502470 752
1502480 746
1502490 746
1502500 742
1502510 739
1502520 739
1502530 735
1502540 731
1502550 731
1502560 724
1502570 717
1502580 717
1502590 713
1502600 711
1502610 711
1502620 709
1502630 706
1502640 705
1502650 705
1502660 705
1502670 704
1502680 704
1502690 699
1502700 695
1502710 695
1502720 693
1502730 689
1502740 689
1502750 683
1502760 678
1502770 678
1502780 676
1502790 673
1502800 668
1502810 668
1502820 662
1502830 655
1502840 655
1502850 646
1502860 639
1502870 639
1502880 638
1502890 640
1502900 640
1502910 645
1502920 656
1502930 656
1502940 668
1502950 682
1502960 682
1502970 689
1502980 693
1502990 698
1503000 698
1503010 703
1503020 708
1503030 708
1503040 714
1503050 720
1503060 720
1503070 724
1503080 729
1503090 729
1503100 732
1503110 736
1503120 736
1503130 739
1503140 742
1503150 742
1503160 743
1503170 744
1503180 745
1503190 745
1503200 746
1503210 748
1503220 748
1503230 750
1503240 753
1503250 753
1503260 756
1503270 761
1503280 761
1503290 766
1503300 771
1503310 771
1503320 776
1503330 781
1503340 781
1503350 788
1503360 794
1503370 798
1503380 798
1503390 802
1503400 806
1503410 806
1503420 812
1503430 818
1503440 818
1503450 824
1503460 829
1503470 829
1503480 834
1503490 838
1503500 838
1503510 842
1503520 846
1503530 851
1503540 851
1503550 856
1503560 861
1503570 861
1503580 865
1503590 869
1503600 869
1503610 872
1503620 875
1503630 875
1503640 880
1503650 887
1503660 887
1503670 892
1503680 899
1503690 899
1503700 905
1503710 911
1503720 918
1503730 918
1503740 925
1503750 929
1503760 929
1503770 933
1503780 934
1503790 934
1503800 936
1503810 937
1503820 937
1503830 937
1503840 936
1503850 936
1503860 936
1503870 936
1503880 936
1503890 937
1503900 938
1503910 939
1503920 939
1503930 939
1503940 941
1503950 941
1503960 943
1503970 945
1503980 945
1503990 948
1504000 950
1504010 950
1504020 952
1504030 956
1504040 956
1504050 957
1504060 956
1504070 956
1504080 954
1504090 951
1504100 947
1504110 947
1504120 945
1504130 944
1504140 944
1504150 943
1504160 940
1504170 940
1504180 936
1504190 931
1504200 931
1504210 928
1504220 924
1504230 924
1504240 919
1504250 915
1504260 911
1504270 911
1504280 906
1504290 899
1504300 899
1504310 891
1504320 885
1504330 885
1504340 881
1504350 876
1504360 876
1504370 872
1504380 865
1504390 865
1504400 857
1504410 849
1504420 849
1504430 841
1504440 834
1504450 830
1504460 830
1504470 829
1504480 829
1504490 829
1504500 829
1504510 829
1504520 829
1504530 829
1504540 830
1504550 830
1504560 830
1504570 831
1504580 831
1504590 832
1504600 832
1504610 832
1504620 833
1504630 833
1504640 835
1504650 835
1504660 837
1504670 838
1504680 838
1504690 839
1504700 839
1504710 839
1504720 840
1504730 842
1504740 842
1504750 843
1504760 845
1504770 845
1504780 846
1504790 847
1504800 847
1504810 848
1504820 849
1504830 850
1504840 850
1504850 851
1504860 853
1504870 853
1504880 854
1504890 855
1504900 855
1504910 856
1504920 857
1504930 857
1504940 859
1504950 860
1504960 860
1504970 861
1504980 863
1504990 864
1505000 864
1505010 865
1505020 867
1505030 867
1505040 869
1505050 871
1505060 871
1505070 873
1505080 875
1505090 875
1505100 877
1505110 879
1505120 879
1505130 881
1505140 883
1505150 883
1505160 886
1505170 889
1505180 893
1505190 893
1505200 898
1505210 904
1505220 904
1505230 909
1505240 914
1505250 914
1505260 920
1505270 926
1505280 926
1505290 932
1505300 940
1505310 940
1505320 947
1505330 953
1505340 953
1505350 960
1505360 966
1505370 974
1505380 974
1505390 983
1505400 995
1505410 995
1505420 1005
1505430 1011
1505440 1011
1505450 1016
1505460 1020
1505470 1020
1505480 1024
1505490 1028
1505500 1028
1505510 1032
1505520 1036
1505530 1036
1505540 1038
1505550 1040
1505560 1044
1505570 1044
1505580 1049
1505590 1053
1505600 1053
1505610 1058
1505620 1062
1505630 1062
1505640 1067
1505650 1072
1505660 1072
1505670 1077
1505680 1082
1505690 1082
1505700 1088
1505710 1094
1505720 1101
1505730 1101
1505740 1107
1505750 1115
1505760 1115
1505770 1121
1505780 1127
1505790 1127
1505800 1133
1505810 1138
1505820 1138
1505830 1143
1505840 1148
1505850 1148
1505860 1153
1505870 1158
1505880 1158
1505890 1162
1505900 1166
1505910 1170
1505920 1170
1505930 1174
1505940 1179
1505950 1179
1505960 1183
1505970 1188
1505980 1188
1505990 1192
1506000 1196
1506010 1196
1506020 1198
1506030 1202
1506040 1202
1506050 1205
1506060 1208
1506070 1208
1506080 1211
1506090 1214
1506100 1217
1506110 1217
1506120 1220
1506130 1224
1506140 1224
1506150 1227
1506160 1231
1506170 1231
1506180 1234
1506190 1237
1506200 1237
1506210 1240
1506220 1242
1506230 1242
1506240 1244
1506250 1246
1506260 1246
1506270 1247
1506280 1249
1506290 1250
1506300 1250
1506310 1251
1506320 1253
1506330 1253
1506340 1254
1506350 1255
1506360 1255
1506370 1257
1506380 1258
1506390 1258
1506400 1258
1506410 1258
1506420 1258
1506430 1258
1506440 1259
1506450 1261
1506460 1261
1506470 1263
1506480 1264
1506490 1264
1506500 1264
1506510 1264
1506520 1264
1506530 1264
1506540 1262
1506550 1262
1506560 1259
1506570 1255
1506580 1255
1506590 1253
1506600 1253
1506610 1253
1506620 1254
1506630 1256
1506640 1256
1506650 1256
1506660 1255
1506670 1254
1506680 1254
1506690 1252
1506700 1248
1506710 1248
1506720 1247
1506730 1250
1506740 1250
1506750 1252
1506760 1256
1506770 1256
1506780 1259
1506790 1260
1506800 1260
1506810 1257
1506820 1255
1506830 1252
1506840 1252
1506850 1251
1506860 1251
1506870 1251
1506880 1251
1506890 1251
1506900 1251
1506910 1249
1506920 1249
1506930 1249
1506940 1248
1506950 1246
1506960 1246
1506970 1245
1506980 1244
1506990 1244
1507000 1244
1507010 1245
1507020 1247
1507030 1247
1507040 1248
1507050 1250
1507060 1250
1507070 1251
1507080 1251
1507090 1251
1507100 1251
1507110 1254
1507120 1254
1507130 1258
1507140 1262
1507150 1262
1507160 1265
1507170 1266
1507180 1268
1507190 1268
1507200 1271
1507210 1273
1507220 1273
1507230 1276
1507240 1278
1507250 1278
1507260 1279
1507270 1279
1507280 1279
1507290 1279
1507300 1277
1507310 1277
1507320 1281
1507330 1282
1507340 1282
1507350 1282
1507360 1283
1507370 1289
1507380 1289
1507390 1292
1507400 1293
1507410 1293
1507420 1296
1507430 1299
1507440 1299
1507450 1303
1507460 1307
1507470 1307
1507480 1309
1507490 1309
1507500 1309
1507510 1310
1507520 1312
1507530 1312
1507540 1316
1507550 1318
1507560 1318
1507570 1318
1507580 1318
1507590 1317
1507600 1317
1507610 1316
1507620 1317
1507630 1317
1507640 1319
1507650 1322
1507660 1322
1507670 1325
1507680 1326
1507690 1326
1507700 1327
1507710 1326
1507720 1326
1507730 1325
1507740 1324
1507750 1322
1507760 1322
1507770 1321
1507780 1320
1507790 1320
1507800 1319
1507810 1318
1507820 1318
1507830 1316
1507840 1310
1507850 1310
1507860 1303
1507870 1295
1507880 1295
1507890 1287
1507900 1281
1507910 1284
1507920 1284
1507930 1288
1507940 1291
1507950 1291
1507960 1293
1507970 1293
1507980 1293
1507990 1292
1508000 1289
1508010 1289
1508020 1285
1508030 1289
1508040 1289
1508050 1294
1508060 1295
1508070 1295
1508080 1297
1508090 1301
1508100 1306
1508110 1306
1508120 1311
1508130 1315
1508140 1315
1508150 1317
1508160 1321
1508170 1321
1508180 1324
1508190 1328
1508200 1328
1508210 1332
1508220 1335
1508230 1335
1508240 1339
1508250 1344
1508260 1344
1508270 1349
1508280 1353
1508290 1357
1508300 1357
1508310 1360
1508320 1363
1508330 1363
1508340 1366
1508350 1368
1508360 1368
1508370 1370
1508380 1372
1508390 1372
1508400 1377
1508410 1382
1508420 1382
1508430 1385
1508440 1388
1508450 1388
1508460 1391
1508470 1392
1508480 1392
1508490 1392
1508500 1390
1508510 1386
1508520 1386
1508530 1382
1508540 1378
1508550 1378
1508560 1374
1508570 1371
1508580 1371
1508590 1366
1508600 1364
1508610 1364
1508620 1364
1508630 1365
1508640 1363
1508650 1363
1508660 1362
1508670 1365
1508680 1365
1508690 1369
1508700 1374
1508710 1374
1508720 1379
1508730 1383
1508740 1383
1508750 1387
1508760 1390
1508770 1390
1508780 1393
1508790 1395
1508800 1395
1508810 1396
1508820 1398
1508830 1400
1508840 1400
1508850 1402
1508860 1404
1508870 1404
1508880 1407
1508890 1407
1508900 1407
1508910 1409
1508920 1411
1508930 1411
1508940 1412
1508950 1422
1508960 1422
1508970 1426
1508980 1429
1508990 1429
1509000 1429
1509010 1430
1509020 1435
1509030 1435
1509040 1440
1509050 1446
1509060 1446
1509070 1452
1509080 1455
1509090 1455
1509100 1458
1509110 1460
1509120 1460
1509130 1462
1509140 1465
1509150 1465
1509160 1470
1509170 1476
1509180 1476
1509190 1481
1509200 1487
1509210 1491
1509220 1491
1509230 1496
1509240 1500
1509250 1500
1509260 1503
1509270 1507
1509280 1507
1509290 1509
1509300 1511
1509310 1511
1509320 1514
1509330 1516
1509340 1516
1509350 1519
1509360 1521
1509370 1523
1509380 1523
1509390 1525
1509400 1528
1509410 1528
1509420 1531
1509430 1534
1509440 1534
1509450 1538
1509460 1543
1509470 1543
1509480 1549
1509490 1555
1509500 1555
1509510 1562
1509520 1568
1509530 1568
1509540 1573
1509550 1578
1509560 1584
1509570 1584
1509580 1590
1509590 1595
1509600 1595
1509610 1600
1509620 1604
1509630 1604
1509640 1607
1509650 1609
1509660 1609
1509670 1613
1509680 1618
1509690 1618
1509700 1622
1509710 1626
1509720 1626
1509730 1630
1509740 1634
1509750 1639
1509760 1639
1509770 1641
1509780 1644
1509790 1644
1509800 1647
1509810 1649
1509820 1649
1509830 1651
1509840 1655
1509850 1655
1509860 1657
1509870 1659
1509880 1659
1509890 1659
1509900 1659
1509910 1659
1509920 1662
1509930 1665
1509940 1668
1509950 1668
1509960 1672
1509970 1673
1509980 1673
1509990 1674
1510000 1674
1510010 1674
1510020 1673
1510030 1676
1510040 1676
1510050 1681
1510060 1686
1510070 1686
1510080 1691
1510090 1692
1510100 1691
1510110 1691
1510120 1692
1510130 1692
1510140 1692
1510150 1690
1510160 1688
1510170 1688
1510180 1686
1510190 1683
1510200 1683
1510210 1681
1510220 1680
1510230 1680
1510240 1677
1510250 1675
1510260 1675
1510270 1672
1510280 1667
1510290 1665
1510300 1665
1510310 1665
1510320 1663
1510330 1663
1510340 1659
1510350 1655
1510360 1655
1510370 1654
1510380 1654
1510390 1654
1510400 1651
1510410 1648
1510420 1648
1510430 1649
1510440 1649
1510450 1649
1510460 1653
1510470 1659
1510480 1664
1510490 1664
1510500 1670
1510510 1674
1510520 1674
1510530 1680
1510540 1687
1510550 1687
1510560 1693
1510570 1698
1510580 1698
1510590 1703
1510600 1706
1510610 1706
1510620 1711
1510630 1714
1510640 1714
1510650 1718
1510660 1723
1510670 1728
1510680 1728
1510690 1732
1510700 1736
1510710 1736
1510720 1741
1510730 1746
1510740 1746
1510750 1750
1510760 1755
1510770 1755
1510780 1759
1510790 1764
1510800 1764
1510810 1768
1510820 1772
1510830 1777
1510840 1777
1510850 1781
1510860 1785
1510870 1785
1510880 1788
1510890 1791
1510900 1791
1510910 1795
1510920 1798
1510930 1798
1510940 1802
1510950 1806
1510960 1806
1510970 1810
1510980 1814
1510990 1814
1511000 1818
1511010 1823
1511020 1827
1511030 1827
1511040 1831
1511050 1835
1511060 1835
1511070 1839
1511080 1842
1511090 1842
1511100 1844
1511110 1848
1511120 1848
1511130 1851
1511140 1854
1511150 1854
1511160 1855
1511170 1857
1511180 1857
1511190 1860
1511200 1863
1511210 1866
1511220 1866
1511230 1869
1511240 1872
1511250 1872
1511260 1875
1511270 1879
1511280 1879
1511290 1883
1511300 1888
1511310 1888
1511320 1893
1511330 1898
1511340 1898
1511350 1904
1511360 1909
1511370 1909
1511380 1914
1511390 1919
1511400 1924
1511410 1924
1511420 1929
1511430 1935
1511440 1935
1511450 1941
1511460 1946
1511470 1946
1511480 1951
1511490 1956
1511500 1956
1511510 1962
1511520 1967
1511530 1967
1511540 1972
1511550 1977
1511560 1983
1511570 1983
1511580 1988
1511590 1994
1511600 1994
1511610 1999
1511620 2004
1511630 2004
1511640 2009
1511650 2015
1511660 2015
1511670 2019
1511680 2022
1511690 2022
1511700 2026
1511710 2029
1511720 2029
1511730 2032
1511740 2035
1511750 2037
1511760 2037
1511770 2040
1511780 2043
1511790 2043
1511800 2046
1511810 2050
1511820 2050
1511830 2054
1511840 2059
1511850 2059
1511860 2063
1511870 2067
1511880 2067
1511890 2070
1511900 2073
1511910 2073
1511920 2076
1511930 2080
1511940 2083
1511950 2083
1511960 2085
1511970 2087
1511980 2087
1511990 2088
1512000 2089
1512010 2089
1512020 2090
1512030 2092
1512040 2092
1512050 2091
1512060 2088
1512070 2088
1512080 2086
1512090 2083
1512100 2083
1512110 2081
1512120 2080
1512130 2078
1512140 2078
1512150 2076
1512160 2073
1512170 2073
1512180 2069
1512190 2066
1512200 2066
1512210 2062
1512220 2057
1512230 2057
1512240 2052
1512250 2048
1512260 2048
1512270 2045
1512280 2043
1512290 2041
1512300 2041
1512310 2041
1512320 2041
1512330 2041
1512340 2040
1512350 2040
1512360 2040
1512370 2040
1512380 2039
1512390 2039
1512400 2037
1512410 2035
1512420 2035
1512430 2033
1512440 2032
1512450 2032
1512460 2030
1512470 2027
1512480 2024
1512490 2024
1512500 2020
1512510 2017
1512520 2017
1512530 2013
1512540 2011
1512550 2011
1512560 2011
1512570 2011
1512580 2011
1512590 2011
1512600 2012
1512610 2012
1512620 2014
1512630 2017
1512640 2017
1512650 2020
1512660 2021
1512670 2022
1512680 2022
1512690 2023
1512700 2024
1512710 2024
1512720 2025
1512730 2025
1512740 2025
1512750 2026
1512760 2026
1512770 2026
1512780 2026
1512790 2026
1512800 2026
1512810 2027
1512820 2028
1512830 2028
1512840 2028
1512850 2027
1512860 2025
1512870 2025
1512880 2022
1512890 2019
1512900 2019
1512910 2016
1512920 2012
1512930 2012
1512940 2008
1512950 2004
1512960 2004
1512970 2002
1512980 1999
1512990 1999
1513000 1998
1513010 1996
1513020 1995
1513030 1995
1513040 1993
1513050 1991
1513060 1991
1513070 1990
1513080 1989
1513090 1989
1513100 1987
1513110 1984
1513120 1984
1513130 1980
1513140 1977
1513150 1977
1513160 1973
1513170 1970
1513180 1970
1513190 1968
1513200 1965
1513210 1963
1513220 1963
1513230 1960
1513240 1957
1513250 1957
1513260 1954
1513270 1950
1513280 1950
1513290 1947
1513300 1943
1513310 1943
1513320 1940
1513330 1938
1513340 1938
1513350 1935
1513360 1933
1513370 1933
1513380 1930
1513390 1929
1513400 1927
1513410 1927
1513420 1926
1513430 1924
1513440 1924
1513450 1922
1513460 1920
1513470 1920
1513480 1918
1513490 1917
1513500 1917
1513510 1915
1513520 1914
1513530 1914
1513540 1911
1513550 1909
1513560 1909
1513570 1907
1513580 1905
1513590 1903
1513600 1903
1513610 1902
1513620 1902
1513630 1902
1513640 1901
1513650 1901
1513660 1901
1513670 1901
1513680 1901
1513690 1898
1513700 1898
1513710 1899
1513720 1899
1513730 1900
1513740 1902
1513750 1904
1513760 1904
1513770 1906
1513780 1908
1513790 1908
1513800 1910
1513810 1911
1513820 1911
1513830 1913
1513840 1915
1513850 1915
1513860 1917
1513870 1919
1513880 1919
1513890 1921
1513900 1923
1513910 1923
1513920 1925
1513930 1927
1513940 1929
1513950 1929
1513960 1931
1513970 1932
1513980 1932
1513990 1934
1514000 1935
1514010 1935
1514020 1936
1514030 1935
1514040 1935
1514050 1935
1514060 1935
1514070 1935
1514080 1935
1514090 1934
1514100 1934
1514110 1934
1514120 1936
1514130 1941
1514140 1941
1514150 1946
1514160 1949
1514170 1949
1514180 1951
1514190 1953
1514200 1953
1514210 1955
1514220 1958
1514230 1958
1514240 1961
1514250 1964
1514260 1964
1514270 1967
1514280 1972
1514290 1972
1514300 1976
1514310 1981
1514320 1987
1514330 1987
1514340 1991
1514350 1996
1514360 1996
1514370 2002
1514380 2006
1514390 2006
1514400 2012
1514410 2016
1514420 2016
1514430 2017
1514440 2020
1514450 2020
1514460 2021
1514470 2021
1514480 2019
1514490 2019
1514500 2018
1514510 2017
1514520 2017
1514530 2015
1514540 2014
1514550 2014
1514560 2014
1514570 2015
1514580 2015
1514590 2017
1514600 2018
1514610 2018
1514620 2019
1514630 2020
1514640 2020
1514650 2024
1514660 2026
1514670 2028
1514680 2028
1514690 2030
1514700 2032
1514710 2032
1514720 2035
1514730 2037
1514740 2037
1514750 2040
1514760 2041
1514770 2041
1514780 2044
1514790 2045
1514800 2045
1514810 2047
1514820 2048
1514830 2048
1514840 2049
1514850 2050
1514860 2051
1514870 2051
1514880 2051
1514890 2052
1514900 2052
1514910 2053
1514920 2057
1514930 2057
1514940 2060
1514950 2063
1514960 2063
1514970 2065
1514980 2066
1514990 2066
1515000 2067
1515010 2067
1515020 2067
1515030 2066
1515040 2065
1515050 2062
1515060 2062
1515070 2060
1515080 2057
1515090 2057
1515100 2056
1515110 2056
1515120 2056
1515130 2056
1515140 2055
1515150 2055
1515160 2054
1515170 2054
1515180 2054
1515190 2056
1515200 2058
1515210 2059
1515220 2059
1515230 2060
1515240 2059
1515250 2059
1515260 2059
1515270 2060
1515280 2060
1515290 2062
1515300 2063
1515310 2063
1515320 2064
1515330 2063
1515340 2063
1515350 2062
1515360 2060
1515370 2060
1515380 2060
1515390 2060
1515400 2059
1515410 2059
1515420 2061
1515430 2061
1515440 2061
1515450 2060
1515460 2062
1515470 2062
1515480 2063
1515490 2060
1515500 2060
1515510 2053
1515520 2048
1515530 2048
1515540 2044
1515550 2043
1515560 2043
1515570 2041
1515580 2038
1515590 2034
1515600 2034
1515610 2030
1515620 2026
1515630 2026
1515640 2022
1515650 2018
1515660 2018
1515670 2014
1515680 2010
1515690 2010
1515700 2006
1515710 2003
1515720 2003
1515730 1999
1515740 1995
1515750 1995
1515760 1993
1515770 1989
1515780 1987
1515790 1987
1515800 1983
1515810 1978
1515820 1978
1515830 1974
1515840 1968
1515850 1968
1515860 1961
1515870 1955
1515880 1955
1515890 1948
1515900 1943
1515910 1943
1515920 1937
1515930 1932
1515940 1926
1515950 1926
1515960 1922
1515970 1918
1515980 1918
1515990 1913
1516000 1910
1516010 1910
1516020 1906
1516030 1903
1516040 1903
1516050 1900
1516060 1898
1516070 1898
1516080 1897
1516090 1896
1516100 1896
1516110 1895
1516120 1893
1516130 1890
1516140 1890
1516150 1886
1516160 1884
1516170 1884
1516180 1883
1516190 1882
1516200 1882
1516210 1881
1516220 1881
1516230 1881
1516240 1881
1516250 1880
1516260 1880
1516270 1879
1516280 1877
1516290 1877
1516300 1875
1516310 1872
1516320 1866
1516330 1866
1516340 1861
1516350 1858
1516360 1858
1516370 1857
1516380 1859
1516390 1859
1516400 1860
1516410 1858
1516420 1858
1516430 1851
1516440 1844
1516450 1844
1516460 1838
1516470 1833
1516480 1833
1516490 1830
1516500 1829
1516510 1830
1516520 1830
1516530 1830
1516540 1830
1516550 1830
1516560 1828
1516570 1825
1516580 1825
1516590 1820
1516600 1814
1516610 1814
1516620 1810
1516630 1806
1516640 1806
1516650 1806
1516660 1811
1516670 1815
1516680 1815
1516690 1815
1516700 1814
1516710 1814
1516720 1813
1516730 1812
1516740 1812
1516750 1811
1516760 1809
1516770 1809
1516780 1805
1516790 1800
1516800 1800
1516810 1799
1516820 1798
1516830 1798
1516840 1797
1516850 1796
1516860 1793
1516870 1793
1516880 1787
1516890 1782
1516900 1782
1516910 1774
1516920 1768
1516930 1768
1516940 1761
1516950 1753
1516960 1753
1516970 1748
1516980 1748
1516990 1748
1517000 1746
1517010 1742
1517020 1742
1517030 1735
1517040 1737
1517050 1737
1517060 1737
1517070 1737
1517080 1735
1517090 1735
1517100 1733
1517110 1730
1517120 1730
1517130 1725
1517140 1719
1517150 1719
1517160 1713
1517170 1711
1517180 1711
1517190 1712
1517200 1712
1517210 1712
1517220 1711
1517230 1709
1517240 1706
1517250 1706
1517260 1703
1517270 1702
1517280 1702
1517290 1701
1517300 1700
1517310 1700
1517320 1699
1517330 1699
1517340 1699
1517350 1698
1517360 1697
1517370 1697
1517380 1697
1517390 1696
1517400 1696
1517410 1696
1517420 1695
1517430 1695
1517440 1695
1517450 1695
1517460 1694
1517470 1694
1517480 1693
1517490 1691
1517500 1691
1517510 1688
1517520 1682
1517530 1682
1517540 1676
1517550 1670
1517560 1670
1517570 1662
1517580 1659
1517590 1659
1517600 1659
1517610 1658
1517620 1658
1517630 1658
1517640 1658
1517650 1657
1517660 1657
1517670 1657
1517680 1656
1517690 1656
1517700 1652
1517710 1647
1517720 1647
1517730 1641
1517740 1636
1517750 1636
1517760 1637
1517770 1642
1517780 1645
1517790 1645
1517800 1647
1517810 1644
1517820 1644
1517830 1645
1517840 1648
1517850 1648
1517860 1650
1517870 1651
1517880 1651
1517890 1653
1517900 1654
1517910 1654
1517920 1656
1517930 1656
1517940 1656
1517950 1655
1517960 1654
1517970 1654
1517980 1654
1517990 1655
1518000 1657
1518010 1657
1518020 1658
1518030 1659
1518040 1659
1518050 1659
1518060 1658
1518070 1658
1518080 1658
1518090 1659
1518100 1659
1518110 1658
1518120 1658
1518130 1657
1518140 1657
1518150 1656
1518160 1655
1518170 1655
1518180 1654
1518190 1653
1518200 1653
1518210 1653
1518220 1653
1518230 1653
1518240 1652
1518250 1651
1518260 1651
1518270 1650
1518280 1649
1518290 1649
1518300 1647
1518310 1645
1518320 1644
1518330 1644
1518340 1642
1518350 1641
1518360 1641
1518370 1639
1518380 1637
1518390 1637
1518400 1634
1518410 1632
1518420 1632
1518430 1630
1518440 1627
1518450 1627
1518460 1625
1518470 1623
1518480 1623
1518490 1619
1518500 1616
1518510 1613
1518520 1613
1518530 1611
1518540 1608
1518550 1608
1518560 1607
1518570 1605
1518580 1605
1518590 1604
1518600 1602
1518610 1602
1518620 1601
1518630 1603
1518640 1603
1518650 1604
1518660 1604
1518670 1604
1518680 1606
1518690 1609
1518700 1611
1518710 1611
1518720 1614
1518730 1616
1518740 1616
1518750 1617
1518760 1619
1518770 1619
1518780 1621
1518790 1623
1518800 1623
1518810 1624
1518820 1626
1518830 1626
1518840 1627
1518850 1629
1518860 1629
1518870 1630
1518880 1632
1518890 1634
1518900 1634
1518910 1635
1518920 1638
1518930 1638
1518940 1640
1518950 1642
1518960 1642
1518970 1644
1518980 1647
1518990 1647
1519000 1649
1519010 1650
1519020 1650
1519030 1652
1519040 1652
1519050 1653
1519060 1653
1519070 1653
1519080 1653
1519090 1653
1519100 1653
1519110 1654
1519120 1654
1519130 1656
1519140 1657
1519150 1657
1519160 1657
1519170 1658
1519180 1658
1519190 1658
1519200 1658
1519210 1658
1519220 1658
1519230 1658
1519240 1658
1519250 1658
1519260 1658
1519270 1659
1519280 1659
1519290 1659
1519300 1660
1519310 1660
1519320 1662
1519330 1664
1519340 1664
1519350 1666
1519360 1669
1519370 1669
1519380 1672
1519390 1675
1519400 1675
1519410 1678
1519420 1679
1519430 1681
1519440 1681
1519450 1683
1519460 1685
1519470 1685
1519480 1687
1519490 1688
1519500 1688
1519510 1688
1519520 1689
1519530 1689
1519540 1689
1519550 1689
1519560 1689
1519570 1689
1519580 1689
1519590 1689
1519600 1689
1519610 1690
1519620 1690
1519630 1690
1519640 1689
1519650 1690
1519660 1690
1519670 1690
1519680 1691
1519690 1691
1519700 1691
1519710 1692
1519720 1692
1519730 1692
1519740 1691
1519750 1691
1519760 1690
1519770 1689
1519780 1688
1519790 1688
1519800 1686
1519810 1684
1519820 1684
1519830 1682
1519840 1681
1519850 1681
1519860 1679
1519870 1677
1519880 1677
1519890 1675
1519900 1673
1519910 1673
1519920 1671
1519930 1668
1519940 1668
1519950 1665
1519960 1663
1519970 1660
1519980 1660
1519990 1659
