1500000 1269
1500010 1269
1500020 1270
1500030 1270
1500040 1272
1500050 1272
1500060 1273
1500070 1273
1500080 1273
1500090 1273
1500100 1273
1500110 1271
1500120 1270
1500130 1270
1500140 1269
1500150 1269
1500160 1269
1500170 1269
1500180 1268
1500190 1268
1500200 1266
1500210 1267
1500220 1268
1500230 1268
1500240 1268
1500250 1267
1500260 1267
1500270 1265
1500280 1264
1500290 1264
1500300 1262
1500310 1260
1500320 1260
1500330 1258
1500340 1257
1500350 1257
1500360 1257
1500370 1256
1500380 1256
1500390 1257
1500400 1258
1500410 1259
1500420 1259
1500430 1259
1500440 1259
1500450 1259
1500460 1259
1500470 1260
1500480 1260
1500490 1260
1500500 1260
1500510 1260
1500520 1261
1500530 1262
1500540 1262
1500550 1263
1500560 1264
1500570 1264
1500580 1266
1500590 1266
1500600 1264
1500610 1264
1500620 1263
1500630 1260
1500640 1260
1500650 1257
1500660 1257
1500670 1257
1500680 1259
1500690 1259
1500700 1259
1500710 1260
1500720 1260
1500730 1260
1500740 1260
1500750 1259
1500760 1259
1500770 1257
1500780 1255
1500790 1255
1500800 1255
1500810 1254
1500820 1253
1500830 1253
1500840 1252
1500850 1249
1500860 1249
1500870 1247
1500880 1245
1500890 1245
1500900 1242
1500910 1240
1500920 1240
1500930 1238
1500940 1237
1500950 1237
1500960 1234
1500970 1231
1500980 1229
1500990 1229
1501000 1228
1501010 1225
1501020 1225
1501030 1220
1501040 1216
1501050 1216
1501060 1212
1501070 1209
1501080 1209
1501090 1206
1501100 1204
1501110 1204
1501120 1203
1501130 1202
1501140 1199
1501150 1199
1501160 1196
1501170 1192
1501180 1192
1501190 1188
1501200 1186
1501210 1186
1501220 1184
1501230 1181
1501240 1181
1501250 1178
1501260 1174
1501270 1174
1501280 1170
1501290 1167
1501300 1167
1501310 1165
1501320 1163
1501330 1161
1501340 1161
1501350 1160
1501360 1158
1501370 1158
1501380 1157
1501390 1155
1501400 1155
1501410 1154
1501420 1152
1501430 1152
1501440 1150
1501450 1148
1501460 1148
1501470 1145
1501480 1142
1501490 1142
1501500 1140
1501510 1138
1501520 1137
1501530 1137
1501540 1135
1501550 1133
1501560 1133
1501570 1130
1501580 1127
1501590 1127
1501600 1124
1501610 1122
1501620 1122
1501630 1120
1501640 1118
1501650 1118
1501660 1115
1501670 1113
1501680 1113
1501690 1110
1501700 1108
1501710 1106
1501720 1106
1501730 1104
1501740 1103
1501750 1103
1501760 1102
1501770 1100
1501780 1100
1501790 1096
1501800 1093
1501810 1093
1501820 1091
1501830 1088
1501840 1088
1501850 1085
1501860 1081
1501870 1081
1501880 1077
1501890 1074
1501900 1072
1501910 1072
1501920 1069
1501930 1066
1501940 1066
1501950 1062
1501960 1058
1501970 1058
1501980 1054
1501990 1049
1502000 1049
1502010 1044
1502020 1038
1502030 1038
1502040 1033
1502050 1029
1502060 1029
1502070 1025
1502080 1022
1502090 1019
1502100 1019
1502110 1015
1502120 1012
1502130 1012
1502140 1009
1502150 1007
1502160 1007
1502170 1005
1502180 1003
1502190 1003
1502200 1002
1502210 1001
1502220 1001
1502230 1000
1502240 998
1502250 995
1502260 995
1502270 993
1502280 990
1502290 990
1502300 987
1502310 984
1502320 984
1502330 981
1502340 978
1502350 978
1502360 976
1502370 974
1502380 974
1502390 971
1502400 968
1502410 968
1502420 965
1502430 962
1502440 959
1502450 959
1502460 956
1502470 955
1502480 955
1502490 953
1502500 950
1502510 950
1502520 947
1502530 944
1502540 944
1502550 939
1502560 934
1502570 934
1502580 927
1502590 922
1502600 922
1502610 918
1502620 914
1502630 911
1502640 911
1502650 907
1502660 904
1502670 904
1502680 901
1502690 898
1502700 898
1502710 897
1502720 892
1502730 892
1502740 890
1502750 886
1502760 886
1502770 883
1502780 879
1502790 879
1502800 875
1502810 871
1502820 867
1502830 867
1502840 863
1502850 859
1502860 859
1502870 856
1502880 853
1502890 853
1502900 847
1502910 843
1502920 843
1502930 839
1502940 835
1502950 835
1502960 831
1502970 827
1502980 827
1502990 824
1503000 821
1503010 818
1503020 818
1503030 814
1503040 810
1503050 810
1503060 806
1503070 802
1503080 802
1503090 797
1503100 791
1503110 791
1503120 787
1503130 781
1503140 781
1503150 775
1503160 770
1503170 767
1503180 767
1503190 763
1503200 760
1503210 760
1503220 757
1503230 752
1503240 752
1503250 748
1503260 743
1503270 743
1503280 738
1503290 734
1503300 734
1503310 732
1503320 727
1503330 727
1503340 723
1503350 719
1503360 715
1503370 715
1503380 715
1503390 715
1503400 715
1503410 714
1503420 712
1503430 712
1503440 707
1503450 701
1503460 701
1503470 694
1503480 689
1503490 689
1503500 688
1503510 686
1503520 686
1503530 685
1503540 683
1503550 679
1503560 679
1503570 674
1503580 669
1503590 669
1503600 668
1503610 669
1503620 669
1503630 674
1503640 681
1503650 681
1503660 686
1503670 692
1503680 692
1503690 699
1503700 706
1503710 706
1503720 711
1503730 716
1503740 720
1503750 720
1503760 724
1503770 730
1503780 730
1503790 737
1503800 741
1503810 741
1503820 745
1503830 750
1503840 750
1503850 754
1503860 757
1503870 757
1503880 763
1503890 772
1503900 772
1503910 780
1503920 786
1503930 788
1503940 788
1503950 790
1503960 792
1503970 792
1503980 794
1503990 796
1504000 796
1504010 798
1504020 800
1504030 800
1504040 803
1504050 807
1504060 807
1504070 811
1504080 815
1504090 819
1504100 819
1504110 823
1504120 827
1504130 827
1504140 829
1504150 831
1504160 831
1504170 834
1504180 836
1504190 836
1504200 838
1504210 839
1504220 839
1504230 840
1504240 842
1504250 842
1504260 845
1504270 847
1504280 851
1504290 851
1504300 855
1504310 859
1504320 859
1504330 863
1504340 868
1504350 868
1504360 872
1504370 876
1504380 876
1504390 880
1504400 886
1504410 886
1504420 891
1504430 895
1504440 895
1504450 898
1504460 900
1504470 904
1504480 904
1504490 907
1504500 910
1504510 910
1504520 913
1504530 916
1504540 916
1504550 921
1504560 925
1504570 925
1504580 929
1504590 932
1504600 932
1504610 937
1504620 941
1504630 941
1504640 945
1504650 948
1504660 952
1504670 952
1504680 957
1504690 962
1504700 962
1504710 967
1504720 970
1504730 970
1504740 973
1504750 977
1504760 977
1504770 979
1504780 982
1504790 982
1504800 987
1504810 994
1504820 994
1504830 998
1504840 1001
1504850 1004
1504860 1004
1504870 1007
1504880 1011
1504890 1011
1504900 1014
1504910 1017
1504920 1017
1504930 1020
1504940 1023
1504950 1023
1504960 1028
1504970 1033
1504980 1033
1504990 1040
1505000 1048
1505010 1053
1505020 1055
1505030 1059
1505040 1063
1505050 1063
1505060 1069
1505070 1073
1505080 1073
1505090 1077
1505100 1080
1505110 1080
1505120 1084
1505130 1087
1505140 1087
1505150 1091
1505160 1095
1505170 1095
1505180 1100
1505190 1105
1505200 1109
1505210 1109
1505220 1114
1505230 1119
1505240 1119
1505250 1124
1505260 1128
1505270 1128
1505280 1132
1505290 1138
1505300 1138
1505310 1145
1505320 1150
1505330 1150
1505340 1152
1505350 1154
1505360 1154
1505370 1158
1505380 1162
1505390 1167
1505400 1167
1505410 1171
1505420 1174
1505430 1174
1505440 1176
1505450 1178
1505460 1178
1505470 1181
1505480 1184
1505490 1184
1505500 1188
1505510 1191
1505520 1191
1505530 1193
1505540 1195
1505550 1195
1505560 1198
1505570 1200
1505580 1201
1505590 1201
1505600 1202
1505610 1203
1505620 1203
1505630 1205
1505640 1206
1505650 1206
1505660 1207
1505670 1208
1505680 1208
1505690 1210
1505700 1213
1505710 1213
1505720 1218
1505730 1224
1505740 1224
1505750 1228
1505760 1229
1505770 1230
1505780 1230
1505790 1230
1505800 1228
1505810 1228
1505820 1226
1505830 1226
1505840 1226
1505850 1227
1505860 1228
1505870 1228
1505880 1229
1505890 1229
1505900 1229
1505910 1230
1505920 1232
1505930 1238
1505940 1238
1505950 1244
1505960 1251
1505970 1251
1505980 1257
1505990 1260
1506000 1260
1506010 1262
1506020 1264
1506030 1264
1506040 1266
1506050 1269
1506060 1269
1506070 1275
1506080 1281
1506090 1281
1506100 1288
1506110 1297
1506120 1301
1506130 1301
1506140 1302
1506150 1306
1506160 1306
1506170 1307
1506180 1306
1506190 1306
1506200 1305
1506210 1304
1506220 1304
1506230 1300
1506240 1296
1506250 1296
1506260 1292
1506270 1291
1506280 1291
1506290 1290
1506300 1289
1506310 1288
1506320 1288
1506330 1289
1506340 1291
1506350 1291
1506360 1293
1506370 1293
1506380 1293
1506390 1295
1506400 1300
1506410 1300
1506420 1304
1506430 1302
1506440 1302
1506450 1299
1506460 1299
1506470 1299
1506480 1300
1506490 1303
1506500 1307
1506510 1307
1506520 1312
1506530 1319
1506540 1319
1506550 1325
1506560 1326
1506570 1326
1506580 1326
1506590 1326
1506600 1326
1506610 1326
1506620 1329
1506630 1329
1506640 1333
1506650 1335
1506660 1335
1506670 1335
1506680 1337
1506690 1338
1506700 1338
1506710 1338
1506720 1338
1506730 1338
1506740 1339
1506750 1339
1506760 1339
1506770 1339
1506780 1339
1506790 1339
1506800 1339
1506810 1339
1506820 1339
1506830 1338
1506840 1338
1506850 1338
1506860 1339
1506870 1339
1506880 1337
1506890 1337
1506900 1337
1506910 1338
1506920 1338
1506930 1338
1506940 1338
1506950 1338
1506960 1339
1506970 1338
1506980 1338
1506990 1338
1507000 1338
1507010 1338
1507020 1339
1507030 1339
1507040 1339
1507050 1339
1507060 1340
1507070 1343
1507080 1343
1507090 1346
1507100 1348
1507110 1348
1507120 1351
1507130 1353
1507140 1353
1507150 1355
1507160 1358
1507170 1358
1507180 1361
1507190 1362
1507200 1362
1507210 1364
1507220 1366
1507230 1369
1507240 1369
1507250 1372
1507260 1376
1507270 1376
1507280 1378
1507290 1379
1507300 1379
1507310 1381
1507320 1384
1507330 1384
1507340 1385
1507350 1385
1507360 1385
1507370 1384
1507380 1384
1507390 1384
1507400 1384
1507410 1386
1507420 1387
1507430 1387
1507440 1389
1507450 1390
1507460 1390
1507470 1391
1507480 1391
1507490 1391
1507500 1393
1507510 1394
1507520 1394
1507530 1395
1507540 1396
1507550 1396
1507560 1396
1507570 1397
1507580 1397
1507590 1397
1507600 1396
1507610 1395
1507620 1395
1507630 1393
1507640 1394
1507650 1394
1507660 1394
1507670 1393
1507680 1393
1507690 1391
1507700 1389
1507710 1389
1507720 1388
1507730 1387
1507740 1387
1507750 1387
1507760 1386
1507770 1386
1507780 1386
1507790 1394
1507800 1400
1507810 1400
1507820 1404
1507830 1407
1507840 1407
1507850 1411
1507860 1415
1507870 1415
1507880 1419
1507890 1423
1507900 1423
1507910 1427
1507920 1431
1507930 1431
1507940 1435
1507950 1440
1507960 1444
1507970 1444
1507980 1448
1507990 1451
1508000 1451
1508010 1455
1508020 1458
1508030 1458
1508040 1459
1508050 1461
1508060 1461
1508070 1462
1508080 1464
1508090 1464
1508100 1465
1508110 1466
1508120 1466
1508130 1466
1508140 1468
1508150 1469
1508160 1469
1508170 1470
1508180 1476
1508190 1476
1508200 1484
1508210 1493
1508220 1493
1508230 1500
1508240 1507
1508250 1507
1508260 1514
1508270 1520
1508280 1520
1508290 1525
1508300 1531
1508310 1531
1508320 1538
1508330 1545
1508340 1553
1508350 1553
1508360 1562
1508370 1572
1508380 1572
1508390 1580
1508400 1588
1508410 1588
1508420 1594
1508430 1601
1508440 1601
1508450 1608
1508460 1614
1508470 1614
1508480 1620
1508490 1627
1508500 1627
1508510 1633
1508520 1639
1508530 1643
1508540 1643
1508550 1647
1508560 1650
1508570 1650
1508580 1652
1508590 1656
1508600 1656
1508610 1660
1508620 1663
1508630 1663
1508640 1667
1508650 1672
1508660 1672
1508670 1675
1508680 1679
1508690 1679
1508700 1684
1508710 1691
1508720 1698
1508730 1698
1508740 1705
1508750 1712
1508760 1712
1508770 1719
1508780 1726
1508790 1726
1508800 1733
1508810 1740
1508820 1740
1508830 1748
1508840 1756
1508850 1756
1508860 1763
1508870 1768
1508880 1774
1508890 1774
1508900 1779
1508910 1786
1508920 1786
1508930 1792
1508940 1799
1508950 1799
1508960 1804
1508970 1807
1508980 1807
1508990 1810
1509000 1812
1509010 1812
1509020 1815
1509030 1819
1509040 1819
1509050 1824
1509060 1829
1509070 1834
1509080 1834
1509090 1839
1509100 1845
1509110 1845
1509120 1851
1509130 1858
1509140 1858
1509150 1866
1509160 1875
1509170 1875
1509180 1881
1509190 1884
1509200 1884
1509210 1885
1509220 1881
1509230 1881
1509240 1881
1509250 1883
1509260 1885
1509270 1885
1509280 1891
1509290 1898
1509300 1898
1509310 1904
1509320 1910
1509330 1910
1509340 1916
1509350 1922
1509360 1922
1509370 1929
1509380 1935
1509390 1935
1509400 1940
1509410 1945
1509420 1945
1509430 1949
1509440 1954
1509450 1959
1509460 1959
1509470 1964
1509480 1967
1509490 1967
1509500 1971
1509510 1976
1509520 1976
1509530 1979
1509540 1982
1509550 1982
1509560 1985
1509570 1988
1509580 1988
1509590 1990
1509600 1992
1509610 1992
1509620 1994
1509630 1996
1509640 1996
1509650 1996
1509660 1998
1509670 1999
1509680 1999
1509690 2001
1509700 2002
1509710 2002
1509720 2004
1509730 2004
1509740 2004
1509750 2004
1509760 2005
1509770 2005
1509780 2005
1509790 2006
1509800 2006
1509810 2006
1509820 2006
1509830 2007
1509840 2007
1509850 2008
1509860 2008
1509870 2008
1509880 2008
1509890 2008
1509900 2008
1509910 2007
1509920 2007
1509930 2007
1509940 2007
1509950 2007
1509960 2007
1509970 2007
1509980 2008
1509990 2008
1510000 2008
1510010 2008
1510020 2008
1510030 2008
1510040 2012
1510050 2016
1510060 2016
1510070 2019
1510080 2021
1510090 2021
1510100 2024
1510110 2028
1510120 2028
1510130 2032
1510140 2036
1510150 2036
1510160 2040
1510170 2042
1510180 2043
1510190 2043
1510200 2042
1510210 2040
1510220 2040
1510230 2037
1510240 2030
1510250 2030
1510260 2024
1510270 2021
1510280 2021
1510290 2016
1510300 2012
1510310 2012
1510320 2008
1510330 2004
1510340 2004
1510350 2000
1510360 1996
1510370 1992
1510380 1992
1510390 1988
1510400 1982
1510410 1982
1510420 1977
1510430 1971
1510440 1971
1510450 1966
1510460 1962
1510470 1961
1510480 1956
1510490 1952
1510500 1952
1510510 1947
1510520 1943
1510530 1943
1510540 1938
1510550 1933
1510560 1928
1510570 1928
1510580 1923
1510590 1919
1510600 1919
1510610 1916
1510620 1911
1510630 1911
1510640 1904
1510650 1897
1510660 1897
1510670 1891
1510680 1886
1510690 1886
1510700 1880
1510710 1876
1510720 1876
1510730 1873
1510740 1870
1510750 1868
1510760 1868
1510770 1866
1510780 1864
1510790 1864
1510800 1860
1510810 1857
1510820 1857
1510830 1853
1510840 1848
1510850 1848
1510860 1843
1510870 1839
1510880 1839
1510890 1835
1510900 1832
1510910 1829
1510920 1829
1510930 1827
1510940 1825
1510950 1825
1510960 1822
1510970 1819
1510980 1819
1510990 1816
1511000 1812
1511010 1812
1511020 1807
1511030 1803
1511040 1803
1511050 1800
1511060 1797
1511070 1797
1511080 1795
1511090 1793
1511100 1789
1511110 1789
1511120 1786
1511130 1783
1511140 1783
1511150 1781
1511160 1778
1511170 1778
1511180 1776
1511190 1777
1511200 1777
1511210 1777
1511220 1775
1511230 1775
1511240 1774
1511250 1771
1511260 1771
1511270 1767
1511280 1763
1511290 1759
1511300 1759
1511310 1756
1511320 1753
1511330 1753
1511340 1749
1511350 1745
1511360 1745
1511370 1743
1511380 1743
1511390 1743
1511400 1742
1511410 1741
1511420 1741
1511430 1739
1511440 1736
1511450 1736
1511460 1733
1511470 1731
1511480 1728
1511490 1728
1511500 1723
1511510 1720
1511520 1720
1511530 1716
1511540 1711
1511550 1711
1511560 1709
1511570 1707
1511580 1707
1511590 1703
1511600 1700
1511610 1700
1511620 1696
1511630 1692
1511640 1692
1511650 1686
1511660 1682
1511670 1678
1511680 1678
1511690 1673
1511700 1668
1511710 1668
1511720 1662
1511730 1655
1511740 1655
1511750 1650
1511760 1647
1511770 1647
1511780 1643
1511790 1641
1511800 1641
1511810 1643
1511820 1644
1511830 1645
1511840 1645
1511850 1647
1511860 1648
1511870 1648
1511880 1647
1511890 1644
1511900 1644
1511910 1638
1511920 1634
1511930 1634
1511940 1632
1511950 1626
1511960 1626
1511970 1623
1511980 1629
1511990 1629
1512000 1638
1512010 1643
1512020 1647
1512030 1647
1512040 1648
1512050 1650
1512060 1650
1512070 1652
1512080 1657
1512090 1657
1512100 1661
1512110 1666
1512120 1666
1512130 1671
1512140 1675
1512150 1675
1512160 1676
1512170 1676
1512180 1676
1512190 1674
1512200 1673
1512210 1672
1512220 1672
1512230 1671
1512240 1671
1512250 1671
1512260 1671
1512270 1672
1512280 1672
1512290 1674
1512300 1675
1512310 1675
1512320 1676
1512330 1677
1512340 1677
1512350 1678
1512360 1680
1512370 1680
1512380 1680
1512390 1681
1512400 1682
1512410 1682
1512420 1684
1512430 1686
1512440 1686
1512450 1690
1512460 1693
1512470 1693
1512480 1696
1512490 1698
1512500 1698
1512510 1700
1512520 1703
1512530 1703
1512540 1705
1512550 1707
1512560 1707
1512570 1709
1512580 1711
1512590 1712
1512600 1712
1512610 1714
1512620 1716
1512630 1716
1512640 1718
1512650 1719
1512660 1719
1512670 1721
1512680 1723
1512690 1723
1512700 1726
1512710 1728
1512720 1728
1512730 1730
1512740 1731
1512750 1731
1512760 1731
1512770 1731
1512780 1730
1512790 1730
1512800 1728
1512810 1726
1512820 1726
1512830 1723
1512840 1719
1512850 1719
1512860 1716
1512870 1714
1512880 1714
1512890 1712
1512900 1710
1512910 1710
1512920 1706
1512930 1702
1512940 1697
1512950 1697
1512960 1692
1512970 1687
1512980 1687
1512990 1682
1513000 1678
1513010 1678
1513020 1673
1513030 1670
1513040 1670
1513050 1666
1513060 1663
1513070 1663
1513080 1661
1513090 1659
1513100 1659
1513110 1658
1513120 1655
1513130 1652
1513140 1652
1513150 1649
1513160 1645
1513170 1645
1513180 1641
1513190 1637
1513200 1637
1513210 1633
1513220 1630
1513230 1630
1513240 1627
1513250 1623
1513260 1623
1513270 1619
1513280 1613
1513290 1613
1513300 1608
1513310 1603
1513320 1598
1513330 1598
1513340 1594
1513350 1589
1513360 1589
1513370 1584
1513380 1580
1513390 1580
1513400 1575
1513410 1571
1513420 1571
1513430 1568
1513440 1566
1513450 1566
1513460 1565
1513470 1561
1513480 1561
1513490 1557
1513500 1554
1513510 1551
1513520 1551
1513530 1546
1513540 1542
1513550 1542
1513560 1538
1513570 1534
1513580 1534
1513590 1530
1513600 1526
1513610 1526
1513620 1522
1513630 1518
1513640 1518
1513650 1513
1513660 1509
1513670 1509
1513680 1507
1513690 1505
1513700 1504
1513710 1504
1513720 1503
1513730 1502
1513740 1502
1513750 1501
1513760 1499
1513770 1499
1513780 1495
1513790 1491
1513800 1491
1513810 1487
1513820 1484
1513830 1484
1513840 1481
1513850 1478
1513860 1474
1513870 1474
1513880 1470
1513890 1466
1513900 1466
1513910 1462
1513920 1457
1513930 1457
1513940 1453
1513950 1449
1513960 1449
1513970 1445
1513980 1441
1513990 1441
1514000 1437
1514010 1432
1514020 1432
1514030 1427
1514040 1423
1514050 1418
1514060 1418
1514070 1413
1514080 1408
1514090 1408
1514100 1404
1514110 1399
1514120 1399
1514130 1393
1514140 1388
1514150 1388
1514160 1383
1514170 1378
1514180 1378
1514190 1372
1514200 1367
1514210 1367
1514220 1367
1514230 1367
1514240 1368
1514250 1368
1514260 1372
1514270 1377
1514280 1377
1514290 1380
1514300 1384
1514310 1384
1514320 1388
1514330 1393
1514340 1393
1514350 1400
1514360 1407
1514370 1407
1514380 1415
1514390 1423
1514400 1423
1514410 1430
1514420 1436
1514430 1441
1514440 1441
1514450 1447
1514460 1452
1514470 1452
1514480 1458
1514490 1465
1514500 1465
1514510 1471
1514520 1478
1514530 1478
1514540 1484
1514550 1490
1514560 1490
1514570 1496
1514580 1502
1514590 1502
1514600 1508
1514610 1514
1514620 1521
1514630 1521
1514640 1528
1514650 1536
1514660 1536
1514670 1544
1514680 1553
1514690 1553
1514700 1558
1514710 1566
1514720 1566
1514730 1573
1514740 1580
1514750 1580
1514760 1587
1514770 1593
1514780 1598
1514790 1598
1514800 1602
1514810 1605
1514820 1605
1514830 1607
1514840 1606
1514850 1606
1514860 1606
1514870 1606
1514880 1606
1514890 1607
1514900 1607
1514910 1607
1514920 1606
1514930 1605
1514940 1605
1514950 1603
1514960 1601
1514970 1594
1514980 1594
1514990 1592
1515000 1589
1515010 1589
1515020 1586
1515030 1583
1515040 1583
1515050 1579
1515060 1574
1515070 1574
1515080 1570
1515090 1567
1515100 1567
1515110 1564
1515120 1562
1515130 1562
1515140 1558
1515150 1552
1515160 1547
1515170 1547
1515180 1543
1515190 1543
1515200 1543
1515210 1542
1515220 1540
1515230 1540
1515240 1537
1515250 1535
1515260 1535
1515270 1532
1515280 1526
1515290 1526
1515300 1522
1515310 1518
1515320 1518
1515330 1515
1515340 1511
1515350 1509
1515360 1509
1515370 1508
1515380 1505
1515390 1505
1515400 1501
1515410 1498
1515420 1498
1515430 1494
1515440 1490
1515450 1490
1515460 1484
1515470 1480
1515480 1480
1515490 1478
1515500 1475
1515510 1475
1515520 1473
1515530 1470
1515540 1467
1515550 1467
1515560 1465
1515570 1463
1515580 1463
1515590 1460
1515600 1457
1515610 1457
1515620 1456
1515630 1454
1515640 1454
1515650 1451
1515660 1447
1515670 1447
1515680 1444
1515690 1439
1515700 1439
1515710 1434
1515720 1437
1515730 1438
1515740 1438
1515750 1435
1515760 1432
1515770 1432
1515780 1430
1515790 1428
1515800 1428
1515810 1427
1515820 1432
1515830 1432
1515840 1437
1515850 1444
1515860 1444
1515870 1449
1515880 1455
1515890 1460
1515900 1460
1515910 1467
1515920 1475
1515930 1475
1515940 1482
1515950 1489
1515960 1489
1515970 1495
1515980 1501
1515990 1501
1516000 1506
1516010 1511
1516020 1511
1516030 1515
1516040 1520
1516050 1520
1516060 1525
1516070 1532
1516080 1539
1516090 1539
1516100 1544
1516110 1548
1516120 1548
1516130 1552
1516140 1556
1516150 1556
1516160 1561
1516170 1564
1516180 1564
1516190 1569
1516200 1574
1516210 1574
1516220 1578
1516230 1582
1516240 1582
1516250 1587
1516260 1593
1516270 1600
1516280 1600
1516290 1607
1516300 1613
1516310 1613
1516320 1619
1516330 1624
1516340 1624
1516350 1629
1516360 1635
1516370 1635
1516380 1641
1516390 1647
1516400 1647
1516410 1651
1516420 1654
1516430 1654
1516440 1655
1516450 1658
1516460 1662
1516470 1662
1516480 1664
1516490 1667
1516500 1667
1516510 1669
1516520 1674
1516530 1674
1516540 1678
1516550 1681
1516560 1681
1516570 1682
1516580 1683
1516590 1683
1516600 1685
1516610 1688
1516620 1688
1516630 1690
1516640 1690
1516650 1692
1516660 1692
1516670 1695
1516680 1697
1516690 1697
1516700 1701
1516710 1704
1516720 1704
1516730 1708
1516740 1712
1516750 1712
1516760 1716
1516770 1721
1516780 1721
1516790 1725
1516800 1729
1516810 1733
1516820 1733
1516830 1736
1516840 1738
1516850 1738
1516860 1740
1516870 1743
1516880 1743
1516890 1744
1516900 1746
1516910 1746
1516920 1747
1516930 1748
1516940 1748
1516950 1750
1516960 1750
1516970 1750
1516980 1750
1516990 1749
1517000 1747
1517010 1747
1517020 1743
1517030 1739
1517040 1739
1517050 1736
1517060 1734
1517070 1734
1517080 1734
1517090 1734
1517100 1734
1517110 1735
1517120 1736
1517130 1736
1517140 1738
1517150 1740
1517160 1740
1517170 1742
1517180 1743
1517190 1744
1517200 1744
1517210 1745
1517220 1745
1517230 1745
1517240 1745
1517250 1746
1517260 1746
1517270 1747
1517280 1747
1517290 1747
1517300 1747
1517310 1747
1517320 1747
1517330 1747
1517340 1747
1517350 1747
1517360 1746
1517370 1746
1517380 1745
1517390 1745
1517400 1742
1517410 1738
1517420 1738
1517430 1734
1517440 1729
1517450 1729
1517460 1724
1517470 1721
1517480 1721
1517490 1724
1517500 1731
1517510 1731
1517520 1738
1517530 1745
1517540 1745
1517550 1751
1517560 1757
1517570 1763
1517580 1763
1517590 1770
1517600 1776
1517610 1776
1517620 1781
1517630 1786
1517640 1786
1517650 1790
1517660 1795
1517670 1795
1517680 1799
1517690 1801
1517700 1801
1517710 1803
1517720 1803
1517730 1802
1517740 1802
1517750 1802
1517760 1802
1517770 1802
1517780 1806
1517790 1811
1517800 1811
1517810 1815
1517820 1819
1517830 1819
1517840 1824
1517850 1829
1517860 1829
1517870 1834
1517880 1839
1517890 1839
1517900 1843
1517910 1846
1517920 1850
1517930 1850
1517940 1855
1517950 1861
1517960 1861
1517970 1867
1517980 1873
1517990 1873
1518000 1878
1518010 1883
1518020 1883
1518030 1888
1518040 1894
1518050 1894
1518060 1901
1518070 1908
1518080 1908
1518090 1914
1518100 1921
1518110 1927
1518120 1927
1518130 1931
1518140 1935
1518150 1935
1518160 1938
1518170 1942
1518180 1942
1518190 1945
1518200 1948
1518210 1948
1518220 1952
1518230 1955
1518240 1955
1518250 1959
1518260 1963
1518270 1963
1518280 1966
1518290 1970
1518300 1973
1518310 1973
1518320 1977
1518330 1981
1518340 1981
1518350 1985
1518360 1989
1518370 1989
1518380 1993
1518390 1996
1518400 1996
1518410 2000
1518420 2002
1518430 2002
1518440 2004
1518450 2006
1518460 2006
1518470 2008
1518480 2011
1518490 2013
1518500 2013
1518510 2016
1518520 2018
1518530 2018
1518540 2020
1518550 2023
1518560 2023
1518570 2025
1518580 2027
1518590 2027
1518600 2029
1518610 2031
1518620 2031
1518630 2033
1518640 2034
1518650 2034
1518660 2035
1518670 2035
1518680 2036
1518690 2036
1518700 2036
1518710 2035
1518720 2035
1518730 2033
1518740 2031
1518750 2031
1518760 2028
1518770 2025
1518780 2025
1518790 2020
1518800 2017
1518810 2017
1518820 2014
1518830 2011
1518840 2007
1518850 2007
1518860 2004
1518870 2001
1518880 2001
1518890 1996
1518900 1995
1518910 1995
1518920 1990
1518930 1984
1518940 1984
1518950 1977
1518960 1972
1518970 1972
1518980 1967
1518990 1959
1519000 1959
1519010 1951
1519020 1946
1519030 1943
1519040 1943
1519050 1941
1519060 1938
1519070 1938
1519080 1933
1519090 1930
1519100 1930
1519110 1928
1519120 1925
1519130 1925
1519140 1922
1519150 1917
1519160 1917
1519170 1915
1519180 1914
1519190 1914
1519200 1913
1519210 1911
1519220 1908
1519230 1908
1519240 1905
1519250 1901
1519260 1901
1519270 1896
1519280 1889
1519290 1889
1519300 1882
1519310 1875
1519320 1875
1519330 1869
1519340 1863
1519350 1863
1519360 1858
1519370 1851
1519380 1851
1519390 1845
1519400 1838
1519410 1832
1519420 1832
1519430 1825
1519440 1819
1519450 1819
1519460 1811
1519470 1804
1519480 1804
1519490 1798
1519500 1792
1519510 1792
1519520 1787
1519530 1782
1519540 1782
1519550 1777
1519560 1772
1519570 1772
1519580 1767
1519590 1763
1519600 1760
1519610 1760
1519620 1754
1519630 1749
1519640 1749
1519650 1745
1519660 1742
1519670 1742
1519680 1738
1519690 1735
1519700 1735
1519710 1732
1519720 1730
1519730 1730
1519740 1728
1519750 1726
1519760 1723
1519770 1723
1519780 1721
1519790 1719
1519800 1719
1519810 1718
1519820 1718
1519830 1718
1519840 1717
1519850 1715
1519860 1715
1519870 1714
1519880 1711
1519890 1711
1519900 1707
1519910 1702
1519920 1702
1519930 1697
1519940 1693
1519950 1690
1519960 1690
1519970 1689
1519980 1688
1519990 1688
