1500000 1408
1500010 1411
1500020 1411
1500030 1423
1500040 1432
1500050 1437
1500060 1437
1500070 1439
1500080 1439
1500090 1439
1500100 1438
1500110 1437
1500120 1437
1500130 1436
1500140 1434
1500150 1434
1500160 1432
1500170 1430
1500180 1430
1500190 1427
1500200 1425
1500210 1425
1500220 1423
1500230 1421
1500240 1417
1500250 1417
1500260 1413
1500270 1410
1500280 1410
1500290 1408
1500300 1406
1500310 1406
1500320 1406
1500330 1406
1500340 1406
1500350 1405
1500360 1404
1500370 1404
1500380 1403
1500390 1402
1500400 1402
1500410 1401
1500420 1399
1500430 1398
1500440 1398
1500450 1397
1500460 1397
1500470 1397
1500480 1397
1500490 1396
1500500 1396
1500510 1394
1500520 1390
1500530 1390
1500540 1385
1500550 1380
1500560 1380
1500570 1375
1500580 1369
1500590 1369
1500600 1368
1500610 1368
1500620 1367
1500630 1367
1500640 1365
1500650 1365
1500660 1365
1500670 1363
1500680 1360
1500690 1360
1500700 1356
1500710 1354
1500720 1354
1500730 1352
1500740 1349
1500750 1349
1500760 1346
1500770 1341
1500780 1336
1500790 1336
1500800 1332
1500810 1326
1500820 1326
1500830 1321
1500840 1316
1500850 1316
1500860 1312
1500870 1307
1500880 1307
1500890 1302
1500900 1298
1500910 1298
1500920 1292
1500930 1287
1500940 1287
1500950 1282
1500960 1275
1500970 1272
1500980 1272
1500990 1267
1501000 1263
1501010 1263
1501020 1260
1501030 1257
1501040 1257
1501050 1253
1501060 1250
1501070 1250
1501080 1247
1501090 1246
1501100 1246
1501110 1243
1501120 1240
1501130 1240
1501140 1236
1501150 1233
1501160 1229
1501170 1229
1501180 1225
1501190 1221
1501200 1221
1501210 1217
1501220 1212
1501230 1212
1501240 1207
1501250 1203
1501260 1203
1501270 1199
1501280 1196
1501290 1196
1501300 1193
1501310 1188
1501320 1188
1501330 1184
1501340 1180
1501350 1176
1501360 1176
1501370 1172
1501380 1168
1501390 1168
1501400 1163
1501410 1158
1501420 1158
1501430 1151
1501440 1144
1501450 1144
1501460 1139
1501470 1134
1501480 1134
1501490 1129
1501500 1124
1501510 1124
1501520 1119
1501530 1114
1501540 1110
1501550 1110
1501560 1103
1501570 1097
1501580 1097
1501590 1091
1501600 1085
1501610 1085
1501620 1081
1501630 1078
1501640 1078
1501650 1075
1501660 1077
1501670 1077
1501680 1079
1501690 1080
1501700 1080
1501710 1081
1501720 1080
1501730 1078
1501740 1078
1501750 1076
1501760 1075
1501770 1075
1501780 1075
1501790 1075
1501800 1075
1501810 1079
1501820 1081
1501830 1081
1501840 1081
1501850 1079
1501860 1079
1501870 1078
1501880 1078
1501890 1078
1501900 1076
1501910 1074
1501920 1071
1501930 1071
1501940 1068
1501950 1064
1501960 1064
1501970 1060
1501980 1057
1501990 1057
1502000 1054
1502010 1052
1502020 1052
1502030 1050
1502040 1048
1502050 1048
1502060 1045
1502070 1043
1502080 1043
1502090 1041
1502100 1039
1502110 1037
1502120 1037
1502130 1035
1502140 1033
1502150 1033
1502160 1030
1502170 1028
1502180 1028
1502190 1026
1502200 1024
1502210 1024
1502220 1023
1502230 1022
1502240 1022
1502250 1021
1502260 1019
1502270 1019
1502280 1017
1502290 1016
1502300 1014
1502310 1014
1502320 1013
1502330 1011
1502340 1011
1502350 1009
1502360 1006
1502370 1006
1502380 1002
1502390 999
1502400 999
1502410 997
1502420 994
1502430 994
1502440 992
1502450 990
1502460 987
1502470 987
1502480 984
1502490 981
1502500 981
1502510 976
1502520 974
1502530 974
1502540 971
1502550 967
1502560 967
1502570 965
1502580 964
1502590 964
1502600 963
1502610 962
1502620 962
1502630 961
1502640 959
1502650 958
1502660 958
1502670 957
1502680 955
1502690 955
1502700 955
1502710 953
1502720 953
1502730 949
1502740 947
1502750 947
1502760 945
1502770 943
1502780 943
1502790 940
1502800 937
1502810 937
1502820 934
1502830 931
1502840 929
1502850 929
1502860 925
1502870 922
1502880 922
1502890 919
1502900 915
1502910 915
1502920 912
1502930 910
1502940 910
1502950 907
1502960 905
1502970 905
1502980 903
1502990 900
1503000 900
1503010 897
1503020 895
1503030 892
1503040 892
1503050 889
1503060 886
1503070 886
1503080 884
1503090 882
1503100 882
1503110 881
1503120 881
1503130 881
1503140 881
1503150 878
1503160 878
1503170 876
1503180 875
1503190 875
1503200 873
1503210 871
1503220 870
1503230 870
1503240 869
1503250 868
1503260 868
1503270 867
1503280 866
1503290 866
1503300 864
1503310 861
1503320 861
1503330 857
1503340 854
1503350 854
1503360 852
1503370 848
1503380 848
1503390 845
1503400 842
1503410 839
1503420 839
1503430 835
1503440 832
1503450 832
1503460 829
1503470 826
1503480 826
1503490 824
1503500 823
1503510 823
1503520 821
1503530 820
1503540 820
1503550 818
1503560 815
1503570 815
1503580 813
1503590 811
1503600 808
1503610 808
1503620 804
1503630 800
1503640 800
1503650 796
1503660 793
1503670 793
1503680 789
1503690 785
1503700 785
1503710 782
1503720 778
1503730 778
1503740 773
1503750 768
1503760 768
1503770 764
1503780 761
1503790 756
1503800 756
1503810 753
1503820 750
1503830 750
1503840 748
1503850 746
1503860 746
1503870 745
1503880 742
1503890 742
1503900 741
1503910 739
1503920 739
1503930 739
1503940 739
1503950 739
1503960 738
1503970 737
1503980 736
1503990 736
1504000 735
1504010 734
1504020 734
1504030 733
1504040 732
1504050 732
1504060 731
1504070 731
1504080 731
1504090 731
1504100 730
1504110 730
1504120 730
1504130 730
1504140 730
1504150 730
1504160 728
1504170 727
1504180 727
1504190 723
1504200 717
1504210 717
1504220 712
1504230 711
1504240 711
1504250 710
1504260 708
1504270 708
1504280 707
1504290 707
1504300 707
1504310 707
1504320 706
1504330 706
1504340 706
1504350 706
1504360 705
1504370 705
1504380 705
1504390 704
1504400 704
1504410 704
1504420 704
1504430 704
1504440 698
1504450 697
1504460 697
1504470 698
1504480 698
1504490 698
1504500 699
1504510 701
1504520 701
1504530 701
1504540 702
1504550 704
1504560 704
1504570 704
1504580 705
1504590 705
1504600 706
1504610 709
1504620 709
1504630 715
1504640 722
1504650 722
1504660 728
1504670 734
1504680 734
1504690 739
1504700 745
1504710 750
1504720 750
1504730 752
1504740 755
1504750 755
1504760 759
1504770 763
1504780 763
1504790 766
1504800 770
1504810 770
1504820 773
1504830 776
1504840 776
1504850 778
1504860 780
1504870 780
1504880 783
1504890 786
1504900 788
1504910 788
1504920 790
1504930 792
1504940 792
1504950 795
1504960 798
1504970 798
1504980 801
1504990 805
1505000 805
1505010 808
1505020 812
1505030 812
1505040 816
1505050 820
1505060 820
1505070 825
1505080 830
1505090 832
1505100 832
1505110 834
1505120 837
1505130 837
1505140 841
1505150 845
1505160 845
1505170 847
1505180 849
1505190 849
1505200 851
1505210 853
1505220 853
1505230 855
1505240 857
1505250 857
1505260 859
1505270 863
1505280 866
1505290 866
1505300 870
1505310 874
1505320 874
1505330 879
1505340 884
1505350 884
1505360 889
1505370 893
1505380 893
1505390 898
1505400 904
1505410 904
1505420 909
1505430 912
1505440 912
1505450 913
1505460 916
1505470 919
1505480 919
1505490 921
1505500 922
1505510 922
1505520 923
1505530 926
1505540 926
1505550 928
1505560 931
1505570 931
1505580 933
1505590 936
1505600 936
1505610 938
1505620 940
1505630 940
1505640 942
1505650 944
1505660 946
1505670 946
1505680 948
1505690 949
1505700 949
1505710 950
1505720 951
1505730 951
1505740 951
1505750 951
1505760 951
1505770 951
1505780 954
1505790 954
1505800 956
1505810 956
1505820 956
1505830 956
1505840 956
1505850 957
1505860 957
1505870 961
1505880 965
1505890 965
1505900 967
1505910 969
1505920 969
1505930 971
1505940 973
1505950 973
1505960 974
1505970 975
1505980 975
1505990 974
1506000 975
1506010 977
1506020 977
1506030 977
1506040 978
1506050 978
1506060 978
1506070 977
1506080 977
1506090 977
1506100 975
1506110 975
1506120 972
1506130 967
1506140 967
1506150 965
1506160 969
1506170 969
1506180 970
1506190 971
1506200 970
1506210 970
1506220 969
1506230 969
1506240 969
1506250 971
1506260 976
1506270 976
1506280 979
1506290 984
1506300 984
1506310 989
1506320 992
1506330 992
1506340 993
1506350 993
1506360 993
1506370 992
1506380 992
1506390 993
1506400 993
1506410 994
1506420 994
1506430 994
1506440 994
1506450 994
1506460 994
1506470 994
1506480 992
1506490 992
1506500 989
1506510 986
1506520 986
1506530 983
1506540 978
1506550 978
1506560 973
1506570 970
1506580 970
1506590 970
1506600 967
1506610 967
1506620 967
1506630 972
1506640 978
1506650 978
1506660 984
1506670 991
1506680 991
1506690 998
1506700 1002
1506710 1002
1506720 1006
1506730 1010
1506740 1010
1506750 1013
1506760 1015
1506770 1017
1506780 1017
1506790 1018
1506800 1020
1506810 1020
1506820 1022
1506830 1024
1506840 1024
1506850 1026
1506860 1028
1506870 1028
1506880 1029
1506890 1029
1506900 1029
1506910 1030
1506920 1030
1506930 1030
1506940 1031
1506950 1031
1506960 1030
1506970 1030
1506980 1029
1506990 1026
1507000 1026
1507010 1023
1507020 1020
1507030 1020
1507040 1018
1507050 1024
1507060 1024
1507070 1030
1507080 1035
1507090 1035
1507100 1037
1507110 1040
1507120 1040
1507130 1042
1507140 1046
1507150 1049
1507160 1049
1507170 1051
1507180 1055
1507190 1055
1507200 1058
1507210 1063
1507220 1063
1507230 1068
1507240 1073
1507250 1073
1507260 1077
1507270 1080
1507280 1080
1507290 1085
1507300 1089
1507310 1089
1507320 1093
1507330 1097
1507340 1100
1507350 1100
1507360 1103
1507370 1106
1507380 1106
1507390 1109
1507400 1114
1507410 1114
1507420 1119
1507430 1124
1507440 1124
1507450 1128
1507460 1134
1507470 1134
1507480 1140
1507490 1146
1507500 1151
1507510 1151
1507520 1154
1507530 1158
1507540 1158
1507550 1162
1507560 1166
1507570 1166
1507580 1172
1507590 1179
1507600 1179
1507610 1186
1507620 1192
1507630 1192
1507640 1199
1507650 1204
1507660 1204
1507670 1210
1507680 1213
1507690 1215
1507700 1215
1507710 1216
1507720 1216
1507730 1216
1507740 1216
1507750 1217
1507760 1217
1507770 1217
1507780 1218
1507790 1218
1507800 1218
1507810 1219
1507820 1219
1507830 1219
1507840 1219
1507850 1219
1507860 1218
1507870 1217
1507880 1216
1507890 1216
1507900 1215
1507910 1215
1507920 1215
1507930 1215
1507940 1214
1507950 1214
1507960 1214
1507970 1213
1507980 1213
1507990 1212
1508000 1213
1508010 1213
1508020 1213
1508030 1212
1508040 1212
1508050 1211
1508060 1210
1508070 1208
1508080 1208
1508090 1206
1508100 1202
1508110 1202
1508120 1198
1508130 1193
1508140 1193
1508150 1189
1508160 1184
1508170 1184
1508180 1179
1508190 1174
1508200 1174
1508210 1167
1508220 1161
1508230 1161
1508240 1154
1508250 1149
1508260 1145
1508270 1145
1508280 1139
1508290 1131
1508300 1131
1508310 1125
1508320 1118
1508330 1118
1508340 1107
1508350 1099
1508360 1099
1508370 1097
1508380 1105
1508390 1105
1508400 1114
1508410 1122
1508420 1122
1508430 1129
1508440 1135
1508450 1140
1508460 1140
1508470 1145
1508480 1151
1508490 1151
1508500 1158
1508510 1164
1508520 1164
1508530 1169
1508540 1176
1508550 1176
1508560 1183
1508570 1190
1508580 1190
1508590 1196
1508600 1204
1508610 1204
1508620 1212
1508630 1220
1508640 1227
1508650 1227
1508660 1234
1508670 1242
1508680 1242
1508690 1250
1508700 1256
1508710 1256
1508720 1263
1508730 1269
1508740 1269
1508750 1271
1508760 1273
1508770 1273
1508780 1276
1508790 1279
1508800 1279
1508810 1282
1508820 1284
1508830 1287
1508840 1287
1508850 1291
1508860 1294
1508870 1294
1508880 1297
1508890 1300
1508900 1300
1508910 1303
1508920 1306
1508930 1306
1508940 1309
1508950 1311
1508960 1311
1508970 1314
1508980 1317
1508990 1317
1509000 1319
1509010 1322
1509020 1323
1509030 1323
1509040 1326
1509050 1329
1509060 1329
1509070 1331
1509080 1334
1509090 1334
1509100 1337
1509110 1340
1509120 1340
1509130 1342
1509140 1344
1509150 1344
1509160 1346
1509170 1349
1509180 1351
1509190 1351
1509200 1354
1509210 1357
1509220 1357
1509230 1359
1509240 1362
1509250 1362
1509260 1365
1509270 1369
1509280 1369
1509290 1373
1509300 1377
1509310 1377
1509320 1382
1509330 1388
1509340 1388
1509350 1394
1509360 1401
1509370 1409
1509380 1409
1509390 1417
1509400 1423
1509410 1423
1509420 1429
1509430 1435
1509440 1435
1509450 1440
1509460 1446
1509470 1446
1509480 1451
1509490 1456
1509500 1456
1509510 1461
1509520 1467
1509530 1467
1509540 1473
1509550 1479
1509560 1484
1509570 1484
1509580 1490
1509590 1496
1509600 1496
1509610 1502
1509620 1507
1509630 1507
1509640 1512
1509650 1517
1509660 1517
1509670 1522
1509680 1528
1509690 1528
1509700 1534
1509710 1541
1509720 1541
1509730 1547
1509740 1551
1509750 1552
1509760 1552
1509770 1554
1509780 1557
1509790 1557
1509800 1562
1509810 1566
1509820 1566
1509830 1571
1509840 1577
1509850 1577
1509860 1582
1509870 1587
1509880 1587
1509890 1592
1509900 1599
1509910 1599
1509920 1606
1509930 1613
1509940 1620
1509950 1620
1509960 1626
1509970 1631
1509980 1631
1509990 1637
1510000 1644
1510010 1644
1510020 1649
1510030 1655
1510040 1655
1510050 1660
1510060 1666
1510070 1666
1510080 1671
1510090 1676
1510100 1676
1510110 1681
1510120 1686
1510130 1691
1510140 1691
1510150 1696
1510160 1701
1510170 1701
1510180 1706
1510190 1711
1510200 1711
1510210 1716
1510220 1722
1510230 1722
1510240 1726
1510250 1732
1510260 1732
1510270 1737
1510280 1742
1510290 1742
1510300 1746
1510310 1749
1510320 1751
1510330 1751
1510340 1753
1510350 1753
1510360 1753
1510370 1752
1510380 1751
1510390 1751
1510400 1751
1510410 1752
1510420 1752
1510430 1752
1510440 1751
1510450 1751
1510460 1751
1510470 1749
1510480 1749
1510490 1749
1510500 1749
1510510 1751
1510520 1751
1510530 1751
1510540 1752
1510550 1752
1510560 1754
1510570 1755
1510580 1755
1510590 1754
1510600 1754
1510610 1754
1510620 1751
1510630 1747
1510640 1747
1510650 1743
1510660 1742
1510670 1741
1510680 1741
1510690 1739
1510700 1736
1510710 1736
1510720 1734
1510730 1731
1510740 1731
1510750 1728
1510760 1725
1510770 1725
1510780 1721
1510790 1717
1510800 1717
1510810 1712
1510820 1708
1510830 1708
1510840 1704
1510850 1699
1510860 1694
1510870 1694
1510880 1691
1510890 1687
1510900 1687
1510910 1682
1510920 1677
1510930 1677
1510940 1670
1510950 1666
1510960 1666
1510970 1660
1510980 1655
1510990 1655
1511000 1652
1511010 1650
1511020 1650
1511030 1647
1511040 1642
1511050 1637
1511060 1637
1511070 1630
1511080 1627
1511090 1627
1511100 1626
1511110 1624
1511120 1624
1511130 1620
1511140 1616
1511150 1616
1511160 1612
1511170 1609
1511180 1609
1511190 1607
1511200 1605
1511210 1605
1511220 1603
1511230 1600
1511240 1597
1511250 1597
1511260 1594
1511270 1590
1511280 1590
1511290 1586
1511300 1580
1511310 1580
1511320 1574
1511330 1569
1511340 1569
1511350 1567
1511360 1569
1511370 1569
1511380 1570
1511390 1565
1511400 1565
1511410 1563
1511420 1564
1511430 1564
1511440 1564
1511450 1558
1511460 1554
1511470 1554
1511480 1556
1511490 1557
1511500 1557
1511510 1558
1511520 1559
1511530 1559
1511540 1559
1511550 1558
1511560 1558
1511570 1558
1511580 1557
1511590 1557
1511600 1554
1511610 1553
1511620 1552
1511630 1552
1511640 1552
1511650 1553
1511660 1553
1511670 1553
1511680 1553
1511690 1553
1511700 1554
1511710 1555
1511720 1555
1511730 1556
1511740 1557
1511750 1557
1511760 1558
1511770 1557
1511780 1557
1511790 1557
1511800 1558
1511810 1560
1511820 1560
1511830 1560
1511840 1560
1511850 1560
1511860 1559
1511870 1558
1511880 1558
1511890 1557
1511900 1558
1511910 1558
1511920 1558
1511930 1557
1511940 1557
1511950 1555
1511960 1554
1511970 1554
1511980 1554
1511990 1553
1512000 1553
1512010 1553
1512020 1552
1512030 1552
1512040 1552
1512050 1551
1512060 1549
1512070 1549
1512080 1548
1512090 1548
1512100 1548
1512110 1546
1512120 1544
1512130 1544
1512140 1542
1512150 1541
1512160 1541
1512170 1541
1512180 1540
1512190 1539
1512200 1539
1512210 1537
1512220 1534
1512230 1534
1512240 1533
1512250 1533
1512260 1533
1512270 1533
1512280 1532
1512290 1532
1512300 1531
1512310 1529
1512320 1529
1512330 1528
1512340 1526
1512350 1525
1512360 1525
1512370 1525
1512380 1524
1512390 1524
1512400 1522
1512410 1519
1512420 1519
1512430 1516
1512440 1514
1512450 1514
1512460 1511
1512470 1508
1512480 1508
1512490 1505
1512500 1503
1512510 1503
1512520 1500
1512530 1498
1512540 1495
1512550 1495
1512560 1493
1512570 1491
1512580 1491
1512590 1488
1512600 1485
1512610 1485
1512620 1483
1512630 1481
1512640 1481
1512650 1479
1512660 1477
1512670 1477
1512680 1475
1512690 1472
1512700 1472
1512710 1470
1512720 1467
1512730 1463
1512740 1463
1512750 1460
1512760 1456
1512770 1456
1512780 1453
1512790 1449
1512800 1449
1512810 1446
1512820 1443
1512830 1443
1512840 1440
1512850 1436
1512860 1436
1512870 1433
1512880 1430
1512890 1430
1512900 1427
1512910 1424
1512920 1421
1512930 1421
1512940 1417
1512950 1414
1512960 1414
1512970 1411
1512980 1407
1512990 1407
1513000 1403
1513010 1399
1513020 1399
1513030 1394
1513040 1389
1513050 1389
1513060 1385
1513070 1381
1513080 1381
1513090 1377
1513100 1371
1513110 1367
1513120 1367
1513130 1363
1513140 1359
1513150 1359
1513160 1354
1513170 1349
1513180 1349
1513190 1343
1513200 1338
1513210 1338
1513220 1334
1513230 1331
1513240 1331
1513250 1328
1513260 1324
1513270 1324
1513280 1319
1513290 1316
1513300 1312
1513310 1312
1513320 1309
1513330 1305
1513340 1305
1513350 1302
1513360 1296
1513370 1296
1513380 1289
1513390 1282
1513400 1282
1513410 1275
1513420 1269
1513430 1269
1513440 1264
1513450 1261
1513460 1261
1513470 1259
1513480 1257
1513490 1255
1513500 1255
1513510 1252
1513520 1249
1513530 1249
1513540 1247
1513550 1244
1513560 1244
1513570 1239
1513580 1237
1513590 1237
1513600 1237
1513610 1236
1513620 1236
1513630 1235
1513640 1234
1513650 1234
1513660 1232
1513670 1228
1513680 1222
1513690 1222
1513700 1216
1513710 1210
1513720 1210
1513730 1204
1513740 1197
1513750 1197
1513760 1191
1513770 1184
1513780 1184
1513790 1177
1513800 1168
1513810 1168
1513820 1160
1513830 1153
1513840 1153
1513850 1145
1513860 1139
1513870 1137
1513880 1137
1513890 1138
1513900 1138
1513910 1138
1513920 1139
1513930 1140
1513940 1140
1513950 1142
1513960 1144
1513970 1144
1513980 1145
1513990 1147
1514000 1147
1514010 1147
1514020 1146
1514030 1146
1514040 1146
1514050 1146
1514060 1146
1514070 1146
1514080 1147
1514090 1149
1514100 1149
1514110 1151
1514120 1156
1514130 1156
1514140 1160
1514150 1166
1514160 1166
1514170 1171
1514180 1177
1514190 1177
1514200 1181
1514210 1185
1514220 1190
1514230 1190
1514240 1194
1514250 1199
1514260 1199
1514270 1203
1514280 1208
1514290 1208
1514300 1213
1514310 1217
1514320 1217
1514330 1222
1514340 1227
1514350 1227
1514360 1232
1514370 1238
1514380 1238
1514390 1243
1514400 1251
1514410 1258
1514420 1258
1514430 1265
1514440 1271
1514450 1271
1514460 1278
1514470 1285
1514480 1285
1514490 1291
1514500 1298
1514510 1298
1514520 1304
1514530 1309
1514540 1309
1514550 1315
1514560 1320
1514570 1320
1514580 1325
1514590 1329
1514600 1334
1514610 1334
1514620 1339
1514630 1343
1514640 1343
1514650 1346
1514660 1349
1514670 1349
1514680 1352
1514690 1357
1514700 1357
1514710 1362
1514720 1366
1514730 1366
1514740 1371
1514750 1374
1514760 1374
1514770 1376
1514780 1380
1514790 1384
1514800 1384
1514810 1389
1514820 1394
1514830 1394
1514840 1398
1514850 1404
1514860 1404
1514870 1409
1514880 1414
1514890 1414
1514900 1419
1514910 1425
1514920 1425
1514930 1431
1514940 1436
1514950 1436
1514960 1441
1514970 1447
1514980 1453
1514990 1453
1515000 1458
1515010 1463
1515020 1463
1515030 1469
1515040 1474
1515050 1474
1515060 1478
1515070 1483
1515080 1483
1515090 1487
1515100 1491
1515110 1491
1515120 1495
1515130 1497
1515140 1497
1515150 1499
1515160 1502
1515170 1506
1515180 1506
1515190 1509
1515200 1512
1515210 1512
1515220 1513
1515230 1514
1515240 1514
1515250 1515
1515260 1518
1515270 1518
1515280 1520
1515290 1522
1515300 1522
1515310 1523
1515320 1525
1515330 1525
1515340 1527
1515350 1527
1515360 1526
1515370 1526
1515380 1525
1515390 1524
1515400 1524
1515410 1523
1515420 1522
1515430 1522
1515440 1520
1515450 1520
1515460 1520
1515470 1523
1515480 1529
1515490 1529
1515500 1536
1515510 1542
1515520 1542
1515530 1549
1515540 1556
1515550 1561
1515560 1561
1515570 1567
1515580 1572
1515590 1572
1515600 1577
1515610 1582
1515620 1582
1515630 1586
1515640 1588
1515650 1588
1515660 1591
1515670 1596
1515680 1596
1515690 1602
1515700 1606
1515710 1608
1515720 1608
1515730 1607
1515740 1609
1515750 1609
1515760 1611
1515770 1613
1515780 1613
1515790 1615
1515800 1619
1515810 1619
1515820 1624
1515830 1628
1515840 1628
1515850 1630
1515860 1630
1515870 1630
1515880 1633
1515890 1638
1515900 1643
1515910 1643
1515920 1647
1515930 1647
1515940 1647
1515950 1647
1515960 1648
1515970 1648
1515980 1649
1515990 1650
1516000 1650
1516010 1650
1516020 1651
1516030 1651
1516040 1651
1516050 1652
1516060 1652
1516070 1653
1516080 1655
1516090 1657
1516100 1657
1516110 1659
1516120 1660
1516130 1660
1516140 1663
1516150 1667
1516160 1667
1516170 1670
1516180 1674
1516190 1674
1516200 1679
1516210 1684
1516220 1684
1516230 1688
1516240 1692
1516250 1692
1516260 1697
1516270 1701
1516280 1705
1516290 1705
1516300 1707
1516310 1711
1516320 1711
1516330 1713
1516340 1716
1516350 1716
1516360 1719
1516370 1724
1516380 1724
1516390 1729
1516400 1734
1516410 1734
1516420 1740
1516430 1744
1516440 1744
1516450 1749
1516460 1753
1516470 1758
1516480 1758
1516490 1762
1516500 1766
1516510 1766
1516520 1770
1516530 1774
1516540 1774
1516550 1778
1516560 1782
1516570 1782
1516580 1786
1516590 1790
1516600 1790
1516610 1793
1516620 1797
1516630 1797
1516640 1801
1516650 1805
1516660 1808
1516670 1808
1516680 1811
1516690 1814
1516700 1814
1516710 1818
1516720 1822
1516730 1822
1516740 1826
1516750 1830
1516760 1830
1516770 1834
1516780 1839
1516790 1839
1516800 1844
1516810 1849
1516820 1849
1516830 1852
1516840 1855
1516850 1858
1516860 1858
1516870 1859
1516880 1861
1516890 1861
1516900 1865
1516910 1869
1516920 1869
1516930 1873
1516940 1876
1516950 1876
1516960 1880
1516970 1885
1516980 1885
1516990 1891
1517000 1897
1517010 1897
1517020 1902
1517030 1907
1517040 1911
1517050 1911
1517060 1913
1517070 1911
1517080 1911
1517090 1909
1517100 1907
1517110 1907
1517120 1907
1517130 1910
1517140 1910
1517150 1915
1517160 1923
1517170 1923
1517180 1929
1517190 1935
1517200 1935
1517210 1939
1517220 1943
1517230 1945
1517240 1945
1517250 1948
1517260 1951
1517270 1951
1517280 1953
1517290 1954
1517300 1954
1517310 1955
1517320 1955
1517330 1955
1517340 1955
1517350 1955
1517360 1955
1517370 1955
1517380 1955
1517390 1954
1517400 1954
1517410 1953
1517420 1952
1517430 1952
1517440 1950
1517450 1949
1517460 1949
1517470 1948
1517480 1946
1517490 1946
1517500 1943
1517510 1941
1517520 1941
1517530 1938
1517540 1935
1517550 1935
1517560 1931
1517570 1928
1517580 1925
1517590 1925
1517600 1923
1517610 1920
1517620 1920
1517630 1918
1517640 1916
1517650 1916
1517660 1913
1517670 1909
1517680 1909
1517690 1906
1517700 1902
1517710 1902
1517720 1898
1517730 1894
1517740 1894
1517750 1889
1517760 1884
1517770 1878
1517780 1878
1517790 1872
1517800 1867
1517810 1867
1517820 1862
1517830 1858
1517840 1858
1517850 1854
1517860 1850
1517870 1850
1517880 1845
1517890 1841
1517900 1841
1517910 1835
1517920 1830
1517930 1830
1517940 1827
1517950 1825
1517960 1823
1517970 1823
1517980 1821
1517990 1818
1518000 1818
1518010 1816
1518020 1814
1518030 1814
1518040 1813
1518050 1811
1518060 1811
1518070 1809
1518080 1807
1518090 1807
1518100 1805
1518110 1803
1518120 1803
1518130 1801
1518140 1800
1518150 1798
1518160 1798
1518170 1798
1518180 1797
1518190 1797
1518200 1795
1518210 1793
1518220 1793
1518230 1792
1518240 1790
1518250 1790
1518260 1788
1518270 1786
1518280 1786
1518290 1786
1518300 1785
1518310 1785
1518320 1786
1518330 1785
1518340 1785
1518350 1785
1518360 1784
1518370 1784
1518380 1784
1518390 1785
1518400 1784
1518410 1784
1518420 1784
1518430 1784
1518440 1784
1518450 1783
1518460 1782
1518470 1782
1518480 1782
1518490 1783
1518500 1783
1518510 1783
1518520 1783
1518530 1782
1518540 1782
1518550 1782
1518560 1781
1518570 1781
1518580 1780
1518590 1779
1518600 1779
1518610 1778
1518620 1778
1518630 1778
1518640 1777
1518650 1774
1518660 1774
1518670 1773
1518680 1773
1518690 1773
1518700 1772
1518710 1767
1518720 1766
1518730 1766
1518740 1764
1518750 1763
1518760 1763
1518770 1761
1518780 1758
1518790 1758
1518800 1756
1518810 1754
1518820 1754
1518830 1750
1518840 1747
1518850 1747
1518860 1744
1518870 1742
1518880 1742
1518890 1741
1518900 1739
1518910 1736
1518920 1736
1518930 1734
1518940 1731
1518950 1731
1518960 1728
1518970 1725
1518980 1725
1518990 1722
1519000 1720
1519010 1720
1519020 1718
1519030 1717
1519040 1717
1519050 1716
1519060 1714
1519070 1712
1519080 1712
1519090 1710
1519100 1709
1519110 1709
1519120 1708
1519130 1706
1519140 1706
1519150 1704
1519160 1703
1519170 1703
1519180 1702
1519190 1702
1519200 1702
1519210 1701
1519220 1701
1519230 1701
1519240 1701
1519250 1699
1519260 1698
1519270 1698
1519280 1697
1519290 1696
1519300 1696
1519310 1696
1519320 1699
1519330 1699
1519340 1703
1519350 1707
1519360 1707
1519370 1711
1519380 1714
1519390 1714
1519400 1718
1519410 1722
1519420 1722
1519430 1726
1519440 1729
1519450 1733
1519460 1733
1519470 1737
1519480 1742
1519490 1742
1519500 1747
1519510 1752
1519520 1752
1519530 1758
1519540 1763
1519550 1763
1519560 1768
1519570 1772
1519580 1772
1519590 1777
1519600 1782
1519610 1782
1519620 1787
1519630 1791
1519640 1796
1519650 1796
1519660 1802
1519670 1807
1519680 1807
1519690 1812
1519700 1816
1519710 1816
1519720 1820
1519730 1823
1519740 1823
1519750 1827
1519760 1830
1519770 1830
1519780 1833
1519790 1835
1519800 1835
1519810 1837
1519820 1838
1519830 1840
1519840 1840
1519850 1840
1519860 1841
1519870 1841
1519880 1841
1519890 1841
1519900 1841
1519910 1840
1519920 1839
1519930 1839
1519940 1839
1519950 1838
1519960 1838
1519970 1836
1519980 1836
1519990 1836
