1500000 1717
1500010 1713
1500020 1713
1500030 1708
1500040 1703
1500050 1703
1500060 1699
1500070 1695
1500080 1695
1500090 1691
1500100 1687
1500110 1687
1500120 1684
1500130 1680
1500140 1678
1500150 1678
1500160 1674
1500170 1670
1500180 1670
1500190 1666
1500200 1661
1500210 1661
1500220 1657
1500230 1653
1500240 1653
1500250 1649
1500260 1646
1500270 1646
1500280 1644
1500290 1641
1500300 1639
1500310 1639
1500320 1636
1500330 1634
1500340 1634
1500350 1631
1500360 1629
1500370 1629
1500380 1626
1500390 1624
1500400 1624
1500410 1622
1500420 1620
1500430 1620
1500440 1617
1500450 1615
1500460 1615
1500470 1611
1500480 1607
1500490 1602
1500500 1602
1500510 1596
1500520 1591
1500530 1591
1500540 1585
1500550 1580
1500560 1580
1500570 1575
1500580 1571
1500590 1571
1500600 1566
1500610 1561
1500620 1561
1500630 1556
1500640 1551
1500650 1551
1500660 1547
1500670 1543
1500680 1540
1500690 1540
1500700 1536
1500710 1532
1500720 1532
1500730 1529
1500740 1526
1500750 1526
1500760 1523
1500770 1520
1500780 1520
1500790 1517
1500800 1516
1500810 1516
1500820 1514
1500830 1511
1500840 1511
1500850 1508
1500860 1506
1500870 1506
1500880 1506
1500890 1507
1500900 1508
1500910 1508
1500920 1509
1500930 1510
1500940 1510
1500950 1511
1500960 1510
1500970 1510
1500980 1509
1500990 1508
1501000 1508
1501010 1506
1501020 1503
1501030 1503
1501040 1499
1501050 1497
1501060 1495
1501070 1495
1501080 1493
1501090 1490
1501100 1490
1501110 1487
1501120 1487
1501130 1487
1501140 1489
1501150 1491
1501160 1491
1501170 1492
1501180 1494
1501190 1494
1501200 1497
1501210 1498
1501220 1498
1501230 1500
1501240 1500
1501250 1500
1501260 1500
1501270 1499
1501280 1499
1501290 1499
1501300 1498
1501310 1496
1501320 1496
1501330 1495
1501340 1494
1501350 1494
1501360 1492
1501370 1492
1501380 1492
1501390 1494
1501400 1496
1501410 1496
1501420 1497
1501430 1496
1501440 1494
1501450 1494
1501460 1491
1501470 1488
1501480 1488
1501490 1484
1501500 1479
1501510 1479
1501520 1474
1501530 1470
1501540 1470
1501550 1465
1501560 1460
1501570 1460
1501580 1456
1501590 1453
1501600 1453
1501610 1452
1501620 1454
1501630 1457
1501640 1457
1501650 1459
1501660 1459
1501670 1459
1501680 1457
1501690 1454
1501700 1454
1501710 1450
1501720 1444
1501730 1444
1501740 1438
1501750 1434
1501760 1434
1501770 1429
1501780 1425
1501790 1425
1501800 1420
1501810 1414
1501820 1408
1501830 1408
1501840 1403
1501850 1397
1501860 1397
1501870 1391
1501880 1385
1501890 1385
1501900 1380
1501910 1375
1501920 1375
1501930 1368
1501940 1362
1501950 1362
1501960 1356
1501970 1350
1501980 1350
1501990 1344
1502000 1337
1502010 1331
1502020 1331
1502030 1324
1502040 1320
1502050 1320
1502060 1319
1502070 1317
1502080 1317
1502090 1314
1502100 1310
1502110 1310
1502120 1306
1502130 1301
1502140 1301
1502150 1297
1502160 1293
1502170 1293
1502180 1290
1502190 1285
1502200 1280
1502210 1280
1502220 1274
1502230 1268
1502240 1268
1502250 1262
1502260 1256
1502270 1256
1502280 1251
1502290 1248
1502300 1248
1502310 1247
1502320 1245
1502330 1245
1502340 1240
1502350 1234
1502360 1234
1502370 1229
1502380 1225
1502390 1222
1502400 1222
1502410 1222
1502420 1222
1502430 1222
1502440 1220
1502450 1214
1502460 1214
1502470 1207
1502480 1200
1502490 1200
1502500 1195
1502510 1191
1502520 1191
1502530 1186
1502540 1180
1502550 1180
1502560 1174
1502570 1168
1502580 1161
1502590 1161
1502600 1154
1502610 1147
1502620 1147
1502630 1140
1502640 1134
1502650 1134
1502660 1127
1502670 1118
1502680 1118
1502690 1110
1502700 1102
1502710 1102
1502720 1096
1502730 1091
1502740 1087
1502750 1087
1502760 1082
1502770 1076
1502780 1076
1502790 1070
1502800 1065
1502810 1065
1502820 1059
1502830 1054
1502840 1054
1502850 1049
1502860 1045
1502870 1045
1502880 1040
1502890 1035
1502900 1035
1502910 1031
1502920 1027
1502930 1023
1502940 1023
1502950 1018
1502960 1014
1502970 1014
1502980 1010
1502990 1006
1503000 1006
1503010 1001
1503020 997
1503030 997
1503040 993
1503050 989
1503060 989
1503070 985
1503080 981
1503090 981
1503100 975
1503110 971
1503120 968
1503130 968
1503140 965
1503150 960
1503160 960
1503170 954
1503180 946
1503190 946
1503200 939
1503210 932
1503220 932
1503230 928
1503240 923
1503250 923
1503260 919
1503270 917
1503280 917
1503290 914
1503300 911
1503310 908
1503320 908
1503330 905
1503340 902
1503350 902
1503360 899
1503370 897
1503380 897
1503390 895
1503400 892
1503410 892
1503420 888
1503430 886
1503440 886
1503450 884
1503460 882
1503470 882
1503480 879
1503490 876
1503500 874
1503510 874
1503520 871
1503530 868
1503540 868
1503550 866
1503560 863
1503570 863
1503580 861
1503590 860
1503600 860
1503610 859
1503620 858
1503630 858
1503640 856
1503650 855
1503660 855
1503670 855
1503680 854
1503690 854
1503700 854
1503710 854
1503720 853
1503730 853
1503740 853
1503750 853
1503760 853
1503770 853
1503780 852
1503790 852
1503800 852
1503810 851
1503820 851
1503830 850
1503840 848
1503850 848
1503860 845
1503870 843
1503880 840
1503890 840
1503900 839
1503910 835
1503920 835
1503930 830
1503940 823
1503950 823
1503960 817
1503970 810
1503980 810
1503990 805
1504000 801
1504010 801
1504020 796
1504030 792
1504040 792
1504050 787
1504060 781
1504070 778
1504080 778
1504090 773
1504100 769
1504110 769
1504120 766
1504130 763
1504140 763
1504150 761
1504160 760
1504170 760
1504180 759
1504190 758
1504200 758
1504210 757
1504220 754
1504230 754
1504240 750
1504250 746
1504260 744
1504270 744
1504280 742
1504290 740
1504300 740
1504310 739
1504320 738
1504330 738
1504340 737
1504350 734
1504360 734
1504370 735
1504380 743
1504390 743
1504400 746
1504410 748
1504420 748
1504430 751
1504440 757
1504450 761
1504460 761
1504470 761
1504480 761
1504490 761
1504500 761
1504510 761
1504520 761
1504530 762
1504540 762
1504550 762
1504560 762
1504570 762
1504580 762
1504590 763
1504600 763
1504610 763
1504620 763
1504630 763
1504640 761
1504650 761
1504660 761
1504670 761
1504680 761
1504690 761
1504700 761
1504710 761
1504720 760
1504730 760
1504740 760
1504750 759
1504760 759
1504770 759
1504780 758
1504790 758
1504800 758
1504810 759
1504820 759
1504830 759
1504840 759
1504850 760
1504860 760
1504870 760
1504880 760
1504890 760
1504900 760
1504910 760
1504920 757
1504930 757
1504940 754
1504950 753
1504960 753
1504970 753
1504980 753
1504990 753
1505000 752
1505010 749
1505020 745
1505030 745
1505040 745
1505050 738
1505060 738
1505070 731
1505080 724
1505090 724
1505100 719
1505110 718
1505120 718
1505130 717
1505140 717
1505150 717
1505160 717
1505170 717
1505180 717
1505190 717
1505200 717
1505210 717
1505220 717
1505230 718
1505240 718
1505250 718
1505260 718
1505270 718
1505280 718
1505290 718
1505300 719
1505310 719
1505320 719
1505330 719
1505340 719
1505350 719
1505360 720
1505370 720
1505380 720
1505390 718
1505400 716
1505410 716
1505420 716
1505430 716
1505440 716
1505450 716
1505460 719
1505470 719
1505480 725
1505490 731
1505500 731
1505510 734
1505520 737
1505530 737
1505540 742
1505550 745
1505560 750
1505570 750
1505580 756
1505590 761
1505600 761
1505610 762
1505620 763
1505630 763
1505640 764
1505650 765
1505660 765
1505670 765
1505680 766
1505690 766
1505700 767
1505710 767
1505720 767
1505730 765
1505740 763
1505750 759
1505760 759
1505770 757
1505780 757
1505790 757
1505800 757
1505810 758
1505820 758
1505830 762
1505840 767
1505850 767
1505860 769
1505870 772
1505880 772
1505890 777
1505900 780
1505910 780
1505920 781
1505930 783
1505940 785
1505950 785
1505960 787
1505970 790
1505980 790
1505990 794
1506000 799
1506010 799
1506020 802
1506030 804
1506040 804
1506050 807
1506060 810
1506070 810
1506080 815
1506090 820
1506100 820
1506110 825
1506120 831
1506130 837
1506140 837
1506150 842
1506160 846
1506170 846
1506180 847
1506190 848
1506200 848
1506210 849
1506220 849
1506230 849
1506240 850
1506250 851
1506260 851
1506270 852
1506280 853
1506290 853
1506300 854
1506310 855
1506320 856
1506330 856
1506340 857
1506350 857
1506360 857
1506370 858
1506380 859
1506390 859
1506400 859
1506410 860
1506420 860
1506430 861
1506440 862
1506450 862
1506460 863
1506470 864
1506480 864
1506490 864
1506500 865
1506510 866
1506520 866
1506530 866
1506540 867
1506550 867
1506560 869
1506570 870
1506580 870
1506590 871
1506600 871
1506610 871
1506620 872
1506630 873
1506640 873
1506650 874
1506660 875
1506670 875
1506680 876
1506690 877
1506700 877
1506710 877
1506720 879
1506730 880
1506740 880
1506750 880
1506760 881
1506770 881
1506780 882
1506790 884
1506800 884
1506810 885
1506820 886
1506830 886
1506840 886
1506850 887
1506860 887
1506870 888
1506880 889
1506890 890
1506900 890
1506910 889
1506920 887
1506930 887
1506940 885
1506950 884
1506960 884
1506970 883
1506980 882
1506990 882
1507000 881
1507010 880
1507020 880
1507030 881
1507040 881
1507050 881
1507060 882
1507070 883
1507080 884
1507090 884
1507100 885
1507110 886
1507120 886
1507130 887
1507140 889
1507150 889
1507160 890
1507170 891
1507180 891
1507190 890
1507200 887
1507210 887
1507220 883
1507230 879
1507240 879
1507250 877
1507260 876
1507270 876
1507280 876
1507290 876
1507300 877
1507310 877
1507320 878
1507330 880
1507340 880
1507350 882
1507360 883
1507370 883
1507380 883
1507390 883
1507400 883
1507410 887
1507420 893
1507430 899
1507440 899
1507450 904
1507460 909
1507470 909
1507480 913
1507490 917
1507500 917
1507510 921
1507520 925
1507530 925
1507540 930
1507550 936
1507560 936
1507570 942
1507580 948
1507590 948
1507600 954
1507610 960
1507620 966
1507630 966
1507640 972
1507650 977
1507660 977
1507670 980
1507680 981
1507690 981
1507700 981
1507710 981
1507720 981
1507730 979
1507740 979
1507750 979
1507760 984
1507770 987
1507780 987
1507790 987
1507800 985
1507810 984
1507820 984
1507830 983
1507840 981
1507850 981
1507860 980
1507870 980
1507880 980
1507890 980
1507900 979
1507910 979
1507920 979
1507930 983
1507940 983
1507950 989
1507960 994
1507970 994
1507980 997
1507990 999
1508000 1003
1508010 1003
1508020 1007
1508030 1011
1508040 1011
1508050 1015
1508060 1021
1508070 1021
1508080 1027
1508090 1032
1508100 1032
1508110 1037
1508120 1043
1508130 1043
1508140 1052
1508150 1058
1508160 1058
1508170 1064
1508180 1070
1508190 1075
1508200 1075
1508210 1079
1508220 1084
1508230 1084
1508240 1089
1508250 1096
1508260 1096
1508270 1100
1508280 1106
1508290 1106
1508300 1113
1508310 1119
1508320 1119
1508330 1125
1508340 1129
1508350 1129
1508360 1134
1508370 1139
1508380 1142
1508390 1142
1508400 1147
1508410 1151
1508420 1151
1508430 1156
1508440 1160
1508450 1160
1508460 1165
1508470 1171
1508480 1171
1508490 1176
1508500 1180
1508510 1180
1508520 1187
1508530 1191
1508540 1191
1508550 1194
1508560 1198
1508570 1203
1508580 1203
1508590 1207
1508600 1211
1508610 1211
1508620 1215
1508630 1220
1508640 1220
1508650 1226
1508660 1230
1508670 1230
1508680 1236
1508690 1243
1508700 1243
1508710 1249
1508720 1253
1508730 1253
1508740 1256
1508750 1262
1508760 1265
1508770 1265
1508780 1269
1508790 1272
1508800 1272
1508810 1275
1508820 1278
1508830 1278
1508840 1283
1508850 1287
1508860 1287
1508870 1289
1508880 1292
1508890 1292
1508900 1293
1508910 1293
1508920 1293
1508930 1294
1508940 1296
1508950 1300
1508960 1300
1508970 1304
1508980 1310
1508990 1310
1509000 1316
1509010 1322
1509020 1322
1509030 1327
1509040 1333
1509050 1333
1509060 1344
1509070 1352
1509080 1352
1509090 1359
1509100 1363
1509110 1363
1509120 1366
1509130 1370
1509140 1374
1509150 1374
1509160 1377
1509170 1380
1509180 1380
1509190 1383
1509200 1386
1509210 1386
1509220 1391
1509230 1396
1509240 1396
1509250 1401
1509260 1406
1509270 1406
1509280 1411
1509290 1418
1509300 1418
1509310 1425
1509320 1430
1509330 1436
1509340 1436
1509350 1443
1509360 1450
1509370 1450
1509380 1457
1509390 1464
1509400 1464
1509410 1469
1509420 1477
1509430 1477
1509440 1484
1509450 1492
1509460 1492
1509470 1498
1509480 1503
1509490 1503
1509500 1508
1509510 1514
1509520 1518
1509530 1518
1509540 1524
1509550 1529
1509560 1529
1509570 1533
1509580 1538
1509590 1538
1509600 1543
1509610 1547
1509620 1547
1509630 1549
1509640 1553
1509650 1553
1509660 1557
1509670 1560
1509680 1562
1509690 1562
1509700 1564
1509710 1566
1509720 1566
1509730 1568
1509740 1570
1509750 1570
1509760 1572
1509770 1573
1509780 1573
1509790 1573
1509800 1572
1509810 1572
1509820 1572
1509830 1572
1509840 1572
1509850 1572
1509860 1572
1509870 1572
1509880 1572
1509890 1572
1509900 1571
1509910 1571
1509920 1571
1509930 1570
1509940 1570
1509950 1568
1509960 1568
1509970 1568
1509980 1569
1509990 1570
1510000 1570
1510010 1569
1510020 1568
1510030 1568
1510040 1567
1510050 1565
1510060 1564
1510070 1564
1510080 1563
1510090 1560
1510100 1560
1510110 1558
1510120 1558
1510130 1558
1510140 1557
1510150 1556
1510160 1556
1510170 1555
1510180 1554
1510190 1554
1510200 1552
1510210 1550
1510220 1550
1510230 1549
1510240 1546
1510250 1544
1510260 1544
1510270 1542
1510280 1541
1510290 1541
1510300 1539
1510310 1537
1510320 1537
1510330 1535
1510340 1534
1510350 1534
1510360 1533
1510370 1531
1510380 1531
1510390 1529
1510400 1527
1510410 1527
1510420 1526
1510430 1525
1510440 1524
1510450 1524
1510460 1524
1510470 1523
1510480 1523
1510490 1522
1510500 1521
1510510 1521
1510520 1521
1510530 1520
1510540 1520
1510550 1518
1510560 1517
1510570 1517
1510580 1516
1510590 1515
1510600 1515
1510610 1514
1510620 1513
1510630 1512
1510640 1512
1510650 1511
1510660 1510
1510670 1510
1510680 1509
1510690 1508
1510700 1508
1510710 1507
1510720 1506
1510730 1506
1510740 1505
1510750 1504
1510760 1504
1510770 1502
1510780 1501
1510790 1501
1510800 1499
1510810 1497
1510820 1496
1510830 1496
1510840 1494
1510850 1491
1510860 1491
1510870 1488
1510880 1485
1510890 1485
1510900 1481
1510910 1477
1510920 1477
1510930 1473
1510940 1469
1510950 1469
1510960 1466
1510970 1461
1510980 1461
1510990 1457
1511000 1454
1511010 1452
1511020 1452
1511030 1450
1511040 1447
1511050 1447
1511060 1439
1511070 1435
1511080 1435
1511090 1429
1511100 1424
1511110 1424
1511120 1418
1511130 1415
1511140 1415
1511150 1413
1511160 1413
1511170 1413
1511180 1411
1511190 1408
1511200 1402
1511210 1402
1511220 1399
1511230 1400
1511240 1400
1511250 1403
1511260 1404
1511270 1404
1511280 1404
1511290 1402
1511300 1402
1511310 1395
1511320 1384
1511330 1384
1511340 1375
1511350 1369
1511360 1369
1511370 1362
1511380 1355
1511390 1349
1511400 1349
1511410 1343
1511420 1338
1511430 1338
1511440 1332
1511450 1326
1511460 1326
1511470 1321
1511480 1318
1511490 1318
1511500 1316
1511510 1314
1511520 1314
1511530 1309
1511540 1304
1511550 1304
1511560 1299
1511570 1293
1511580 1287
1511590 1287
1511600 1281
1511610 1274
1511620 1274
1511630 1266
1511640 1268
1511650 1268
1511660 1278
1511670 1282
1511680 1282
1511690 1284
1511700 1285
1511710 1285
1511720 1285
1511730 1285
1511740 1285
1511750 1285
1511760 1285
1511770 1283
1511780 1283
1511790 1280
1511800 1279
1511810 1279
1511820 1280
1511830 1284
1511840 1284
1511850 1286
1511860 1287
1511870 1287
1511880 1288
1511890 1289
1511900 1289
1511910 1289
1511920 1290
1511930 1292
1511940 1292
1511950 1292
1511960 1291
1511970 1291
1511980 1290
1511990 1292
1512000 1292
1512010 1294
1512020 1296
1512030 1296
1512040 1297
1512050 1299
1512060 1299
1512070 1299
1512080 1299
1512090 1299
1512100 1301
1512110 1304
1512120 1306
1512130 1306
1512140 1309
1512150 1313
1512160 1313
1512170 1316
1512180 1317
1512190 1317
1512200 1317
1512210 1317
1512220 1317
1512230 1316
1512240 1315
1512250 1315
1512260 1314
1512270 1313
1512280 1313
1512290 1312
1512300 1310
1512310 1307
1512320 1307
1512330 1305
1512340 1301
1512350 1301
1512360 1298
1512370 1294
1512380 1294
1512390 1290
1512400 1286
1512410 1286
1512420 1281
1512430 1276
1512440 1276
1512450 1271
1512460 1266
1512470 1266
1512480 1261
1512490 1255
1512500 1254
1512510 1254
1512520 1261
1512530 1268
1512540 1268
1512550 1275
1512560 1280
1512570 1280
1512580 1283
1512590 1285
1512600 1285
1512610 1285
1512620 1286
1512630 1286
1512640 1287
1512650 1289
1512660 1289
1512670 1290
1512680 1291
1512690 1291
1512700 1291
1512710 1290
1512720 1290
1512730 1290
1512740 1289
1512750 1289
1512760 1289
1512770 1287
1512780 1286
1512790 1286
1512800 1285
1512810 1284
1512820 1284
1512830 1283
1512840 1281
1512850 1281
1512860 1279
1512870 1276
1512880 1272
1512890 1272
1512900 1268
1512910 1265
1512920 1265
1512930 1262
1512940 1259
1512950 1259
1512960 1256
1512970 1254
1512980 1254
1512990 1251
1513000 1248
1513010 1248
1513020 1246
1513030 1244
1513040 1244
1513050 1241
1513060 1238
1513070 1235
1513080 1235
1513090 1233
1513100 1231
1513110 1231
1513120 1230
1513130 1227
1513140 1227
1513150 1223
1513160 1219
1513170 1219
1513180 1215
1513190 1210
1513200 1210
1513210 1205
1513220 1200
1513230 1200
1513240 1195
1513250 1191
1513260 1188
1513270 1188
1513280 1184
1513290 1181
1513300 1181
1513310 1177
1513320 1174
1513330 1174
1513340 1169
1513350 1165
1513360 1165
1513370 1160
1513380 1154
1513390 1154
1513400 1148
1513410 1141
1513420 1141
1513430 1133
1513440 1125
1513450 1118
1513460 1118
1513470 1112
1513480 1107
1513490 1107
1513500 1103
1513510 1100
1513520 1100
1513530 1096
1513540 1090
1513550 1090
1513560 1084
1513570 1083
1513580 1083
1513590 1086
1513600 1093
1513610 1093
1513620 1097
1513630 1097
1513640 1096
1513650 1096
1513660 1096
1513670 1098
1513680 1098
1513690 1099
1513700 1099
1513710 1099
1513720 1101
1513730 1102
1513740 1102
1513750 1104
1513760 1106
1513770 1106
1513780 1106
1513790 1108
1513800 1108
1513810 1110
1513820 1112
1513830 1115
1513840 1115
1513850 1117
1513860 1119
1513870 1119
1513880 1121
1513890 1122
1513900 1122
1513910 1124
1513920 1126
1513930 1126
1513940 1127
1513950 1129
1513960 1129
1513970 1132
1513980 1136
1513990 1136
1514000 1139
1514010 1143
1514020 1147
1514030 1147
1514040 1150
1514050 1157
1514060 1157
1514070 1164
1514080 1168
1514090 1168
1514100 1173
1514110 1178
1514120 1178
1514130 1184
1514140 1189
1514150 1189
1514160 1195
1514170 1200
1514180 1200
1514190 1206
1514200 1212
1514210 1217
1514220 1217
1514230 1223
1514240 1229
1514250 1229
1514260 1235
1514270 1242
1514280 1242
1514290 1247
1514300 1255
1514310 1255
1514320 1261
1514330 1266
1514340 1266
1514350 1273
1514360 1279
1514370 1284
1514380 1284
1514390 1289
1514400 1295
1514410 1295
1514420 1300
1514430 1306
1514440 1306
1514450 1311
1514460 1316
1514470 1316
1514480 1320
1514490 1323
1514500 1323
1514510 1327
1514520 1331
1514530 1331
1514540 1336
1514550 1342
1514560 1346
1514570 1346
1514580 1350
1514590 1352
1514600 1352
1514610 1352
1514620 1351
1514630 1351
1514640 1350
1514650 1350
1514660 1350
1514670 1352
1514680 1356
1514690 1356
1514700 1359
1514710 1362
1514720 1362
1514730 1365
1514740 1370
1514750 1376
1514760 1376
1514770 1381
1514780 1386
1514790 1386
1514800 1390
1514810 1393
1514820 1393
1514830 1393
1514840 1392
1514850 1392
1514860 1391
1514870 1390
1514880 1390
1514890 1391
1514900 1391
1514910 1391
1514920 1390
1514930 1391
1514940 1392
1514950 1392
1514960 1393
1514970 1394
1514980 1394
1514990 1394
1515000 1395
1515010 1395
1515020 1396
1515030 1395
1515040 1395
1515050 1393
1515060 1397
1515070 1397
1515080 1402
1515090 1404
1515100 1404
1515110 1405
1515120 1405
1515130 1402
1515140 1402
1515150 1400
1515160 1400
1515170 1400
1515180 1404
1515190 1410
1515200 1410
1515210 1416
1515220 1421
1515230 1421
1515240 1427
1515250 1433
1515260 1433
1515270 1439
1515280 1444
1515290 1444
1515300 1447
1515310 1449
1515320 1451
1515330 1451
1515340 1452
1515350 1453
1515360 1453
1515370 1454
1515380 1454
1515390 1454
1515400 1455
1515410 1456
1515420 1456
1515430 1457
1515440 1461
1515450 1461
1515460 1464
1515470 1470
1515480 1470
1515490 1471
1515500 1472
1515510 1474
1515520 1474
1515530 1475
1515540 1476
1515550 1476
1515560 1475
1515570 1474
1515580 1474
1515590 1470
1515600 1468
1515610 1468
1515620 1472
1515630 1480
1515640 1480
1515650 1487
1515660 1493
1515670 1493
1515680 1498
1515690 1501
1515700 1502
1515710 1502
1515720 1505
1515730 1508
1515740 1508
1515750 1512
1515760 1515
1515770 1515
1515780 1518
1515790 1519
1515800 1519
1515810 1518
1515820 1525
1515830 1525
1515840 1534
1515850 1539
1515860 1539
1515870 1544
1515880 1548
1515890 1553
1515900 1553
1515910 1559
1515920 1564
1515930 1564
1515940 1568
1515950 1573
1515960 1573
1515970 1579
1515980 1585
1515990 1585
1516000 1587
1516010 1590
1516020 1590
1516030 1594
1516040 1599
1516050 1599
1516060 1603
1516070 1607
1516080 1614
1516090 1614
1516100 1619
1516110 1625
1516120 1625
1516130 1631
1516140 1638
1516150 1638
1516160 1644
1516170 1650
1516180 1650
1516190 1656
1516200 1660
1516210 1660
1516220 1667
1516230 1673
1516240 1673
1516250 1678
1516260 1683
1516270 1688
1516280 1688
1516290 1692
1516300 1696
1516310 1696
1516320 1699
1516330 1702
1516340 1702
1516350 1706
1516360 1710
1516370 1710
1516380 1713
1516390 1717
1516400 1717
1516410 1720
1516420 1724
1516430 1724
1516440 1727
1516450 1731
1516460 1735
1516470 1735
1516480 1741
1516490 1746
1516500 1746
1516510 1749
1516520 1753
1516530 1753
1516540 1760
1516550 1766
1516560 1766
1516570 1773
1516580 1780
1516590 1780
1516600 1787
1516610 1793
1516620 1793
1516630 1799
1516640 1805
1516650 1809
1516660 1809
1516670 1814
1516680 1819
1516690 1819
1516700 1824
1516710 1828
1516720 1828
1516730 1833
1516740 1838
1516750 1838
1516760 1843
1516770 1849
1516780 1849
1516790 1853
1516800 1856
1516810 1859
1516820 1859
1516830 1862
1516840 1866
1516850 1866
1516860 1871
1516870 1874
1516880 1874
1516890 1876
1516900 1876
1516910 1876
1516920 1875
1516930 1874
1516940 1874
1516950 1873
1516960 1871
1516970 1871
1516980 1869
1516990 1866
1517000 1864
1517010 1864
1517020 1862
1517030 1858
1517040 1858
1517050 1855
1517060 1852
1517070 1852
1517080 1848
1517090 1843
1517100 1843
1517110 1838
1517120 1834
1517130 1834
1517140 1829
1517150 1824
1517160 1824
1517170 1820
1517180 1816
1517190 1812
1517200 1812
1517210 1809
1517220 1806
1517230 1806
1517240 1802
1517250 1799
1517260 1799
1517270 1796
1517280 1793
1517290 1793
1517300 1789
1517310 1787
1517320 1787
1517330 1786
1517340 1785
1517350 1785
1517360 1783
1517370 1780
1517380 1777
1517390 1777
1517400 1774
1517410 1771
1517420 1771
1517430 1767
1517440 1763
1517450 1763
1517460 1757
1517470 1754
1517480 1754
1517490 1752
1517500 1750
1517510 1750
1517520 1747
1517530 1745
1517540 1745
1517550 1743
1517560 1740
1517570 1738
1517580 1738
1517590 1735
1517600 1731
1517610 1731
1517620 1729
1517630 1728
1517640 1728
1517650 1726
1517660 1723
1517670 1723
1517680 1722
1517690 1722
1517700 1722
1517710 1720
1517720 1719
1517730 1719
1517740 1717
1517750 1714
1517760 1712
1517770 1712
1517780 1710
1517790 1709
1517800 1709
1517810 1706
1517820 1703
1517830 1703
1517840 1700
1517850 1697
1517860 1697
1517870 1694
1517880 1690
1517890 1690
1517900 1686
1517910 1683
1517920 1683
1517930 1680
1517940 1677
1517950 1674
1517960 1674
1517970 1669
1517980 1665
1517990 1665
1518000 1663
1518010 1660
1518020 1660
1518030 1657
1518040 1653
1518050 1653
1518060 1650
1518070 1646
1518080 1646
1518090 1642
1518100 1638
1518110 1638
1518120 1633
1518130 1629
1518140 1625
1518150 1625
1518160 1621
1518170 1618
1518180 1618
1518190 1615
1518200 1612
1518210 1612
1518220 1609
1518230 1605
1518240 1605
1518250 1601
1518260 1597
1518270 1597
1518280 1594
1518290 1591
1518300 1591
1518310 1588
1518320 1587
1518330 1584
1518340 1584
1518350 1581
1518360 1582
1518370 1582
1518380 1587
1518390 1593
1518400 1593
1518410 1596
1518420 1598
1518430 1598
1518440 1602
1518450 1605
1518460 1605
1518470 1609
1518480 1614
1518490 1614
1518500 1619
1518510 1623
1518520 1628
1518530 1628
1518540 1634
1518550 1640
1518560 1640
1518570 1646
1518580 1651
1518590 1651
1518600 1656
1518610 1661
1518620 1661
1518630 1667
1518640 1673
1518650 1673
1518660 1680
1518670 1689
1518680 1689
1518690 1698
1518700 1705
1518710 1712
1518720 1712
1518730 1718
1518740 1725
1518750 1725
1518760 1732
1518770 1740
1518780 1740
1518790 1747
1518800 1753
1518810 1753
1518820 1759
1518830 1764
1518840 1764
1518850 1769
1518860 1774
1518870 1774
1518880 1779
1518890 1785
1518900 1791
1518910 1791
1518920 1797
1518930 1803
1518940 1803
1518950 1810
1518960 1818
1518970 1818
1518980 1826
1518990 1833
1519000 1833
1519010 1839
1519020 1844
1519030 1844
1519040 1850
1519050 1855
1519060 1859
1519070 1859
1519080 1862
1519090 1866
1519100 1866
1519110 1870
1519120 1874
1519130 1874
1519140 1878
1519150 1882
1519160 1882
1519170 1886
1519180 1890
1519190 1890
1519200 1895
1519210 1899
1519220 1899
1519230 1903
1519240 1907
1519250 1911
1519260 1911
1519270 1914
1519280 1918
1519290 1918
1519300 1922
1519310 1926
1519320 1926
1519330 1929
1519340 1931
1519350 1931
1519360 1935
1519370 1939
1519380 1939
1519390 1942
1519400 1945
1519410 1945
1519420 1948
1519430 1950
1519440 1953
1519450 1953
1519460 1956
1519470 1958
1519480 1958
1519490 1960
1519500 1962
1519510 1962
1519520 1964
1519530 1966
1519540 1966
1519550 1968
1519560 1969
1519570 1969
1519580 1969
1519590 1970
1519600 1970
1519610 1970
1519620 1969
1519630 1968
1519640 1968
1519650 1967
1519660 1966
1519670 1966
1519680 1966
1519690 1967
1519700 1967
1519710 1967
1519720 1967
1519730 1967
1519740 1966
1519750 1964
1519760 1964
1519770 1963
1519780 1963
1519790 1963
1519800 1963
1519810 1963
1519820 1963
1519830 1963
1519840 1963
1519850 1963
1519860 1963
1519870 1963
1519880 1962
1519890 1962
1519900 1962
1519910 1962
1519920 1962
1519930 1963
1519940 1964
1519950 1964
1519960 1965
1519970 1965
1519980 1965
1519990 1966
