1500000 1736
1500010 1733
1500020 1733
1500030 1731
1500040 1729
1500050 1729
1500060 1727
1500070 1724
1500080 1724
1500090 1719
1500100 1714
1500110 1714
1500120 1709
1500130 1704
1500140 1699
1500150 1699
1500160 1695
1500170 1690
1500180 1690
1500190 1683
1500200 1677
1500210 1677
1500220 1672
1500230 1667
1500240 1667
1500250 1662
1500260 1656
1500270 1656
1500280 1653
1500290 1650
1500300 1650
1500310 1645
1500320 1642
1500330 1639
1500340 1639
1500350 1637
1500360 1634
1500370 1634
1500380 1633
1500390 1634
1500400 1634
1500410 1635
1500420 1634
1500430 1634
1500440 1633
1500450 1632
1500460 1632
1500470 1630
1500480 1628
1500490 1628
1500500 1626
1500510 1625
1500520 1623
1500530 1623
1500540 1624
1500550 1625
1500560 1625
1500570 1623
1500580 1621
1500590 1621
1500600 1620
1500610 1618
1500620 1618
1500630 1615
1500640 1609
1500650 1609
1500660 1605
1500670 1603
1500680 1603
1500690 1600
1500700 1597
1500710 1593
1500720 1593
1500730 1590
1500740 1586
1500750 1586
1500760 1582
1500770 1579
1500780 1579
1500790 1576
1500800 1572
1500810 1572
1500820 1568
1500830 1565
1500840 1565
1500850 1562
1500860 1559
1500870 1559
1500880 1555
1500890 1551
1500900 1547
1500910 1547
1500920 1542
1500930 1539
1500940 1539
1500950 1536
1500960 1534
1500970 1534
1500980 1532
1500990 1531
1501000 1531
1501010 1532
1501020 1531
1501030 1531
1501040 1530
1501050 1529
1501060 1529
1501070 1529
1501080 1528
1501090 1527
1501100 1527
1501110 1527
1501120 1525
1501130 1525
1501140 1524
1501150 1523
1501160 1523
1501170 1522
1501180 1520
1501190 1520
1501200 1516
1501210 1511
1501220 1511
1501230 1508
1501240 1503
1501250 1503
1501260 1498
1501270 1490
1501280 1483
1501290 1483
1501300 1478
1501310 1473
1501320 1473
1501330 1469
1501340 1465
1501350 1465
1501360 1461
1501370 1458
1501380 1458
1501390 1454
1501400 1449
1501410 1449
1501420 1445
1501430 1441
1501440 1441
1501450 1437
1501460 1433
1501470 1429
1501480 1429
1501490 1426
1501500 1424
1501510 1424
1501520 1420
1501530 1414
1501540 1414
1501550 1410
1501560 1405
1501570 1405
1501580 1401
1501590 1397
1501600 1397
1501610 1393
1501620 1389
1501630 1389
1501640 1384
1501650 1378
1501660 1375
1501670 1375
1501680 1371
1501690 1366
1501700 1366
1501710 1362
1501720 1358
1501730 1358
1501740 1355
1501750 1351
1501760 1351
1501770 1346
1501780 1341
1501790 1341
1501800 1336
1501810 1330
1501820 1330
1501830 1323
1501840 1319
1501850 1313
1501860 1313
1501870 1309
1501880 1304
1501890 1304
1501900 1300
1501910 1296
1501920 1296
1501930 1292
1501940 1288
1501950 1288
1501960 1284
1501970 1281
1501980 1281
1501990 1277
1502000 1272
1502010 1272
1502020 1268
1502030 1265
1502040 1261
1502050 1261
1502060 1259
1502070 1257
1502080 1257
1502090 1253
1502100 1249
1502110 1249
1502120 1246
1502130 1242
1502140 1242
1502150 1238
1502160 1234
1502170 1234
1502180 1231
1502190 1228
1502200 1228
1502210 1226
1502220 1223
1502230 1219
1502240 1219
1502250 1215
1502260 1213
1502270 1213
1502280 1211
1502290 1210
1502300 1210
1502310 1207
1502320 1203
1502330 1203
1502340 1199
1502350 1195
1502360 1195
1502370 1191
1502380 1186
1502390 1182
1502400 1182
1502410 1177
1502420 1172
1502430 1172
1502440 1167
1502450 1163
1502460 1163
1502470 1158
1502480 1153
1502490 1153
1502500 1150
1502510 1146
1502520 1146
1502530 1141
1502540 1136
1502550 1136
1502560 1130
1502570 1123
1502580 1117
1502590 1117
1502600 1111
1502610 1105
1502620 1105
1502630 1099
1502640 1094
1502650 1094
1502660 1089
1502670 1084
1502680 1084
1502690 1079
1502700 1075
1502710 1075
1502720 1070
1502730 1065
1502740 1065
1502750 1061
1502760 1056
1502770 1050
1502780 1050
1502790 1045
1502800 1041
1502810 1041
1502820 1036
1502830 1031
1502840 1031
1502850 1027
1502860 1023
1502870 1023
1502880 1019
1502890 1014
1502900 1014
1502910 1009
1502920 1005
1502930 1005
1502940 1001
1502950 997
1502960 993
1502970 993
1502980 989
1502990 984
1503000 984
1503010 980
1503020 976
1503030 976
1503040 972
1503050 967
1503060 967
1503070 963
1503080 959
1503090 959
1503100 954
1503110 950
1503120 950
1503130 946
1503140 943
1503150 940
1503160 940
1503170 936
1503180 933
1503190 933
1503200 929
1503210 926
1503220 926
1503230 923
1503240 920
1503250 920
1503260 917
1503270 914
1503280 914
1503290 911
1503300 909
1503310 909
1503320 907
1503330 905
1503340 902
1503350 902
1503360 899
1503370 897
1503380 897
1503390 895
1503400 892
1503410 892
1503420 890
1503430 888
1503440 888
1503450 886
1503460 883
1503470 883
1503480 882
1503490 880
1503500 880
1503510 879
1503520 878
1503530 878
1503540 878
1503550 877
1503560 876
1503570 876
1503580 876
1503590 876
1503600 876
1503610 875
1503620 873
1503630 873
1503640 870
1503650 867
1503660 867
1503670 864
1503680 862
1503690 862
1503700 858
1503710 852
1503720 847
1503730 847
1503740 842
1503750 838
1503760 838
1503770 834
1503780 828
1503790 828
1503800 825
1503810 821
1503820 821
1503830 817
1503840 812
1503850 812
1503860 805
1503870 800
1503880 800
1503890 795
1503900 790
1503910 785
1503920 785
1503930 783
1503940 780
1503950 780
1503960 777
1503970 771
1503980 771
1503990 767
1504000 763
1504010 763
1504020 759
1504030 755
1504040 755
1504050 754
1504060 752
1504070 752
1504080 752
1504090 754
1504100 754
1504110 754
1504120 757
1504130 760
1504140 760
1504150 761
1504160 761
1504170 761
1504180 762
1504190 766
1504200 766
1504210 771
1504220 775
1504230 775
1504240 781
1504250 789
1504260 789
1504270 796
1504280 801
1504290 805
1504300 805
1504310 808
1504320 810
1504330 810
1504340 810
1504350 811
1504360 811
1504370 811
1504380 812
1504390 812
1504400 815
1504410 817
1504420 817
1504430 819
1504440 821
1504450 821
1504460 822
1504470 821
1504480 821
1504490 821
1504500 820
1504510 818
1504520 818
1504530 816
1504540 813
1504550 813
1504560 811
1504570 810
1504580 810
1504590 809
1504600 808
1504610 808
1504620 806
1504630 804
1504640 804
1504650 806
1504660 809
1504670 810
1504680 810
1504690 810
1504700 811
1504710 811
1504720 811
1504730 811
1504740 811
1504750 811
1504760 810
1504770 810
1504780 809
1504790 809
1504800 809
1504810 808
1504820 807
1504830 808
1504840 808
1504850 807
1504860 807
1504870 807
1504880 806
1504890 805
1504900 805
1504910 803
1504920 800
1504930 800
1504940 799
1504950 797
1504960 797
1504970 796
1504980 793
1504990 793
1505000 791
1505010 789
1505020 787
1505030 787
1505040 785
1505050 784
1505060 784
1505070 781
1505080 779
1505090 779
1505100 777
1505110 773
1505120 773
1505130 768
1505140 764
1505150 764
1505160 761
1505170 761
1505180 761
1505190 761
1505200 761
1505210 760
1505220 760
1505230 759
1505240 757
1505250 757
1505260 755
1505270 753
1505280 753
1505290 751
1505300 749
1505310 749
1505320 745
1505330 741
1505340 741
1505350 739
1505360 737
1505370 737
1505380 736
1505390 737
1505400 738
1505410 738
1505420 735
1505430 731
1505440 731
1505450 730
1505460 727
1505470 727
1505480 726
1505490 725
1505500 725
1505510 725
1505520 725
1505530 725
1505540 724
1505550 723
1505560 723
1505570 720
1505580 718
1505590 718
1505600 718
1505610 720
1505620 723
1505630 723
1505640 724
1505650 724
1505660 724
1505670 726
1505680 728
1505690 728
1505700 731
1505710 734
1505720 734
1505730 738
1505740 743
1505750 743
1505760 746
1505770 750
1505780 755
1505790 755
1505800 757
1505810 758
1505820 758
1505830 759
1505840 759
1505850 759
1505860 760
1505870 761
1505880 761
1505890 762
1505900 763
1505910 763
1505920 765
1505930 766
1505940 766
1505950 768
1505960 770
1505970 772
1505980 772
1505990 774
1506000 776
1506010 776
1506020 778
1506030 781
1506040 781
1506050 784
1506060 787
1506070 787
1506080 791
1506090 794
1506100 794
1506110 798
1506120 802
1506130 802
1506140 805
1506150 808
1506160 811
1506170 811
1506180 813
1506190 815
1506200 815
1506210 818
1506220 820
1506230 820
1506240 823
1506250 825
1506260 825
1506270 827
1506280 829
1506290 829
1506300 830
1506310 833
1506320 833
1506330 834
1506340 836
1506350 838
1506360 838
1506370 840
1506380 842
1506390 842
1506400 844
1506410 846
1506420 846
1506430 848
1506440 850
1506450 850
1506460 852
1506470 854
1506480 854
1506490 856
1506500 857
1506510 857
1506520 858
1506530 859
1506540 860
1506550 860
1506560 860
1506570 861
1506580 861
1506590 861
1506600 861
1506610 861
1506620 860
1506630 856
1506640 856
1506650 853
1506660 850
1506670 850
1506680 847
1506690 844
1506700 844
1506710 841
1506720 838
1506730 836
1506740 836
1506750 835
1506760 833
1506770 833
1506780 832
1506790 832
1506800 832
1506810 833
1506820 834
1506830 834
1506840 835
1506850 836
1506860 836
1506870 838
1506880 839
1506890 839
1506900 840
1506910 841
1506920 842
1506930 842
1506940 844
1506950 845
1506960 845
1506970 846
1506980 846
1506990 846
1507000 842
1507010 839
1507020 839
1507030 838
1507040 839
1507050 839
1507060 840
1507070 840
1507080 840
1507090 841
1507100 842
1507110 843
1507120 843
1507130 844
1507140 845
1507150 845
1507160 846
1507170 846
1507180 846
1507190 847
1507200 848
1507210 848
1507220 849
1507230 851
1507240 851
1507250 849
1507260 852
1507270 852
1507280 857
1507290 863
1507300 871
1507310 871
1507320 877
1507330 883
1507340 883
1507350 890
1507360 897
1507370 897
1507380 903
1507390 905
1507400 905
1507410 906
1507420 906
1507430 906
1507440 906
1507450 906
1507460 906
1507470 906
1507480 906
1507490 906
1507500 906
1507510 906
1507520 907
1507530 907
1507540 908
1507550 909
1507560 909
1507570 910
1507580 909
1507590 909
1507600 907
1507610 905
1507620 905
1507630 905
1507640 904
1507650 903
1507660 903
1507670 905
1507680 908
1507690 908
1507700 911
1507710 914
1507720 914
1507730 918
1507740 922
1507750 922
1507760 927
1507770 931
1507780 931
1507790 935
1507800 937
1507810 937
1507820 937
1507830 937
1507840 937
1507850 937
1507860 938
1507870 939
1507880 939
1507890 940
1507900 940
1507910 940
1507920 940
1507930 941
1507940 941
1507950 944
1507960 946
1507970 946
1507980 951
1507990 956
1508000 956
1508010 961
1508020 966
1508030 970
1508040 970
1508050 973
1508060 976
1508070 976
1508080 980
1508090 983
1508100 983
1508110 987
1508120 991
1508130 991
1508140 995
1508150 1000
1508160 1000
1508170 1005
1508180 1009
1508190 1009
1508200 1011
1508210 1012
1508220 1015
1508230 1015
1508240 1018
1508250 1021
1508260 1021
1508270 1026
1508280 1032
1508290 1032
1508300 1038
1508310 1046
1508320 1046
1508330 1054
1508340 1059
1508350 1059
1508360 1062
1508370 1067
1508380 1067
1508390 1070
1508400 1072
1508410 1073
1508420 1073
1508430 1076
1508440 1079
1508450 1079
1508460 1081
1508470 1082
1508480 1082
1508490 1086
1508500 1088
1508510 1088
1508520 1090
1508530 1093
1508540 1093
1508550 1096
1508560 1100
1508570 1100
1508580 1103
1508590 1107
1508600 1110
1508610 1110
1508620 1113
1508630 1116
1508640 1116
1508650 1119
1508660 1123
1508670 1123
1508680 1127
1508690 1130
1508700 1130
1508710 1131
1508720 1131
1508730 1131
1508740 1134
1508750 1138
1508760 1138
1508770 1147
1508780 1155
1508790 1164
1508800 1164
1508810 1172
1508820 1180
1508830 1180
1508840 1188
1508850 1194
1508860 1194
1508870 1199
1508880 1203
1508890 1203
1508900 1208
1508910 1213
1508920 1213
1508930 1219
1508940 1226
1508950 1226
1508960 1231
1508970 1237
1508980 1242
1508990 1242
1509000 1247
1509010 1252
1509020 1252
1509030 1258
1509040 1265
1509050 1265
1509060 1271
1509070 1279
1509080 1279
1509090 1286
1509100 1293
1509110 1293
1509120 1299
1509130 1305
1509140 1305
1509150 1311
1509160 1316
1509170 1321
1509180 1321
1509190 1327
1509200 1333
1509210 1333
1509220 1337
1509230 1341
1509240 1341
1509250 1345
1509260 1349
1509270 1349
1509280 1353
1509290 1358
1509300 1358
1509310 1363
1509320 1369
1509330 1369
1509340 1376
1509350 1383
1509360 1388
1509370 1388
1509380 1394
1509390 1398
1509400 1398
1509410 1402
1509420 1407
1509430 1407
1509440 1413
1509450 1420
1509460 1420
1509470 1428
1509480 1435
1509490 1435
1509500 1443
1509510 1449
1509520 1449
1509530 1455
1509540 1460
1509550 1465
1509560 1465
1509570 1471
1509580 1477
1509590 1477
1509600 1483
1509610 1489
1509620 1489
1509630 1497
1509640 1504
1509650 1504
1509660 1510
1509670 1515
1509680 1515
1509690 1518
1509700 1522
1509710 1522
1509720 1526
1509730 1529
1509740 1531
1509750 1531
1509760 1533
1509770 1535
1509780 1535
1509790 1538
1509800 1541
1509810 1541
1509820 1542
1509830 1543
1509840 1543
1509850 1543
1509860 1544
1509870 1544
1509880 1545
1509890 1545
1509900 1545
1509910 1544
1509920 1543
1509930 1542
1509940 1542
1509950 1542
1509960 1542
1509970 1542
1509980 1542
1509990 1543
1510000 1543
1510010 1543
1510020 1542
1510030 1542
1510040 1541
1510050 1538
1510060 1538
1510070 1533
1510080 1528
1510090 1528
1510100 1525
1510110 1523
1510120 1519
1510130 1519
1510140 1517
1510150 1516
1510160 1516
1510170 1515
1510180 1512
1510190 1512
1510200 1510
1510210 1509
1510220 1509
1510230 1508
1510240 1506
1510250 1506
1510260 1504
1510270 1502
1510280 1500
1510290 1500
1510300 1497
1510310 1494
1510320 1494
1510330 1490
1510340 1488
1510350 1488
1510360 1487
1510370 1486
1510380 1486
1510390 1485
1510400 1483
1510410 1483
1510420 1482
1510430 1480
1510440 1480
1510450 1479
1510460 1479
1510470 1479
1510480 1479
1510490 1477
1510500 1474
1510510 1474
1510520 1471
1510530 1467
1510540 1467
1510550 1464
1510560 1462
1510570 1462
1510580 1460
1510590 1458
1510600 1458
1510610 1455
1510620 1453
1510630 1453
1510640 1452
1510650 1452
1510660 1453
1510670 1453
1510680 1453
1510690 1452
1510700 1452
1510710 1451
1510720 1449
1510730 1449
1510740 1447
1510750 1445
1510760 1445
1510770 1444
1510780 1443
1510790 1443
1510800 1443
1510810 1443
1510820 1443
1510830 1442
1510840 1441
1510850 1439
1510860 1439
1510870 1437
1510880 1434
1510890 1434
1510900 1432
1510910 1430
1510920 1430
1510930 1428
1510940 1428
1510950 1428
1510960 1427
1510970 1425
1510980 1425
1510990 1424
1511000 1422
1511010 1422
1511020 1422
1511030 1423
1511040 1422
1511050 1422
1511060 1421
1511070 1419
1511080 1419
1511090 1417
1511100 1416
1511110 1416
1511120 1413
1511130 1411
1511140 1411
1511150 1409
1511160 1407
1511170 1407
1511180 1404
1511190 1401
1511200 1401
1511210 1398
1511220 1395
1511230 1392
1511240 1392
1511250 1388
1511260 1385
1511270 1385
1511280 1381
1511290 1378
1511300 1378
1511310 1374
1511320 1370
1511330 1370
1511340 1366
1511350 1362
1511360 1362
1511370 1357
1511380 1352
1511390 1352
1511400 1346
1511410 1341
1511420 1335
1511430 1335
1511440 1329
1511450 1323
1511460 1323
1511470 1317
1511480 1311
1511490 1311
1511500 1306
1511510 1302
1511520 1302
1511530 1299
1511540 1298
1511550 1298
1511560 1296
1511570 1294
1511580 1294
1511590 1291
1511600 1285
1511610 1283
1511620 1283
1511630 1279
1511640 1273
1511650 1273
1511660 1268
1511670 1263
1511680 1263
1511690 1259
1511700 1254
1511710 1254
1511720 1248
1511730 1242
1511740 1242
1511750 1237
1511760 1231
1511770 1231
1511780 1226
1511790 1219
1511800 1212
1511810 1212
1511820 1205
1511830 1198
1511840 1198
1511850 1195
1511860 1201
1511870 1201
1511880 1205
1511890 1207
1511900 1207
1511910 1207
1511920 1205
1511930 1205
1511940 1202
1511950 1200
1511960 1200
1511970 1201
1511980 1204
1511990 1206
1512000 1206
1512010 1206
1512020 1207
1512030 1207
1512040 1211
1512050 1214
1512060 1214
1512070 1215
1512080 1215
1512090 1215
1512100 1215
1512110 1215
1512120 1215
1512130 1215
1512140 1215
1512150 1215
1512160 1216
1512170 1217
1512180 1219
1512190 1219
1512200 1219
1512210 1221
1512220 1221
1512230 1222
1512240 1223
1512250 1223
1512260 1223
1512270 1223
1512280 1223
1512290 1224
1512300 1224
1512310 1224
1512320 1224
1512330 1223
1512340 1223
1512350 1222
1512360 1220
1512370 1219
1512380 1219
1512390 1218
1512400 1214
1512410 1214
1512420 1206
1512430 1198
1512440 1198
1512450 1191
1512460 1187
1512470 1187
1512480 1190
1512490 1195
1512500 1195
1512510 1198
1512520 1198
1512530 1198
1512540 1200
1512550 1202
1512560 1203
1512570 1203
1512580 1203
1512590 1203
1512600 1203
1512610 1204
1512620 1203
1512630 1203
1512640 1203
1512650 1202
1512660 1202
1512670 1200
1512680 1200
1512690 1200
1512700 1199
1512710 1197
1512720 1196
1512730 1196
1512740 1195
1512750 1194
1512760 1194
1512770 1192
1512780 1192
1512790 1192
1512800 1192
1512810 1192
1512820 1192
1512830 1191
1512840 1189
1512850 1189
1512860 1187
1512870 1186
1512880 1186
1512890 1184
1512900 1183
1512910 1180
1512920 1180
1512930 1178
1512940 1175
1512950 1175
1512960 1173
1512970 1171
1512980 1171
1512990 1170
1513000 1168
1513010 1168
1513020 1167
1513030 1164
1513040 1164
1513050 1159
1513060 1156
1513070 1156
1513080 1155
1513090 1153
1513100 1151
1513110 1151
1513120 1149
1513130 1148
1513140 1148
1513150 1144
1513160 1141
1513170 1141
1513180 1138
1513190 1134
1513200 1134
1513210 1130
1513220 1128
1513230 1128
1513240 1125
1513250 1122
1513260 1122
1513270 1117
1513280 1112
1513290 1109
1513300 1109
1513310 1106
1513320 1104
1513330 1104
1513340 1101
1513350 1095
1513360 1095
1513370 1088
1513380 1082
1513390 1082
1513400 1078
1513410 1071
1513420 1071
1513430 1065
1513440 1063
1513450 1063
1513460 1063
1513470 1064
1513480 1065
1513490 1065
1513500 1065
1513510 1065
1513520 1065
1513530 1066
1513540 1067
1513550 1067
1513560 1069
1513570 1070
1513580 1070
1513590 1072
1513600 1073
1513610 1073
1513620 1075
1513630 1077
1513640 1077
1513650 1078
1513660 1081
1513670 1084
1513680 1084
1513690 1088
1513700 1092
1513710 1092
1513720 1096
1513730 1101
1513740 1101
1513750 1105
1513760 1108
1513770 1108
1513780 1110
1513790 1113
1513800 1113
1513810 1116
1513820 1119
1513830 1119
1513840 1121
1513850 1123
1513860 1125
1513870 1125
1513880 1127
1513890 1129
1513900 1129
1513910 1132
1513920 1136
1513930 1136
1513940 1139
1513950 1143
1513960 1143
1513970 1147
1513980 1152
1513990 1152
1514000 1157
1514010 1162
1514020 1162
1514030 1167
1514040 1172
1514050 1177
1514060 1177
1514070 1184
1514080 1191
1514090 1191
1514100 1197
1514110 1201
1514120 1201
1514130 1208
1514140 1215
1514150 1215
1514160 1222
1514170 1228
1514180 1228
1514190 1235
1514200 1242
1514210 1242
1514220 1249
1514230 1256
1514240 1264
1514250 1264
1514260 1271
1514270 1278
1514280 1278
1514290 1285
1514300 1291
1514310 1291
1514320 1298
1514330 1305
1514340 1305
1514350 1310
1514360 1315
1514370 1315
1514380 1320
1514390 1324
1514400 1324
1514410 1328
1514420 1331
1514430 1333
1514440 1333
1514450 1335
1514460 1338
1514470 1338
1514480 1342
1514490 1346
1514500 1346
1514510 1349
1514520 1352
1514530 1352
1514540 1354
1514550 1357
1514560 1357
1514570 1359
1514580 1360
1514590 1360
1514600 1362
1514610 1363
1514620 1365
1514630 1365
1514640 1367
1514650 1371
1514660 1371
1514670 1376
1514680 1380
1514690 1380
1514700 1388
1514710 1394
1514720 1394
1514730 1398
1514740 1402
1514750 1402
1514760 1406
1514770 1409
1514780 1409
1514790 1414
1514800 1418
1514810 1422
1514820 1422
1514830 1426
1514840 1430
1514850 1427
1514860 1431
1514870 1434
1514880 1434
1514890 1438
1514900 1442
1514910 1442
1514920 1446
1514930 1451
1514940 1451
1514950 1455
1514960 1460
1514970 1460
1514980 1464
1514990 1468
1515000 1473
1515010 1473
1515020 1478
1515030 1483
1515040 1483
1515050 1488
1515060 1492
1515070 1492
1515080 1496
1515090 1501
1515100 1501
1515110 1505
1515120 1510
1515130 1510
1515140 1515
1515150 1519
1515160 1519
1515170 1524
1515180 1529
1515190 1533
1515200 1533
1515210 1538
1515220 1542
1515230 1542
1515240 1547
1515250 1552
1515260 1552
1515270 1557
1515280 1560
1515290 1560
1515300 1562
1515310 1565
1515320 1565
1515330 1567
1515340 1569
1515350 1572
1515360 1572
1515370 1575
1515380 1579
1515390 1579
1515400 1581
1515410 1583
1515420 1583
1515430 1584
1515440 1584
1515450 1584
1515460 1585
1515470 1587
1515480 1587
1515490 1589
1515500 1592
1515510 1592
1515520 1593
1515530 1594
1515540 1594
1515550 1594
1515560 1593
1515570 1593
1515580 1593
1515590 1593
1515600 1594
1515610 1594
1515620 1596
1515630 1598
1515640 1598
1515650 1600
1515660 1604
1515670 1604
1515680 1607
1515690 1611
1515700 1611
1515710 1614
1515720 1616
1515730 1618
1515740 1618
1515750 1621
1515760 1623
1515770 1623
1515780 1625
1515790 1629
1515800 1629
1515810 1631
1515820 1632
1515830 1632
1515840 1636
1515850 1643
1515860 1643
1515870 1648
1515880 1651
1515890 1651
1515900 1654
1515910 1655
1515920 1656
1515930 1656
1515940 1658
1515950 1661
1515960 1661
1515970 1664
1515980 1667
1515990 1667
1516000 1669
1516010 1672
1516020 1672
1516030 1674
1516040 1675
1516050 1675
1516060 1678
1516070 1678
1516080 1678
1516090 1678
1516100 1679
1516110 1682
1516120 1682
1516130 1683
1516140 1684
1516150 1684
1516160 1685
1516170 1687
1516180 1687
1516190 1689
1516200 1692
1516210 1692
1516220 1696
1516230 1701
1516240 1701
1516250 1705
1516260 1709
1516270 1709
1516280 1711
1516290 1714
1516300 1720
1516310 1720
1516320 1724
1516330 1728
1516340 1728
1516350 1732
1516360 1735
1516370 1735
1516380 1739
1516390 1743
1516400 1743
1516410 1744
1516420 1746
1516430 1746
1516440 1752
1516450 1757
1516460 1757
1516470 1761
1516480 1766
1516490 1770
1516500 1770
1516510 1773
1516520 1777
1516530 1777
1516540 1783
1516550 1788
1516560 1788
1516570 1791
1516580 1795
1516590 1795
1516600 1797
1516610 1800
1516620 1800
1516630 1802
1516640 1804
1516650 1804
1516660 1805
1516670 1806
1516680 1807
1516690 1807
1516700 1808
1516710 1808
1516720 1808
1516730 1808
1516740 1808
1516750 1808
1516760 1808
1516770 1807
1516780 1807
1516790 1807
1516800 1807
1516810 1807
1516820 1806
1516830 1805
1516840 1805
1516850 1803
1516860 1800
1516870 1799
1516880 1799
1516890 1797
1516900 1795
1516910 1795
1516920 1793
1516930 1791
1516940 1791
1516950 1789
1516960 1787
1516970 1787
1516980 1784
1516990 1781
1517000 1781
1517010 1778
1517020 1776
1517030 1776
1517040 1773
1517050 1770
1517060 1766
1517070 1766
1517080 1764
1517090 1760
1517100 1760
1517110 1757
1517120 1752
1517130 1752
1517140 1748
1517150 1743
1517160 1743
1517170 1738
1517180 1731
1517190 1731
1517200 1726
1517210 1722
1517220 1722
1517230 1718
1517240 1712
1517250 1708
1517260 1708
1517270 1705
1517280 1702
1517290 1702
1517300 1700
1517310 1697
1517320 1697
1517330 1695
1517340 1694
1517350 1694
1517360 1691
1517370 1689
1517380 1689
1517390 1686
1517400 1683
1517410 1683
1517420 1682
1517430 1679
1517440 1676
1517450 1676
1517460 1674
1517470 1673
1517480 1673
1517490 1671
1517500 1670
1517510 1670
1517520 1668
1517530 1666
1517540 1666
1517550 1663
1517560 1661
1517570 1661
1517580 1660
1517590 1658
1517600 1658
1517610 1656
1517620 1653
1517630 1649
1517640 1649
1517650 1644
1517660 1637
1517670 1637
1517680 1631
1517690 1628
1517700 1628
1517710 1630
1517720 1632
1517730 1632
1517740 1631
1517750 1630
1517760 1630
1517770 1628
1517780 1626
1517790 1626
1517800 1623
1517810 1622
1517820 1621
1517830 1621
1517840 1619
1517850 1617
1517860 1617
1517870 1614
1517880 1609
1517890 1609
1517900 1605
1517910 1601
1517920 1601
1517930 1597
1517940 1593
1517950 1593
1517960 1591
1517970 1588
1517980 1585
1517990 1585
1518000 1582
1518010 1579
1518020 1579
1518030 1576
1518040 1572
1518050 1572
1518060 1568
1518070 1564
1518080 1564
1518090 1561
1518100 1558
1518110 1558
1518120 1555
1518130 1555
1518140 1555
1518150 1555
1518160 1556
1518170 1559
1518180 1559
1518190 1562
1518200 1563
1518210 1563
1518220 1566
1518230 1570
1518240 1570
1518250 1574
1518260 1577
1518270 1577
1518280 1580
1518290 1584
1518300 1584
1518310 1588
1518320 1593
1518330 1593
1518340 1599
1518350 1604
1518360 1609
1518370 1609
1518380 1614
1518390 1619
1518400 1619
1518410 1624
1518420 1629
1518430 1629
1518440 1634
1518450 1640
1518460 1640
1518470 1647
1518480 1653
1518490 1653
1518500 1659
1518510 1664
1518520 1664
1518530 1669
1518540 1675
1518550 1680
1518560 1680
1518570 1684
1518580 1690
1518590 1690
1518600 1697
1518610 1704
1518620 1704
1518630 1709
1518640 1716
1518650 1716
1518660 1722
1518670 1729
1518680 1729
1518690 1733
1518700 1740
1518710 1740
1518720 1747
1518730 1756
1518740 1760
1518750 1760
1518760 1765
1518770 1771
1518780 1776
1518790 1781
1518800 1786
1518810 1786
1518820 1791
1518830 1795
1518840 1795
1518850 1799
1518860 1804
1518870 1804
1518880 1808
1518890 1812
1518900 1812
1518910 1816
1518920 1819
1518930 1821
1518940 1821
1518950 1824
1518960 1826
1518970 1826
1518980 1828
1518990 1828
1519000 1828
1519010 1829
1519020 1830
1519030 1830
1519040 1830
1519050 1828
1519060 1828
1519070 1828
1519080 1832
1519090 1832
1519100 1837
1519110 1841
1519120 1846
1519130 1846
1519140 1850
1519150 1855
1519160 1855
1519170 1859
1519180 1863
1519190 1863
1519200 1867
1519210 1871
1519220 1871
1519230 1876
1519240 1880
1519250 1880
1519260 1884
1519270 1888
1519280 1888
1519290 1893
1519300 1897
1519310 1902
1519320 1902
1519330 1907
1519340 1911
1519350 1911
1519360 1915
1519370 1919
1519380 1919
1519390 1923
1519400 1926
1519410 1926
1519420 1930
1519430 1934
1519440 1934
1519450 1938
1519460 1942
1519470 1942
1519480 1945
1519490 1948
1519500 1952
1519510 1952
1519520 1955
1519530 1958
1519540 1958
1519550 1961
1519560 1964
1519570 1964
1519580 1967
1519590 1970
1519600 1970
1519610 1973
1519620 1977
1519630 1977
1519640 1980
1519650 1983
1519660 1983
1519670 1986
1519680 1988
1519690 1991
1519700 1991
1519710 1994
1519720 1996
1519730 1996
1519740 1997
1519750 1998
1519760 1998
1519770 1999
1519780 2001
1519790 2001
1519800 2003
1519810 2006
1519820 2006
1519830 2010
1519840 2012
1519850 2012
1519860 2012
1519870 2013
1519880 2013
1519890 2013
1519900 2014
1519910 2014
1519920 2014
1519930 2014
1519940 2014
1519950 2014
1519960 2014
1519970 2014
1519980 2014
1519990 2014
