1500000 1684
1500010 1699
1500020 1711
1500030 1711
1500040 1725
1500050 1737
1500060 1749
1500070 1749
1500080 1757
1500090 1760
1500100 1760
1500110 1761
1500120 1761
1500130 1761
1500140 1760
1500150 1760
1500160 1760
1500170 1762
1500180 1764
1500190 1764
1500200 1773
1500210 1775
1500220 1775
1500230 1776
1500240 1778
1500250 1782
1500260 1782
1500270 1786
1500280 1791
1500290 1791
1500300 1795
1500310 1799
1500320 1799
1500330 1803
1500340 1804
1500350 1804
1500360 1802
1500370 1800
1500380 1800
1500390 1797
1500400 1796
1500410 1796
1500420 1796
1500430 1792
1500440 1786
1500450 1786
1500460 1781
1500470 1776
1500480 1776
1500490 1771
1500500 1766
1500510 1766
1500520 1762
1500530 1758
1500540 1758
1500550 1753
1500560 1747
1500570 1747
1500580 1741
1500590 1735
1500600 1735
1500610 1729
1500620 1724
1500630 1718
1500640 1718
1500650 1713
1500660 1707
1500670 1707
1500680 1702
1500690 1697
1500700 1697
1500710 1693
1500720 1688
1500730 1688
1500740 1682
1500750 1677
1500760 1677
1500770 1671
1500780 1667
1500790 1667
1500800 1664
1500810 1661
1500820 1658
1500830 1658
1500840 1655
1500850 1653
1500860 1653
1500870 1651
1500880 1647
1500890 1647
1500900 1644
1500910 1640
1500920 1640
1500930 1635
1500940 1631
1500950 1631
1500960 1629
1500970 1627
1500980 1627
1500990 1626
1501000 1625
1501010 1623
1501020 1623
1501030 1621
1501040 1618
1501050 1618
1501060 1615
1501070 1611
1501080 1611
1501090 1608
1501100 1606
1501110 1606
1501120 1603
1501130 1600
1501140 1600
1501150 1597
1501160 1595
1501170 1595
1501180 1592
1501190 1590
1501200 1587
1501210 1587
1501220 1585
1501230 1583
1501240 1583
1501250 1583
1501260 1582
1501270 1582
1501280 1583
1501290 1583
1501300 1583
1501310 1583
1501320 1583
1501330 1583
1501340 1582
1501350 1581
1501360 1581
1501370 1578
1501380 1575
1501390 1573
1501400 1573
1501410 1570
1501420 1567
1501430 1567
1501440 1565
1501450 1562
1501460 1562
1501470 1560
1501480 1557
1501490 1557
1501500 1554
1501510 1551
1501520 1551
1501530 1548
1501540 1546
1501550 1546
1501560 1543
1501570 1541
1501580 1538
1501590 1538
1501600 1535
1501610 1532
1501620 1532
1501630 1529
1501640 1525
1501650 1525
1501660 1522
1501670 1518
1501680 1518
1501690 1515
1501700 1511
1501710 1511
1501720 1507
1501730 1504
1501740 1504
1501750 1501
1501760 1498
1501770 1495
1501780 1495
1501790 1493
1501800 1491
1501810 1491
1501820 1489
1501830 1487
1501840 1487
1501850 1485
1501860 1484
1501870 1484
1501880 1483
1501890 1482
1501900 1482
1501910 1483
1501920 1482
1501930 1482
1501940 1479
1501950 1475
1501960 1471
1501970 1471
1501980 1466
1501990 1461
1502000 1461
1502010 1457
1502020 1451
1502030 1451
1502040 1447
1502050 1444
1502060 1444
1502070 1440
1502080 1437
1502090 1437
1502100 1434
1502110 1434
1502120 1434
1502130 1435
1502140 1433
1502150 1431
1502160 1431
1502170 1427
1502180 1424
1502190 1424
1502200 1419
1502210 1415
1502220 1415
1502230 1409
1502240 1405
1502250 1405
1502260 1401
1502270 1398
1502280 1398
1502290 1394
1502300 1391
1502310 1391
1502320 1389
1502330 1387
1502340 1384
1502350 1384
1502360 1382
1502370 1380
1502380 1380
1502390 1378
1502400 1376
1502410 1376
1502420 1373
1502430 1371
1502440 1371
1502450 1369
1502460 1367
1502470 1367
1502480 1365
1502490 1364
1502500 1364
1502510 1362
1502520 1360
1502530 1358
1502540 1358
1502550 1355
1502560 1352
1502570 1352
1502580 1350
1502590 1348
1502600 1348
1502610 1346
1502620 1344
1502630 1344
1502640 1343
1502650 1342
1502660 1342
1502670 1340
1502680 1338
1502690 1338
1502700 1335
1502710 1332
1502720 1330
1502730 1330
1502740 1327
1502750 1325
1502760 1325
1502770 1323
1502780 1322
1502790 1322
1502800 1321
1502810 1320
1502820 1320
1502830 1320
1502840 1319
1502850 1319
1502860 1318
1502870 1317
1502880 1317
1502890 1316
1502900 1315
1502910 1313
1502920 1313
1502930 1311
1502940 1309
1502950 1309
1502960 1306
1502970 1303
1502980 1303
1502990 1301
1503000 1299
1503010 1299
1503020 1297
1503030 1294
1503040 1294
1503050 1290
1503060 1287
1503070 1287
1503080 1283
1503090 1282
1503100 1282
1503110 1282
1503120 1282
1503130 1280
1503140 1280
1503150 1279
1503160 1278
1503170 1278
1503180 1276
1503190 1275
1503200 1275
1503210 1274
1503220 1272
1503230 1272
1503240 1271
1503250 1270
1503260 1270
1503270 1268
1503280 1267
1503290 1265
1503300 1265
1503310 1264
1503320 1264
1503330 1264
1503340 1263
1503350 1262
1503360 1262
1503370 1260
1503380 1259
1503390 1259
1503400 1257
1503410 1256
1503420 1256
1503430 1255
1503440 1253
1503450 1253
1503460 1251
1503470 1248
1503480 1248
1503490 1245
1503500 1242
1503510 1240
1503520 1240
1503530 1237
1503540 1235
1503550 1235
1503560 1232
1503570 1229
1503580 1229
1503590 1226
1503600 1221
1503610 1221
1503620 1218
1503630 1216
1503640 1216
1503650 1214
1503660 1212
1503670 1212
1503680 1210
1503690 1207
1503700 1205
1503710 1205
1503720 1204
1503730 1203
1503740 1203
1503750 1203
1503760 1202
1503770 1202
1503780 1201
1503790 1199
1503800 1199
1503810 1197
1503820 1194
1503830 1194
1503840 1191
1503850 1187
1503860 1187
1503870 1183
1503880 1179
1503890 1177
1503900 1177
1503910 1174
1503920 1170
1503930 1170
1503940 1166
1503950 1162
1503960 1162
1503970 1158
1503980 1154
1503990 1154
1504000 1151
1504010 1146
1504020 1146
1504030 1140
1504040 1135
1504050 1135
1504060 1133
1504070 1132
1504080 1130
1504090 1130
1504100 1128
1504110 1126
1504120 1126
1504130 1124
1504140 1122
1504150 1122
1504160 1119
1504170 1116
1504180 1116
1504190 1113
1504200 1110
1504210 1110
1504220 1107
1504230 1103
1504240 1103
1504250 1099
1504260 1096
1504270 1092
1504280 1092
1504290 1088
1504300 1084
1504310 1084
1504320 1080
1504330 1076
1504340 1076
1504350 1073
1504360 1068
1504370 1068
1504380 1065
1504390 1061
1504400 1061
1504410 1057
1504420 1053
1504430 1053
1504440 1049
1504450 1045
1504460 1041
1504470 1041
1504480 1036
1504490 1031
1504500 1031
1504510 1027
1504520 1024
1504530 1024
1504540 1021
1504550 1019
1504560 1019
1504570 1016
1504580 1013
1504590 1013
1504600 1009
1504610 1005
1504620 1005
1504630 1002
1504640 998
1504650 994
1504660 994
1504670 990
1504680 985
1504690 985
1504700 981
1504710 976
1504720 976
1504730 972
1504740 968
1504750 968
1504760 965
1504770 961
1504780 961
1504790 957
1504800 954
1504810 954
1504820 949
1504830 945
1504840 942
1504850 942
1504860 940
1504870 938
1504880 938
1504890 936
1504900 934
1504910 934
1504920 929
1504930 925
1504940 925
1504950 920
1504960 915
1504970 915
1504980 911
1504990 907
1505000 907
1505010 903
1505020 899
1505030 896
1505040 896
1505050 892
1505060 889
1505070 889
1505080 885
1505090 882
1505100 882
1505110 880
1505120 878
1505130 878
1505140 876
1505150 874
1505160 874
1505170 871
1505180 868
1505190 868
1505200 866
1505210 863
1505220 861
1505230 861
1505240 859
1505250 858
1505260 858
1505270 855
1505280 852
1505290 852
1505300 848
1505310 844
1505320 844
1505330 840
1505340 836
1505350 836
1505360 832
1505370 828
1505380 828
1505390 826
1505400 822
1505410 817
1505420 817
1505430 814
1505440 811
1505450 811
1505460 807
1505470 803
1505480 803
1505490 799
1505500 793
1505510 793
1505520 788
1505530 784
1505540 784
1505550 780
1505560 776
1505570 776
1505580 773
1505590 771
1505600 768
1505610 768
1505620 766
1505630 765
1505640 765
1505650 763
1505660 762
1505670 762
1505680 760
1505690 758
1505700 758
1505710 757
1505720 755
1505730 755
1505740 753
1505750 750
1505760 750
1505770 748
1505780 747
1505790 747
1505800 747
1505810 748
1505820 749
1505830 749
1505840 750
1505850 750
1505860 750
1505870 750
1505880 750
1505890 750
1505900 750
1505910 750
1505920 750
1505930 749
1505940 749
1505950 749
1505960 749
1505970 749
1505980 749
1505990 749
1506000 749
1506010 749
1506020 749
1506030 749
1506040 749
1506050 749
1506060 749
1506070 749
1506080 749
1506090 749
1506100 749
1506110 749
1506120 749
1506130 749
1506140 749
1506150 749
1506160 749
1506170 749
1506180 749
1506190 749
1506200 750
1506210 750
1506220 750
1506230 750
1506240 750
1506250 750
1506260 750
1506270 750
1506280 750
1506290 750
1506300 750
1506310 750
1506320 750
1506330 750
1506340 750
1506350 750
1506360 750
1506370 750
1506380 750
1506390 750
1506400 750
1506410 750
1506420 751
1506430 751
1506440 752
1506450 753
1506460 753
1506470 755
1506480 755
1506490 755
1506500 758
1506510 760
1506520 760
1506530 761
1506540 763
1506550 767
1506560 767
1506570 773
1506580 778
1506590 778
1506600 784
1506610 789
1506620 789
1506630 795
1506640 800
1506650 800
1506660 805
1506670 811
1506680 811
1506690 817
1506700 822
1506710 822
1506720 828
1506730 833
1506740 836
1506750 836
1506760 837
1506770 838
1506780 838
1506790 842
1506800 847
1506810 847
1506820 852
1506830 857
1506840 857
1506850 860
1506860 861
1506870 860
1506880 861
1506890 861
1506900 861
1506910 862
1506920 862
1506930 862
1506940 862
1506950 862
1506960 863
1506970 863
1506980 863
1506990 863
1507000 863
1507010 864
1507020 864
1507030 864
1507040 864
1507050 865
1507060 865
1507070 865
1507080 865
1507090 865
1507100 865
1507110 866
1507120 867
1507130 867
1507140 867
1507150 867
1507160 867
1507170 867
1507180 867
1507190 867
1507200 868
1507210 868
1507220 868
1507230 868
1507240 868
1507250 868
1507260 869
1507270 869
1507280 869
1507290 869
1507300 870
1507310 870
1507320 870
1507330 871
1507340 873
1507350 873
1507360 875
1507370 877
1507380 877
1507390 880
1507400 883
1507410 883
1507420 887
1507430 891
1507440 891
1507450 894
1507460 898
1507470 898
1507480 902
1507490 906
1507500 906
1507510 909
1507520 913
1507530 917
1507540 917
1507550 924
1507560 930
1507570 930
1507580 937
1507590 944
1507600 944
1507610 951
1507620 959
1507630 959
1507640 966
1507650 970
1507660 970
1507670 975
1507680 979
1507690 979
1507700 983
1507710 986
1507720 990
1507730 990
1507740 995
1507750 999
1507760 999
1507770 1002
1507780 1005
1507790 1005
1507800 1008
1507810 1011
1507820 1011
1507830 1013
1507840 1014
1507850 1014
1507860 1015
1507870 1016
1507880 1016
1507890 1015
1507900 1014
1507910 1014
1507920 1014
1507930 1012
1507940 1012
1507950 1012
1507960 1011
1507970 1010
1507980 1010
1507990 1010
1508000 1009
1508010 1009
1508020 1008
1508030 1007
1508040 1007
1508050 1005
1508060 1004
1508070 1004
1508080 1002
1508090 1001
1508100 1000
1508110 1000
1508120 998
1508130 996
1508140 996
1508150 995
1508160 993
1508170 993
1508180 991
1508190 989
1508200 989
1508210 988
1508220 987
1508230 987
1508240 986
1508250 984
1508260 984
1508270 982
1508280 979
1508290 976
1508300 976
1508310 974
1508320 971
1508330 971
1508340 969
1508350 967
1508360 967
1508370 965
1508380 961
1508390 961
1508400 957
1508410 954
1508420 954
1508430 951
1508440 948
1508450 948
1508460 945
1508470 941
1508480 939
1508490 939
1508500 938
1508510 937
1508520 937
1508530 936
1508540 934
1508550 934
1508560 934
1508570 933
1508580 933
1508590 933
1508600 931
1508610 931
1508620 929
1508630 927
1508640 927
1508650 927
1508660 926
1508670 926
1508680 926
1508690 926
1508700 925
1508710 925
1508720 925
1508730 924
1508740 924
1508750 925
1508760 927
1508770 927
1508780 928
1508790 931
1508800 931
1508810 933
1508820 934
1508830 934
1508840 935
1508850 936
1508860 937
1508870 937
1508880 937
1508890 938
1508900 938
1508910 938
1508920 939
1508930 939
1508940 940
1508950 941
1508960 941
1508970 943
1508980 944
1508990 944
1509000 946
1509010 947
1509020 947
1509030 948
1509040 949
1509050 950
1509060 950
1509070 952
1509080 953
1509090 953
1509100 952
1509110 953
1509120 953
1509130 953
1509140 953
1509150 953
1509160 953
1509170 953
1509180 953
1509190 952
1509200 949
1509210 949
1509220 945
1509230 942
1509240 938
1509250 938
1509260 933
1509270 930
1509280 930
1509290 927
1509300 926
1509310 926
1509320 923
1509330 920
1509340 920
1509350 916
1509360 911
1509370 911
1509380 907
1509390 900
1509400 900
1509410 893
1509420 887
1509430 882
1509440 882
1509450 879
1509460 875
1509470 875
1509480 870
1509490 866
1509500 866
1509510 863
1509520 857
1509530 857
1509540 851
1509550 845
1509560 845
1509570 840
1509580 834
1509590 834
1509600 829
1509610 822
1509620 814
1509630 814
1509640 809
1509650 804
1509660 804
1509670 798
1509680 794
1509690 794
1509700 790
1509710 786
1509720 786
1509730 785
1509740 784
1509750 784
1509760 782
1509770 782
1509780 782
1509790 782
1509800 784
1509810 785
1509820 785
1509830 785
1509840 786
1509850 786
1509860 786
1509870 787
1509880 787
1509890 791
1509900 795
1509910 795
1509920 800
1509930 806
1509940 806
1509950 810
1509960 812
1509970 812
1509980 812
1509990 812
1510000 812
1510010 812
1510020 811
1510030 809
1510040 809
1510050 809
1510060 808
1510070 808
1510080 809
1510090 810
1510100 810
1510110 811
1510120 809
1510130 809
1510140 808
1510150 809
1510160 809
1510170 811
1510180 813
1510190 816
1510200 816
1510210 818
1510220 821
1510230 821
1510240 824
1510250 825
1510260 825
1510270 826
1510280 834
1510290 834
1510300 841
1510310 843
1510320 843
1510330 845
1510340 847
1510350 847
1510360 850
1510370 853
1510380 855
1510390 855
1510400 859
1510410 863
1510420 863
1510430 867
1510440 869
1510450 869
1510460 871
1510470 874
1510480 874
1510490 878
1510500 882
1510510 882
1510520 886
1510530 888
1510540 888
1510550 890
1510560 892
1510570 896
1510580 896
1510590 901
1510600 907
1510610 907
1510620 914
1510630 918
1510640 918
1510650 922
1510660 925
1510670 925
1510680 928
1510690 930
1510700 930
1510710 933
1510720 935
1510730 935
1510740 937
1510750 939
1510760 942
1510770 942
1510780 944
1510790 946
1510800 946
1510810 947
1510820 948
1510830 948
1510840 948
1510850 948
1510860 948
1510870 948
1510880 947
1510890 947
1510900 947
1510910 947
1510920 947
1510930 947
1510940 946
1510950 946
1510960 945
1510970 944
1510980 943
1510990 943
1511000 941
1511010 940
1511020 940
1511030 939
1511040 939
1511050 939
1511060 937
1511070 935
1511080 935
1511090 932
1511100 927
1511110 927
1511120 922
1511130 918
1511140 918
1511150 913
1511160 908
1511170 903
1511180 903
1511190 899
1511200 895
1511210 895
1511220 890
1511230 884
1511240 884
1511250 879
1511260 874
1511270 874
1511280 870
1511290 864
1511300 864
1511310 855
1511320 843
1511330 843
1511340 835
1511350 831
1511360 829
1511370 829
1511380 831
1511390 832
1511400 832
1511410 832
1511420 833
1511430 833
1511440 835
1511450 834
1511460 834
1511470 837
1511480 842
1511490 842
1511500 846
1511510 849
1511520 849
1511530 852
1511540 855
1511550 858
1511560 858
1511570 862
1511580 865
1511590 865
1511600 868
1511610 872
1511620 872
1511630 875
1511640 876
1511650 876
1511660 878
1511670 879
1511680 879
1511690 879
1511700 880
1511710 880
1511720 880
1511730 880
1511740 882
1511750 882
1511760 883
1511770 885
1511780 885
1511790 886
1511800 887
1511810 887
1511820 888
1511830 888
1511840 888
1511850 889
1511860 890
1511870 890
1511880 890
1511890 892
1511900 892
1511910 893
1511920 894
1511930 894
1511940 894
1511950 895
1511960 897
1511970 900
1511980 903
1511990 905
1512000 905
1512010 907
1512020 909
1512030 909
1512040 910
1512050 912
1512060 912
1512070 914
1512080 918
1512090 918
1512100 921
1512110 924
1512120 927
1512130 927
1512140 931
1512150 934
1512160 934
1512170 936
1512180 938
1512190 938
1512200 941
1512210 943
1512220 943
1512230 944
1512240 944
1512250 944
1512260 945
1512270 945
1512280 945
1512290 944
1512300 943
1512310 943
1512320 943
1512330 943
1512340 943
1512350 943
1512360 942
1512370 942
1512380 942
1512390 944
1512400 948
1512410 948
1512420 954
1512430 960
1512440 960
1512450 961
1512460 961
1512470 961
1512480 961
1512490 960
1512500 957
1512510 957
1512520 954
1512530 953
1512540 953
1512550 954
1512560 953
1512570 953
1512580 952
1512590 949
1512600 949
1512610 945
1512620 943
1512630 943
1512640 940
1512650 939
1512660 939
1512670 936
1512680 936
1512690 936
1512700 936
1512710 936
1512720 937
1512730 937
1512740 938
1512750 939
1512760 939
1512770 940
1512780 941
1512790 941
1512800 942
1512810 943
1512820 943
1512830 945
1512840 945
1512850 945
1512860 946
1512870 948
1512880 948
1512890 948
1512900 948
1512910 949
1512920 949
1512930 950
1512940 951
1512950 951
1512960 951
1512970 951
1512980 951
1512990 952
1513000 954
1513010 954
1513020 955
1513030 957
1513040 957
1513050 959
1513060 961
1513070 963
1513080 963
1513090 965
1513100 966
1513110 966
1513120 967
1513130 970
1513140 970
1513150 972
1513160 974
1513170 974
1513180 976
1513190 978
1513200 978
1513210 980
1513220 984
1513230 984
1513240 986
1513250 988
1513260 991
1513270 991
1513280 993
1513290 995
1513300 995
1513310 999
1513320 1003
1513330 1003
1513340 1006
1513350 1008
1513360 1008
1513370 1009
1513380 1009
1513390 1009
1513400 1014
1513410 1017
1513420 1017
1513430 1019
1513440 1021
1513450 1022
1513460 1022
1513470 1023
1513480 1027
1513490 1027
1513500 1028
1513510 1028
1513520 1028
1513530 1030
1513540 1032
1513550 1032
1513560 1037
1513570 1037
1513580 1037
1513590 1037
1513600 1040
1513610 1040
1513620 1043
1513630 1043
1513640 1045
1513650 1045
1513660 1049
1513670 1047
1513680 1047
1513690 1048
1513700 1051
1513710 1051
1513720 1055
1513730 1060
1513740 1060
1513750 1061
1513760 1061
1513770 1061
1513780 1062
1513790 1063
1513800 1063
1513810 1062
1513820 1064
1513830 1069
1513840 1069
1513850 1073
1513860 1074
1513870 1074
1513880 1074
1513890 1074
1513900 1074
1513910 1074
1513920 1072
1513930 1072
1513940 1069
1513950 1070
1513960 1070
1513970 1074
1513980 1076
1513990 1076
1514000 1081
1514010 1086
1514020 1090
1514030 1090
1514040 1092
1514050 1094
1514060 1094
1514070 1095
1514080 1097
1514090 1097
1514100 1098
1514110 1099
1514120 1099
1514130 1098
1514140 1094
1514150 1094
1514160 1088
1514170 1083
1514180 1083
1514190 1081
1514200 1085
1514210 1087
1514220 1087
1514230 1088
1514240 1086
1514250 1086
1514260 1081
1514270 1079
1514280 1079
1514290 1077
1514300 1078
1514310 1078
1514320 1077
1514330 1076
1514340 1076
1514350 1078
1514360 1081
1514370 1081
1514380 1083
1514390 1083
1514400 1083
1514410 1083
1514420 1084
1514430 1085
1514440 1085
1514450 1086
1514460 1087
1514470 1087
1514480 1089
1514490 1091
1514500 1091
1514510 1091
1514520 1090
1514530 1090
1514540 1090
1514550 1091
1514560 1091
1514570 1092
1514580 1092
1514590 1092
1514600 1092
1514610 1093
1514620 1094
1514630 1094
1514640 1096
1514650 1097
1514660 1097
1514670 1098
1514680 1103
1514690 1103
1514700 1104
1514710 1104
1514720 1104
1514730 1104
1514740 1105
1514750 1105
1514760 1106
1514770 1107
1514780 1108
1514790 1108
1514800 1110
1514810 1113
1514820 1113
1514830 1115
1514840 1118
1514850 1118
1514860 1121
1514870 1124
1514880 1124
1514890 1128
1514900 1134
1514910 1134
1514920 1139
1514930 1145
1514940 1145
1514950 1147
1514960 1148
1514970 1150
1514980 1150
1514990 1150
1515000 1157
1515010 1157
1515020 1165
1515030 1171
1515040 1171
1515050 1176
1515060 1182
1515070 1182
1515080 1187
1515090 1193
1515100 1193
1515110 1198
1515120 1204
1515130 1204
1515140 1211
1515150 1216
1515160 1220
1515170 1220
1515180 1225
1515190 1231
1515200 1231
1515210 1234
1515220 1238
1515230 1238
1515240 1244
1515250 1249
1515260 1249
1515270 1255
1515280 1260
1515290 1260
1515300 1264
1515310 1269
1515320 1269
1515330 1276
1515340 1283
1515350 1288
1515360 1288
1515370 1292
1515380 1298
1515390 1298
1515400 1306
1515410 1312
1515420 1312
1515430 1317
1515440 1322
1515450 1322
1515460 1329
1515470 1334
1515480 1334
1515490 1340
1515500 1346
1515510 1346
1515520 1352
1515530 1358
1515540 1364
1515550 1364
1515560 1370
1515570 1376
1515580 1376
1515590 1381
1515600 1387
1515610 1387
1515620 1394
1515630 1402
1515640 1402
1515650 1409
1515660 1415
1515670 1415
1515680 1421
1515690 1427
1515700 1427
1515710 1433
1515720 1439
1515730 1445
1515740 1445
1515750 1450
1515760 1455
1515770 1455
1515780 1461
1515790 1467
1515800 1467
1515810 1472
1515820 1477
1515830 1477
1515840 1482
1515850 1487
1515860 1487
1515870 1493
1515880 1498
1515890 1498
1515900 1503
1515910 1509
1515920 1509
1515930 1514
1515940 1519
1515950 1525
1515960 1525
1515970 1528
1515980 1529
1515990 1529
1516000 1530
1516010 1532
1516020 1532
1516030 1534
1516040 1536
1516050 1536
1516060 1539
1516070 1540
1516080 1540
1516090 1541
1516100 1542
1516110 1542
1516120 1543
1516130 1543
1516140 1544
1516150 1544
1516160 1544
1516170 1544
1516180 1544
1516190 1543
1516200 1543
1516210 1543
1516220 1541
1516230 1540
1516240 1540
1516250 1538
1516260 1537
1516270 1537
1516280 1536
1516290 1535
1516300 1535
1516310 1534
1516320 1533
1516330 1531
1516340 1531
1516350 1530
1516360 1528
1516370 1528
1516380 1526
1516390 1523
1516400 1523
1516410 1520
1516420 1517
1516430 1517
1516440 1513
1516450 1510
1516460 1510
1516470 1506
1516480 1502
1516490 1502
1516500 1498
1516510 1493
1516520 1489
1516530 1489
1516540 1485
1516550 1481
1516560 1481
1516570 1476
1516580 1471
1516590 1471
1516600 1467
1516610 1462
1516620 1462
1516630 1455
1516640 1450
1516650 1450
1516660 1445
1516670 1440
1516680 1440
1516690 1436
1516700 1432
1516710 1428
1516720 1428
1516730 1425
1516740 1422
1516750 1422
1516760 1419
1516770 1416
1516780 1416
1516790 1414
1516800 1412
1516810 1412
1516820 1411
1516830 1409
1516840 1409
1516850 1407
1516860 1406
1516870 1406
1516880 1405
1516890 1403
1516900 1401
1516910 1401
1516920 1399
1516930 1396
1516940 1396
1516950 1393
1516960 1389
1516970 1389
1516980 1386
1516990 1384
1517000 1384
1517010 1380
1517020 1378
1517030 1378
1517040 1378
1517050 1378
1517060 1378
1517070 1379
1517080 1379
1517090 1378
1517100 1378
1517110 1378
1517120 1377
1517130 1377
1517140 1377
1517150 1376
1517160 1376
1517170 1377
1517180 1377
1517190 1377
1517200 1378
1517210 1378
1517220 1378
1517230 1377
1517240 1376
1517250 1376
1517260 1377
1517270 1377
1517280 1377
1517290 1377
1517300 1375
1517310 1373
1517320 1373
1517330 1373
1517340 1374
1517350 1374
1517360 1373
1517370 1372
1517380 1372
1517390 1371
1517400 1369
1517410 1369
1517420 1367
1517430 1366
1517440 1366
1517450 1364
1517460 1363
1517470 1361
1517480 1361
1517490 1358
1517500 1353
1517510 1353
1517520 1348
1517530 1343
1517540 1343
1517550 1339
1517560 1336
1517570 1336
1517580 1331
1517590 1326
1517600 1326
1517610 1323
1517620 1321
1517630 1321
1517640 1321
1517650 1325
1517660 1329
1517670 1329
1517680 1333
1517690 1337
1517700 1337
1517710 1340
1517720 1341
1517730 1341
1517740 1344
1517750 1346
1517760 1346
1517770 1347
1517780 1349
1517790 1349
1517800 1350
1517810 1351
1517820 1351
1517830 1352
1517840 1354
1517850 1355
1517860 1355
1517870 1356
1517880 1357
1517890 1357
1517900 1358
1517910 1359
1517920 1359
1517930 1360
1517940 1362
1517950 1362
1517960 1363
1517970 1364
1517980 1364
1517990 1365
1518000 1366
1518010 1366
1518020 1367
1518030 1368
1518040 1369
1518050 1369
1518060 1370
1518070 1371
1518080 1371
1518090 1370
1518100 1370
1518110 1370
1518120 1369
1518130 1367
1518140 1367
1518150 1366
1518160 1366
1518170 1366
1518180 1365
1518190 1364
1518200 1364
1518210 1364
1518220 1362
1518230 1361
1518240 1361
1518250 1359
1518260 1358
1518270 1358
1518280 1358
1518290 1357
1518300 1357
1518310 1355
1518320 1353
1518330 1353
1518340 1351
1518350 1349
1518360 1349
1518370 1348
1518380 1346
1518390 1346
1518400 1344
1518410 1341
1518420 1339
1518430 1339
1518440 1338
1518450 1336
1518460 1336
1518470 1334
1518480 1331
1518490 1331
1518500 1329
1518510 1326
1518520 1326
1518530 1322
1518540 1318
1518550 1318
1518560 1315
1518570 1316
1518580 1316
1518590 1315
1518600 1312
1518610 1309
1518620 1309
1518630 1305
1518640 1300
1518650 1300
1518660 1297
1518670 1294
1518680 1294
1518690 1292
1518700 1290
1518710 1290
1518720 1287
1518730 1284
1518740 1284
1518750 1280
1518760 1276
1518770 1276
1518780 1274
1518790 1272
1518800 1268
1518810 1268
1518820 1264
1518830 1260
1518840 1260
1518850 1256
1518860 1253
1518870 1253
1518880 1250
1518890 1247
1518900 1247
1518910 1245
1518920 1242
1518930 1242
1518940 1239
1518950 1236
1518960 1236
1518970 1233
1518980 1230
1518990 1228
1519000 1228
1519010 1222
1519020 1219
1519030 1219
1519040 1217
1519050 1213
1519060 1213
1519070 1210
1519080 1207
1519090 1207
1519100 1204
1519110 1201
1519120 1201
1519130 1198
1519140 1195
1519150 1195
1519160 1193
1519170 1188
1519180 1182
1519190 1182
1519200 1178
1519210 1174
1519220 1174
1519230 1171
1519240 1172
1519250 1172
1519260 1175
1519270 1176
1519280 1176
1519290 1176
1519300 1173
1519310 1173
1519320 1170
1519330 1165
1519340 1165
1519350 1160
1519360 1155
1519370 1146
1519380 1146
1519390 1143
1519400 1146
1519410 1146
1519420 1150
1519430 1154
1519440 1154
1519450 1154
1519460 1153
1519470 1153
1519480 1150
1519490 1148
1519500 1148
1519510 1146
1519520 1145
1519530 1145
1519540 1144
1519550 1143
1519560 1141
1519570 1141
1519580 1140
1519590 1138
1519600 1138
1519610 1135
1519620 1133
1519630 1133
1519640 1130
1519650 1126
1519660 1126
1519670 1121
1519680 1117
1519690 1117
1519700 1111
1519710 1104
1519720 1104
1519730 1101
1519740 1100
1519750 1098
1519760 1098
1519770 1096
1519780 1096
1519790 1096
1519800 1097
1519810 1096
1519820 1096
1519830 1096
1519840 1096
1519850 1096
1519860 1096
1519870 1096
1519880 1096
1519890 1096
1519900 1097
1519910 1097
1519920 1097
1519930 1096
1519940 1096
1519950 1096
1519960 1097
1519970 1098
1519980 1098
1519990 1099
