1500000 1862
1500010 1858
1500020 1856
1500030 1856
1500040 1853
1500050 1850
1500060 1850
1500070 1846
1500080 1842
1500090 1842
1500100 1839
1500110 1836
1500120 1836
1500130 1832
1500140 1829
1500150 1829
1500160 1827
1500170 1823
1500180 1823
1500190 1820
1500200 1817
1500210 1814
1500220 1814
1500230 1812
1500240 1810
1500250 1810
1500260 1807
1500270 1803
1500280 1803
1500290 1800
1500300 1798
1500310 1798
1500320 1796
1500330 1794
1500340 1794
1500350 1792
1500360 1790
1500370 1790
1500380 1787
1500390 1785
1500400 1783
1500410 1783
1500420 1781
1500430 1778
1500440 1778
1500450 1776
1500460 1773
1500470 1773
1500480 1769
1500490 1766
1500500 1766
1500510 1762
1500520 1759
1500530 1759
1500540 1755
1500550 1752
1500560 1752
1500570 1748
1500580 1745
1500590 1741
1500600 1741
1500610 1736
1500620 1733
1500630 1733
1500640 1729
1500650 1725
1500660 1725
1500670 1721
1500680 1717
1500690 1717
1500700 1713
1500710 1709
1500720 1709
1500730 1704
1500740 1699
1500750 1699
1500760 1694
1500770 1689
1500780 1686
1500790 1686
1500800 1684
1500810 1682
1500820 1682
1500830 1679
1500840 1675
1500850 1675
1500860 1672
1500870 1669
1500880 1669
1500890 1665
1500900 1661
1500910 1661
1500920 1658
1500930 1654
1500940 1654
1500950 1651
1500960 1646
1500970 1642
1500980 1642
1500990 1638
1501000 1634
1501010 1634
1501020 1629
1501030 1626
1501040 1626
1501050 1624
1501060 1619
1501070 1619
1501080 1615
1501090 1610
1501100 1610
1501110 1605
1501120 1601
1501130 1601
1501140 1597
1501150 1593
1501160 1588
1501170 1588
1501180 1584
1501190 1579
1501200 1579
1501210 1574
1501220 1570
1501230 1570
1501240 1567
1501250 1564
1501260 1564
1501270 1561
1501280 1556
1501290 1556
1501300 1552
1501310 1548
1501320 1548
1501330 1545
1501340 1543
1501350 1541
1501360 1541
1501370 1538
1501380 1536
1501390 1536
1501400 1534
1501410 1531
1501420 1531
1501430 1527
1501440 1524
1501450 1524
1501460 1520
1501470 1516
1501480 1516
1501490 1512
1501500 1508
1501510 1508
1501520 1505
1501530 1502
1501540 1502
1501550 1500
1501560 1497
1501570 1495
1501580 1495
1501590 1493
1501600 1492
1501610 1492
1501620 1491
1501630 1491
1501640 1491
1501650 1489
1501660 1485
1501670 1485
1501680 1481
1501690 1478
1501700 1478
1501710 1473
1501720 1468
1501730 1468
1501740 1464
1501750 1459
1501760 1455
1501770 1455
1501780 1450
1501790 1445
1501800 1445
1501810 1440
1501820 1436
1501830 1436
1501840 1431
1501850 1426
1501860 1426
1501870 1422
1501880 1419
1501890 1419
1501900 1416
1501910 1413
1501920 1413
1501930 1408
1501940 1403
1501950 1399
1501960 1399
1501970 1393
1501980 1388
1501990 1388
1502000 1382
1502010 1378
1502020 1378
1502030 1373
1502040 1368
1502050 1368
1502060 1363
1502070 1358
1502080 1358
1502090 1353
1502100 1348
1502110 1348
1502120 1343
1502130 1338
1502140 1333
1502150 1333
1502160 1327
1502170 1322
1502180 1322
1502190 1315
1502200 1309
1502210 1309
1502220 1303
1502230 1297
1502240 1297
1502250 1292
1502260 1287
1502270 1287
1502280 1281
1502290 1277
1502300 1277
1502310 1271
1502320 1266
1502330 1260
1502340 1260
1502350 1254
1502360 1247
1502370 1247
1502380 1241
1502390 1234
1502400 1234
1502410 1227
1502420 1219
1502430 1219
1502440 1211
1502450 1205
1502460 1205
1502470 1202
1502480 1199
1502490 1199
1502500 1194
1502510 1190
1502520 1184
1502530 1184
1502540 1178
1502550 1172
1502560 1172
1502570 1168
1502580 1163
1502590 1163
1502600 1156
1502610 1150
1502620 1150
1502630 1144
1502640 1142
1502650 1142
1502660 1144
1502670 1143
1502680 1143
1502690 1141
1502700 1136
1502710 1131
1502720 1131
1502730 1130
1502740 1128
1502750 1128
1502760 1127
1502770 1125
1502780 1125
1502790 1123
1502800 1120
1502810 1120
1502820 1117
1502830 1114
1502840 1114
1502850 1110
1502860 1107
1502870 1107
1502880 1102
1502890 1097
1502900 1090
1502910 1090
1502920 1084
1502930 1080
1502940 1080
1502950 1076
1502960 1070
1502970 1070
1502980 1064
1502990 1059
1503000 1059
1503010 1056
1503020 1054
1503030 1054
1503040 1053
1503050 1052
1503060 1052
1503070 1050
1503080 1050
1503090 1048
1503100 1048
1503110 1043
1503120 1038
1503130 1038
1503140 1036
1503150 1033
1503160 1033
1503170 1032
1503180 1032
1503190 1032
1503200 1028
1503210 1021
1503220 1021
1503230 1017
1503240 1012
1503250 1012
1503260 1008
1503270 1003
1503280 1003
1503290 999
1503300 994
1503310 989
1503320 989
1503330 986
1503340 983
1503350 983
1503360 980
1503370 979
1503380 979
1503390 978
1503400 976
1503410 976
1503420 974
1503430 973
1503440 973
1503450 972
1503460 970
1503470 970
1503480 968
1503490 965
1503500 963
1503510 963
1503520 962
1503530 960
1503540 960
1503550 959
1503560 959
1503570 959
1503580 960
1503590 962
1503600 962
1503610 961
1503620 960
1503630 960
1503640 957
1503650 954
1503660 954
1503670 951
1503680 948
1503690 946
1503700 946
1503710 943
1503720 940
1503730 940
1503740 938
1503750 935
1503760 935
1503770 933
1503780 931
1503790 931
1503800 928
1503810 927
1503820 927
1503830 923
1503840 921
1503850 921
1503860 919
1503870 917
1503880 914
1503890 914
1503900 912
1503910 909
1503920 909
1503930 906
1503940 905
1503950 905
1503960 903
1503970 902
1503980 902
1503990 900
1504000 899
1504010 899
1504020 898
1504030 896
1504040 896
1504050 893
1504060 891
1504070 890
1504080 890
1504090 888
1504100 887
1504110 887
1504120 886
1504130 885
1504140 885
1504150 883
1504160 882
1504170 882
1504180 882
1504190 881
1504200 881
1504210 880
1504220 878
1504230 878
1504240 876
1504250 874
1504260 873
1504270 873
1504280 871
1504290 870
1504300 870
1504310 868
1504320 867
1504330 867
1504340 867
1504350 866
1504360 866
1504370 864
1504380 862
1504390 862
1504400 861
1504410 860
1504420 860
1504430 859
1504440 857
1504450 855
1504460 855
1504470 853
1504480 852
1504490 852
1504500 850
1504510 848
1504520 848
1504530 847
1504540 846
1504550 846
1504560 843
1504570 841
1504580 841
1504590 840
1504600 839
1504610 839
1504620 837
1504630 835
1504640 834
1504650 834
1504660 833
1504670 831
1504680 831
1504690 829
1504700 829
1504710 829
1504720 827
1504730 824
1504740 824
1504750 823
1504760 822
1504770 822
1504780 821
1504790 820
1504800 820
1504810 818
1504820 817
1504830 816
1504840 816
1504850 815
1504860 813
1504870 813
1504880 812
1504890 811
1504900 811
1504910 810
1504920 808
1504930 808
1504940 807
1504950 806
1504960 806
1504970 805
1504980 803
1504990 803
1505000 803
1505010 801
1505020 801
1505030 800
1505040 799
1505050 799
1505060 799
1505070 797
1505080 795
1505090 795
1505100 793
1505110 793
1505120 793
1505130 791
1505140 790
1505150 790
1505160 789
1505170 789
1505180 789
1505190 787
1505200 786
1505210 786
1505220 785
1505230 784
1505240 784
1505250 784
1505260 783
1505270 783
1505280 783
1505290 782
1505300 782
1505310 782
1505320 780
1505330 774
1505340 774
1505350 770
1505360 767
1505370 767
1505380 766
1505390 765
1505400 765
1505410 765
1505420 765
1505430 764
1505440 764
1505450 764
1505460 763
1505470 763
1505480 763
1505490 761
1505500 761
1505510 760
1505520 761
1505530 761
1505540 762
1505550 762
1505560 762
1505570 762
1505580 762
1505590 762
1505600 762
1505610 763
1505620 763
1505630 763
1505640 763
1505650 762
1505660 762
1505670 763
1505680 763
1505690 763
1505700 762
1505710 762
1505720 762
1505730 762
1505740 762
1505750 762
1505760 764
1505770 763
1505780 763
1505790 763
1505800 764
1505810 764
1505820 764
1505830 764
1505840 764
1505850 764
1505860 764
1505870 764
1505880 764
1505890 765
1505900 765
1505910 765
1505920 765
1505930 766
1505940 766
1505950 766
1505960 766
1505970 766
1505980 766
1505990 766
1506000 766
1506010 766
1506020 766
1506030 766
1506040 766
1506050 766
1506060 766
1506070 766
1506080 765
1506090 765
1506100 765
1506110 765
1506120 765
1506130 765
1506140 765
1506150 765
1506160 765
1506170 765
1506180 765
1506190 765
1506200 765
1506210 765
1506220 765
1506230 765
1506240 766
1506250 769
1506260 769
1506270 772
1506280 772
1506290 772
1506300 772
1506310 772
1506320 772
1506330 771
1506340 771
1506350 771
1506360 772
1506370 772
1506380 771
1506390 771
1506400 771
1506410 771
1506420 771
1506430 771
1506440 771
1506450 771
1506460 771
1506470 771
1506480 771
1506490 772
1506500 773
1506510 773
1506520 776
1506530 780
1506540 780
1506550 784
1506560 788
1506570 792
1506580 792
1506590 797
1506600 803
1506610 803
1506620 810
1506630 815
1506640 815
1506650 818
1506660 821
1506670 821
1506680 823
1506690 826
1506700 826
1506710 830
1506720 834
1506730 834
1506740 838
1506750 842
1506760 842
1506770 846
1506780 849
1506790 853
1506800 853
1506810 855
1506820 858
1506830 858
1506840 860
1506850 862
1506860 862
1506870 863
1506880 866
1506890 866
1506900 870
1506910 874
1506920 874
1506930 878
1506940 882
1506950 882
1506960 885
1506970 889
1506980 893
1506990 893
1507000 896
1507010 899
1507020 899
1507030 902
1507040 906
1507050 906
1507060 910
1507070 913
1507080 913
1507090 916
1507100 919
1507110 919
1507120 923
1507130 926
1507140 926
1507150 930
1507160 933
1507170 937
1507180 937
1507190 942
1507200 947
1507210 947
1507220 953
1507230 958
1507240 958
1507250 964
1507260 969
1507270 969
1507280 972
1507290 975
1507300 975
1507310 980
1507320 986
1507330 986
1507340 991
1507350 995
1507360 1001
1507370 1001
1507380 1007
1507390 1013
1507400 1013
1507410 1017
1507420 1020
1507430 1020
1507440 1023
1507450 1027
1507460 1027
1507470 1031
1507480 1036
1507490 1036
1507500 1042
1507510 1046
1507520 1046
1507530 1050
1507540 1055
1507550 1059
1507560 1059
1507570 1064
1507580 1069
1507590 1069
1507600 1075
1507610 1080
1507620 1080
1507630 1085
1507640 1090
1507650 1090
1507660 1095
1507670 1099
1507680 1099
1507690 1102
1507700 1105
1507710 1105
1507720 1108
1507730 1110
1507740 1114
1507750 1114
1507760 1117
1507770 1121
1507780 1121
1507790 1125
1507800 1128
1507810 1128
1507820 1132
1507830 1135
1507840 1135
1507850 1139
1507860 1142
1507870 1142
1507880 1146
1507890 1150
1507900 1150
1507910 1154
1507920 1159
1507930 1161
1507940 1161
1507950 1164
1507960 1166
1507970 1166
1507980 1169
1507990 1170
1508000 1170
1508010 1170
1508020 1169
1508030 1169
1508040 1168
1508050 1167
1508060 1167
1508070 1165
1508080 1163
1508090 1163
1508100 1160
1508110 1158
1508120 1158
1508130 1158
1508140 1158
1508150 1159
1508160 1159
1508170 1159
1508180 1159
1508190 1159
1508200 1159
1508210 1157
1508220 1157
1508230 1156
1508240 1153
1508250 1153
1508260 1151
1508270 1150
1508280 1150
1508290 1149
1508300 1146
1508310 1144
1508320 1144
1508330 1141
1508340 1139
1508350 1139
1508360 1137
1508370 1136
1508380 1136
1508390 1133
1508400 1129
1508410 1129
1508420 1125
1508430 1121
1508440 1121
1508450 1118
1508460 1114
1508470 1114
1508480 1111
1508490 1105
1508500 1105
1508510 1100
1508520 1095
1508530 1090
1508540 1090
1508550 1085
1508560 1081
1508570 1081
1508580 1078
1508590 1075
1508600 1075
1508610 1071
1508620 1067
1508630 1067
1508640 1063
1508650 1059
1508660 1059
1508670 1054
1508680 1048
1508690 1048
1508700 1040
1508710 1033
1508720 1029
1508730 1029
1508740 1025
1508750 1022
1508760 1022
1508770 1019
1508780 1016
1508790 1016
1508800 1013
1508810 1009
1508820 1009
1508830 1005
1508840 1002
1508850 1002
1508860 999
1508870 996
1508880 996
1508890 989
1508900 982
1508910 974
1508920 974
1508930 967
1508940 959
1508950 959
1508960 954
1508970 962
1508980 962
1508990 968
1509000 972
1509010 972
1509020 972
1509030 972
1509040 972
1509050 973
1509060 976
1509070 976
1509080 977
1509090 976
1509100 978
1509110 978
1509120 981
1509130 983
1509140 983
1509150 983
1509160 982
1509170 982
1509180 981
1509190 981
1509200 981
1509210 984
1509220 988
1509230 988
1509240 992
1509250 997
1509260 997
1509270 1001
1509280 1006
1509290 1011
1509300 1011
1509310 1017
1509320 1022
1509330 1022
1509340 1025
1509350 1030
1509360 1030
1509370 1034
1509380 1037
1509390 1037
1509400 1039
1509410 1043
1509420 1043
1509430 1046
1509440 1050
1509450 1050
1509460 1055
1509470 1060
1509480 1062
1509490 1062
1509500 1067
1509510 1071
1509520 1071
1509530 1077
1509540 1082
1509550 1082
1509560 1086
1509570 1091
1509580 1091
1509590 1094
1509600 1097
1509610 1097
1509620 1100
1509630 1102
1509640 1102
1509650 1105
1509660 1109
1509670 1112
1509680 1112
1509690 1115
1509700 1118
1509710 1118
1509720 1121
1509730 1123
1509740 1123
1509750 1127
1509760 1129
1509770 1129
1509780 1131
1509790 1134
1509800 1134
1509810 1137
1509820 1139
1509830 1139
1509840 1141
1509850 1144
1509860 1146
1509870 1146
1509880 1149
1509890 1152
1509900 1152
1509910 1154
1509920 1157
1509930 1157
1509940 1160
1509950 1162
1509960 1162
1509970 1165
1509980 1167
1509990 1167
1510000 1169
1510010 1171
1510020 1171
1510030 1174
1510040 1176
1510050 1176
1510060 1178
1510070 1180
1510080 1182
1510090 1182
1510100 1184
1510110 1184
1510120 1184
1510130 1183
1510140 1182
1510150 1182
1510160 1182
1510170 1183
1510180 1183
1510190 1187
1510200 1192
1510210 1192
1510220 1195
1510230 1196
1510240 1196
1510250 1197
1510260 1198
1510270 1200
1510280 1200
1510290 1201
1510300 1201
1510310 1201
1510320 1202
1510330 1202
1510340 1202
1510350 1203
1510360 1204
1510370 1204
1510380 1204
1510390 1204
1510400 1204
1510410 1204
1510420 1206
1510430 1206
1510440 1206
1510450 1205
1510460 1205
1510470 1205
1510480 1205
1510490 1204
1510500 1204
1510510 1203
1510520 1201
1510530 1201
1510540 1201
1510550 1201
1510560 1201
1510570 1200
1510580 1199
1510590 1199
1510600 1199
1510610 1198
1510620 1198
1510630 1197
1510640 1196
1510650 1196
1510660 1196
1510670 1195
1510680 1194
1510690 1194
1510700 1193
1510710 1191
1510720 1191
1510730 1190
1510740 1189
1510750 1189
1510760 1186
1510770 1184
1510780 1184
1510790 1183
1510800 1182
1510810 1182
1510820 1181
1510830 1180
1510840 1179
1510850 1179
1510860 1177
1510870 1175
1510880 1175
1510890 1172
1510900 1170
1510910 1170
1510920 1168
1510930 1166
1510940 1166
1510950 1165
1510960 1163
1510970 1163
1510980 1161
1510990 1159
1511000 1159
1511010 1157
1511020 1154
1511030 1151
1511040 1151
1511050 1148
1511060 1145
1511070 1145
1511080 1141
1511090 1137
1511100 1137
1511110 1134
1511120 1131
1511130 1131
1511140 1130
1511150 1128
1511160 1128
1511170 1125
1511180 1123
1511190 1123
1511200 1120
1511210 1117
1511220 1113
1511230 1113
1511240 1109
1511250 1107
1511260 1107
1511270 1104
1511280 1101
1511290 1101
1511300 1098
1511310 1096
1511320 1096
1511330 1094
1511340 1092
1511350 1092
1511360 1089
1511370 1085
1511380 1085
1511390 1082
1511400 1078
1511410 1074
1511420 1074
1511430 1071
1511440 1067
1511450 1067
1511460 1064
1511470 1061
1511480 1061
1511490 1056
1511500 1052
1511510 1052
1511520 1046
1511530 1042
1511540 1042
1511550 1039
1511560 1035
1511570 1035
1511580 1031
1511590 1029
1511600 1026
1511610 1026
1511620 1022
1511630 1018
1511640 1018
1511650 1014
1511660 1010
1511670 1010
1511680 1005
1511690 1002
1511700 1002
1511710 998
1511720 994
1511730 994
1511740 988
1511750 988
1511760 988
1511770 991
1511780 992
1511790 992
1511800 990
1511810 987
1511820 981
1511830 981
1511840 975
1511850 971
1511860 971
1511870 970
1511880 971
1511890 971
1511900 974
1511910 979
1511920 979
1511930 981
1511940 981
1511950 981
1511960 980
1511970 980
1511980 980
1511990 979
1512000 978
1512010 976
1512020 976
1512030 974
1512040 972
1512050 972
1512060 969
1512070 967
1512080 967
1512090 966
1512100 967
1512110 967
1512120 967
1512130 965
1512140 965
1512150 962
1512160 958
1512170 958
1512180 954
1512190 951
1512200 958
1512210 958
1512220 962
1512230 966
1512240 966
1512250 969
1512260 972
1512270 972
1512280 972
1512290 968
1512300 968
1512310 962
1512320 959
1512330 959
1512340 955
1512350 951
1512360 951
1512370 943
1512380 936
1512390 929
1512400 929
1512410 926
1512420 923
1512430 923
1512440 921
1512450 918
1512460 918
1512470 915
1512480 910
1512490 910
1512500 912
1512510 916
1512520 916
1512530 921
1512540 928
1512550 928
1512560 932
1512570 934
1512580 936
1512590 936
1512600 936
1512610 935
1512620 935
1512630 933
1512640 928
1512650 928
1512660 923
1512670 920
1512680 920
1512690 925
1512700 933
1512710 933
1512720 939
1512730 939
1512740 939
1512750 938
1512760 936
1512770 932
1512780 932
1512790 928
1512800 925
1512810 925
1512820 920
1512830 910
1512840 910
1512850 902
1512860 897
1512870 897
1512880 893
1512890 888
1512900 888
1512910 881
1512920 877
1512930 877
1512940 876
1512950 877
1512960 875
1512970 875
1512980 870
1512990 866
1513000 866
1513010 863
1513020 861
1513030 861
1513040 860
1513050 860
1513060 860
1513070 859
1513080 859
1513090 859
1513100 860
1513110 861
1513120 861
1513130 862
1513140 865
1513150 866
1513160 866
1513170 866
1513180 864
1513190 864
1513200 863
1513210 864
1513220 864
1513230 864
1513240 862
1513250 862
1513260 857
1513270 853
1513280 853
1513290 850
1513300 848
1513310 848
1513320 850
1513330 854
1513340 856
1513350 856
1513360 859
1513370 865
1513380 865
1513390 873
1513400 880
1513410 880
1513420 887
1513430 889
1513440 889
1513450 889
1513460 893
1513470 893
1513480 896
1513490 900
1513500 900
1513510 906
1513520 914
1513530 914
1513540 920
1513550 928
1513560 934
1513570 934
1513580 936
1513590 934
1513600 934
1513610 931
1513620 926
1513630 926
1513640 921
1513650 918
1513660 918
1513670 918
1513680 919
1513690 919
1513700 921
1513710 923
1513720 923
1513730 924
1513740 925
1513750 925
1513760 925
1513770 925
1513780 926
1513790 926
1513800 929
1513810 932
1513820 932
1513830 934
1513840 936
1513850 936
1513860 937
1513870 940
1513880 940
1513890 942
1513900 946
1513910 946
1513920 950
1513930 956
1513940 962
1513950 962
1513960 966
1513970 969
1513980 969
1513990 972
1514000 974
1514010 974
1514020 976
1514030 977
1514040 977
1514050 978
1514060 979
1514070 979
1514080 981
1514090 984
1514100 984
1514110 987
1514120 990
1514130 992
1514140 992
1514150 996
1514160 1001
1514170 1001
1514180 1005
1514190 1010
1514200 1010
1514210 1014
1514220 1017
1514230 1017
1514240 1023
1514250 1029
1514260 1029
1514270 1035
1514280 1040
1514290 1040
1514300 1045
1514310 1049
1514320 1052
1514330 1052
1514340 1057
1514350 1062
1514360 1062
1514370 1067
1514380 1070
1514390 1070
1514400 1074
1514410 1077
1514420 1077
1514430 1081
1514440 1086
1514450 1086
1514460 1092
1514470 1096
1514480 1096
1514490 1100
1514500 1106
1514510 1111
1514520 1111
1514530 1116
1514540 1119
1514550 1119
1514560 1120
1514570 1123
1514580 1123
1514590 1127
1514600 1129
1514610 1129
1514620 1132
1514630 1135
1514640 1135
1514650 1139
1514660 1142
1514670 1142
1514680 1146
1514690 1150
1514700 1153
1514710 1153
1514720 1156
1514730 1158
1514740 1158
1514750 1160
1514760 1161
1514770 1161
1514780 1163
1514790 1164
1514800 1164
1514810 1164
1514820 1164
1514830 1164
1514840 1163
1514850 1161
1514860 1161
1514870 1159
1514880 1157
1514890 1153
1514900 1153
1514910 1150
1514920 1141
1514930 1141
1514940 1139
1514950 1138
1514960 1138
1514970 1137
1514980 1136
1514990 1136
1515000 1136
1515010 1134
1515020 1134
1515030 1132
1515040 1131
1515050 1131
1515060 1130
1515070 1127
1515080 1125
1515090 1125
1515100 1123
1515110 1121
1515120 1121
1515130 1117
1515140 1113
1515150 1113
1515160 1109
1515170 1105
1515180 1105
1515190 1100
1515200 1093
1515210 1093
1515220 1086
1515230 1083
1515240 1083
1515250 1087
1515260 1089
1515270 1092
1515280 1092
1515290 1095
1515300 1095
1515310 1095
1515320 1093
1515330 1090
1515340 1090
1515350 1087
1515360 1083
1515370 1083
1515380 1080
1515390 1076
1515400 1076
1515410 1072
1515420 1069
1515430 1069
1515440 1066
1515450 1063
1515460 1063
1515470 1061
1515480 1058
1515490 1053
1515500 1053
1515510 1047
1515520 1040
1515530 1040
1515540 1038
1515550 1036
1515560 1036
1515570 1031
1515580 1024
1515590 1024
1515600 1017
1515610 1011
1515620 1011
1515630 1005
1515640 998
1515650 998
1515660 994
1515670 995
1515680 990
1515690 990
1515700 982
1515710 972
1515720 972
1515730 964
1515740 961
1515750 961
1515760 964
1515770 962
1515780 962
1515790 959
1515800 955
1515810 955
1515820 950
1515830 945
1515840 945
1515850 941
1515860 937
1515870 934
1515880 934
1515890 935
1515900 936
1515910 936
1515920 938
1515930 940
1515940 940
1515950 943
1515960 946
1515970 946
1515980 951
1515990 957
1516000 957
1516010 963
1516020 968
1516030 968
1516040 974
1516050 979
1516060 983
1516070 983
1516080 986
1516090 989
1516100 989
1516110 993
1516120 997
1516130 997
1516140 1001
1516150 1005
1516160 1005
1516170 1008
1516180 1009
1516190 1009
1516200 1010
1516210 1012
1516220 1012
1516230 1014
1516240 1016
1516250 1020
1516260 1020
1516270 1023
1516280 1026
1516290 1026
1516300 1030
1516310 1033
1516320 1033
1516330 1034
1516340 1036
1516350 1036
1516360 1037
1516370 1038
1516380 1038
1516390 1039
1516400 1040
1516410 1040
1516420 1039
1516430 1039
1516440 1041
1516450 1041
1516460 1041
1516470 1041
1516480 1041
1516490 1047
1516500 1053
1516510 1053
1516520 1056
1516530 1060
1516540 1060
1516550 1064
1516560 1068
1516570 1068
1516580 1072
1516590 1075
1516600 1075
1516610 1078
1516620 1079
1516630 1080
1516640 1080
1516650 1080
1516660 1081
1516670 1081
1516680 1081
1516690 1082
1516700 1082
1516710 1084
1516720 1086
1516730 1086
1516740 1088
1516750 1092
1516760 1092
1516770 1095
1516780 1099
1516790 1099
1516800 1102
1516810 1105
1516820 1107
1516830 1107
1516840 1108
1516850 1110
1516860 1110
1516870 1111
1516880 1113
1516890 1113
1516900 1114
1516910 1115
1516920 1115
1516930 1117
1516940 1119
1516950 1119
1516960 1123
1516970 1126
1516980 1126
1516990 1129
1517000 1132
1517010 1135
1517020 1135
1517030 1138
1517040 1141
1517050 1141
1517060 1143
1517070 1145
1517080 1145
1517090 1147
1517100 1149
1517110 1149
1517120 1151
1517130 1153
1517140 1153
1517150 1154
1517160 1155
1517170 1155
1517180 1156
1517190 1159
1517200 1159
1517210 1162
1517220 1167
1517230 1170
1517240 1170
1517250 1175
1517260 1180
1517270 1180
1517280 1181
1517290 1182
1517300 1182
1517310 1182
1517320 1181
1517330 1181
1517340 1179
1517350 1177
1517360 1177
1517370 1175
1517380 1175
1517390 1175
1517400 1181
1517410 1188
1517420 1194
1517430 1194
1517440 1200
1517450 1204
1517460 1204
1517470 1208
1517480 1210
1517490 1210
1517500 1211
1517510 1213
1517520 1213
1517530 1214
1517540 1214
1517550 1214
1517560 1213
1517570 1212
1517580 1212
1517590 1211
1517600 1209
1517610 1210
1517620 1210
1517630 1212
1517640 1215
1517650 1215
1517660 1220
1517670 1226
1517680 1226
1517690 1228
1517700 1229
1517710 1229
1517720 1229
1517730 1230
1517740 1230
1517750 1230
1517760 1231
1517770 1231
1517780 1232
1517790 1231
1517800 1234
1517810 1234
1517820 1237
1517830 1241
1517840 1241
1517850 1244
1517860 1247
1517870 1247
1517880 1249
1517890 1255
1517900 1255
1517910 1261
1517920 1264
1517930 1264
1517940 1266
1517950 1268
1517960 1268
1517970 1269
1517980 1271
1517990 1271
1518000 1271
1518010 1271
1518020 1273
1518030 1273
1518040 1276
1518050 1278
1518060 1278
1518070 1280
1518080 1281
1518090 1281
1518100 1283
1518110 1284
1518120 1284
1518130 1286
1518140 1287
1518150 1287
1518160 1289
1518170 1290
1518180 1291
1518190 1291
1518200 1292
1518210 1293
1518220 1293
1518230 1294
1518240 1294
1518250 1294
1518260 1295
1518270 1296
1518280 1296
1518290 1298
1518300 1299
1518310 1299
1518320 1299
1518330 1301
1518340 1301
1518350 1301
1518360 1301
1518370 1299
1518380 1299
1518390 1298
1518400 1295
1518410 1295
1518420 1292
1518430 1294
1518440 1294
1518450 1295
1518460 1296
1518470 1296
1518480 1294
1518490 1292
1518500 1292
1518510 1290
1518520 1293
1518530 1293
1518540 1299
1518550 1304
1518560 1309
1518570 1309
1518580 1316
1518590 1323
1518600 1323
1518610 1328
1518620 1335
1518630 1335
1518640 1342
1518650 1349
1518660 1349
1518670 1355
1518680 1364
1518690 1364
1518700 1373
1518710 1380
1518720 1380
1518730 1385
1518740 1389
1518750 1393
1518760 1393
1518770 1396
1518780 1400
1518790 1400
1518800 1404
1518810 1408
1518820 1408
1518830 1413
1518840 1419
1518850 1419
1518860 1423
1518870 1427
1518880 1427
1518890 1431
1518900 1434
1518910 1434
1518920 1437
1518930 1439
1518940 1439
1518950 1441
1518960 1443
1518970 1445
1518980 1445
1518990 1447
1519000 1451
1519010 1451
1519020 1454
1519030 1458
1519040 1458
1519050 1460
1519060 1462
1519070 1462
1519080 1465
1519090 1468
1519100 1468
1519110 1470
1519120 1472
1519130 1472
1519140 1475
1519150 1477
1519160 1478
1519170 1478
1519180 1480
1519190 1483
1519200 1483
1519210 1485
1519220 1487
1519230 1487
1519240 1490
1519250 1493
1519260 1493
1519270 1495
1519280 1497
1519290 1497
1519300 1499
1519310 1502
1519320 1502
1519330 1504
1519340 1506
1519350 1508
1519360 1508
1519370 1510
1519380 1514
1519390 1514
1519400 1517
1519410 1521
1519420 1521
1519430 1524
1519440 1526
1519450 1526
1519460 1529
1519470 1531
1519480 1531
1519490 1532
1519500 1533
1519510 1533
1519520 1534
1519530 1536
1519540 1538
1519550 1538
1519560 1541
1519570 1542
1519580 1542
1519590 1543
1519600 1544
1519610 1544
1519620 1545
1519630 1546
1519640 1546
1519650 1547
1519660 1547
1519670 1547
1519680 1547
1519690 1546
1519700 1546
1519710 1545
1519720 1543
1519730 1543
1519740 1543
1519750 1543
1519760 1543
1519770 1543
1519780 1542
1519790 1541
1519800 1541
1519810 1539
1519820 1539
1519830 1539
1519840 1539
1519850 1537
1519860 1537
1519870 1535
1519880 1535
1519890 1535
1519900 1536
1519910 1537
1519920 1537
1519930 1537
1519940 1538
1519950 1537
1519960 1537
1519970 1535
1519980 1533
1519990 1533
