1500000 1755
1500010 1751
1500020 1751
1500030 1748
1500040 1743
1500050 1743
1500060 1739
1500070 1734
1500080 1729
1500090 1729
1500100 1724
1500110 1720
1500120 1720
1500130 1716
1500140 1712
1500150 1712
1500160 1707
1500170 1702
1500180 1702
1500190 1698
1500200 1694
1500210 1694
1500220 1691
1500230 1687
1500240 1687
1500250 1684
1500260 1679
1500270 1675
1500280 1675
1500290 1671
1500300 1667
1500310 1667
1500320 1663
1500330 1659
1500340 1659
1500350 1655
1500360 1652
1500370 1652
1500380 1649
1500390 1647
1500400 1647
1500410 1645
1500420 1642
1500430 1642
1500440 1639
1500450 1637
1500460 1634
1500470 1634
1500480 1631
1500490 1627
1500500 1627
1500510 1624
1500520 1621
1500530 1621
1500540 1617
1500550 1613
1500560 1613
1500570 1610
1500580 1607
1500590 1607
1500600 1604
1500610 1601
1500620 1601
1500630 1599
1500640 1597
1500650 1597
1500660 1594
1500670 1592
1500680 1590
1500690 1590
1500700 1588
1500710 1586
1500720 1586
1500730 1584
1500740 1583
1500750 1583
1500760 1581
1500770 1580
1500780 1580
1500790 1578
1500800 1576
1500810 1576
1500820 1575
1500830 1573
1500840 1573
1500850 1572
1500860 1571
1500870 1570
1500880 1570
1500890 1569
1500900 1567
1500910 1567
1500920 1566
1500930 1564
1500940 1564
1500950 1563
1500960 1562
1500970 1562
1500980 1561
1500990 1560
1501000 1560
1501010 1559
1501020 1556
1501030 1556
1501040 1556
1501050 1554
1501060 1553
1501070 1553
1501080 1551
1501090 1550
1501100 1550
1501110 1548
1501120 1546
1501130 1546
1501140 1544
1501150 1542
1501160 1542
1501170 1540
1501180 1537
1501190 1537
1501200 1535
1501210 1533
1501220 1533
1501230 1530
1501240 1526
1501250 1522
1501260 1522
1501270 1520
1501280 1518
1501290 1518
1501300 1515
1501310 1513
1501320 1513
1501330 1509
1501340 1505
1501350 1505
1501360 1500
1501370 1496
1501380 1496
1501390 1491
1501400 1489
1501410 1489
1501420 1485
1501430 1480
1501440 1476
1501450 1476
1501460 1473
1501470 1469
1501480 1469
1501490 1467
1501500 1463
1501510 1463
1501520 1458
1501530 1453
1501540 1453
1501550 1449
1501560 1443
1501570 1443
1501580 1439
1501590 1437
1501600 1437
1501610 1434
1501620 1428
1501630 1424
1501640 1424
1501650 1421
1501660 1418
1501670 1418
1501680 1414
1501690 1411
1501700 1411
1501710 1407
1501720 1402
1501730 1402
1501740 1397
1501750 1393
1501760 1393
1501770 1390
1501780 1387
1501790 1387
1501800 1384
1501810 1380
1501820 1377
1501830 1377
1501840 1374
1501850 1370
1501860 1370
1501870 1367
1501880 1363
1501890 1363
1501900 1359
1501910 1356
1501920 1356
1501930 1352
1501940 1349
1501950 1349
1501960 1345
1501970 1341
1501980 1341
1501990 1337
1502000 1333
1502010 1330
1502020 1330
1502030 1326
1502040 1324
1502050 1324
1502060 1321
1502070 1318
1502080 1318
1502090 1315
1502100 1310
1502110 1310
1502120 1306
1502130 1303
1502140 1303
1502150 1298
1502160 1294
1502170 1294
1502180 1289
1502190 1284
1502200 1284
1502210 1280
1502220 1276
1502230 1271
1502240 1271
1502250 1267
1502260 1262
1502270 1262
1502280 1257
1502290 1253
1502300 1253
1502310 1249
1502320 1247
1502330 1247
1502340 1244
1502350 1241
1502360 1241
1502370 1236
1502380 1231
1502390 1231
1502400 1225
1502410 1224
1502420 1221
1502430 1221
1502440 1216
1502450 1211
1502460 1211
1502470 1206
1502480 1201
1502490 1201
1502500 1198
1502510 1194
1502520 1194
1502530 1191
1502540 1188
1502550 1188
1502560 1184
1502570 1178
1502580 1178
1502590 1175
1502600 1175
1502610 1173
1502620 1173
1502630 1170
1502640 1166
1502650 1166
1502660 1163
1502670 1160
1502680 1160
1502690 1158
1502700 1155
1502710 1155
1502720 1153
1502730 1150
1502740 1150
1502750 1147
1502760 1144
1502770 1144
1502780 1142
1502790 1140
1502800 1137
1502810 1137
1502820 1134
1502830 1130
1502840 1130
1502850 1127
1502860 1123
1502870 1123
1502880 1120
1502890 1117
1502900 1117
1502910 1114
1502920 1109
1502930 1109
1502940 1104
1502950 1097
1502960 1097
1502970 1092
1502980 1086
1502990 1080
1503000 1080
1503010 1074
1503020 1068
1503030 1068
1503040 1062
1503050 1057
1503060 1057
1503070 1051
1503080 1046
1503090 1046
1503100 1040
1503110 1035
1503120 1035
1503130 1030
1503140 1024
1503150 1024
1503160 1018
1503170 1012
1503180 1007
1503190 1007
1503200 1004
1503210 1002
1503220 1002
1503230 1001
1503240 998
1503250 998
1503260 993
1503270 988
1503280 988
1503290 983
1503300 978
1503310 978
1503320 973
1503330 968
1503340 968
1503350 963
1503360 957
1503370 950
1503380 950
1503390 941
1503400 934
1503410 934
1503420 928
1503430 924
1503440 924
1503450 920
1503460 916
1503470 916
1503480 912
1503490 908
1503500 908
1503510 905
1503520 901
1503530 901
1503540 897
1503550 893
1503560 893
1503570 889
1503580 884
1503590 880
1503600 880
1503610 877
1503620 873
1503630 873
1503640 870
1503650 869
1503660 869
1503670 866
1503680 863
1503690 863
1503700 862
1503710 861
1503720 861
1503730 860
1503740 859
1503750 859
1503760 858
1503770 857
1503780 856
1503790 856
1503800 855
1503810 854
1503820 854
1503830 853
1503840 852
1503850 852
1503860 851
1503870 851
1503880 851
1503890 851
1503900 849
1503910 849
1503920 848
1503930 847
1503940 847
1503950 847
1503960 846
1503970 844
1503980 844
1503990 843
1504000 841
1504010 841
1504020 841
1504030 839
1504040 839
1504050 837
1504060 835
1504070 835
1504080 834
1504090 833
1504100 833
1504110 832
1504120 831
1504130 831
1504140 830
1504150 829
1504160 826
1504170 826
1504180 825
1504190 824
1504200 824
1504210 823
1504220 822
1504230 822
1504240 822
1504250 822
1504260 822
1504270 821
1504280 820
1504290 820
1504300 820
1504310 820
1504320 820
1504330 819
1504340 819
1504350 819
1504360 819
1504370 817
1504380 816
1504390 816
1504400 814
1504410 812
1504420 812
1504430 810
1504440 808
1504450 808
1504460 807
1504470 806
1504480 806
1504490 805
1504500 805
1504510 805
1504520 804
1504530 801
1504540 799
1504550 799
1504560 798
1504570 797
1504580 797
1504590 796
1504600 794
1504610 794
1504620 793
1504630 792
1504640 792
1504650 792
1504660 791
1504670 791
1504680 791
1504690 790
1504700 790
1504710 789
1504720 788
1504730 788
1504740 788
1504750 787
1504760 787
1504770 787
1504780 786
1504790 786
1504800 786
1504810 785
1504820 783
1504830 783
1504840 780
1504850 778
1504860 778
1504870 774
1504880 773
1504890 773
1504900 772
1504910 772
1504920 772
1504930 772
1504940 772
1504950 772
1504960 772
1504970 772
1504980 771
1504990 771
1505000 771
1505010 770
1505020 770
1505030 770
1505040 771
1505050 771
1505060 771
1505070 771
1505080 771
1505090 771
1505100 771
1505110 771
1505120 770
1505130 770
1505140 768
1505150 768
1505160 768
1505170 771
1505180 771
1505190 772
1505200 772
1505210 772
1505220 771
1505230 772
1505240 772
1505250 772
1505260 772
1505270 772
1505280 771
1505290 771
1505300 771
1505310 771
1505320 771
1505330 771
1505340 771
1505350 771
1505360 771
1505370 771
1505380 771
1505390 772
1505400 772
1505410 771
1505420 771
1505430 771
1505440 772
1505450 773
1505460 773
1505470 773
1505480 773
1505490 773
1505500 773
1505510 773
1505520 773
1505530 773
1505540 773
1505550 773
1505560 773
1505570 773
1505580 773
1505590 773
1505600 773
1505610 772
1505620 772
1505630 772
1505640 772
1505650 772
1505660 772
1505670 772
1505680 772
1505690 772
1505700 772
1505710 772
1505720 772
1505730 772
1505740 772
1505750 772
1505760 773
1505770 773
1505780 773
1505790 773
1505800 774
1505810 774
1505820 776
1505830 777
1505840 777
1505850 779
1505860 779
1505870 779
1505880 779
1505890 779
1505900 779
1505910 779
1505920 780
1505930 780
1505940 780
1505950 781
1505960 782
1505970 782
1505980 782
1505990 783
1506000 783
1506010 783
1506020 785
1506030 785
1506040 787
1506050 787
1506060 787
1506070 787
1506080 788
1506090 788
1506100 788
1506110 789
1506120 789
1506130 789
1506140 791
1506150 794
1506160 794
1506170 799
1506180 803
1506190 803
1506200 808
1506210 814
1506220 814
1506230 817
1506240 820
1506250 820
1506260 824
1506270 826
1506280 826
1506290 827
1506300 828
1506310 830
1506320 830
1506330 832
1506340 833
1506350 833
1506360 836
1506370 839
1506380 839
1506390 843
1506400 847
1506410 847
1506420 850
1506430 853
1506440 853
1506450 856
1506460 859
1506470 859
1506480 861
1506490 863
1506500 865
1506510 865
1506520 867
1506530 869
1506540 869
1506550 871
1506560 872
1506570 872
1506580 872
1506590 873
1506600 873
1506610 874
1506620 876
1506630 876
1506640 878
1506650 881
1506660 881
1506670 884
1506680 888
1506690 893
1506700 893
1506710 898
1506720 902
1506730 902
1506740 907
1506750 912
1506760 912
1506770 917
1506780 921
1506790 921
1506800 926
1506810 931
1506820 931
1506830 935
1506840 939
1506850 939
1506860 943
1506870 946
1506880 950
1506890 950
1506900 953
1506910 955
1506920 955
1506930 957
1506940 960
1506950 960
1506960 963
1506970 967
1506980 967
1506990 972
1507000 977
1507010 977
1507020 982
1507030 986
1507040 986
1507050 989
1507060 992
1507070 997
1507080 997
1507090 1001
1507100 1005
1507110 1005
1507120 1010
1507130 1015
1507140 1015
1507150 1020
1507160 1024
1507170 1024
1507180 1028
1507190 1034
1507200 1034
1507210 1039
1507220 1044
1507230 1044
1507240 1049
1507250 1054
1507260 1058
1507270 1058
1507280 1060
1507290 1062
1507300 1062
1507310 1067
1507320 1072
1507330 1072
1507340 1077
1507350 1081
1507360 1081
1507370 1085
1507380 1090
1507390 1090
1507400 1094
1507410 1097
1507420 1097
1507430 1102
1507440 1109
1507450 1115
1507460 1115
1507470 1120
1507480 1124
1507490 1124
1507500 1128
1507510 1134
1507520 1134
1507530 1139
1507540 1145
1507550 1145
1507560 1150
1507570 1156
1507580 1156
1507590 1160
1507600 1165
1507610 1165
1507620 1170
1507630 1175
1507640 1175
1507650 1180
1507660 1187
1507670 1192
1507680 1192
1507690 1197
1507700 1201
1507710 1201
1507720 1206
1507730 1209
1507740 1209
1507750 1211
1507760 1213
1507770 1213
1507780 1216
1507790 1218
1507800 1218
1507810 1221
1507820 1222
1507830 1222
1507840 1224
1507850 1225
1507860 1225
1507870 1225
1507880 1224
1507890 1222
1507900 1222
1507910 1220
1507920 1217
1507930 1217
1507940 1214
1507950 1212
1507960 1212
1507970 1211
1507980 1209
1507990 1209
1508000 1207
1508010 1205
1508020 1205
1508030 1202
1508040 1200
1508050 1196
1508060 1196
1508070 1193
1508080 1191
1508090 1191
1508100 1189
1508110 1186
1508120 1186
1508130 1184
1508140 1182
1508150 1182
1508160 1179
1508170 1174
1508180 1174
1508190 1169
1508200 1164
1508210 1164
1508220 1159
1508230 1154
1508240 1149
1508250 1149
1508260 1144
1508270 1139
1508280 1139
1508290 1133
1508300 1128
1508310 1128
1508320 1123
1508330 1118
1508340 1118
1508350 1113
1508360 1107
1508370 1107
1508380 1102
1508390 1097
1508400 1097
1508410 1093
1508420 1089
1508430 1083
1508440 1083
1508450 1078
1508460 1073
1508470 1073
1508480 1067
1508490 1064
1508500 1064
1508510 1060
1508520 1055
1508530 1055
1508540 1052
1508550 1047
1508560 1047
1508570 1043
1508580 1038
1508590 1038
1508600 1034
1508610 1027
1508620 1021
1508630 1021
1508640 1017
1508650 1016
1508660 1016
1508670 1016
1508680 1015
1508690 1015
1508700 1016
1508710 1023
1508720 1023
1508730 1029
1508740 1036
1508750 1036
1508760 1045
1508770 1054
1508780 1054
1508790 1063
1508800 1070
1508810 1078
1508820 1078
1508830 1083
1508840 1089
1508850 1089
1508860 1095
1508870 1101
1508880 1101
1508890 1106
1508900 1110
1508910 1110
1508920 1112
1508930 1116
1508940 1116
1508950 1119
1508960 1124
1508970 1124
1508980 1129
1508990 1133
1509000 1133
1509010 1137
1509020 1140
1509030 1144
1509040 1144
1509050 1147
1509060 1150
1509070 1150
1509080 1153
1509090 1158
1509100 1158
1509110 1163
1509120 1164
1509130 1164
1509140 1165
1509150 1166
1509160 1166
1509170 1167
1509180 1168
1509190 1168
1509200 1170
1509210 1172
1509220 1174
1509230 1174
1509240 1177
1509250 1179
1509260 1179
1509270 1181
1509280 1186
1509290 1186
1509300 1190
1509310 1193
1509320 1193
1509330 1196
1509340 1198
1509350 1198
1509360 1201
1509370 1204
1509380 1204
1509390 1208
1509400 1212
1509410 1216
1509420 1216
1509430 1219
1509440 1223
1509450 1223
1509460 1228
1509470 1232
1509480 1232
1509490 1235
1509500 1238
1509510 1238
1509520 1241
1509530 1245
1509540 1245
1509550 1248
1509560 1250
1509570 1250
1509580 1254
1509590 1258
1509600 1263
1509610 1263
1509620 1268
1509630 1271
1509640 1271
1509650 1273
1509660 1275
1509670 1275
1509680 1279
1509690 1288
1509700 1288
1509710 1294
1509720 1299
1509730 1299
1509740 1303
1509750 1307
1509760 1307
1509770 1311
1509780 1314
1509790 1318
1509800 1318
1509810 1321
1509820 1324
1509830 1324
1509840 1326
1509850 1329
1509860 1329
1509870 1331
1509880 1333
1509890 1333
1509900 1335
1509910 1336
1509920 1336
1509930 1337
1509940 1339
1509950 1339
1509960 1339
1509970 1340
1509980 1341
1509990 1341
1510000 1342
1510010 1342
1510020 1342
1510030 1341
1510040 1341
1510050 1341
1510060 1341
1510070 1342
1510080 1342
1510090 1343
1510100 1343
1510110 1343
1510120 1343
1510130 1342
1510140 1342
1510150 1342
1510160 1342
1510170 1342
1510180 1341
1510190 1341
1510200 1340
1510210 1340
1510220 1338
1510230 1334
1510240 1334
1510250 1330
1510260 1330
1510270 1330
1510280 1331
1510290 1334
1510300 1334
1510310 1335
1510320 1335
1510330 1335
1510340 1334
1510350 1333
1510360 1333
1510370 1331
1510380 1330
1510390 1329
1510400 1329
1510410 1329
1510420 1328
1510430 1328
1510440 1326
1510450 1325
1510460 1325
1510470 1324
1510480 1323
1510490 1323
1510500 1322
1510510 1321
1510520 1321
1510530 1320
1510540 1318
1510550 1318
1510560 1317
1510570 1315
1510580 1314
1510590 1314
1510600 1314
1510610 1313
1510620 1313
1510630 1312
1510640 1310
1510650 1310
1510660 1309
1510670 1307
1510680 1307
1510690 1306
1510700 1305
1510710 1305
1510720 1304
1510730 1303
1510740 1303
1510750 1303
1510760 1302
1510770 1301
1510780 1301
1510790 1300
1510800 1299
1510810 1299
1510820 1299
1510830 1298
1510840 1298
1510850 1298
1510860 1298
1510870 1298
1510880 1298
1510890 1297
1510900 1297
1510910 1297
1510920 1296
1510930 1296
1510940 1295
1510950 1293
1510960 1293
1510970 1293
1510980 1292
1510990 1292
1511000 1292
1511010 1291
1511020 1289
1511030 1289
1511040 1287
1511050 1285
1511060 1285
1511070 1283
1511080 1281
1511090 1281
1511100 1279
1511110 1278
1511120 1278
1511130 1278
1511140 1278
1511150 1277
1511160 1277
1511170 1276
1511180 1275
1511190 1275
1511200 1273
1511210 1271
1511220 1271
1511230 1269
1511240 1266
1511250 1266
1511260 1263
1511270 1259
1511280 1259
1511290 1255
1511300 1252
1511310 1252
1511320 1248
1511330 1244
1511340 1240
1511350 1240
1511360 1235
1511370 1229
1511380 1229
1511390 1222
1511400 1216
1511410 1216
1511420 1218
1511430 1222
1511440 1222
1511450 1224
1511460 1224
1511470 1224
1511480 1224
1511490 1223
1511500 1223
1511510 1223
1511520 1224
1511530 1224
1511540 1225
1511550 1226
1511560 1226
1511570 1226
1511580 1227
1511590 1228
1511600 1228
1511610 1227
1511620 1226
1511630 1226
1511640 1225
1511650 1224
1511660 1224
1511670 1223
1511680 1221
1511690 1221
1511700 1218
1511710 1214
1511720 1214
1511730 1210
1511740 1207
1511750 1203
1511760 1203
1511770 1200
1511780 1196
1511790 1196
1511800 1190
1511810 1183
1511820 1183
1511830 1178
1511840 1182
1511850 1182
1511860 1186
1511870 1188
1511880 1188
1511890 1189
1511900 1190
1511910 1190
1511920 1191
1511930 1191
1511940 1190
1511950 1190
1511960 1189
1511970 1190
1511980 1190
1511990 1192
1512000 1193
1512010 1193
1512020 1193
1512030 1194
1512040 1194
1512050 1194
1512060 1193
1512070 1193
1512080 1192
1512090 1190
1512100 1190
1512110 1189
1512120 1188
1512130 1184
1512140 1184
1512150 1180
1512160 1176
1512170 1176
1512180 1174
1512190 1170
1512200 1170
1512210 1170
1512220 1171
1512230 1171
1512240 1170
1512250 1169
1512260 1169
1512270 1169
1512280 1169
1512290 1169
1512300 1168
1512310 1166
1512320 1163
1512330 1163
1512340 1160
1512350 1155
1512360 1155
1512370 1152
1512380 1151
1512390 1151
1512400 1152
1512410 1153
1512420 1153
1512430 1152
1512440 1151
1512450 1151
1512460 1148
1512470 1144
1512480 1144
1512490 1139
1512500 1134
1512510 1125
1512520 1125
1512530 1114
1512540 1107
1512550 1107
1512560 1107
1512570 1112
1512580 1112
1512590 1116
1512600 1124
1512610 1124
1512620 1128
1512630 1132
1512640 1132
1512650 1136
1512660 1137
1512670 1137
1512680 1137
1512690 1136
1512700 1135
1512710 1135
1512720 1133
1512730 1131
1512740 1131
1512750 1128
1512760 1126
1512770 1126
1512780 1125
1512790 1124
1512800 1124
1512810 1124
1512820 1120
1512830 1120
1512840 1119
1512850 1117
1512860 1117
1512870 1114
1512880 1112
1512890 1110
1512900 1110
1512910 1107
1512920 1104
1512930 1104
1512940 1102
1512950 1100
1512960 1100
1512970 1098
1512980 1096
1512990 1096
1513000 1093
1513010 1090
1513020 1090
1513030 1088
1513040 1086
1513050 1086
1513060 1084
1513070 1081
1513080 1081
1513090 1079
1513100 1076
1513110 1072
1513120 1072
1513130 1069
1513140 1065
1513150 1065
1513160 1062
1513170 1059
1513180 1059
1513190 1056
1513200 1054
1513210 1054
1513220 1053
1513230 1051
1513240 1051
1513250 1048
1513260 1046
1513270 1046
1513280 1045
1513290 1041
1513300 1031
1513310 1031
1513320 1029
1513330 1031
1513340 1031
1513350 1033
1513360 1036
1513370 1036
1513380 1040
1513390 1041
1513400 1041
1513410 1040
1513420 1040
1513430 1040
1513440 1039
1513450 1038
1513460 1038
1513470 1038
1513480 1037
1513490 1037
1513500 1037
1513510 1036
1513520 1034
1513530 1034
1513540 1029
1513550 1026
1513560 1026
1513570 1024
1513580 1020
1513590 1020
1513600 1016
1513610 1012
1513620 1012
1513630 1009
1513640 1008
1513650 1008
1513660 1006
1513670 1005
1513680 1003
1513690 1003
1513700 1001
1513710 999
1513720 999
1513730 996
1513740 994
1513750 994
1513760 991
1513770 989
1513780 989
1513790 986
1513800 985
1513810 985
1513820 983
1513830 980
1513840 980
1513850 976
1513860 973
1513870 971
1513880 971
1513890 968
1513900 964
1513910 964
1513920 962
1513930 961
1513940 961
1513950 958
1513960 953
1513970 953
1513980 947
1513990 941
1514000 941
1514010 935
1514020 931
1514030 931
1514040 924
1514050 918
1514060 912
1514070 912
1514080 907
1514090 901
1514100 901
1514110 894
1514120 884
1514130 884
1514140 879
1514150 874
1514160 874
1514170 870
1514180 868
1514190 868
1514200 867
1514210 869
1514220 869
1514230 870
1514240 870
1514250 870
1514260 870
1514270 871
1514280 871
1514290 871
1514300 872
1514310 875
1514320 875
1514330 882
1514340 889
1514350 889
1514360 895
1514370 902
1514380 902
1514390 908
1514400 911
1514410 911
1514420 910
1514430 906
1514440 906
1514450 897
1514460 884
1514470 878
1514480 878
1514490 878
1514500 878
1514510 878
1514520 879
1514530 878
1514540 878
1514550 877
1514560 878
1514570 878
1514580 881
1514590 885
1514600 885
1514610 890
1514620 896
1514630 896
1514640 901
1514650 906
1514660 910
1514670 910
1514680 915
1514690 917
1514700 917
1514710 919
1514720 922
1514730 922
1514740 926
1514750 933
1514760 933
1514770 940
1514780 945
1514790 945
1514800 951
1514810 957
1514820 957
1514830 962
1514840 964
1514850 966
1514860 966
1514870 968
1514880 969
1514890 969
1514900 971
1514910 972
1514920 972
1514930 973
1514940 974
1514950 974
1514960 977
1514970 979
1514980 979
1514990 982
1515000 984
1515010 984
1515020 987
1515030 989
1515040 992
1515050 992
1515060 995
1515070 998
1515080 998
1515090 1002
1515100 1005
1515110 1005
1515120 1008
1515130 1010
1515140 1010
1515150 1011
1515160 1013
1515170 1013
1515180 1014
1515190 1015
1515200 1015
1515210 1015
1515220 1015
1515230 1015
1515240 1015
1515250 1016
1515260 1016
1515270 1016
1515280 1015
1515290 1014
1515300 1014
1515310 1014
1515320 1014
1515330 1014
1515340 1014
1515350 1016
1515360 1016
1515370 1019
1515380 1025
1515390 1025
1515400 1030
1515410 1035
1515420 1039
1515430 1039
1515440 1042
1515450 1045
1515460 1045
1515470 1047
1515480 1048
1515490 1048
1515500 1048
1515510 1047
1515520 1047
1515530 1046
1515540 1045
1515550 1045
1515560 1046
1515570 1047
1515580 1047
1515590 1050
1515600 1054
1515610 1057
1515620 1057
1515630 1063
1515640 1067
1515650 1067
1515660 1067
1515670 1069
1515680 1069
1515690 1071
1515700 1073
1515710 1073
1515720 1076
1515730 1078
1515740 1078
1515750 1081
1515760 1085
1515770 1085
1515780 1090
1515790 1094
1515800 1097
1515810 1097
1515820 1101
1515830 1105
1515840 1105
1515850 1107
1515860 1110
1515870 1110
1515880 1112
1515890 1114
1515900 1114
1515910 1116
1515920 1118
1515930 1118
1515940 1120
1515950 1122
1515960 1122
1515970 1123
1515980 1125
1515990 1125
1516000 1126
1516010 1128
1516020 1130
1516030 1130
1516040 1132
1516050 1135
1516060 1135
1516070 1137
1516080 1139
1516090 1139
1516100 1142
1516110 1144
1516120 1144
1516130 1147
1516140 1150
1516150 1150
1516160 1153
1516170 1155
1516180 1155
1516190 1155
1516200 1155
1516210 1155
1516220 1155
1516230 1154
1516240 1155
1516250 1155
1516260 1157
1516270 1160
1516280 1160
1516290 1163
1516300 1165
1516310 1165
1516320 1166
1516330 1165
1516340 1165
1516350 1165
1516360 1168
1516370 1168
1516380 1173
1516390 1178
1516400 1182
1516410 1182
1516420 1186
1516430 1190
1516440 1190
1516450 1194
1516460 1198
1516470 1198
1516480 1202
1516490 1207
1516500 1207
1516510 1209
1516520 1209
1516530 1209
1516540 1210
1516550 1209
1516560 1209
1516570 1206
1516580 1204
1516590 1210
1516600 1210
1516610 1214
1516620 1219
1516630 1219
1516640 1223
1516650 1229
1516660 1229
1516670 1233
1516680 1237
1516690 1237
1516700 1241
1516710 1243
1516720 1243
1516730 1243
1516740 1242
1516750 1242
1516760 1242
1516770 1243
1516780 1244
1516790 1244
1516800 1249
1516810 1252
1516820 1252
1516830 1256
1516840 1260
1516850 1260
1516860 1264
1516870 1267
1516880 1267
1516890 1268
1516900 1269
1516910 1269
1516920 1270
1516930 1270
1516940 1270
1516950 1270
1516960 1269
1516970 1271
1516980 1271
1516990 1273
1517000 1272
1517010 1272
1517020 1273
1517030 1275
1517040 1275
1517050 1278
1517060 1282
1517070 1282
1517080 1282
1517090 1283
1517100 1283
1517110 1285
1517120 1288
1517130 1288
1517140 1291
1517150 1294
1517160 1293
1517170 1293
1517180 1292
1517190 1290
1517200 1290
1517210 1293
1517220 1301
1517230 1301
1517240 1308
1517250 1314
1517260 1314
1517270 1319
1517280 1324
1517290 1324
1517300 1329
1517310 1334
1517320 1334
1517330 1339
1517340 1344
1517350 1344
1517360 1348
1517370 1352
1517380 1356
1517390 1356
1517400 1360
1517410 1362
1517420 1362
1517430 1365
1517440 1369
1517450 1369
1517460 1372
1517470 1375
1517480 1375
1517490 1380
1517500 1384
1517510 1384
1517520 1388
1517530 1392
1517540 1392
1517550 1396
1517560 1399
1517570 1402
1517580 1402
1517590 1405
1517600 1408
1517610 1408
1517620 1411
1517630 1413
1517640 1413
1517650 1416
1517660 1419
1517670 1419
1517680 1423
1517690 1426
1517700 1426
1517710 1427
1517720 1429
1517730 1429
1517740 1431
1517750 1433
1517760 1433
1517770 1433
1517780 1433
1517790 1434
1517800 1434
1517810 1435
1517820 1438
1517830 1438
1517840 1441
1517850 1445
1517860 1445
1517870 1448
1517880 1451
1517890 1451
1517900 1455
1517910 1457
1517920 1457
1517930 1460
1517940 1461
1517950 1463
1517960 1463
1517970 1463
1517980 1466
1517990 1466
1518000 1468
1518010 1470
1518020 1470
1518030 1472
1518040 1475
1518050 1475
1518060 1477
1518070 1479
1518080 1479
1518090 1479
1518100 1480
1518110 1480
1518120 1481
1518130 1482
1518140 1482
1518150 1482
1518160 1482
1518170 1481
1518180 1481
1518190 1482
1518200 1482
1518210 1482
1518220 1484
1518230 1485
1518240 1485
1518250 1487
1518260 1489
1518270 1489
1518280 1492
1518290 1495
1518300 1495
1518310 1499
1518320 1503
1518330 1506
1518340 1506
1518350 1508
1518360 1511
1518370 1511
1518380 1513
1518390 1515
1518400 1515
1518410 1517
1518420 1519
1518430 1519
1518440 1521
1518450 1525
1518460 1525
1518470 1528
1518480 1530
1518490 1530
1518500 1533
1518510 1537
1518520 1540
1518530 1540
1518540 1543
1518550 1546
1518560 1546
1518570 1549
1518580 1553
1518590 1553
1518600 1558
1518610 1562
1518620 1562
1518630 1565
1518640 1569
1518650 1569
1518660 1571
1518670 1573
1518680 1573
1518690 1575
1518700 1576
1518710 1576
1518720 1578
1518730 1581
1518740 1583
1518750 1583
1518760 1586
1518770 1589
1518780 1589
1518790 1592
1518800 1595
1518810 1595
1518820 1597
1518830 1600
1518840 1600
1518850 1603
1518860 1605
1518870 1605
1518880 1607
1518890 1610
1518900 1610
1518910 1613
1518920 1616
1518930 1620
1518940 1620
1518950 1624
1518960 1628
1518970 1628
1518980 1630
1518990 1633
1519000 1633
1519010 1636
1519020 1638
1519030 1638
1519040 1639
1519050 1640
1519060 1640
1519070 1639
1519080 1637
1519090 1637
1519100 1637
1519110 1637
1519120 1638
1519130 1638
1519140 1640
1519150 1641
1519160 1641
1519170 1642
1519180 1645
1519190 1645
1519200 1648
1519210 1649
1519220 1649
1519230 1650
1519240 1655
1519250 1655
1519260 1661
1519270 1666
1519280 1666
1519290 1671
1519300 1675
1519310 1680
1519320 1680
1519330 1684
1519340 1688
1519350 1688
1519360 1693
1519370 1697
1519380 1697
1519390 1701
1519400 1705
1519410 1705
1519420 1709
1519430 1712
1519440 1712
1519450 1715
1519460 1719
1519470 1719
1519480 1723
1519490 1727
1519500 1731
1519510 1731
1519520 1734
1519530 1737
1519540 1737
1519550 1740
1519560 1743
1519570 1743
1519580 1746
1519590 1749
1519600 1749
1519610 1752
1519620 1755
1519630 1755
1519640 1759
1519650 1762
1519660 1762
1519670 1765
1519680 1767
1519690 1769
1519700 1769
1519710 1772
1519720 1774
1519730 1774
1519740 1777
1519750 1781
1519760 1781
1519770 1784
1519780 1788
1519790 1788
1519800 1791
1519810 1794
1519820 1794
1519830 1798
1519840 1802
1519850 1802
1519860 1807
1519870 1810
1519880 1813
1519890 1813
1519900 1817
1519910 1821
1519920 1821
1519930 1825
1519940 1828
1519950 1828
1519960 1832
1519970 1837
1519980 1837
1519990 1842
