1500000 1361
1500010 1357
1500020 1357
1500030 1354
1500040 1349
1500050 1349
1500060 1344
1500070 1340
1500080 1340
1500090 1335
1500100 1330
1500110 1330
1500120 1326
1500130 1320
1500140 1320
1500150 1315
1500160 1311
1500170 1311
1500180 1306
1500190 1302
1500200 1302
1500210 1297
1500220 1292
1500230 1286
1500240 1286
1500250 1281
1500260 1277
1500270 1277
1500280 1271
1500290 1265
1500300 1265
1500310 1260
1500320 1255
1500330 1255
1500340 1251
1500350 1246
1500360 1246
1500370 1240
1500380 1234
1500390 1234
1500400 1228
1500410 1222
1500420 1217
1500430 1217
1500440 1211
1500450 1205
1500460 1205
1500470 1199
1500480 1193
1500490 1193
1500500 1189
1500510 1187
1500520 1187
1500530 1182
1500540 1175
1500550 1175
1500560 1167
1500570 1159
1500580 1159
1500590 1151
1500600 1143
1500610 1147
1500620 1147
1500630 1148
1500640 1146
1500650 1146
1500660 1142
1500670 1137
1500680 1137
1500690 1133
1500700 1128
1500710 1128
1500720 1123
1500730 1118
1500740 1118
1500750 1113
1500760 1108
1500770 1108
1500780 1102
1500790 1099
1500800 1100
1500810 1100
1500820 1103
1500830 1104
1500840 1104
1500850 1102
1500860 1099
1500870 1099
1500880 1094
1500890 1090
1500900 1090
1500910 1085
1500920 1082
1500930 1082
1500940 1078
1500950 1074
1500960 1074
1500970 1071
1500980 1067
1500990 1061
1501000 1061
1501010 1056
1501020 1051
1501030 1051
1501040 1046
1501050 1040
1501060 1040
1501070 1034
1501080 1028
1501090 1028
1501100 1024
1501110 1022
1501120 1022
1501130 1019
1501140 1016
1501150 1016
1501160 1011
1501170 1004
1501180 1004
1501190 996
1501200 988
1501210 979
1501220 979
1501230 971
1501240 965
1501250 965
1501260 961
1501270 958
1501280 958
1501290 957
1501300 958
1501310 958
1501320 962
1501330 962
1501340 962
1501350 961
1501360 961
1501370 961
1501380 963
1501390 964
1501400 962
1501410 962
1501420 958
1501430 955
1501440 955
1501450 953
1501460 949
1501470 949
1501480 945
1501490 941
1501500 941
1501510 936
1501520 933
1501530 933
1501540 930
1501550 927
1501560 927
1501570 923
1501580 920
1501590 916
1501600 916
1501610 914
1501620 911
1501630 911
1501640 909
1501650 905
1501660 905
1501670 902
1501680 899
1501690 899
1501700 895
1501710 891
1501720 891
1501730 888
1501740 885
1501750 885
1501760 882
1501770 880
1501780 879
1501790 879
1501800 878
1501810 876
1501820 876
1501830 875
1501840 873
1501850 873
1501860 871
1501870 869
1501880 869
1501890 868
1501900 866
1501910 866
1501920 864
1501930 863
1501940 863
1501950 861
1501960 860
1501970 858
1501980 858
1501990 857
1502000 855
1502010 855
1502020 854
1502030 852
1502040 852
1502050 851
1502060 850
1502070 850
1502080 849
1502090 848
1502100 848
1502110 846
1502120 845
1502130 845
1502140 843
1502150 843
1502160 843
1502170 842
1502180 841
1502190 839
1502200 839
1502210 839
1502220 837
1502230 837
1502240 834
1502250 833
1502260 833
1502270 832
1502280 831
1502290 831
1502300 831
1502310 829
1502320 829
1502330 828
1502340 828
1502350 828
1502360 827
1502370 826
1502380 826
1502390 826
1502400 825
1502410 824
1502420 824
1502430 823
1502440 823
1502450 823
1502460 822
1502470 822
1502480 822
1502490 821
1502500 821
1502510 821
1502520 821
1502530 820
1502540 820
1502550 820
1502560 820
1502570 819
1502580 819
1502590 819
1502600 819
1502610 819
1502620 818
1502630 818
1502640 818
1502650 818
1502660 818
1502670 818
1502680 817
1502690 817
1502700 817
1502710 817
1502720 817
1502730 817
1502740 813
1502750 807
1502760 804
1502770 804
1502780 803
1502790 802
1502800 802
1502810 802
1502820 800
1502830 800
1502840 798
1502850 797
1502860 797
1502870 797
1502880 797
1502890 797
1502900 796
1502910 796
1502920 796
1502930 796
1502940 796
1502950 796
1502960 796
1502970 796
1502980 795
1502990 795
1503000 795
1503010 795
1503020 795
1503030 795
1503040 795
1503050 795
1503060 795
1503070 795
1503080 795
1503090 795
1503100 795
1503110 795
1503120 795
1503130 796
1503140 796
1503150 796
1503160 795
1503170 793
1503180 793
1503190 791
1503200 791
1503210 791
1503220 791
1503230 792
1503240 792
1503250 792
1503260 792
1503270 792
1503280 792
1503290 792
1503300 792
1503310 792
1503320 791
1503330 791
1503340 791
1503350 791
1503360 792
1503370 792
1503380 792
1503390 792
1503400 792
1503410 792
1503420 792
1503430 792
1503440 795
1503450 799
1503460 799
1503470 804
1503480 805
1503490 805
1503500 805
1503510 805
1503520 805
1503530 806
1503540 806
1503550 806
1503560 806
1503570 806
1503580 806
1503590 806
1503600 806
1503610 806
1503620 806
1503630 806
1503640 806
1503650 806
1503660 806
1503670 806
1503680 806
1503690 806
1503700 806
1503710 806
1503720 805
1503730 805
1503740 805
1503750 805
1503760 805
1503770 806
1503780 806
1503790 806
1503800 806
1503810 806
1503820 807
1503830 807
1503840 807
1503850 807
1503860 808
1503870 808
1503880 808
1503890 809
1503900 809
1503910 809
1503920 809
1503930 810
1503940 810
1503950 810
1503960 810
1503970 810
1503980 811
1503990 812
1504000 812
1504010 812
1504020 812
1504030 812
1504040 813
1504050 813
1504060 813
1504070 813
1504080 813
1504090 813
1504100 813
1504110 812
1504120 812
1504130 812
1504140 812
1504150 811
1504160 811
1504170 811
1504180 811
1504190 811
1504200 811
1504210 811
1504220 811
1504230 811
1504240 811
1504250 811
1504260 811
1504270 811
1504280 811
1504290 811
1504300 811
1504310 811
1504320 813
1504330 813
1504340 813
1504350 813
1504360 814
1504370 814
1504380 814
1504390 815
1504400 815
1504410 815
1504420 815
1504430 815
1504440 815
1504450 815
1504460 816
1504470 816
1504480 817
1504490 818
1504500 818
1504510 817
1504520 817
1504530 816
1504540 816
1504550 817
1504560 817
1504570 817
1504580 818
1504590 820
1504600 820
1504610 820
1504620 821
1504630 821
1504640 821
1504650 822
1504660 822
1504670 822
1504680 822
1504690 822
1504700 822
1504710 823
1504720 823
1504730 823
1504740 824
1504750 825
1504760 825
1504770 825
1504780 826
1504790 826
1504800 826
1504810 826
1504820 826
1504830 826
1504840 827
1504850 827
1504860 828
1504870 827
1504880 827
1504890 826
1504900 826
1504910 826
1504920 826
1504930 826
1504940 826
1504950 826
1504960 826
1504970 826
1504980 826
1504990 827
1505000 827
1505010 827
1505020 828
1505030 829
1505040 829
1505050 830
1505060 830
1505070 830
1505080 831
1505090 832
1505100 832
1505110 834
1505120 836
1505130 838
1505140 838
1505150 842
1505160 848
1505170 848
1505180 853
1505190 856
1505200 856
1505210 858
1505220 860
1505230 860
1505240 864
1505250 868
1505260 868
1505270 872
1505280 875
1505290 875
1505300 877
1505310 878
1505320 881
1505330 881
1505340 884
1505350 887
1505360 887
1505370 890
1505380 892
1505390 892
1505400 894
1505410 898
1505420 898
1505430 903
1505440 907
1505450 907
1505460 910
1505470 914
1505480 914
1505490 918
1505500 922
1505510 926
1505520 926
1505530 929
1505540 933
1505550 933
1505560 936
1505570 940
1505580 940
1505590 944
1505600 949
1505610 949
1505620 953
1505630 958
1505640 958
1505650 963
1505660 969
1505670 969
1505680 973
1505690 975
1505700 978
1505710 978
1505720 981
1505730 984
1505740 984
1505750 987
1505760 991
1505770 991
1505780 996
1505790 1002
1505800 1002
1505810 1008
1505820 1013
1505830 1013
1505840 1018
1505850 1022
1505860 1022
1505870 1026
1505880 1032
1505890 1038
1505900 1038
1505910 1043
1505920 1047
1505930 1047
1505940 1050
1505950 1053
1505960 1053
1505970 1055
1505980 1059
1505990 1059
1506000 1063
1506010 1068
1506020 1068
1506030 1071
1506040 1075
1506050 1075
1506060 1080
1506070 1084
1506080 1084
1506090 1091
1506100 1095
1506110 1100
1506120 1100
1506130 1107
1506140 1111
1506150 1111
1506160 1115
1506170 1119
1506180 1119
1506190 1123
1506200 1125
1506210 1125
1506220 1126
1506230 1129
1506240 1129
1506250 1132
1506260 1135
1506270 1135
1506280 1139
1506290 1143
1506300 1147
1506310 1147
1506320 1152
1506330 1157
1506340 1157
1506350 1160
1506360 1162
1506370 1162
1506380 1164
1506390 1166
1506400 1166
1506410 1170
1506420 1174
1506430 1174
1506440 1178
1506450 1184
1506460 1184
1506470 1189
1506480 1192
1506490 1197
1506500 1197
1506510 1201
1506520 1206
1506530 1206
1506540 1210
1506550 1213
1506560 1213
1506570 1217
1506580 1220
1506590 1220
1506600 1223
1506610 1224
1506620 1224
1506630 1227
1506640 1232
1506650 1232
1506660 1236
1506670 1238
1506680 1239
1506690 1239
1506700 1241
1506710 1243
1506720 1243
1506730 1246
1506740 1249
1506750 1249
1506760 1252
1506770 1255
1506780 1255
1506790 1256
1506800 1257
1506810 1257
1506820 1260
1506830 1262
1506840 1262
1506850 1265
1506860 1266
1506870 1269
1506880 1269
1506890 1272
1506900 1275
1506910 1275
1506920 1279
1506930 1283
1506940 1283
1506950 1289
1506960 1294
1506970 1294
1506980 1297
1506990 1301
1507000 1301
1507010 1305
1507020 1309
1507030 1309
1507040 1313
1507050 1316
1507060 1316
1507070 1318
1507080 1321
1507090 1324
1507100 1324
1507110 1327
1507120 1330
1507130 1330
1507140 1333
1507150 1336
1507160 1336
1507170 1339
1507180 1341
1507190 1341
1507200 1345
1507210 1352
1507220 1352
1507230 1360
1507240 1366
1507250 1366
1507260 1370
1507270 1374
1507280 1379
1507290 1379
1507300 1388
1507310 1397
1507320 1397
1507330 1405
1507340 1412
1507350 1412
1507360 1419
1507370 1426
1507380 1426
1507390 1432
1507400 1438
1507410 1438
1507420 1444
1507430 1449
1507440 1449
1507450 1451
1507460 1451
1507470 1451
1507480 1451
1507490 1451
1507500 1452
1507510 1452
1507520 1453
1507530 1454
1507540 1454
1507550 1455
1507560 1456
1507570 1456
1507580 1458
1507590 1461
1507600 1461
1507610 1462
1507620 1463
1507630 1463
1507640 1463
1507650 1463
1507660 1464
1507670 1464
1507680 1463
1507690 1463
1507700 1463
1507710 1461
1507720 1461
1507730 1461
1507740 1460
1507750 1460
1507760 1460
1507770 1459
1507780 1458
1507790 1458
1507800 1457
1507810 1458
1507820 1458
1507830 1456
1507840 1455
1507850 1452
1507860 1452
1507870 1447
1507880 1441
1507890 1441
1507900 1438
1507910 1436
1507920 1436
1507930 1434
1507940 1433
1507950 1433
1507960 1432
1507970 1431
1507980 1431
1507990 1429
1508000 1427
1508010 1427
1508020 1425
1508030 1422
1508040 1422
1508050 1420
1508060 1417
1508070 1414
1508080 1414
1508090 1412
1508100 1409
1508110 1409
1508120 1406
1508130 1403
1508140 1403
1508150 1400
1508160 1397
1508170 1397
1508180 1394
1508190 1391
1508200 1391
1508210 1389
1508220 1386
1508230 1386
1508240 1385
1508250 1385
1508260 1385
1508270 1385
1508280 1385
1508290 1384
1508300 1384
1508310 1382
1508320 1378
1508330 1378
1508340 1375
1508350 1372
1508360 1372
1508370 1369
1508380 1366
1508390 1366
1508400 1363
1508410 1359
1508420 1359
1508430 1355
1508440 1351
1508450 1347
1508460 1347
1508470 1342
1508480 1338
1508490 1338
1508500 1333
1508510 1329
1508520 1329
1508530 1324
1508540 1319
1508550 1319
1508560 1312
1508570 1306
1508580 1306
1508590 1302
1508600 1297
1508610 1297
1508620 1292
1508630 1288
1508640 1285
1508650 1285
1508660 1281
1508670 1276
1508680 1276
1508690 1272
1508700 1269
1508710 1269
1508720 1266
1508730 1262
1508740 1262
1508750 1256
1508760 1248
1508770 1248
1508780 1240
1508790 1232
1508800 1232
1508810 1224
1508820 1218
1508830 1209
1508840 1209
1508850 1201
1508860 1194
1508870 1194
1508880 1186
1508890 1179
1508900 1179
1508910 1171
1508920 1171
1508930 1171
1508940 1179
1508950 1185
1508960 1185
1508970 1191
1508980 1198
1508990 1198
1509000 1205
1509010 1210
1509020 1210
1509030 1216
1509040 1222
1509050 1229
1509060 1229
1509070 1234
1509080 1236
1509090 1236
1509100 1237
1509110 1239
1509120 1239
1509130 1241
1509140 1243
1509150 1243
1509160 1246
1509170 1248
1509180 1248
1509190 1250
1509200 1253
1509210 1253
1509220 1255
1509230 1258
1509240 1261
1509250 1261
1509260 1263
1509270 1264
1509280 1264
1509290 1267
1509300 1268
1509310 1268
1509320 1270
1509330 1273
1509340 1273
1509350 1275
1509360 1278
1509370 1278
1509380 1280
1509390 1283
1509400 1283
1509410 1286
1509420 1289
1509430 1293
1509440 1293
1509450 1297
1509460 1300
1509470 1300
1509480 1303
1509490 1306
1509500 1306
1509510 1308
1509520 1310
1509530 1310
1509540 1312
1509550 1314
1509560 1314
1509570 1317
1509580 1319
1509590 1319
1509600 1322
1509610 1324
1509620 1326
1509630 1326
1509640 1329
1509650 1331
1509660 1331
1509670 1334
1509680 1336
1509690 1336
1509700 1337
1509710 1338
1509720 1338
1509730 1340
1509740 1343
1509750 1343
1509760 1347
1509770 1352
1509780 1352
1509790 1357
1509800 1362
1509810 1368
1509820 1368
1509830 1373
1509840 1376
1509850 1376
1509860 1379
1509870 1381
1509880 1381
1509890 1383
1509900 1386
1509910 1386
1509920 1389
1509930 1391
1509940 1391
1509950 1394
1509960 1395
1509970 1395
1509980 1397
1509990 1399
1510000 1399
1510010 1401
1510020 1404
1510030 1408
1510040 1408
1510050 1413
1510060 1418
1510070 1418
1510080 1424
1510090 1429
1510100 1429
1510110 1434
1510120 1439
1510130 1439
1510140 1445
1510150 1451
1510160 1451
1510170 1456
1510180 1460
1510190 1460
1510200 1465
1510210 1470
1510220 1473
1510230 1473
1510240 1477
1510250 1480
1510260 1480
1510270 1484
1510280 1488
1510290 1488
1510300 1491
1510310 1495
1510320 1495
1510330 1500
1510340 1503
1510350 1503
1510360 1506
1510370 1509
1510380 1509
1510390 1512
1510400 1516
1510410 1519
1510420 1519
1510430 1522
1510440 1526
1510450 1526
1510460 1528
1510470 1530
1510480 1530
1510490 1533
1510500 1535
1510510 1535
1510520 1537
1510530 1539
1510540 1539
1510550 1542
1510560 1544
1510570 1544
1510580 1547
1510590 1548
1510600 1550
1510610 1550
1510620 1552
1510630 1554
1510640 1554
1510650 1555
1510660 1555
1510670 1555
1510680 1557
1510690 1558
1510700 1558
1510710 1558
1510720 1559
1510730 1559
1510740 1559
1510750 1559
1510760 1559
1510770 1559
1510780 1559
1510790 1562
1510800 1562
1510810 1565
1510820 1568
1510830 1568
1510840 1571
1510850 1572
1510860 1572
1510870 1573
1510880 1573
1510890 1573
1510900 1574
1510910 1574
1510920 1574
1510930 1573
1510940 1573
1510950 1573
1510960 1573
1510970 1573
1510980 1573
1510990 1572
1511000 1572
1511010 1571
1511020 1571
1511030 1571
1511040 1570
1511050 1570
1511060 1569
1511070 1568
1511080 1568
1511090 1566
1511100 1564
1511110 1564
1511120 1563
1511130 1562
1511140 1562
1511150 1560
1511160 1558
1511170 1558
1511180 1556
1511190 1553
1511200 1551
1511210 1551
1511220 1549
1511230 1548
1511240 1548
1511250 1547
1511260 1545
1511270 1545
1511280 1544
1511290 1542
1511300 1542
1511310 1541
1511320 1539
1511330 1539
1511340 1536
1511350 1533
1511360 1533
1511370 1532
1511380 1532
1511390 1530
1511400 1530
1511410 1527
1511420 1526
1511430 1526
1511440 1525
1511450 1524
1511460 1524
1511470 1522
1511480 1519
1511490 1519
1511500 1518
1511510 1516
1511520 1516
1511530 1514
1511540 1511
1511550 1511
1511560 1509
1511570 1508
1511580 1509
1511590 1509
1511600 1508
1511610 1507
1511620 1507
1511630 1506
1511640 1504
1511650 1504
1511660 1502
1511670 1499
1511680 1499
1511690 1497
1511700 1496
1511710 1496
1511720 1495
1511730 1494
1511740 1494
1511750 1493
1511760 1491
1511770 1490
1511780 1490
1511790 1489
1511800 1488
1511810 1488
1511820 1486
1511830 1485
1511840 1485
1511850 1485
1511860 1484
1511870 1484
1511880 1482
1511890 1480
1511900 1480
1511910 1479
1511920 1478
1511930 1478
1511940 1477
1511950 1477
1511960 1477
1511970 1476
1511980 1475
1511990 1475
1512000 1475
1512010 1475
1512020 1474
1512030 1474
1512040 1473
1512050 1473
1512060 1473
1512070 1472
1512080 1470
1512090 1470
1512100 1469
1512110 1468
1512120 1468
1512130 1466
1512140 1466
1512150 1466
1512160 1466
1512170 1466
1512180 1464
1512190 1464
1512200 1463
1512210 1461
1512220 1461
1512230 1460
1512240 1459
1512250 1459
1512260 1457
1512270 1456
1512280 1456
1512290 1454
1512300 1453
1512310 1453
1512320 1451
1512330 1449
1512340 1449
1512350 1445
1512360 1442
1512370 1441
1512380 1441
1512390 1441
1512400 1439
1512410 1439
1512420 1437
1512430 1435
1512440 1435
1512450 1433
1512460 1433
1512470 1433
1512480 1432
1512490 1430
1512500 1430
1512510 1428
1512520 1427
1512530 1427
1512540 1425
1512550 1423
1512560 1422
1512570 1422
1512580 1421
1512590 1420
1512600 1420
1512610 1420
1512620 1419
1512630 1419
1512640 1418
1512650 1417
1512660 1417
1512670 1416
1512680 1415
1512690 1415
1512700 1415
1512710 1413
1512720 1413
1512730 1412
1512740 1411
1512750 1410
1512760 1410
1512770 1408
1512780 1407
1512790 1407
1512800 1405
1512810 1403
1512820 1403
1512830 1401
1512840 1399
1512850 1399
1512860 1396
1512870 1394
1512880 1394
1512890 1393
1512900 1391
1512910 1391
1512920 1389
1512930 1387
1512940 1387
1512950 1384
1512960 1382
1512970 1380
1512980 1380
1512990 1379
1513000 1377
1513010 1377
1513020 1376
1513030 1375
1513040 1375
1513050 1373
1513060 1370
1513070 1370
1513080 1369
1513090 1369
1513100 1369
1513110 1368
1513120 1367
1513130 1367
1513140 1364
1513150 1362
1513160 1360
1513170 1360
1513180 1358
1513190 1357
1513200 1357
1513210 1355
1513220 1353
1513230 1353
1513240 1350
1513250 1347
1513260 1347
1513270 1345
1513280 1343
1513290 1343
1513300 1340
1513310 1338
1513320 1338
1513330 1335
1513340 1333
1513350 1331
1513360 1331
1513370 1328
1513380 1326
1513390 1326
1513400 1324
1513410 1321
1513420 1321
1513430 1319
1513440 1317
1513450 1317
1513460 1315
1513470 1312
1513480 1312
1513490 1309
1513500 1307
1513510 1307
1513520 1304
1513530 1300
1513540 1296
1513550 1296
1513560 1292
1513570 1288
1513580 1288
1513590 1285
1513600 1280
1513610 1280
1513620 1276
1513630 1272
1513640 1272
1513650 1267
1513660 1262
1513670 1262
1513680 1258
1513690 1254
1513700 1254
1513710 1250
1513720 1246
1513730 1242
1513740 1242
1513750 1238
1513760 1233
1513770 1233
1513780 1229
1513790 1225
1513800 1225
1513810 1220
1513820 1214
1513830 1214
1513840 1212
1513850 1210
1513860 1210
1513870 1207
1513880 1205
1513890 1205
1513900 1202
1513910 1199
1513920 1199
1513930 1196
1513940 1195
1513950 1193
1513960 1193
1513970 1192
1513980 1190
1513990 1190
1514000 1190
1514010 1190
1514020 1190
1514030 1189
1514040 1187
1514050 1187
1514060 1185
1514070 1183
1514080 1183
1514090 1181
1514100 1178
1514110 1178
1514120 1176
1514130 1174
1514140 1173
1514150 1173
1514160 1169
1514170 1164
1514180 1164
1514190 1161
1514200 1159
1514210 1159
1514220 1157
1514230 1155
1514240 1155
1514250 1152
1514260 1148
1514270 1148
1514280 1145
1514290 1144
1514300 1144
1514310 1142
1514320 1141
1514330 1141
1514340 1141
1514350 1139
1514360 1138
1514370 1138
1514380 1135
1514390 1133
1514400 1133
1514410 1129
1514420 1125
1514430 1125
1514440 1122
1514450 1120
1514460 1120
1514470 1117
1514480 1115
1514490 1115
1514500 1111
1514510 1108
1514520 1104
1514530 1104
1514540 1101
1514550 1099
1514560 1099
1514570 1096
1514580 1094
1514590 1094
1514600 1092
1514610 1091
1514620 1091
1514630 1088
1514640 1088
1514650 1088
1514660 1085
1514670 1082
1514680 1082
1514690 1078
1514700 1074
1514710 1069
1514720 1069
1514730 1065
1514740 1058
1514750 1058
1514760 1054
1514770 1049
1514780 1049
1514790 1043
1514800 1039
1514810 1039
1514820 1034
1514830 1028
1514840 1028
1514850 1023
1514860 1019
1514870 1019
1514880 1015
1514890 1009
1514900 1001
1514910 1001
1514920 995
1514930 991
1514940 991
1514950 984
1514960 976
1514970 976
1514980 967
1514990 959
1515000 959
1515010 952
1515020 941
1515030 941
1515040 933
1515050 928
1515060 928
1515070 920
1515080 914
1515090 914
1515100 911
1515110 906
1515120 906
1515130 906
1515140 908
1515150 910
1515160 910
1515170 916
1515180 924
1515190 924
1515200 929
1515210 936
1515220 936
1515230 943
1515240 949
1515250 949
1515260 957
1515270 964
1515280 964
1515290 972
1515300 980
1515310 988
1515320 988
1515330 995
1515340 1001
1515350 1001
1515360 1008
1515370 1016
1515380 1016
1515390 1023
1515400 1029
1515410 1029
1515420 1035
1515430 1040
1515440 1040
1515450 1046
1515460 1050
1515470 1050
1515480 1054
1515490 1057
1515500 1063
1515510 1063
1515520 1068
1515530 1074
1515540 1074
1515550 1079
1515560 1082
1515570 1082
1515580 1084
1515590 1086
1515600 1086
1515610 1089
1515620 1092
1515630 1092
1515640 1096
1515650 1099
1515660 1099
1515670 1103
1515680 1107
1515690 1111
1515700 1111
1515710 1117
1515720 1122
1515730 1122
1515740 1127
1515750 1132
1515760 1132
1515770 1136
1515780 1139
1515790 1139
1515800 1144
1515810 1150
1515820 1150
1515830 1157
1515840 1164
1515850 1164
1515860 1171
1515870 1178
1515880 1183
1515890 1183
1515900 1189
1515910 1194
1515920 1194
1515930 1201
1515940 1205
1515950 1205
1515960 1211
1515970 1216
1515980 1216
1515990 1221
1516000 1227
1516010 1227
1516020 1232
1516030 1237
1516040 1237
1516050 1243
1516060 1248
1516070 1248
1516080 1253
1516090 1257
1516100 1260
1516110 1260
1516120 1264
1516130 1269
1516140 1269
1516150 1273
1516160 1277
1516170 1277
1516180 1281
1516190 1284
1516200 1284
1516210 1289
1516220 1292
1516230 1292
1516240 1295
1516250 1296
1516260 1296
1516270 1298
1516280 1299
1516290 1301
1516300 1301
1516310 1302
1516320 1304
1516330 1304
1516340 1305
1516350 1306
1516360 1306
1516370 1308
1516380 1309
1516390 1309
1516400 1312
1516410 1317
1516420 1317
1516430 1321
1516440 1324
1516450 1324
1516460 1327
1516470 1329
1516480 1333
1516490 1333
1516500 1336
1516510 1338
1516520 1338
1516530 1340
1516540 1342
1516550 1342
1516560 1345
1516570 1347
1516580 1347
1516590 1348
1516600 1350
1516610 1350
1516620 1351
1516630 1352
1516640 1352
1516650 1353
1516660 1354
1516670 1356
1516680 1356
1516690 1358
1516700 1361
1516710 1361
1516720 1364
1516730 1365
1516740 1365
1516750 1367
1516760 1368
1516770 1368
1516780 1369
1516790 1371
1516800 1371
1516810 1373
1516820 1376
1516830 1376
1516840 1379
1516850 1381
1516860 1384
1516870 1384
1516880 1386
1516890 1388
1516900 1388
1516910 1390
1516920 1392
1516930 1392
1516940 1394
1516950 1396
1516960 1396
1516970 1398
1516980 1401
1516990 1401
1517000 1403
1517010 1405
1517020 1405
1517030 1407
1517040 1409
1517050 1409
1517060 1410
1517070 1413
1517080 1416
1517090 1416
1517100 1419
1517110 1423
1517120 1423
1517130 1426
1517140 1430
1517150 1430
1517160 1433
1517170 1436
1517180 1436
1517190 1440
1517200 1445
1517210 1445
1517220 1448
1517230 1450
1517240 1450
1517250 1453
1517260 1456
1517270 1459
1517280 1459
1517290 1463
1517300 1468
1517310 1468
1517320 1475
1517330 1482
1517340 1482
1517350 1486
1517360 1489
1517370 1489
1517380 1493
1517390 1498
1517400 1498
1517410 1503
1517420 1508
1517430 1508
1517440 1512
1517450 1515
1517460 1519
1517470 1519
1517480 1525
1517490 1531
1517500 1531
1517510 1535
1517520 1538
1517530 1538
1517540 1540
1517550 1543
1517560 1543
1517570 1545
1517580 1548
1517590 1548
1517600 1553
1517610 1558
1517620 1558
1517630 1563
1517640 1568
1517650 1571
1517660 1571
1517670 1575
1517680 1579
1517690 1579
1517700 1583
1517710 1585
1517720 1585
1517730 1588
1517740 1591
1517750 1591
1517760 1594
1517770 1596
1517780 1596
1517790 1598
1517800 1600
1517810 1600
1517820 1601
1517830 1604
1517840 1609
1517850 1609
1517860 1613
1517870 1616
1517880 1616
1517890 1620
1517900 1626
1517910 1626
1517920 1630
1517930 1632
1517940 1632
1517950 1633
1517960 1635
1517970 1635
1517980 1637
1517990 1638
1518000 1638
1518010 1639
1518020 1640
1518030 1640
1518040 1641
1518050 1643
1518060 1642
1518070 1642
1518080 1640
1518090 1640
1518100 1640
1518110 1640
1518120 1640
1518130 1640
1518140 1642
1518150 1646
1518160 1646
1518170 1649
1518180 1653
1518190 1653
1518200 1658
1518210 1663
1518220 1663
1518230 1667
1518240 1672
1518250 1673
1518260 1673
1518270 1674
1518280 1674
1518290 1674
1518300 1675
1518310 1677
1518320 1677
1518330 1680
1518340 1682
1518350 1682
1518360 1684
1518370 1684
1518380 1684
1518390 1687
1518400 1690
1518410 1690
1518420 1692
1518430 1694
1518440 1698
1518450 1698
1518460 1701
1518470 1704
1518480 1704
1518490 1703
1518500 1704
1518510 1704
1518520 1707
1518530 1711
1518540 1711
1518550 1712
1518560 1714
1518570 1714
1518580 1717
1518590 1718
1518600 1718
1518610 1719
1518620 1719
1518630 1720
1518640 1720
1518650 1720
1518660 1721
1518670 1721
1518680 1722
1518690 1721
1518700 1721
1518710 1722
1518720 1724
1518730 1724
1518740 1729
1518750 1734
1518760 1734
1518770 1739
1518780 1745
1518790 1745
1518800 1750
1518810 1756
1518820 1761
1518830 1761
1518840 1763
1518850 1765
1518860 1765
1518870 1767
1518880 1772
1518890 1772
1518900 1776
1518910 1780
1518920 1780
1518930 1782
1518940 1784
1518950 1784
1518960 1786
1518970 1786
1518980 1786
1518990 1787
1519000 1786
1519010 1786
1519020 1783
1519030 1781
1519040 1777
1519050 1777
1519060 1773
1519070 1770
1519080 1770
1519090 1769
1519100 1769
1519110 1769
1519120 1767
1519130 1767
1519140 1767
1519150 1767
1519160 1767
1519170 1767
1519180 1769
1519190 1770
1519200 1770
1519210 1771
1519220 1772
1519230 1775
1519240 1775
1519250 1778
1519260 1779
1519270 1779
1519280 1777
1519290 1775
1519300 1775
1519310 1774
1519320 1771
1519330 1771
1519340 1767
1519350 1763
1519360 1763
1519370 1761
1519380 1760
1519390 1760
1519400 1759
1519410 1759
1519420 1759
1519430 1759
1519440 1759
1519450 1758
1519460 1758
1519470 1757
1519480 1756
1519490 1756
1519500 1754
1519510 1753
1519520 1753
1519530 1753
1519540 1753
1519550 1753
1519560 1754
1519570 1758
1519580 1758
1519590 1757
1519600 1754
1519610 1751
1519620 1751
1519630 1746
1519640 1741
1519650 1741
1519660 1735
1519670 1732
1519680 1732
1519690 1730
1519700 1728
1519710 1728
1519720 1726
1519730 1723
1519740 1723
1519750 1719
1519760 1715
1519770 1715
1519780 1712
1519790 1710
1519800 1707
1519810 1707
1519820 1703
1519830 1699
1519840 1699
1519850 1694
1519860 1690
1519870 1690
1519880 1687
1519890 1683
1519900 1683
1519910 1682
1519920 1681
1519930 1681
1519940 1682
1519950 1682
1519960 1682
1519970 1681
1519980 1679
1519990 1679
