1500000 1133
1500010 1133
1500020 1128
1500030 1129
1500040 1129
1500050 1128
1500060 1121
1500070 1121
1500080 1119
1500090 1114
1500100 1103
1500110 1103
1500120 1091
1500130 1087
1500140 1087
1500150 1084
1500160 1083
1500170 1083
1500180 1082
1500190 1082
1500200 1082
1500210 1076
1500220 1064
1500230 1064
1500240 1055
1500250 1041
1500260 1041
1500270 1040
1500280 1049
1500290 1046
1500300 1046
1500310 1029
1500320 1017
1500330 1017
1500340 1011
1500350 1004
1500360 1004
1500370 994
1500380 984
1500390 984
1500400 980
1500410 976
1500420 976
1500430 972
1500440 968
1500450 968
1500460 965
1500470 965
1500480 967
1500490 967
1500500 970
1500510 968
1500520 968
1500530 963
1500540 958
1500550 958
1500560 952
1500570 947
1500580 947
1500590 942
1500600 942
1500610 942
1500620 944
1500630 944
1500640 944
1500650 939
1500660 933
1500670 926
1500680 926
1500690 920
1500700 915
1500710 915
1500720 910
1500730 903
1500740 903
1500750 895
1500760 888
1500770 888
1500780 880
1500790 872
1500800 872
1500810 867
1500820 862
1500830 862
1500840 857
1500850 850
1500860 850
1500870 846
1500880 846
1500890 846
1500900 846
1500910 846
1500920 846
1500930 846
1500940 847
1500950 847
1500960 847
1500970 846
1500980 846
1500990 846
1501000 846
1501010 846
1501020 846
1501030 846
1501040 846
1501050 846
1501060 846
1501070 846
1501080 846
1501090 846
1501100 845
1501110 845
1501120 845
1501130 845
1501140 845
1501150 845
1501160 845
1501170 845
1501180 845
1501190 846
1501200 846
1501210 846
1501220 846
1501230 845
1501240 845
1501250 844
1501260 843
1501270 843
1501280 843
1501290 843
1501300 843
1501310 843
1501320 844
1501330 844
1501340 844
1501350 844
1501360 845
1501370 845
1501380 845
1501390 846
1501400 846
1501410 846
1501420 846
1501430 846
1501440 846
1501450 846
1501460 846
1501470 846
1501480 846
1501490 846
1501500 846
1501510 846
1501520 846
1501530 846
1501540 846
1501550 846
1501560 846
1501570 845
1501580 845
1501590 845
1501600 844
1501610 844
1501620 844
1501630 843
1501640 843
1501650 843
1501660 844
1501670 844
1501680 845
1501690 845
1501700 845
1501710 844
1501720 844
1501730 843
1501740 843
1501750 843
1501760 843
1501770 842
1501780 842
1501790 842
1501800 842
1501810 842
1501820 842
1501830 841
1501840 841
1501850 840
1501860 840
1501870 840
1501880 840
1501890 840
1501900 840
1501910 840
1501920 840
1501930 840
1501940 840
1501950 840
1501960 840
1501970 840
1501980 840
1501990 840
1502000 840
1502010 841
1502020 841
1502030 841
1502040 844
1502050 841
1502060 837
1502070 837
1502080 833
1502090 829
1502100 829
1502110 826
1502120 822
1502130 822
1502140 820
1502150 817
1502160 817
1502170 815
1502180 814
1502190 814
1502200 812
1502210 810
1502220 810
1502230 809
1502240 808
1502250 808
1502260 808
1502270 808
1502280 807
1502290 807
1502300 807
1502310 807
1502320 807
1502330 806
1502340 805
1502350 805
1502360 805
1502370 803
1502380 803
1502390 803
1502400 802
1502410 802
1502420 802
1502430 802
1502440 802
1502450 802
1502460 801
1502470 801
1502480 801
1502490 801
1502500 801
1502510 801
1502520 801
1502530 801
1502540 801
1502550 801
1502560 801
1502570 801
1502580 801
1502590 800
1502600 800
1502610 800
1502620 800
1502630 800
1502640 799
1502650 799
1502660 799
1502670 799
1502680 799
1502690 799
1502700 799
1502710 799
1502720 799
1502730 799
1502740 799
1502750 801
1502760 801
1502770 803
1502780 808
1502790 808
1502800 812
1502810 813
1502820 813
1502830 813
1502840 813
1502850 813
1502860 813
1502870 813
1502880 813
1502890 813
1502900 813
1502910 813
1502920 813
1502930 813
1502940 813
1502950 813
1502960 813
1502970 814
1502980 814
1502990 814
1503000 815
1503010 815
1503020 816
1503030 818
1503040 819
1503050 819
1503060 819
1503070 820
1503080 820
1503090 820
1503100 820
1503110 820
1503120 820
1503130 820
1503140 820
1503150 821
1503160 821
1503170 821
1503180 821
1503190 822
1503200 822
1503210 823
1503220 824
1503230 825
1503240 825
1503250 825
1503260 825
1503270 825
1503280 826
1503290 827
1503300 827
1503310 828
1503320 830
1503330 830
1503340 831
1503350 831
1503360 831
1503370 833
1503380 833
1503390 833
1503400 834
1503410 834
1503420 834
1503430 835
1503440 836
1503450 836
1503460 836
1503470 837
1503480 837
1503490 837
1503500 838
1503510 840
1503520 840
1503530 841
1503540 841
1503550 841
1503560 842
1503570 843
1503580 843
1503590 844
1503600 845
1503610 845
1503620 845
1503630 846
1503640 847
1503650 847
1503660 848
1503670 849
1503680 849
1503690 849
1503700 849
1503710 849
1503720 849
1503730 850
1503740 850
1503750 851
1503760 853
1503770 853
1503780 854
1503790 855
1503800 855
1503810 857
1503820 858
1503830 858
1503840 858
1503850 859
1503860 860
1503870 860
1503880 861
1503890 863
1503900 863
1503910 865
1503920 866
1503930 866
1503940 867
1503950 868
1503960 868
1503970 868
1503980 868
1503990 868
1504000 868
1504010 868
1504020 868
1504030 868
1504040 868
1504050 868
1504060 868
1504070 868
1504080 868
1504090 868
1504100 868
1504110 869
1504120 869
1504130 870
1504140 871
1504150 871
1504160 873
1504170 875
1504180 875
1504190 876
1504200 877
1504210 878
1504220 878
1504230 879
1504240 881
1504250 881
1504260 882
1504270 884
1504280 884
1504290 885
1504300 887
1504310 887
1504320 889
1504330 893
1504340 893
1504350 892
1504360 889
1504370 889
1504380 889
1504390 889
1504400 889
1504410 890
1504420 895
1504430 897
1504440 897
1504450 895
1504460 894
1504470 894
1504480 894
1504490 893
1504500 893
1504510 893
1504520 892
1504530 892
1504540 891
1504550 891
1504560 891
1504570 890
1504580 890
1504590 890
1504600 889
1504610 889
1504620 890
1504630 890
1504640 892
1504650 898
1504660 898
1504670 902
1504680 905
1504690 905
1504700 908
1504710 911
1504720 911
1504730 913
1504740 915
1504750 915
1504760 917
1504770 922
1504780 922
1504790 927
1504800 931
1504810 935
1504820 935
1504830 940
1504840 944
1504850 944
1504860 947
1504870 949
1504880 949
1504890 952
1504900 955
1504910 955
1504920 957
1504930 958
1504940 958
1504950 955
1504960 951
1504970 951
1504980 948
1504990 950
1505000 958
1505010 958
1505020 966
1505030 972
1505040 972
1505050 978
1505060 984
1505070 984
1505080 991
1505090 999
1505100 999
1505110 1006
1505120 1011
1505130 1011
1505140 1017
1505150 1022
1505160 1022
1505170 1027
1505180 1031
1505190 1031
1505200 1033
1505210 1036
1505220 1037
1505230 1037
1505240 1038
1505250 1040
1505260 1040
1505270 1043
1505280 1047
1505290 1047
1505300 1051
1505310 1055
1505320 1055
1505330 1059
1505340 1064
1505350 1064
1505360 1067
1505370 1070
1505380 1070
1505390 1073
1505400 1075
1505410 1077
1505420 1077
1505430 1079
1505440 1085
1505450 1085
1505460 1089
1505470 1095
1505480 1095
1505490 1103
1505500 1109
1505510 1109
1505520 1115
1505530 1121
1505540 1121
1505550 1125
1505560 1130
1505570 1130
1505580 1134
1505590 1139
1505600 1145
1505610 1145
1505620 1150
1505630 1154
1505640 1154
1505650 1159
1505660 1164
1505670 1164
1505680 1168
1505690 1171
1505700 1171
1505710 1175
1505720 1179
1505730 1179
1505740 1182
1505750 1184
1505760 1184
1505770 1187
1505780 1191
1505790 1194
1505800 1194
1505810 1198
1505820 1200
1505830 1200
1505840 1203
1505850 1206
1505860 1206
1505870 1208
1505880 1211
1505890 1211
1505900 1213
1505910 1215
1505920 1215
1505930 1218
1505940 1221
1505950 1221
1505960 1224
1505970 1227
1505980 1229
1505990 1229
1506000 1232
1506010 1236
1506020 1236
1506030 1239
1506040 1241
1506050 1241
1506060 1244
1506070 1247
1506080 1247
1506090 1251
1506100 1255
1506110 1255
1506120 1260
1506130 1265
1506140 1265
1506150 1271
1506160 1276
1506170 1276
1506180 1281
1506190 1285
1506200 1287
1506210 1287
1506220 1288
1506230 1292
1506240 1292
1506250 1295
1506260 1304
1506270 1304
1506280 1310
1506290 1313
1506300 1313
1506310 1314
1506320 1317
1506330 1317
1506340 1322
1506350 1326
1506360 1326
1506370 1328
1506380 1330
1506390 1333
1506400 1333
1506410 1337
1506420 1341
1506430 1341
1506440 1344
1506450 1346
1506460 1346
1506470 1349
1506480 1352
1506490 1352
1506500 1355
1506510 1357
1506520 1357
1506530 1362
1506540 1366
1506550 1366
1506560 1371
1506570 1376
1506580 1380
1506590 1380
1506600 1384
1506610 1389
1506620 1389
1506630 1395
1506640 1400
1506650 1400
1506660 1404
1506670 1408
1506680 1408
1506690 1413
1506700 1418
1506710 1418
1506720 1422
1506730 1425
1506740 1425
1506750 1428
1506760 1432
1506770 1436
1506780 1436
1506790 1440
1506800 1444
1506810 1444
1506820 1448
1506830 1453
1506840 1453
1506850 1457
1506860 1460
1506870 1460
1506880 1464
1506890 1468
1506900 1468
1506910 1471
1506920 1474
1506930 1474
1506940 1477
1506950 1480
1506960 1480
1506970 1483
1506980 1486
1506990 1487
1507000 1487
1507010 1489
1507020 1491
1507030 1491
1507040 1493
1507050 1497
1507060 1497
1507070 1500
1507080 1504
1507090 1504
1507100 1507
1507110 1509
1507120 1509
1507130 1511
1507140 1514
1507150 1514
1507160 1516
1507170 1520
1507180 1525
1507190 1525
1507200 1530
1507210 1536
1507220 1536
1507230 1542
1507240 1548
1507250 1548
1507260 1553
1507270 1559
1507280 1559
1507290 1563
1507300 1568
1507310 1568
1507320 1571
1507330 1575
1507340 1575
1507350 1578
1507360 1579
1507370 1581
1507380 1581
1507390 1582
1507400 1583
1507410 1583
1507420 1585
1507430 1586
1507440 1586
1507450 1586
1507460 1586
1507470 1586
1507480 1585
1507490 1584
1507500 1584
1507510 1583
1507520 1582
1507530 1582
1507540 1582
1507550 1582
1507560 1582
1507570 1582
1507580 1582
1507590 1583
1507600 1583
1507610 1584
1507620 1584
1507630 1584
1507640 1584
1507650 1583
1507660 1583
1507670 1584
1507680 1583
1507690 1583
1507700 1582
1507710 1580
1507720 1580
1507730 1577
1507740 1574
1507750 1574
1507760 1572
1507770 1570
1507780 1567
1507790 1567
1507800 1563
1507810 1558
1507820 1558
1507830 1554
1507840 1550
1507850 1550
1507860 1547
1507870 1545
1507880 1545
1507890 1544
1507900 1541
1507910 1541
1507920 1539
1507930 1537
1507940 1537
1507950 1534
1507960 1531
1507970 1529
1507980 1529
1507990 1526
1508000 1523
1508010 1523
1508020 1520
1508030 1516
1508040 1516
1508050 1513
1508060 1509
1508070 1509
1508080 1504
1508090 1500
1508100 1500
1508110 1495
1508120 1493
1508130 1493
1508140 1490
1508150 1488
1508160 1485
1508170 1485
1508180 1482
1508190 1479
1508200 1479
1508210 1476
1508220 1473
1508230 1473
1508240 1470
1508250 1467
1508260 1467
1508270 1463
1508280 1460
1508290 1460
1508300 1457
1508310 1455
1508320 1455
1508330 1453
1508340 1451
1508350 1449
1508360 1449
1508370 1447
1508380 1444
1508390 1444
1508400 1442
1508410 1440
1508420 1440
1508430 1437
1508440 1435
1508450 1435
1508460 1433
1508470 1431
1508480 1431
1508490 1429
1508500 1426
1508510 1426
1508520 1423
1508530 1420
1508540 1418
1508550 1418
1508560 1416
1508570 1413
1508580 1413
1508590 1410
1508600 1408
1508610 1408
1508620 1406
1508630 1404
1508640 1404
1508650 1402
1508660 1400
1508670 1400
1508680 1397
1508690 1394
1508700 1394
1508710 1391
1508720 1388
1508730 1388
1508740 1385
1508750 1383
1508760 1380
1508770 1380
1508780 1377
1508790 1373
1508800 1373
1508810 1369
1508820 1365
1508830 1365
1508840 1362
1508850 1358
1508860 1358
1508870 1355
1508880 1352
1508890 1352
1508900 1347
1508910 1343
1508920 1343
1508930 1339
1508940 1335
1508950 1330
1508960 1330
1508970 1324
1508980 1319
1508990 1319
1509000 1313
1509010 1308
1509020 1308
1509030 1302
1509040 1296
1509050 1296
1509060 1291
1509070 1285
1509080 1285
1509090 1278
1509100 1271
1509110 1271
1509120 1265
1509130 1261
1509140 1256
1509150 1256
1509160 1253
1509170 1252
1509180 1252
1509190 1251
1509200 1247
1509210 1247
1509220 1241
1509230 1245
1509240 1245
1509250 1252
1509260 1261
1509270 1261
1509280 1270
1509290 1275
1509300 1275
1509310 1279
1509320 1283
1509330 1288
1509340 1288
1509350 1291
1509360 1294
1509370 1294
1509380 1298
1509390 1301
1509400 1301
1509410 1305
1509420 1308
1509430 1308
1509440 1311
1509450 1313
1509460 1313
1509470 1312
1509480 1311
1509490 1311
1509500 1310
1509510 1308
1509520 1308
1509530 1307
1509540 1307
1509550 1310
1509560 1310
1509570 1311
1509580 1311
1509590 1311
1509600 1313
1509610 1317
1509620 1317
1509630 1319
1509640 1318
1509650 1318
1509660 1320
1509670 1325
1509680 1325
1509690 1329
1509700 1333
1509710 1333
1509720 1336
1509730 1339
1509740 1342
1509750 1342
1509760 1346
1509770 1351
1509780 1351
1509790 1356
1509800 1362
1509810 1362
1509820 1366
1509830 1370
1509840 1370
1509850 1372
1509860 1376
1509870 1376
1509880 1378
1509890 1381
1509900 1381
1509910 1384
1509920 1387
1509930 1389
1509940 1389
1509950 1392
1509960 1398
1509970 1398
1509980 1404
1509990 1405
1510000 1405
1510010 1405
1510020 1406
1510030 1406
1510040 1406
1510050 1409
1510060 1409
1510070 1410
1510080 1409
1510090 1409
1510100 1410
1510110 1412
1510120 1413
1510130 1413
1510140 1415
1510150 1419
1510160 1419
1510170 1422
1510180 1426
1510190 1426
1510200 1432
1510210 1439
1510220 1439
1510230 1444
1510240 1451
1510250 1451
1510260 1458
1510270 1465
1510280 1465
1510290 1471
1510300 1477
1510310 1477
1510320 1482
1510330 1488
1510340 1493
1510350 1493
1510360 1498
1510370 1501
1510380 1501
1510390 1505
1510400 1509
1510410 1509
1510420 1513
1510430 1516
1510440 1516
1510450 1520
1510460 1523
1510470 1523
1510480 1527
1510490 1530
1510500 1530
1510510 1533
1510520 1535
1510530 1537
1510540 1537
1510550 1538
1510560 1539
1510570 1539
1510580 1540
1510590 1542
1510600 1542
1510610 1544
1510620 1546
1510630 1546
1510640 1548
1510650 1550
1510660 1550
1510670 1553
1510680 1556
1510690 1556
1510700 1559
1510710 1561
1510720 1563
1510730 1563
1510740 1563
1510750 1566
1510760 1566
1510770 1567
1510780 1568
1510790 1568
1510800 1569
1510810 1572
1510820 1572
1510830 1575
1510840 1577
1510850 1577
1510860 1580
1510870 1583
1510880 1583
1510890 1585
1510900 1588
1510910 1591
1510920 1591
1510930 1595
1510940 1599
1510950 1599
1510960 1602
1510970 1607
1510980 1607
1510990 1610
1511000 1615
1511010 1615
1511020 1619
1511030 1623
1511040 1623
1511050 1625
1511060 1626
1511070 1626
1511080 1627
1511090 1628
1511100 1629
1511110 1629
1511120 1630
1511130 1632
1511140 1632
1511150 1633
1511160 1636
1511170 1636
1511180 1640
1511190 1647
1511200 1647
1511210 1652
1511220 1655
1511230 1655
1511240 1657
1511250 1659
1511260 1659
1511270 1660
1511280 1662
1511290 1662
1511300 1664
1511310 1665
1511320 1667
1511330 1667
1511340 1669
1511350 1670
1511360 1670
1511370 1671
1511380 1672
1511390 1672
1511400 1673
1511410 1673
1511420 1673
1511430 1674
1511440 1675
1511450 1675
1511460 1678
1511470 1679
1511480 1679
1511490 1680
1511500 1681
1511510 1682
1511520 1682
1511530 1682
1511540 1682
1511550 1682
1511560 1681
1511570 1681
1511580 1681
1511590 1680
1511600 1680
1511610 1680
1511620 1679
1511630 1678
1511640 1678
1511650 1677
1511660 1676
1511670 1676
1511680 1675
1511690 1673
1511700 1672
1511710 1672
1511720 1671
1511730 1669
1511740 1669
1511750 1668
1511760 1666
1511770 1666
1511780 1664
1511790 1663
1511800 1663
1511810 1662
1511820 1660
1511830 1660
1511840 1658
1511850 1657
1511860 1657
1511870 1656
1511880 1654
1511890 1653
1511900 1653
1511910 1651
1511920 1649
1511930 1649
1511940 1647
1511950 1645
1511960 1645
1511970 1642
1511980 1640
1511990 1640
1512000 1638
1512010 1637
1512020 1637
1512030 1635
1512040 1632
1512050 1632
1512060 1630
1512070 1628
1512080 1628
1512090 1626
1512100 1624
1512110 1623
1512120 1623
1512130 1621
1512140 1619
1512150 1619
1512160 1617
1512170 1615
1512180 1615
1512190 1613
1512200 1610
1512210 1610
1512220 1607
1512230 1606
1512240 1606
1512250 1603
1512260 1600
1512270 1600
1512280 1597
1512290 1595
1512300 1593
1512310 1593
1512320 1591
1512330 1588
1512340 1588
1512350 1586
1512360 1584
1512370 1584
1512380 1583
1512390 1581
1512400 1581
1512410 1580
1512420 1579
1512430 1579
1512440 1577
1512450 1575
1512460 1575
1512470 1574
1512480 1572
1512490 1570
1512500 1570
1512510 1569
1512520 1568
1512530 1568
1512540 1567
1512550 1566
1512560 1566
1512570 1565
1512580 1562
1512590 1562
1512600 1561
1512610 1560
1512620 1560
1512630 1559
1512640 1557
1512650 1557
1512660 1556
1512670 1555
1512680 1554
1512690 1554
1512700 1553
1512710 1551
1512720 1551
1512730 1550
1512740 1548
1512750 1548
1512760 1546
1512770 1543
1512780 1543
1512790 1541
1512800 1539
1512810 1539
1512820 1538
1512830 1536
1512840 1536
1512850 1534
1512860 1532
1512870 1532
1512880 1530
1512890 1528
1512900 1527
1512910 1527
1512920 1524
1512930 1522
1512940 1522
1512950 1519
1512960 1516
1512970 1516
1512980 1514
1512990 1512
1513000 1512
1513010 1510
1513020 1509
1513030 1509
1513040 1507
1513050 1505
1513060 1505
1513070 1502
1513080 1498
1513090 1494
1513100 1494
1513110 1490
1513120 1486
1513130 1486
1513140 1481
1513150 1478
1513160 1478
1513170 1476
1513180 1473
1513190 1473
1513200 1470
1513210 1466
1513220 1466
1513230 1464
1513240 1461
1513250 1461
1513260 1459
1513270 1457
1513280 1455
1513290 1455
1513300 1452
1513310 1450
1513320 1450
1513330 1447
1513340 1445
1513350 1445
1513360 1442
1513370 1439
1513380 1439
1513390 1436
1513400 1433
1513410 1433
1513420 1430
1513430 1428
1513440 1428
1513450 1425
1513460 1422
1513470 1419
1513480 1419
1513490 1416
1513500 1415
1513510 1415
1513520 1413
1513530 1412
1513540 1412
1513550 1410
1513560 1408
1513570 1408
1513580 1405
1513590 1403
1513600 1403
1513610 1401
1513620 1399
1513630 1399
1513640 1395
1513650 1393
1513660 1390
1513670 1390
1513680 1387
1513690 1385
1513700 1385
1513710 1382
1513720 1379
1513730 1379
1513740 1377
1513750 1374
1513760 1374
1513770 1372
1513780 1368
1513790 1368
1513800 1361
1513810 1352
1513820 1352
1513830 1348
1513840 1344
1513850 1344
1513860 1343
1513870 1343
1513880 1343
1513890 1343
1513900 1342
1513910 1340
1513920 1340
1513930 1337
1513940 1334
1513950 1334
1513960 1331
1513970 1328
1513980 1328
1513990 1324
1514000 1321
1514010 1321
1514020 1318
1514030 1314
1514040 1314
1514050 1310
1514060 1305
1514070 1301
1514080 1301
1514090 1297
1514100 1292
1514110 1292
1514120 1288
1514130 1284
1514140 1284
1514150 1280
1514160 1277
1514170 1277
1514180 1274
1514190 1273
1514200 1273
1514210 1272
1514220 1271
1514230 1271
1514240 1270
1514250 1268
1514260 1265
1514270 1265
1514280 1264
1514290 1262
1514300 1262
1514310 1260
1514320 1256
1514330 1256
1514340 1254
1514350 1252
1514360 1252
1514370 1251
1514380 1249
1514390 1249
1514400 1247
1514410 1245
1514420 1245
1514430 1243
1514440 1240
1514450 1239
1514460 1239
1514470 1237
1514480 1235
1514490 1235
1514500 1232
1514510 1229
1514520 1229
1514530 1223
1514540 1218
1514550 1218
1514560 1213
1514570 1209
1514580 1209
1514590 1207
1514600 1203
1514610 1203
1514620 1198
1514630 1196
1514640 1196
1514650 1193
1514660 1187
1514670 1181
1514680 1181
1514690 1173
1514700 1166
1514710 1166
1514720 1160
1514730 1157
1514740 1157
1514750 1155
1514760 1150
1514770 1150
1514780 1143
1514790 1138
1514800 1138
1514810 1133
1514820 1129
1514830 1129
1514840 1123
1514850 1117
1514860 1110
1514870 1110
1514880 1104
1514890 1099
1514900 1099
1514910 1095
1514920 1092
1514930 1092
1514940 1089
1514950 1086
1514960 1086
1514970 1082
1514980 1078
1514990 1078
1515000 1075
1515010 1071
1515020 1071
1515030 1068
1515040 1064
1515050 1059
1515060 1059
1515070 1054
1515080 1048
1515090 1048
1515100 1043
1515110 1040
1515120 1040
1515130 1036
1515140 1031
1515150 1031
1515160 1026
1515170 1022
1515180 1022
1515190 1017
1515200 1014
1515210 1014
1515220 1011
1515230 1005
1515240 1001
1515250 1001
1515260 997
1515270 993
1515280 993
1515290 989
1515300 980
1515310 980
1515320 974
1515330 966
1515340 966
1515350 959
1515360 952
1515370 952
1515380 945
1515390 935
1515400 935
1515410 934
1515420 936
1515430 935
1515440 935
1515450 936
1515460 939
1515470 939
1515480 947
1515490 956
1515500 956
1515510 968
1515520 979
1515530 979
1515540 985
1515550 988
1515560 988
1515570 998
1515580 1007
1515590 1007
1515600 1016
1515610 1024
1515620 1024
1515630 1030
1515640 1035
1515650 1040
1515660 1040
1515670 1046
1515680 1052
1515690 1052
1515700 1057
1515710 1063
1515720 1063
1515730 1069
1515740 1074
1515750 1074
1515760 1079
1515770 1083
1515780 1083
1515790 1089
1515800 1094
1515810 1094
1515820 1097
1515830 1101
1515840 1106
1515850 1106
1515860 1111
1515870 1116
1515880 1116
1515890 1122
1515900 1126
1515910 1126
1515920 1130
1515930 1135
1515940 1135
1515950 1139
1515960 1142
1515970 1142
1515980 1147
1515990 1151
1516000 1151
1516010 1155
1516020 1158
1516030 1161
1516040 1161
1516050 1164
1516060 1167
1516070 1167
1516080 1171
1516090 1174
1516100 1174
1516110 1177
1516120 1180
1516130 1180
1516140 1183
1516150 1187
1516160 1187
1516170 1190
1516180 1193
1516190 1193
1516200 1196
1516210 1199
1516220 1201
1516230 1201
1516240 1204
1516250 1206
1516260 1206
1516270 1209
1516280 1211
1516290 1211
1516300 1215
1516310 1219
1516320 1219
1516330 1223
1516340 1227
1516350 1227
1516360 1231
1516370 1235
1516380 1235
1516390 1240
1516400 1245
1516410 1245
1516420 1249
1516430 1253
1516440 1257
1516450 1257
1516460 1261
1516470 1266
1516480 1266
1516490 1270
1516500 1274
1516510 1274
1516520 1277
1516530 1280
1516540 1280
1516550 1282
1516560 1284
1516570 1284
1516580 1286
1516590 1288
1516600 1288
1516610 1291
1516620 1293
1516630 1296
1516640 1296
1516650 1298
1516660 1301
1516670 1301
1516680 1305
1516690 1309
1516700 1309
1516710 1313
1516720 1317
1516730 1317
1516740 1320
1516750 1323
1516760 1323
1516770 1328
1516780 1332
1516790 1332
1516800 1335
1516810 1339
1516820 1343
1516830 1343
1516840 1347
1516850 1349
1516860 1349
1516870 1352
1516880 1355
1516890 1355
1516900 1357
1516910 1360
1516920 1360
1516930 1361
1516940 1362
1516950 1362
1516960 1363
1516970 1364
1516980 1364
1516990 1364
1517000 1365
1517010 1365
1517020 1365
1517030 1366
1517040 1367
1517050 1367
1517060 1367
1517070 1368
1517080 1368
1517090 1368
1517100 1368
1517110 1368
1517120 1368
1517130 1368
1517140 1368
1517150 1369
1517160 1370
1517170 1370
1517180 1371
1517190 1372
1517200 1374
1517210 1374
1517220 1378
1517230 1382
1517240 1382
1517250 1387
1517260 1392
1517270 1392
1517280 1395
1517290 1395
1517300 1395
1517310 1395
1517320 1395
1517330 1395
1517340 1395
1517350 1394
1517360 1394
1517370 1393
1517380 1391
1517390 1391
1517400 1387
1517410 1384
1517420 1377
1517430 1377
1517440 1373
1517450 1369
1517460 1369
1517470 1363
1517480 1354
1517490 1354
1517500 1348
1517510 1343
1517520 1343
1517530 1334
1517540 1328
1517550 1328
1517560 1324
1517570 1324
1517580 1324
1517590 1324
1517600 1320
1517610 1314
1517620 1314
1517630 1311
1517640 1309
1517650 1309
1517660 1306
1517670 1303
1517680 1303
1517690 1299
1517700 1296
1517710 1296
1517720 1293
1517730 1290
1517740 1290
1517750 1289
1517760 1290
1517770 1290
1517780 1290
1517790 1291
1517800 1292
1517810 1292
1517820 1293
1517830 1293
1517840 1293
1517850 1296
1517860 1302
1517870 1302
1517880 1307
1517890 1312
1517900 1312
1517910 1320
1517920 1326
1517930 1326
1517940 1332
1517950 1338
1517960 1338
1517970 1343
1517980 1347
1517990 1351
1518000 1351
1518010 1357
1518020 1363
1518030 1363
1518040 1369
1518050 1376
1518060 1376
1518070 1384
1518080 1390
1518090 1390
1518100 1396
1518110 1401
1518120 1401
1518130 1406
1518140 1410
1518150 1410
1518160 1413
1518170 1417
1518180 1417
1518190 1419
1518200 1422
1518210 1425
1518220 1425
1518230 1427
1518240 1429
1518250 1429
1518260 1432
1518270 1435
1518280 1435
1518290 1438
1518300 1440
1518310 1440
1518320 1443
1518330 1445
1518340 1445
1518350 1447
1518360 1449
1518370 1449
1518380 1451
1518390 1452
1518400 1451
1518410 1451
1518420 1448
1518430 1445
1518440 1445
1518450 1441
1518460 1438
1518470 1438
1518480 1435
1518490 1432
1518500 1432
1518510 1429
1518520 1427
1518530 1427
1518540 1425
1518550 1427
1518560 1427
1518570 1435
1518580 1441
1518590 1447
1518600 1447
1518610 1453
1518620 1459
1518630 1459
1518640 1464
1518650 1469
1518660 1469
1518670 1474
1518680 1478
1518690 1478
1518700 1483
1518710 1486
1518720 1486
1518730 1489
1518740 1493
1518750 1493
1518760 1497
1518770 1500
1518780 1506
1518790 1506
1518800 1513
1518810 1519
1518820 1519
1518830 1524
1518840 1528
1518850 1528
1518860 1531
1518870 1534
1518880 1534
1518890 1536
1518900 1539
1518910 1539
1518920 1543
1518930 1547
1518940 1547
1518950 1550
1518960 1553
1518970 1557
1518980 1557
1518990 1561
1519000 1566
1519010 1566
1519020 1572
1519030 1578
1519040 1578
1519050 1583
1519060 1588
1519070 1588
1519080 1591
1519090 1594
1519100 1594
1519110 1596
1519120 1597
1519130 1597
1519140 1598
1519150 1599
1519160 1599
1519170 1601
1519180 1604
1519190 1605
1519200 1605
1519210 1606
1519220 1605
1519230 1605
1519240 1604
1519250 1603
1519260 1603
1519270 1602
1519280 1600
1519290 1600
1519300 1597
1519310 1597
1519320 1597
1519330 1596
1519340 1597
1519350 1597
1519360 1597
1519370 1596
1519380 1594
1519390 1594
1519400 1593
1519410 1593
1519420 1593
1519430 1592
1519440 1591
1519450 1591
1519460 1590
1519470 1589
1519480 1589
1519490 1587
1519500 1584
1519510 1584
1519520 1582
1519530 1580
1519540 1580
1519550 1579
1519560 1578
1519570 1576
1519580 1576
1519590 1575
1519600 1573
1519610 1573
1519620 1572
1519630 1569
1519640 1569
1519650 1568
1519660 1567
1519670 1567
1519680 1567
1519690 1566
1519700 1566
1519710 1565
1519720 1564
1519730 1564
1519740 1563
1519750 1561
1519760 1560
1519770 1560
1519780 1557
1519790 1555
1519800 1555
1519810 1552
1519820 1550
1519830 1550
1519840 1547
1519850 1545
1519860 1545
1519870 1542
1519880 1538
1519890 1538
1519900 1535
1519910 1531
1519920 1531
1519930 1527
1519940 1524
1519950 1524
1519960 1521
1519970 1518
1519980 1515
1519990 1515
