1500000 821
1500010 823
1500020 824
1500030 824
1500040 824
1500050 823
1500060 823
1500070 823
1500080 823
1500090 823
1500100 823
1500110 823
1500120 823
1500130 823
1500140 823
1500150 823
1500160 823
1500170 823
1500180 823
1500190 823
1500200 823
1500210 823
1500220 823
1500230 823
1500240 822
1500250 822
1500260 822
1500270 822
1500280 822
1500290 822
1500300 822
1500310 822
1500320 822
1500330 822
1500340 822
1500350 822
1500360 822
1500370 822
1500380 822
1500390 822
1500400 822
1500410 822
1500420 822
1500430 822
1500440 822
1500450 822
1500460 822
1500470 822
1500480 822
1500490 822
1500500 821
1500510 821
1500520 821
1500530 820
1500540 820
1500550 821
1500560 822
1500570 822
1500580 822
1500590 822
1500600 822
1500610 822
1500620 822
1500630 822
1500640 822
1500650 822
1500660 822
1500670 822
1500680 822
1500690 822
1500700 822
1500710 821
1500720 821
1500730 821
1500740 821
1500750 821
1500760 821
1500770 821
1500780 821
1500790 821
1500800 821
1500810 821
1500820 821
1500830 821
1500840 821
1500850 821
1500860 821
1500870 821
1500880 821
1500890 821
1500900 821
1500910 821
1500920 821
1500930 821
1500940 821
1500950 821
1500960 821
1500970 821
1500980 821
1500990 821
1501000 822
1501010 822
1501020 822
1501030 822
1501040 822
1501050 822
1501060 823
1501070 823
1501080 823
1501090 824
1501100 824
1501110 824
1501120 825
1501130 826
1501140 826
1501150 828
1501160 830
1501170 830
1501180 832
1501190 836
1501200 836
1501210 842
1501220 848
1501230 854
1501240 854
1501250 860
1501260 865
1501270 865
1501280 870
1501290 873
1501300 873
1501310 876
1501320 877
1501330 877
1501340 881
1501350 887
1501360 887
1501370 892
1501380 896
1501390 896
1501400 897
1501410 900
1501420 906
1501430 906
1501440 911
1501450 914
1501460 914
1501470 917
1501480 921
1501490 921
1501500 923
1501510 923
1501520 923
1501530 926
1501540 931
1501550 931
1501560 936
1501570 940
1501580 940
1501590 944
1501600 947
1501610 951
1501620 951
1501630 954
1501640 956
1501650 956
1501660 957
1501670 957
1501680 957
1501690 953
1501700 949
1501710 949
1501720 951
1501730 955
1501740 955
1501750 951
1501760 944
1501770 944
1501780 938
1501790 941
1501800 947
1501810 947
1501820 950
1501830 954
1501840 954
1501850 955
1501860 958
1501870 958
1501880 962
1501890 963
1501900 963
1501910 967
1501920 971
1501930 971
1501940 981
1501950 998
1501960 998
1501970 1011
1501980 1024
1501990 1024
1502000 1039
1502010 1055
1502020 1069
1502030 1069
1502040 1082
1502050 1091
1502060 1091
1502070 1099
1502080 1107
1502090 1107
1502100 1115
1502110 1128
1502120 1128
1502130 1136
1502140 1143
1502150 1143
1502160 1148
1502170 1154
1502180 1154
1502190 1159
1502200 1164
1502210 1169
1502220 1169
1502230 1173
1502240 1178
1502250 1178
1502260 1182
1502270 1187
1502280 1187
1502290 1192
1502300 1197
1502310 1197
1502320 1202
1502330 1208
1502340 1208
1502350 1213
1502360 1218
1502370 1218
1502380 1224
1502390 1228
1502400 1233
1502410 1233
1502420 1237
1502430 1243
1502440 1243
1502450 1251
1502460 1260
1502470 1260
1502480 1269
1502490 1277
1502500 1277
1502510 1285
1502520 1293
1502530 1293
1502540 1302
1502550 1309
1502560 1309
1502570 1315
1502580 1319
1502590 1324
1502600 1324
1502610 1328
1502620 1333
1502630 1333
1502640 1338
1502650 1344
1502660 1344
1502670 1351
1502680 1358
1502690 1358
1502700 1363
1502710 1369
1502720 1369
1502730 1375
1502740 1379
1502750 1379
1502760 1384
1502770 1388
1502780 1388
1502790 1394
1502800 1401
1502810 1407
1502820 1407
1502830 1412
1502840 1416
1502850 1416
1502860 1421
1502870 1426
1502880 1426
1502890 1431
1502900 1435
1502910 1435
1502920 1439
1502930 1441
1502940 1441
1502950 1442
1502960 1443
1502970 1443
1502980 1444
1502990 1446
1503000 1447
1503010 1447
1503020 1450
1503030 1453
1503040 1453
1503050 1454
1503060 1455
1503070 1455
1503080 1455
1503090 1456
1503100 1456
1503110 1456
1503120 1457
1503130 1457
1503140 1457
1503150 1457
1503160 1457
1503170 1456
1503180 1454
1503190 1453
1503200 1453
1503210 1452
1503220 1451
1503230 1451
1503240 1451
1503250 1450
1503260 1450
1503270 1449
1503280 1448
1503290 1448
1503300 1448
1503310 1447
1503320 1447
1503330 1446
1503340 1444
1503350 1444
1503360 1443
1503370 1441
1503380 1441
1503390 1439
1503400 1437
1503410 1435
1503420 1435
1503430 1432
1503440 1430
1503450 1430
1503460 1428
1503470 1426
1503480 1426
1503490 1424
1503500 1423
1503510 1423
1503520 1420
1503530 1417
1503540 1417
1503550 1413
1503560 1409
1503570 1409
1503580 1406
1503590 1403
1503600 1399
1503610 1399
1503620 1396
1503630 1391
1503640 1391
1503650 1388
1503660 1385
1503670 1385
1503680 1381
1503690 1377
1503700 1377
1503710 1373
1503720 1367
1503730 1367
1503740 1362
1503750 1357
1503760 1357
1503770 1352
1503780 1348
1503790 1344
1503800 1344
1503810 1340
1503820 1335
1503830 1335
1503840 1331
1503850 1328
1503860 1328
1503870 1324
1503880 1321
1503890 1321
1503900 1317
1503910 1317
1503920 1317
1503930 1312
1503940 1305
1503950 1305
1503960 1299
1503970 1293
1503980 1292
1503990 1292
1504000 1291
1504010 1292
1504020 1292
1504030 1294
1504040 1296
1504050 1296
1504060 1299
1504070 1301
1504080 1301
1504090 1303
1504100 1303
1504110 1303
1504120 1303
1504130 1301
1504140 1301
1504150 1300
1504160 1300
1504170 1300
1504180 1299
1504190 1299
1504200 1299
1504210 1299
1504220 1300
1504230 1301
1504240 1301
1504250 1304
1504260 1308
1504270 1308
1504280 1313
1504290 1316
1504300 1316
1504310 1316
1504320 1315
1504330 1315
1504340 1313
1504350 1312
1504360 1312
1504370 1312
1504380 1312
1504390 1311
1504400 1311
1504410 1305
1504420 1296
1504430 1296
1504440 1292
1504450 1295
1504460 1295
1504470 1299
1504480 1299
1504490 1299
1504500 1298
1504510 1297
1504520 1297
1504530 1295
1504540 1294
1504550 1294
1504560 1292
1504570 1292
1504580 1292
1504590 1292
1504600 1293
1504610 1295
1504620 1295
1504630 1297
1504640 1302
1504650 1302
1504660 1307
1504670 1313
1504680 1313
1504690 1319
1504700 1323
1504710 1323
1504720 1324
1504730 1328
1504740 1328
1504750 1331
1504760 1334
1504770 1334
1504780 1337
1504790 1340
1504800 1342
1504810 1342
1504820 1345
1504830 1348
1504840 1348
1504850 1351
1504860 1355
1504870 1355
1504880 1359
1504890 1363
1504900 1363
1504910 1368
1504920 1371
1504930 1371
1504940 1372
1504950 1374
1504960 1374
1504970 1374
1504980 1375
1504990 1374
1505000 1374
1505010 1373
1505020 1372
1505030 1372
1505040 1370
1505050 1367
1505060 1367
1505070 1366
1505080 1366
1505090 1366
1505100 1365
1505110 1365
1505120 1365
1505130 1364
1505140 1362
1505150 1362
1505160 1359
1505170 1358
1505180 1355
1505190 1355
1505200 1350
1505210 1345
1505220 1345
1505230 1340
1505240 1334
1505250 1334
1505260 1325
1505270 1318
1505280 1318
1505290 1322
1505300 1332
1505310 1332
1505320 1338
1505330 1343
1505340 1343
1505350 1350
1505360 1353
1505370 1356
1505380 1356
1505390 1363
1505400 1370
1505410 1370
1505420 1373
1505430 1376
1505440 1376
1505450 1380
1505460 1384
1505470 1384
1505480 1390
1505490 1394
1505500 1394
1505510 1399
1505520 1401
1505530 1401
1505540 1405
1505550 1409
1505560 1409
1505570 1415
1505580 1422
1505590 1428
1505600 1428
1505610 1434
1505620 1440
1505630 1440
1505640 1445
1505650 1448
1505660 1448
1505670 1452
1505680 1457
1505690 1457
1505700 1461
1505710 1467
1505720 1467
1505730 1472
1505740 1475
1505750 1475
1505760 1476
1505770 1475
1505780 1473
1505790 1473
1505800 1472
1505810 1472
1505820 1472
1505830 1471
1505840 1471
1505850 1471
1505860 1473
1505870 1475
1505880 1475
1505890 1476
1505900 1479
1505910 1479
1505920 1480
1505930 1480
1505940 1480
1505950 1480
1505960 1485
1505970 1489
1505980 1489
1505990 1490
1506000 1486
1506010 1486
1506020 1484
1506030 1489
1506040 1489
1506050 1495
1506060 1502
1506070 1502
1506080 1509
1506090 1517
1506100 1517
1506110 1525
1506120 1532
1506130 1532
1506140 1540
1506150 1546
1506160 1546
1506170 1551
1506180 1556
1506190 1562
1506200 1562
1506210 1568
1506220 1573
1506230 1573
1506240 1578
1506250 1580
1506260 1580
1506270 1586
1506280 1592
1506290 1592
1506300 1597
1506310 1602
1506320 1602
1506330 1606
1506340 1611
1506350 1611
1506360 1615
1506370 1619
1506380 1623
1506390 1623
1506400 1627
1506410 1632
1506420 1632
1506430 1637
1506440 1643
1506450 1643
1506460 1649
1506470 1654
1506480 1654
1506490 1658
1506500 1660
1506510 1660
1506520 1663
1506530 1664
1506540 1664
1506550 1665
1506560 1667
1506570 1669
1506580 1669
1506590 1673
1506600 1677
1506610 1677
1506620 1680
1506630 1682
1506640 1682
1506650 1684
1506660 1685
1506670 1685
1506680 1687
1506690 1689
1506700 1689
1506710 1692
1506720 1696
1506730 1696
1506740 1701
1506750 1706
1506760 1710
1506770 1710
1506780 1715
1506790 1719
1506800 1719
1506810 1723
1506820 1726
1506830 1726
1506840 1730
1506850 1733
1506860 1733
1506870 1737
1506880 1740
1506890 1740
1506900 1744
1506910 1750
1506920 1750
1506930 1753
1506940 1758
1506950 1758
1506960 1762
1506970 1764
1506980 1766
1506990 1766
1507000 1766
1507010 1765
1507020 1765
1507030 1762
1507040 1760
1507050 1760
1507060 1759
1507070 1760
1507080 1760
1507090 1760
1507100 1758
1507110 1758
1507120 1757
1507130 1755
1507140 1755
1507150 1753
1507160 1752
1507170 1751
1507180 1751
1507190 1750
1507200 1749
1507210 1749
1507220 1749
1507230 1748
1507240 1748
1507250 1746
1507260 1745
1507270 1745
1507280 1745
1507290 1744
1507300 1744
1507310 1743
1507320 1742
1507330 1742
1507340 1741
1507350 1739
1507360 1738
1507370 1738
1507380 1736
1507390 1736
1507400 1736
1507410 1735
1507420 1733
1507430 1733
1507440 1731
1507450 1729
1507460 1729
1507470 1725
1507480 1722
1507490 1722
1507500 1718
1507510 1715
1507520 1715
1507530 1713
1507540 1711
1507550 1711
1507560 1709
1507570 1706
1507580 1701
1507590 1701
1507600 1697
1507610 1694
1507620 1694
1507630 1692
1507640 1690
1507650 1690
1507660 1687
1507670 1683
1507680 1683
1507690 1679
1507700 1676
1507710 1676
1507720 1672
1507730 1668
1507740 1668
1507750 1664
1507760 1660
1507770 1654
1507780 1654
1507790 1649
1507800 1645
1507810 1645
1507820 1642
1507830 1637
1507840 1637
1507850 1632
1507860 1627
1507870 1627
1507880 1623
1507890 1619
1507900 1619
1507910 1616
1507920 1611
1507930 1611
1507940 1608
1507950 1606
1507960 1605
1507970 1605
1507980 1602
1507990 1598
1508000 1598
1508010 1595
1508020 1592
1508030 1592
1508040 1589
1508050 1586
1508060 1586
1508070 1583
1508080 1580
1508090 1580
1508100 1579
1508110 1575
1508120 1575
1508130 1573
1508140 1575
1508150 1577
1508160 1577
1508170 1579
1508180 1580
1508190 1580
1508200 1580
1508210 1579
1508220 1579
1508230 1578
1508240 1577
1508250 1577
1508260 1575
1508270 1573
1508280 1573
1508290 1571
1508300 1570
1508310 1570
1508320 1567
1508330 1565
1508340 1565
1508350 1562
1508360 1558
1508370 1555
1508380 1555
1508390 1551
1508400 1548
1508410 1548
1508420 1544
1508430 1542
1508440 1542
1508450 1538
1508460 1534
1508470 1534
1508480 1531
1508490 1528
1508500 1528
1508510 1525
1508520 1522
1508530 1522
1508540 1519
1508550 1516
1508560 1512
1508570 1512
1508580 1509
1508590 1505
1508600 1505
1508610 1500
1508620 1494
1508630 1494
1508640 1489
1508650 1485
1508660 1485
1508670 1481
1508680 1477
1508690 1477
1508700 1472
1508710 1468
1508720 1468
1508730 1464
1508740 1460
1508750 1457
1508760 1457
1508770 1453
1508780 1448
1508790 1448
1508800 1443
1508810 1439
1508820 1439
1508830 1434
1508840 1430
1508850 1430
1508860 1425
1508870 1421
1508880 1421
1508890 1417
1508900 1413
1508910 1413
1508920 1409
1508930 1403
1508940 1403
1508950 1396
1508960 1389
1508970 1387
1508980 1387
1508990 1388
1509000 1388
1509010 1388
1509020 1390
1509030 1392
1509040 1392
1509050 1396
1509060 1399
1509070 1399
1509080 1401
1509090 1400
1509100 1400
1509110 1399
1509120 1399
1509130 1399
1509140 1399
1509150 1401
1509160 1403
1509170 1403
1509180 1400
1509190 1397
1509200 1397
1509210 1397
1509220 1397
1509230 1397
1509240 1394
1509250 1391
1509260 1391
1509270 1391
1509280 1392
1509290 1392
1509300 1396
1509310 1403
1509320 1403
1509330 1406
1509340 1410
1509350 1415
1509360 1415
1509370 1418
1509380 1420
1509390 1420
1509400 1423
1509410 1424
1509420 1424
1509430 1426
1509440 1428
1509450 1428
1509460 1429
1509470 1431
1509480 1431
1509490 1433
1509500 1438
1509510 1438
1509520 1442
1509530 1448
1509540 1453
1509550 1453
1509560 1458
1509570 1462
1509580 1462
1509590 1466
1509600 1471
1509610 1471
1509620 1475
1509630 1479
1509640 1475
1509650 1480
1509660 1485
1509670 1485
1509680 1490
1509690 1494
1509700 1494
1509710 1498
1509720 1501
1509730 1501
1509740 1505
1509750 1508
1509760 1511
1509770 1511
1509780 1513
1509790 1515
1509800 1515
1509810 1518
1509820 1523
1509830 1523
1509840 1527
1509850 1532
1509860 1532
1509870 1536
1509880 1539
1509890 1539
1509900 1542
1509910 1545
1509920 1545
1509930 1547
1509940 1550
1509950 1552
1509960 1552
1509970 1555
1509980 1558
1509990 1558
1510000 1559
1510010 1561
1510020 1561
1510030 1561
1510040 1559
1510050 1559
1510060 1560
1510070 1561
1510080 1561
1510090 1560
1510100 1560
1510110 1560
1510120 1561
1510130 1564
1510140 1570
1510150 1570
1510160 1575
1510170 1580
1510180 1580
1510190 1585
1510200 1588
1510210 1588
1510220 1592
1510230 1595
1510240 1595
1510250 1598
1510260 1600
1510270 1600
1510280 1599
1510290 1597
1510300 1597
1510310 1594
1510320 1594
1510330 1594
1510340 1599
1510350 1604
1510360 1606
1510370 1606
1510380 1608
1510390 1611
1510400 1611
1510410 1610
1510420 1608
1510430 1608
1510440 1609
1510450 1613
1510460 1613
1510470 1615
1510480 1615
1510490 1615
1510500 1612
1510510 1610
1510520 1610
1510530 1614
1510540 1620
1510550 1623
1510560 1623
1510570 1624
1510580 1623
1510590 1623
1510600 1624
1510610 1625
1510620 1625
1510630 1625
1510640 1623
1510650 1623
1510660 1623
1510670 1624
1510680 1624
1510690 1624
1510700 1626
1510710 1626
1510720 1628
1510730 1630
1510740 1633
1510750 1633
1510760 1635
1510770 1634
1510780 1634
1510790 1632
1510800 1632
1510810 1632
1510820 1633
1510830 1634
1510840 1634
1510850 1634
1510860 1633
1510870 1633
1510880 1633
1510890 1635
1510900 1635
1510910 1636
1510920 1637
1510930 1639
1510940 1639
1510950 1642
1510960 1644
1510970 1644
1510980 1646
1510990 1649
1511000 1649
1511010 1653
1511020 1659
1511030 1659
1511040 1663
1511050 1664
1511060 1664
1511070 1663
1511080 1661
1511090 1661
1511100 1658
1511110 1654
1511120 1654
1511130 1651
1511140 1650
1511150 1654
1511160 1654
1511170 1657
1511180 1660
1511190 1660
1511200 1663
1511210 1665
1511220 1665
1511230 1669
1511240 1673
1511250 1673
1511260 1678
1511270 1682
1511280 1682
1511290 1685
1511300 1686
1511310 1686
1511320 1686
1511330 1687
1511340 1688
1511350 1688
1511360 1690
1511370 1692
1511380 1692
1511390 1695
1511400 1698
1511410 1698
1511420 1702
1511430 1706
1511440 1706
1511450 1711
1511460 1714
1511470 1714
1511480 1716
1511490 1717
1511500 1717
1511510 1720
1511520 1723
1511530 1727
1511540 1727
1511550 1731
1511560 1736
1511570 1736
1511580 1738
1511590 1739
1511600 1739
1511610 1744
1511620 1749
1511630 1749
1511640 1754
1511650 1759
1511660 1759
1511670 1763
1511680 1766
1511690 1766
1511700 1768
1511710 1770
1511720 1770
1511730 1772
1511740 1774
1511750 1777
1511760 1777
1511770 1779
1511780 1781
1511790 1781
1511800 1783
1511810 1784
1511820 1784
1511830 1785
1511840 1786
1511850 1786
1511860 1786
1511870 1787
1511880 1787
1511890 1790
1511900 1792
1511910 1792
1511920 1793
1511930 1795
1511940 1797
1511950 1797
1511960 1799
1511970 1801
1511980 1801
1511990 1802
1512000 1804
1512010 1804
1512020 1805
1512030 1807
1512040 1807
1512050 1809
1512060 1811
1512070 1811
1512080 1814
1512090 1816
1512100 1816
1512110 1819
1512120 1821
1512130 1823
1512140 1823
1512150 1825
1512160 1826
1512170 1826
1512180 1827
1512190 1827
1512200 1827
1512210 1826
1512220 1826
1512230 1826
1512240 1825
1512250 1825
1512260 1825
1512270 1825
1512280 1825
1512290 1825
1512300 1825
1512310 1825
1512320 1824
1512330 1824
1512340 1823
1512350 1821
1512360 1821
1512370 1820
1512380 1817
1512390 1817
1512400 1813
1512410 1810
1512420 1810
1512430 1809
1512440 1807
1512450 1807
1512460 1804
1512470 1800
1512480 1800
1512490 1797
1512500 1794
1512510 1794
1512520 1792
1512530 1790
1512540 1787
1512550 1787
1512560 1785
1512570 1781
1512580 1781
1512590 1777
1512600 1774
1512610 1774
1512620 1773
1512630 1772
1512640 1772
1512650 1771
1512660 1769
1512670 1769
1512680 1767
1512690 1763
1512700 1763
1512710 1759
1512720 1754
1512730 1749
1512740 1749
1512750 1744
1512760 1741
1512770 1741
1512780 1740
1512790 1740
1512800 1740
1512810 1739
1512820 1738
1512830 1738
1512840 1735
1512850 1732
1512860 1732
1512870 1728
1512880 1725
1512890 1725
1512900 1720
1512910 1716
1512920 1712
1512930 1712
1512940 1710
1512950 1707
1512960 1707
1512970 1702
1512980 1699
1512990 1699
1513000 1697
1513010 1694
1513020 1694
1513030 1691
1513040 1686
1513050 1686
1513060 1681
1513070 1677
1513080 1677
1513090 1674
1513100 1672
1513110 1672
1513120 1671
1513130 1669
1513140 1668
1513150 1668
1513160 1667
1513170 1666
1513180 1666
1513190 1664
1513200 1662
1513210 1662
1513220 1661
1513230 1659
1513240 1659
1513250 1655
1513260 1651
1513270 1651
1513280 1647
1513290 1645
1513300 1645
1513310 1642
1513320 1639
1513330 1636
1513340 1636
1513350 1633
1513360 1630
1513370 1630
1513380 1627
1513390 1623
1513400 1623
1513410 1620
1513420 1617
1513430 1617
1513440 1614
1513450 1610
1513460 1610
1513470 1607
1513480 1605
1513490 1605
1513500 1602
1513510 1600
1513520 1598
1513530 1598
1513540 1594
1513550 1591
1513560 1591
1513570 1588
1513580 1585
1513590 1585
1513600 1582
1513610 1580
1513620 1580
1513630 1577
1513640 1575
1513650 1575
1513660 1573
1513670 1571
1513680 1571
1513690 1568
1513700 1565
1513710 1563
1513720 1563
1513730 1560
1513740 1557
1513750 1557
1513760 1554
1513770 1551
1513780 1551
1513790 1549
1513800 1546
1513810 1546
1513820 1542
1513830 1538
1513840 1538
1513850 1535
1513860 1531
1513870 1531
1513880 1527
1513890 1523
1513900 1523
1513910 1520
1513920 1517
1513930 1514
1513940 1514
1513950 1510
1513960 1505
1513970 1505
1513980 1502
1513990 1497
1514000 1497
1514010 1493
1514020 1488
1514030 1488
1514040 1486
1514050 1482
1514060 1482
1514070 1478
1514080 1474
1514090 1474
1514100 1469
1514110 1464
1514120 1460
1514130 1460
1514140 1454
1514150 1448
1514160 1448
1514170 1444
1514180 1440
1514190 1440
1514200 1437
1514210 1433
1514220 1433
1514230 1430
1514240 1427
1514250 1427
1514260 1424
1514270 1421
1514280 1421
1514290 1418
1514300 1415
1514310 1412
1514320 1412
1514330 1408
1514340 1405
1514350 1405
1514360 1402
1514370 1399
1514380 1399
1514390 1396
1514400 1393
1514410 1393
1514420 1391
1514430 1390
1514440 1390
1514450 1387
1514460 1384
1514470 1384
1514480 1381
1514490 1377
1514500 1377
1514510 1374
1514520 1370
1514530 1367
1514540 1367
1514550 1364
1514560 1362
1514570 1362
1514580 1359
1514590 1356
1514600 1356
1514610 1353
1514620 1350
1514630 1350
1514640 1347
1514650 1345
1514660 1345
1514670 1341
1514680 1338
1514690 1338
1514700 1335
1514710 1332
1514720 1329
1514730 1329
1514740 1327
1514750 1324
1514760 1324
1514770 1321
1514780 1318
1514790 1318
1514800 1316
1514810 1313
1514820 1313
1514830 1311
1514840 1308
1514850 1308
1514860 1306
1514870 1304
1514880 1304
1514890 1301
1514900 1299
1514910 1297
1514920 1297
1514930 1295
1514940 1293
1514950 1293
1514960 1291
1514970 1289
1514980 1289
1514990 1286
1515000 1283
1515010 1283
1515020 1280
1515030 1276
1515040 1276
1515050 1273
1515060 1269
1515070 1269
1515080 1265
1515090 1260
1515100 1256
1515110 1256
1515120 1251
1515130 1247
1515140 1247
1515150 1244
1515160 1240
1515170 1240
1515180 1237
1515190 1233
1515200 1233
1515210 1228
1515220 1223
1515230 1223
1515240 1217
1515250 1214
1515260 1214
1515270 1210
1515280 1204
1515290 1204
1515300 1195
1515310 1186
1515320 1182
1515330 1182
1515340 1181
1515350 1180
1515360 1180
1515370 1179
1515380 1177
1515390 1177
1515400 1175
1515410 1173
1515420 1173
1515430 1169
1515440 1164
1515450 1164
1515460 1158
1515470 1153
1515480 1153
1515490 1147
1515500 1142
1515510 1139
1515520 1139
1515530 1135
1515540 1132
1515550 1132
1515560 1128
1515570 1123
1515580 1123
1515590 1119
1515600 1116
1515610 1116
1515620 1114
1515630 1110
1515640 1110
1515650 1106
1515660 1099
1515670 1099
1515680 1094
1515690 1090
1515700 1083
1515710 1083
1515720 1075
1515730 1069
1515740 1069
1515750 1064
1515760 1061
1515770 1061
1515780 1057
1515790 1051
1515800 1051
1515810 1045
1515820 1042
1515830 1042
1515840 1038
1515850 1031
1515860 1031
1515870 1025
1515880 1020
1515890 1020
1515900 1013
1515910 1007
1515920 1001
1515930 1001
1515940 993
1515950 983
1515960 983
1515970 973
1515980 965
1515990 965
1516000 963
1516010 962
1516020 962
1516030 961
1516040 962
1516050 962
1516060 962
1516070 963
1516080 963
1516090 965
1516100 969
1516110 975
1516120 975
1516130 980
1516140 989
1516150 989
1516160 995
1516170 999
1516180 999
1516190 1002
1516200 1006
1516210 1006
1516220 1008
1516230 1011
1516240 1011
1516250 1013
1516260 1015
1516270 1015
1516280 1020
1516290 1027
1516300 1033
1516310 1033
1516320 1037
1516330 1041
1516340 1041
1516350 1046
1516360 1050
1516370 1050
1516380 1054
1516390 1057
1516400 1057
1516410 1062
1516420 1068
1516430 1068
1516440 1074
1516450 1081
1516460 1081
1516470 1087
1516480 1092
1516490 1097
1516500 1097
1516510 1102
1516520 1109
1516530 1109
1516540 1115
1516550 1121
1516560 1121
1516570 1126
1516580 1132
1516590 1132
1516600 1137
1516610 1140
1516620 1140
1516630 1144
1516640 1147
1516650 1147
1516660 1150
1516670 1154
1516680 1154
1516690 1159
1516700 1164
1516710 1169
1516720 1169
1516730 1174
1516740 1179
1516750 1179
1516760 1182
1516770 1183
1516780 1183
1516790 1185
1516800 1187
1516810 1187
1516820 1189
1516830 1191
1516840 1191
1516850 1192
1516860 1193
1516870 1193
1516880 1193
1516890 1194
1516900 1196
1516910 1196
1516920 1198
1516930 1199
1516940 1199
1516950 1201
1516960 1203
1516970 1203
1516980 1204
1516990 1206
1517000 1206
1517010 1208
1517020 1210
1517030 1210
1517040 1212
1517050 1214
1517060 1214
1517070 1215
1517080 1217
1517090 1218
1517100 1218
1517110 1219
1517120 1221
1517130 1221
1517140 1224
1517150 1227
1517160 1227
1517170 1231
1517180 1233
1517190 1233
1517200 1233
1517210 1231
1517220 1231
1517230 1231
1517240 1231
1517250 1231
1517260 1232
1517270 1233
1517280 1233
1517290 1233
1517300 1233
1517310 1234
1517320 1234
1517330 1235
1517340 1237
1517350 1237
1517360 1240
1517370 1244
1517380 1244
1517390 1247
1517400 1250
1517410 1250
1517420 1251
1517430 1251
1517440 1251
1517450 1250
1517460 1251
1517470 1251
1517480 1251
1517490 1253
1517500 1255
1517510 1255
1517520 1258
1517530 1261
1517540 1261
1517550 1264
1517560 1266
1517570 1266
1517580 1268
1517590 1271
1517600 1271
1517610 1275
1517620 1278
1517630 1278
1517640 1281
1517650 1286
1517660 1286
1517670 1294
1517680 1300
1517690 1306
1517700 1306
1517710 1311
1517720 1315
1517730 1315
1517740 1318
1517750 1321
1517760 1321
1517770 1323
1517780 1323
1517790 1323
1517800 1324
1517810 1326
1517820 1326
1517830 1327
1517840 1327
1517850 1327
1517860 1327
1517870 1328
1517880 1328
1517890 1328
1517900 1328
1517910 1328
1517920 1328
1517930 1327
1517940 1326
1517950 1326
1517960 1325
1517970 1323
1517980 1323
1517990 1318
1518000 1310
1518010 1310
1518020 1304
1518030 1299
1518040 1299
1518050 1296
1518060 1294
1518070 1294
1518080 1295
1518090 1296
1518100 1297
1518110 1297
1518120 1298
1518130 1299
1518140 1299
1518150 1299
1518160 1300
1518170 1300
1518180 1299
1518190 1299
1518200 1299
1518210 1299
1518220 1299
1518230 1299
1518240 1298
1518250 1300
1518260 1300
1518270 1299
1518280 1298
1518290 1297
1518300 1297
1518310 1297
1518320 1295
1518330 1295
1518340 1293
1518350 1292
1518360 1292
1518370 1292
1518380 1292
1518390 1292
1518400 1295
1518410 1298
1518420 1298
1518430 1299
1518440 1299
1518450 1299
1518460 1298
1518470 1297
1518480 1297
1518490 1297
1518500 1296
1518510 1293
1518520 1293
1518530 1293
1518540 1294
1518550 1294
1518560 1293
1518570 1292
1518580 1292
1518590 1291
1518600 1289
1518610 1289
1518620 1288
1518630 1286
1518640 1286
1518650 1283
1518660 1280
1518670 1280
1518680 1277
1518690 1274
1518700 1270
1518710 1270
1518720 1267
1518730 1262
1518740 1262
1518750 1255
1518760 1249
1518770 1249
1518780 1241
1518790 1235
1518800 1235
1518810 1229
1518820 1221
1518830 1221
1518840 1213
1518850 1205
1518860 1205
1518870 1200
1518880 1194
1518890 1189
1518900 1189
1518910 1191
1518920 1200
1518930 1200
1518940 1210
1518950 1219
1518960 1219
1518970 1225
1518980 1226
1518990 1226
1519000 1232
1519010 1233
1519020 1233
1519030 1234
1519040 1235
1519050 1235
1519060 1237
1519070 1237
1519080 1236
1519090 1236
1519100 1234
1519110 1232
1519120 1232
1519130 1229
1519140 1229
1519150 1229
1519160 1229
1519170 1229
1519180 1229
1519190 1228
1519200 1227
1519210 1227
1519220 1227
1519230 1229
1519240 1229
1519250 1230
1519260 1228
1519270 1225
1519280 1225
1519290 1221
1519300 1218
1519310 1218
1519320 1219
1519330 1220
1519340 1220
1519350 1221
1519360 1218
1519370 1218
1519380 1210
1519390 1200
1519400 1200
1519410 1189
1519420 1176
1519430 1176
1519440 1176
1519450 1185
1519460 1185
1519470 1192
1519480 1200
1519490 1209
1519500 1209
1519510 1216
1519520 1225
1519530 1225
1519540 1232
1519550 1237
1519560 1237
1519570 1239
1519580 1239
1519590 1239
1519600 1240
1519610 1243
1519620 1243
1519630 1247
1519640 1249
1519650 1249
1519660 1248
1519670 1247
1519680 1244
1519690 1244
1519700 1242
1519710 1242
1519720 1242
1519730 1243
1519740 1243
1519750 1243
1519760 1243
1519770 1243
1519780 1243
1519790 1243
1519800 1243
1519810 1243
1519820 1242
1519830 1241
1519840 1241
1519850 1241
1519860 1240
1519870 1240
1519880 1240
1519890 1241
1519900 1241
1519910 1241
1519920 1241
1519930 1240
1519940 1240
1519950 1238
1519960 1236
1519970 1236
1519980 1233
1519990 1230
