1500000 824
1500010 824
1500020 824
1500030 824
1500040 824
1500050 824
1500060 824
1500070 824
1500080 824
1500090 823
1500100 823
1500110 823
1500120 823
1500130 823
1500140 823
1500150 823
1500160 823
1500170 823
1500180 823
1500190 823
1500200 823
1500210 823
1500220 823
1500230 823
1500240 822
1500250 822
1500260 822
1500270 823
1500280 824
1500290 824
1500300 823
1500310 823
1500320 823
1500330 823
1500340 823
1500350 823
1500360 823
1500370 823
1500380 823
1500390 822
1500400 822
1500410 822
1500420 822
1500430 822
1500440 822
1500450 822
1500460 822
1500470 822
1500480 822
1500490 822
1500500 822
1500510 822
1500520 822
1500530 822
1500540 822
1500550 822
1500560 822
1500570 822
1500580 822
1500590 822
1500600 822
1500610 822
1500620 822
1500630 822
1500640 822
1500650 822
1500660 822
1500670 822
1500680 822
1500690 822
1500700 822
1500710 822
1500720 822
1500730 822
1500740 822
1500750 822
1500760 822
1500770 823
1500780 823
1500790 823
1500800 824
1500810 825
1500820 825
1500830 826
1500840 828
1500850 830
1500860 830
1500870 832
1500880 837
1500890 837
1500900 849
1500910 862
1500920 862
1500930 874
1500940 885
1500950 885
1500960 895
1500970 904
1500980 904
1500990 908
1501000 910
1501010 910
1501020 917
1501030 924
1501040 925
1501050 925
1501060 927
1501070 930
1501080 930
1501090 935
1501100 940
1501110 940
1501120 945
1501130 951
1501140 951
1501150 958
1501160 967
1501170 967
1501180 974
1501190 978
1501200 978
1501210 985
1501220 990
1501230 990
1501240 995
1501250 999
1501260 1002
1501270 1002
1501280 1006
1501290 1010
1501300 1010
1501310 1014
1501320 1021
1501330 1021
1501340 1027
1501350 1034
1501360 1034
1501370 1040
1501380 1045
1501390 1045
1501400 1051
1501410 1056
1501420 1056
1501430 1061
1501440 1067
1501450 1073
1501460 1073
1501470 1079
1501480 1086
1501490 1086
1501500 1093
1501510 1101
1501520 1101
1501530 1119
1501540 1136
1501550 1136
1501560 1146
1501570 1152
1501580 1152
1501590 1158
1501600 1181
1501610 1181
1501620 1230
1501630 1232
1501640 1229
1501650 1229
1501660 1225
1501670 1223
1501680 1223
1501690 1221
1501700 1220
1501710 1220
1501720 1224
1501730 1235
1501740 1235
1501750 1236
1501760 1232
1501770 1232
1501780 1226
1501790 1221
1501800 1221
1501810 1216
1501820 1214
1501830 1214
1501840 1214
1501850 1215
1501860 1214
1501870 1214
1501880 1211
1501890 1207
1501900 1207
1501910 1203
1501920 1198
1501930 1198
1501940 1195
1501950 1193
1501960 1193
1501970 1192
1501980 1192
1501990 1192
1502000 1192
1502010 1192
1502020 1192
1502030 1193
1502040 1193
1502050 1192
1502060 1192
1502070 1196
1502080 1205
1502090 1205
1502100 1215
1502110 1244
1502120 1244
1502130 1264
1502140 1278
1502150 1278
1502160 1284
1502170 1284
1502180 1284
1502190 1285
1502200 1287
1502210 1287
1502220 1289
1502230 1291
1502240 1292
1502250 1292
1502260 1291
1502270 1288
1502280 1288
1502290 1282
1502300 1279
1502310 1279
1502320 1276
1502330 1273
1502340 1273
1502350 1271
1502360 1269
1502370 1269
1502380 1267
1502390 1266
1502400 1266
1502410 1264
1502420 1261
1502430 1259
1502440 1259
1502450 1256
1502460 1253
1502470 1253
1502480 1251
1502490 1247
1502500 1247
1502510 1243
1502520 1238
1502530 1238
1502540 1232
1502550 1227
1502560 1227
1502570 1221
1502580 1218
1502590 1218
1502600 1216
1502610 1213
1502620 1213
1502630 1211
1502640 1214
1502650 1222
1502660 1222
1502670 1236
1502680 1253
1502690 1253
1502700 1267
1502710 1279
1502720 1279
1502730 1292
1502740 1304
1502750 1304
1502760 1317
1502770 1326
1502780 1326
1502790 1335
1502800 1342
1502810 1342
1502820 1352
1502830 1369
1502840 1387
1502850 1387
1502860 1403
1502870 1418
1502880 1418
1502890 1428
1502900 1437
1502910 1437
1502920 1444
1502930 1452
1502940 1452
1502950 1462
1502960 1469
1502970 1469
1502980 1475
1502990 1487
1503000 1487
1503010 1495
1503020 1503
1503030 1508
1503040 1508
1503050 1513
1503060 1518
1503070 1518
1503080 1526
1503090 1533
1503100 1533
1503110 1539
1503120 1542
1503130 1542
1503140 1544
1503150 1546
1503160 1546
1503170 1546
1503180 1547
1503190 1547
1503200 1548
1503210 1549
1503220 1549
1503230 1549
1503240 1549
1503250 1549
1503260 1549
1503270 1548
1503280 1548
1503290 1548
1503300 1549
1503310 1549
1503320 1549
1503330 1547
1503340 1544
1503350 1544
1503360 1542
1503370 1542
1503380 1542
1503390 1541
1503400 1539
1503410 1539
1503420 1536
1503430 1534
1503440 1531
1503450 1531
1503460 1529
1503470 1527
1503480 1527
1503490 1524
1503500 1522
1503510 1522
1503520 1521
1503530 1518
1503540 1518
1503550 1515
1503560 1512
1503570 1512
1503580 1510
1503590 1507
1503600 1507
1503610 1503
1503620 1498
1503630 1494
1503640 1494
1503650 1489
1503660 1485
1503670 1485
1503680 1482
1503690 1480
1503700 1480
1503710 1476
1503720 1472
1503730 1472
1503740 1467
1503750 1462
1503760 1462
1503770 1456
1503780 1451
1503790 1451
1503800 1446
1503810 1442
1503820 1438
1503830 1438
1503840 1434
1503850 1430
1503860 1430
1503870 1426
1503880 1422
1503890 1422
1503900 1418
1503910 1414
1503920 1414
1503930 1411
1503940 1407
1503950 1407
1503960 1404
1503970 1402
1503980 1402
1503990 1402
1504000 1406
1504010 1406
1504020 1406
1504030 1407
1504040 1408
1504050 1408
1504060 1409
1504070 1408
1504080 1408
1504090 1407
1504100 1407
1504110 1407
1504120 1406
1504130 1406
1504140 1406
1504150 1406
1504160 1407
1504170 1407
1504180 1407
1504190 1407
1504200 1407
1504210 1408
1504220 1408
1504230 1407
1504240 1407
1504250 1407
1504260 1406
1504270 1406
1504280 1406
1504290 1405
1504300 1405
1504310 1401
1504320 1399
1504330 1403
1504340 1406
1504350 1407
1504360 1407
1504370 1408
1504380 1409
1504390 1409
1504400 1410
1504410 1411
1504420 1411
1504430 1411
1504440 1412
1504450 1413
1504460 1413
1504470 1415
1504480 1422
1504490 1422
1504500 1427
1504510 1431
1504520 1431
1504530 1436
1504540 1440
1504550 1440
1504560 1442
1504570 1446
1504580 1446
1504590 1450
1504600 1456
1504610 1456
1504620 1460
1504630 1463
1504640 1467
1504650 1467
1504660 1470
1504670 1475
1504680 1475
1504690 1479
1504700 1482
1504710 1482
1504720 1485
1504730 1489
1504740 1489
1504750 1494
1504760 1497
1504770 1497
1504780 1499
1504790 1501
1504800 1501
1504810 1501
1504820 1500
1504830 1501
1504840 1501
1504850 1503
1504860 1504
1504870 1504
1504880 1503
1504890 1503
1504900 1503
1504910 1501
1504920 1500
1504930 1500
1504940 1501
1504950 1501
1504960 1501
1504970 1502
1504980 1503
1504990 1503
1505000 1502
1505010 1500
1505020 1499
1505030 1499
1505040 1497
1505050 1495
1505060 1495
1505070 1491
1505080 1485
1505090 1485
1505100 1479
1505110 1477
1505120 1477
1505130 1477
1505140 1473
1505150 1473
1505160 1468
1505170 1463
1505180 1463
1505190 1462
1505200 1462
1505210 1460
1505220 1460
1505230 1455
1505240 1457
1505250 1457
1505260 1459
1505270 1456
1505280 1456
1505290 1454
1505300 1453
1505310 1453
1505320 1450
1505330 1451
1505340 1451
1505350 1452
1505360 1448
1505370 1448
1505380 1440
1505390 1437
1505400 1437
1505410 1440
1505420 1447
1505430 1455
1505440 1455
1505450 1463
1505460 1471
1505470 1471
1505480 1480
1505490 1487
1505500 1487
1505510 1494
1505520 1502
1505530 1502
1505540 1508
1505550 1512
1505560 1512
1505570 1518
1505580 1524
1505590 1524
1505600 1528
1505610 1533
1505620 1538
1505630 1538
1505640 1543
1505650 1546
1505660 1546
1505670 1550
1505680 1554
1505690 1554
1505700 1557
1505710 1561
1505720 1561
1505730 1564
1505740 1566
1505750 1566
1505760 1568
1505770 1569
1505780 1569
1505790 1570
1505800 1571
1505810 1573
1505820 1573
1505830 1575
1505840 1579
1505850 1579
1505860 1583
1505870 1586
1505880 1586
1505890 1590
1505900 1594
1505910 1594
1505920 1597
1505930 1601
1505940 1601
1505950 1603
1505960 1607
1505970 1607
1505980 1611
1505990 1616
1506000 1616
1506010 1623
1506020 1629
1506030 1633
1506040 1633
1506050 1636
1506060 1640
1506070 1640
1506080 1644
1506090 1648
1506100 1648
1506110 1652
1506120 1655
1506130 1655
1506140 1657
1506150 1659
1506160 1659
1506170 1660
1506180 1662
1506190 1662
1506200 1664
1506210 1665
1506220 1666
1506230 1666
1506240 1668
1506250 1671
1506260 1671
1506270 1674
1506280 1676
1506290 1676
1506300 1679
1506310 1681
1506320 1681
1506330 1683
1506340 1683
1506350 1683
1506360 1683
1506370 1682
1506380 1682
1506390 1681
1506400 1681
1506410 1684
1506420 1684
1506430 1687
1506440 1689
1506450 1689
1506460 1693
1506470 1696
1506480 1696
1506490 1697
1506500 1699
1506510 1699
1506520 1702
1506530 1706
1506540 1706
1506550 1708
1506560 1710
1506570 1710
1506580 1714
1506590 1720
1506600 1720
1506610 1725
1506620 1728
1506630 1730
1506640 1730
1506650 1732
1506660 1735
1506670 1735
1506680 1739
1506690 1744
1506700 1744
1506710 1748
1506720 1751
1506730 1751
1506740 1755
1506750 1760
1506760 1760
1506770 1764
1506780 1768
1506790 1768
1506800 1771
1506810 1774
1506820 1775
1506830 1775
1506840 1778
1506850 1782
1506860 1782
1506870 1787
1506880 1793
1506890 1793
1506900 1800
1506910 1804
1506920 1804
1506930 1806
1506940 1808
1506950 1808
1506960 1812
1506970 1813
1506980 1813
1506990 1815
1507000 1816
1507010 1816
1507020 1816
1507030 1816
1507040 1817
1507050 1817
1507060 1818
1507070 1817
1507080 1817
1507090 1816
1507100 1815
1507110 1815
1507120 1814
1507130 1812
1507140 1812
1507150 1811
1507160 1809
1507170 1809
1507180 1809
1507190 1808
1507200 1807
1507210 1807
1507220 1805
1507230 1803
1507240 1803
1507250 1801
1507260 1799
1507270 1799
1507280 1798
1507290 1798
1507300 1798
1507310 1797
1507320 1796
1507330 1796
1507340 1794
1507350 1792
1507360 1792
1507370 1791
1507380 1791
1507390 1791
1507400 1789
1507410 1787
1507420 1784
1507430 1784
1507440 1784
1507450 1782
1507460 1782
1507470 1780
1507480 1778
1507490 1778
1507500 1775
1507510 1772
1507520 1772
1507530 1770
1507540 1767
1507550 1767
1507560 1765
1507570 1762
1507580 1762
1507590 1759
1507600 1756
1507610 1752
1507620 1752
1507630 1747
1507640 1742
1507650 1742
1507660 1737
1507670 1733
1507680 1733
1507690 1729
1507700 1726
1507710 1726
1507720 1724
1507730 1721
1507740 1721
1507750 1718
1507760 1716
1507770 1716
1507780 1715
1507790 1713
1507800 1712
1507810 1712
1507820 1711
1507830 1709
1507840 1709
1507850 1707
1507860 1703
1507870 1703
1507880 1697
1507890 1692
1507900 1692
1507910 1691
1507920 1691
1507930 1691
1507940 1693
1507950 1694
1507960 1694
1507970 1693
1507980 1693
1507990 1693
1508000 1692
1508010 1691
1508020 1689
1508030 1689
1508040 1687
1508050 1685
1508060 1685
1508070 1683
1508080 1681
1508090 1681
1508100 1679
1508110 1676
1508120 1676
1508130 1674
1508140 1672
1508150 1672
1508160 1668
1508170 1665
1508180 1665
1508190 1662
1508200 1659
1508210 1655
1508220 1655
1508230 1651
1508240 1646
1508250 1646
1508260 1643
1508270 1639
1508280 1639
1508290 1636
1508300 1632
1508310 1632
1508320 1628
1508330 1621
1508340 1621
1508350 1616
1508360 1611
1508370 1611
1508380 1605
1508390 1599
1508400 1593
1508410 1593
1508420 1588
1508430 1582
1508440 1582
1508450 1576
1508460 1571
1508470 1571
1508480 1567
1508490 1562
1508500 1562
1508510 1557
1508520 1552
1508530 1552
1508540 1546
1508550 1541
1508560 1541
1508570 1536
1508580 1532
1508590 1532
1508600 1528
1508610 1524
1508620 1521
1508630 1521
1508640 1517
1508650 1513
1508660 1513
1508670 1510
1508680 1506
1508690 1506
1508700 1501
1508710 1495
1508720 1495
1508730 1489
1508740 1484
1508750 1484
1508760 1479
1508770 1473
1508780 1473
1508790 1467
1508800 1460
1508810 1454
1508820 1454
1508830 1448
1508840 1442
1508850 1442
1508860 1440
1508870 1442
1508880 1442
1508890 1441
1508900 1440
1508910 1440
1508920 1438
1508930 1437
1508940 1437
1508950 1438
1508960 1436
1508970 1436
1508980 1440
1508990 1443
1509000 1445
1509010 1445
1509020 1449
1509030 1453
1509040 1453
1509050 1458
1509060 1460
1509070 1460
1509080 1460
1509090 1462
1509100 1462
1509110 1465
1509120 1468
1509130 1468
1509140 1472
1509150 1473
1509160 1473
1509170 1473
1509180 1473
1509190 1473
1509200 1473
1509210 1473
1509220 1473
1509230 1473
1509240 1473
1509250 1475
1509260 1475
1509270 1475
1509280 1473
1509290 1473
1509300 1471
1509310 1470
1509320 1470
1509330 1470
1509340 1473
1509350 1473
1509360 1477
1509370 1478
1509380 1478
1509390 1477
1509400 1474
1509410 1473
1509420 1473
1509430 1472
1509440 1469
1509450 1469
1509460 1467
1509470 1465
1509480 1465
1509490 1460
1509500 1458
1509510 1458
1509520 1459
1509530 1462
1509540 1462
1509550 1464
1509560 1465
1509570 1465
1509580 1466
1509590 1471
1509600 1473
1509610 1473
1509620 1469
1509630 1468
1509640 1468
1509650 1471
1509660 1475
1509670 1475
1509680 1480
1509690 1483
1509700 1483
1509710 1487
1509720 1490
1509730 1490
1509740 1493
1509750 1497
1509760 1497
1509770 1501
1509780 1507
1509790 1514
1509800 1514
1509810 1522
1509820 1529
1509830 1529
1509840 1536
1509850 1542
1509860 1542
1509870 1549
1509880 1555
1509890 1555
1509900 1561
1509910 1565
1509920 1565
1509930 1568
1509940 1571
1509950 1571
1509960 1573
1509970 1577
1509980 1576
1509990 1580
1510000 1585
1510010 1591
1510020 1591
1510030 1596
1510040 1601
1510050 1601
1510060 1605
1510070 1609
1510080 1609
1510090 1613
1510100 1615
1510110 1615
1510120 1618
1510130 1621
1510140 1621
1510150 1624
1510160 1627
1510170 1627
1510180 1630
1510190 1632
1510200 1635
1510210 1635
1510220 1638
1510230 1640
1510240 1640
1510250 1644
1510260 1647
1510270 1647
1510280 1650
1510290 1653
1510300 1653
1510310 1655
1510320 1658
1510330 1658
1510340 1661
1510350 1663
1510360 1663
1510370 1666
1510380 1669
1510390 1673
1510400 1673
1510410 1676
1510420 1680
1510430 1680
1510440 1685
1510450 1689
1510460 1689
1510470 1694
1510480 1697
1510490 1697
1510500 1699
1510510 1701
1510520 1701
1510530 1703
1510540 1705
1510550 1705
1510560 1707
1510570 1709
1510580 1709
1510590 1711
1510600 1712
1510610 1714
1510620 1714
1510630 1714
1510640 1715
1510650 1715
1510660 1715
1510670 1715
1510680 1715
1510690 1715
1510700 1715
1510710 1715
1510720 1717
1510730 1718
1510740 1718
1510750 1718
1510760 1718
1510770 1718
1510780 1717
1510790 1717
1510800 1717
1510810 1717
1510820 1717
1510830 1718
1510840 1718
1510850 1718
1510860 1718
1510870 1718
1510880 1718
1510890 1718
1510900 1718
1510910 1719
1510920 1718
1510930 1718
1510940 1717
1510950 1714
1510960 1714
1510970 1711
1510980 1711
1510990 1714
1511000 1714
1511010 1717
1511020 1717
1511030 1717
1511040 1718
1511050 1719
1511060 1719
1511070 1720
1511080 1721
1511090 1721
1511100 1722
1511110 1724
1511120 1724
1511130 1724
1511140 1724
1511150 1724
1511160 1723
1511170 1723
1511180 1723
1511190 1723
1511200 1722
1511210 1722
1511220 1722
1511230 1725
1511240 1726
1511250 1726
1511260 1727
1511270 1726
1511280 1726
1511290 1724
1511300 1723
1511310 1723
1511320 1726
1511330 1729
1511340 1729
1511350 1732
1511360 1734
1511370 1734
1511380 1734
1511390 1732
1511400 1728
1511410 1728
1511420 1724
1511430 1720
1511440 1720
1511450 1716
1511460 1712
1511470 1712
1511480 1708
1511490 1706
1511500 1706
1511510 1706
1511520 1709
1511530 1709
1511540 1714
1511550 1717
1511560 1717
1511570 1721
1511580 1724
1511590 1725
1511600 1725
1511610 1726
1511620 1727
1511630 1727
1511640 1728
1511650 1729
1511660 1729
1511670 1730
1511680 1731
1511690 1731
1511700 1732
1511710 1733
1511720 1733
1511730 1734
1511740 1736
1511750 1736
1511760 1737
1511770 1739
1511780 1741
1511790 1741
1511800 1742
1511810 1744
1511820 1744
1511830 1745
1511840 1746
1511850 1746
1511860 1746
1511870 1748
1511880 1748
1511890 1750
1511900 1751
1511910 1751
1511920 1751
1511930 1751
1511940 1751
1511950 1751
1511960 1752
1511970 1752
1511980 1752
1511990 1752
1512000 1751
1512010 1751
1512020 1751
1512030 1750
1512040 1750
1512050 1747
1512060 1744
1512070 1744
1512080 1741
1512090 1736
1512100 1736
1512110 1732
1512120 1728
1512130 1728
1512140 1726
1512150 1723
1512160 1723
1512170 1719
1512180 1715
1512190 1712
1512200 1712
1512210 1712
1512220 1711
1512230 1711
1512240 1710
1512250 1709
1512260 1709
1512270 1709
1512280 1708
1512290 1708
1512300 1709
1512310 1709
1512320 1709
1512330 1709
1512340 1709
1512350 1709
1512360 1709
1512370 1709
1512380 1709
1512390 1709
1512400 1710
1512410 1711
1512420 1711
1512430 1711
1512440 1712
1512450 1712
1512460 1711
1512470 1710
1512480 1710
1512490 1708
1512500 1706
1512510 1706
1512520 1704
1512530 1700
1512540 1700
1512550 1697
1512560 1695
1512570 1695
1512580 1693
1512590 1692
1512600 1691
1512610 1691
1512620 1691
1512630 1691
1512640 1691
1512650 1690
1512660 1692
1512670 1692
1512680 1693
1512690 1694
1512700 1694
1512710 1695
1512720 1697
1512730 1697
1512740 1700
1512750 1705
1512760 1705
1512770 1708
1512780 1711
1512790 1715
1512800 1715
1512810 1718
1512820 1722
1512830 1722
1512840 1725
1512850 1725
1512860 1725
1512870 1725
1512880 1725
1512890 1725
1512900 1724
1512910 1723
1512920 1723
1512930 1723
1512940 1721
1512950 1721
1512960 1719
1512970 1716
1512980 1712
1512990 1712
1513000 1709
1513010 1706
1513020 1706
1513030 1703
1513040 1701
1513050 1701
1513060 1698
1513070 1695
1513080 1695
1513090 1691
1513100 1688
1513110 1688
1513120 1685
1513130 1682
1513140 1682
1513150 1679
1513160 1677
1513170 1675
1513180 1675
1513190 1675
1513200 1675
1513210 1675
1513220 1675
1513230 1675
1513240 1675
1513250 1675
1513260 1674
1513270 1674
1513280 1672
1513290 1670
1513300 1670
1513310 1668
1513320 1665
1513330 1665
1513340 1662
1513350 1658
1513360 1658
1513370 1656
1513380 1653
1513390 1650
1513400 1650
1513410 1647
1513420 1642
1513430 1642
1513440 1638
1513450 1633
1513460 1633
1513470 1628
1513480 1625
1513490 1625
1513500 1622
1513510 1620
1513520 1620
1513530 1617
1513540 1613
1513550 1613
1513560 1610
1513570 1607
1513580 1604
1513590 1604
1513600 1602
1513610 1601
1513620 1601
1513630 1600
1513640 1598
1513650 1598
1513660 1597
1513670 1595
1513680 1595
1513690 1593
1513700 1592
1513710 1592
1513720 1590
1513730 1588
1513740 1588
1513750 1586
1513760 1585
1513770 1582
1513780 1582
1513790 1580
1513800 1577
1513810 1577
1513820 1573
1513830 1570
1513840 1570
1513850 1566
1513860 1564
1513870 1564
1513880 1561
1513890 1557
1513900 1557
1513910 1553
1513920 1550
1513930 1550
1513940 1548
1513950 1546
1513960 1546
1513970 1544
1513980 1541
1513990 1539
1514000 1539
1514010 1536
1514020 1532
1514030 1532
1514040 1528
1514050 1524
1514060 1524
1514070 1519
1514080 1515
1514090 1515
1514100 1512
1514110 1508
1514120 1508
1514130 1505
1514140 1502
1514150 1502
1514160 1499
1514170 1496
1514180 1494
1514190 1494
1514200 1490
1514210 1487
1514220 1487
1514230 1484
1514240 1480
1514250 1480
1514260 1476
1514270 1471
1514280 1471
1514290 1467
1514300 1463
1514310 1463
1514320 1458
1514330 1452
1514340 1452
1514350 1448
1514360 1445
1514370 1440
1514380 1440
1514390 1435
1514400 1430
1514410 1430
1514420 1426
1514430 1422
1514440 1422
1514450 1420
1514460 1417
1514470 1417
1514480 1414
1514490 1412
1514500 1412
1514510 1410
1514520 1409
1514530 1409
1514540 1407
1514550 1405
1514560 1403
1514570 1403
1514580 1400
1514590 1397
1514600 1397
1514610 1393
1514620 1389
1514630 1389
1514640 1385
1514650 1381
1514660 1381
1514670 1378
1514680 1375
1514690 1375
1514700 1372
1514710 1370
1514720 1370
1514730 1368
1514740 1365
1514750 1365
1514760 1362
1514770 1358
1514780 1354
1514790 1354
1514800 1348
1514810 1344
1514820 1344
1514830 1340
1514840 1335
1514850 1335
1514860 1331
1514870 1327
1514880 1327
1514890 1323
1514900 1320
1514910 1320
1514920 1316
1514930 1313
1514940 1313
1514950 1310
1514960 1307
1514970 1304
1514980 1304
1514990 1301
1515000 1298
1515010 1298
1515020 1295
1515030 1292
1515040 1292
1515050 1289
1515060 1286
1515070 1286
1515080 1283
1515090 1279
1515100 1279
1515110 1275
1515120 1272
1515130 1272
1515140 1270
1515150 1268
1515160 1263
1515170 1263
1515180 1259
1515190 1257
1515200 1257
1515210 1254
1515220 1251
1515230 1251
1515240 1249
1515250 1248
1515260 1248
1515270 1243
1515280 1238
1515290 1238
1515300 1233
1515310 1229
1515320 1229
1515330 1224
1515340 1220
1515350 1220
1515360 1216
1515370 1213
1515380 1209
1515390 1209
1515400 1206
1515410 1201
1515420 1201
1515430 1196
1515440 1193
1515450 1193
1515460 1189
1515470 1185
1515480 1185
1515490 1181
1515500 1177
1515510 1177
1515520 1172
1515530 1166
1515540 1166
1515550 1160
1515560 1155
1515570 1150
1515580 1150
1515590 1146
1515600 1143
1515610 1143
1515620 1140
1515630 1137
1515640 1137
1515650 1135
1515660 1134
1515670 1134
1515680 1132
1515690 1128
1515700 1128
1515710 1124
1515720 1120
1515730 1120
1515740 1116
1515750 1112
1515760 1108
1515770 1108
1515780 1104
1515790 1101
1515800 1101
1515810 1098
1515820 1095
1515830 1095
1515840 1091
1515850 1088
1515860 1088
1515870 1084
1515880 1080
1515890 1080
1515900 1075
1515910 1070
1515920 1070
1515930 1065
1515940 1060
1515950 1060
1515960 1056
1515970 1053
1515980 1047
1515990 1047
1516000 1038
1516010 1031
1516020 1031
1516030 1022
1516040 1014
1516050 1014
1516060 1008
1516070 1000
1516080 1000
1516090 994
1516100 988
1516110 988
1516120 983
1516130 976
1516140 976
1516150 972
1516160 971
1516170 970
1516180 970
1516190 969
1516200 970
1516210 970
1516220 970
1516230 970
1516240 970
1516250 971
1516260 973
1516270 973
1516280 973
1516290 974
1516300 974
1516310 974
1516320 972
1516330 972
1516340 972
1516350 973
1516360 980
1516370 980
1516380 989
1516390 994
1516400 994
1516410 999
1516420 1003
1516430 1003
1516440 1008
1516450 1013
1516460 1013
1516470 1019
1516480 1026
1516490 1026
1516500 1033
1516510 1039
1516520 1039
1516530 1044
1516540 1050
1516550 1056
1516560 1056
1516570 1062
1516580 1067
1516590 1067
1516600 1072
1516610 1077
1516620 1077
1516630 1084
1516640 1089
1516650 1089
1516660 1094
1516670 1099
1516680 1099
1516690 1106
1516700 1113
1516710 1113
1516720 1118
1516730 1123
1516740 1123
1516750 1128
1516760 1134
1516770 1140
1516780 1140
1516790 1146
1516800 1153
1516810 1153
1516820 1159
1516830 1164
1516840 1164
1516850 1170
1516860 1177
1516870 1177
1516880 1183
1516890 1190
1516900 1190
1516910 1198
1516920 1207
1516930 1207
1516940 1215
1516950 1222
1516960 1230
1516970 1230
1516980 1238
1516990 1245
1517000 1245
1517010 1249
1517020 1254
1517030 1254
1517040 1258
1517050 1261
1517060 1261
1517070 1265
1517080 1269
1517090 1269
1517100 1274
1517110 1280
1517120 1280
1517130 1285
1517140 1291
1517150 1296
1517160 1296
1517170 1301
1517180 1306
1517190 1306
1517200 1311
1517210 1316
1517220 1316
1517230 1321
1517240 1327
1517250 1327
1517260 1331
1517270 1335
1517280 1335
1517290 1337
1517300 1339
1517310 1339
1517320 1342
1517330 1345
1517340 1345
1517350 1347
1517360 1350
1517370 1353
1517380 1353
1517390 1356
1517400 1359
1517410 1359
1517420 1362
1517430 1365
1517440 1365
1517450 1367
1517460 1368
1517470 1368
1517480 1370
1517490 1373
1517500 1373
1517510 1377
1517520 1380
1517530 1380
1517540 1385
1517550 1389
1517560 1392
1517570 1392
1517580 1394
1517590 1396
1517600 1396
1517610 1398
1517620 1399
1517630 1399
1517640 1399
1517650 1399
1517660 1399
1517670 1398
1517680 1397
1517690 1397
1517700 1396
1517710 1394
1517720 1394
1517730 1394
1517740 1395
1517750 1399
1517760 1399
1517770 1402
1517780 1403
1517790 1403
1517800 1403
1517810 1403
1517820 1403
1517830 1403
1517840 1403
1517850 1403
1517860 1405
1517870 1407
1517880 1407
1517890 1411
1517900 1414
1517910 1414
1517920 1417
1517930 1420
1517940 1420
1517950 1423
1517960 1426
1517970 1429
1517980 1429
1517990 1432
1518000 1434
1518010 1434
1518020 1435
1518030 1436
1518040 1436
1518050 1435
1518060 1435
1518070 1435
1518080 1435
1518090 1434
1518100 1434
1518110 1429
1518120 1420
1518130 1420
1518140 1416
1518150 1416
1518160 1417
1518170 1417
1518180 1419
1518190 1420
1518200 1420
1518210 1419
1518220 1417
1518230 1417
1518240 1415
1518250 1413
1518260 1413
1518270 1412
1518280 1410
1518290 1410
1518300 1410
1518310 1410
1518320 1410
1518330 1411
1518340 1410
1518350 1408
1518360 1408
1518370 1405
1518380 1403
1518390 1403
1518400 1400
1518410 1397
1518420 1397
1518430 1395
1518440 1394
1518450 1394
1518460 1393
1518470 1393
1518480 1393
1518490 1392
1518500 1394
1518510 1394
1518520 1394
1518530 1392
1518540 1389
1518550 1389
1518560 1388
1518570 1385
1518580 1385
1518590 1382
1518600 1380
1518610 1380
1518620 1378
1518630 1376
1518640 1376
1518650 1374
1518660 1369
1518670 1369
1518680 1362
1518690 1355
1518700 1355
1518710 1350
1518720 1347
1518730 1347
1518740 1343
1518750 1337
1518760 1331
1518770 1331
1518780 1323
1518790 1315
1518800 1315
1518810 1309
1518820 1306
1518830 1306
1518840 1304
1518850 1305
1518860 1305
1518870 1309
1518880 1312
1518890 1312
1518900 1316
1518910 1322
1518920 1322
1518930 1329
1518940 1336
1518950 1344
1518960 1344
1518970 1352
1518980 1356
1518990 1356
1519000 1357
1519010 1357
1519020 1357
1519030 1358
1519040 1358
1519050 1358
1519060 1357
1519070 1355
1519080 1355
1519090 1352
1519100 1349
1519110 1349
1519120 1344
1519130 1340
1519140 1339
1519150 1339
1519160 1337
1519170 1336
1519180 1336
1519190 1338
1519200 1339
1519210 1339
1519220 1341
1519230 1344
1519240 1344
1519250 1348
1519260 1351
1519270 1351
1519280 1352
1519290 1349
1519300 1349
1519310 1345
1519320 1341
1519330 1341
1519340 1337
1519350 1332
1519360 1326
1519370 1326
1519380 1320
1519390 1316
1519400 1316
1519410 1312
1519420 1302
1519430 1302
1519440 1290
1519450 1282
1519460 1282
1519470 1274
1519480 1273
1519490 1273
1519500 1281
1519510 1291
1519520 1291
1519530 1302
1519540 1309
1519550 1311
1519560 1311
1519570 1318
1519580 1325
1519590 1325
1519600 1331
1519610 1337
1519620 1337
1519630 1343
1519640 1348
1519650 1348
1519660 1352
1519670 1358
1519680 1358
1519690 1364
1519700 1368
1519710 1368
1519720 1372
1519730 1375
1519740 1378
1519750 1378
1519760 1381
1519770 1382
1519780 1382
1519790 1383
1519800 1383
1519810 1383
1519820 1383
1519830 1383
1519840 1383
1519850 1382
1519860 1382
1519870 1382
1519880 1382
1519890 1382
1519900 1382
1519910 1382
1519920 1382
1519930 1382
1519940 1382
1519950 1382
1519960 1382
1519970 1382
1519980 1382
1519990 1381
