1500000 825
1500010 826
1500020 826
1500030 826
1500040 825
1500050 825
1500060 825
1500070 825
1500080 825
1500090 825
1500100 825
1500110 825
1500120 825
1500130 825
1500140 825
1500150 825
1500160 825
1500170 825
1500180 825
1500190 825
1500200 825
1500210 826
1500220 826
1500230 826
1500240 827
1500250 827
1500260 828
1500270 829
1500280 830
1500290 830
1500300 830
1500310 829
1500320 829
1500330 829
1500340 829
1500350 829
1500360 830
1500370 831
1500380 831
1500390 832
1500400 835
1500410 835
1500420 838
1500430 841
1500440 841
1500450 844
1500460 847
1500470 847
1500480 848
1500490 855
1500500 861
1500510 861
1500520 865
1500530 879
1500540 879
1500550 897
1500560 908
1500570 908
1500580 916
1500590 923
1500600 923
1500610 929
1500620 934
1500630 934
1500640 936
1500650 940
1500660 940
1500670 949
1500680 953
1500690 957
1500700 957
1500710 972
1500720 986
1500730 986
1500740 995
1500750 1006
1500760 1006
1500770 1019
1500780 1027
1500790 1027
1500800 1032
1500810 1036
1500820 1036
1500830 1040
1500840 1044
1500850 1044
1500860 1050
1500870 1062
1500880 1064
1500890 1064
1500900 1069
1500910 1072
1500920 1072
1500930 1070
1500940 1066
1500950 1066
1500960 1064
1500970 1067
1500980 1067
1500990 1070
1501000 1078
1501010 1078
1501020 1086
1501030 1088
1501040 1088
1501050 1091
1501060 1095
1501070 1101
1501080 1106
1501090 1114
1501100 1124
1501110 1124
1501120 1130
1501130 1137
1501140 1137
1501150 1144
1501160 1151
1501170 1151
1501180 1157
1501190 1165
1501200 1165
1501210 1173
1501220 1180
1501230 1180
1501240 1191
1501250 1209
1501260 1209
1501270 1245
1501280 1286
1501290 1299
1501300 1299
1501310 1304
1501320 1310
1501330 1310
1501340 1316
1501350 1317
1501360 1317
1501370 1315
1501380 1311
1501390 1311
1501400 1308
1501410 1308
1501420 1308
1501430 1317
1501440 1339
1501450 1339
1501460 1351
1501470 1356
1501480 1361
1501490 1361
1501500 1368
1501510 1378
1501520 1378
1501530 1386
1501540 1393
1501550 1393
1501560 1399
1501570 1410
1501580 1410
1501590 1422
1501600 1441
1501610 1441
1501620 1455
1501630 1478
1501640 1478
1501650 1494
1501660 1505
1501670 1505
1501680 1519
1501690 1533
1501700 1546
1501710 1546
1501720 1554
1501730 1558
1501740 1558
1501750 1559
1501760 1555
1501770 1555
1501780 1551
1501790 1545
1501800 1545
1501810 1537
1501820 1528
1501830 1528
1501840 1520
1501850 1512
1501860 1512
1501870 1506
1501880 1501
1501890 1496
1501900 1496
1501910 1492
1501920 1498
1501930 1498
1501940 1528
1501950 1549
1501960 1549
1501970 1557
1501980 1557
1501990 1557
1502000 1554
1502010 1550
1502020 1550
1502030 1544
1502040 1535
1502050 1535
1502060 1531
1502070 1527
1502080 1526
1502090 1526
1502100 1525
1502110 1525
1502120 1525
1502130 1525
1502140 1525
1502150 1525
1502160 1524
1502170 1523
1502180 1523
1502190 1522
1502200 1521
1502210 1521
1502220 1520
1502230 1518
1502240 1518
1502250 1516
1502260 1513
1502270 1513
1502280 1511
1502290 1507
1502300 1503
1502310 1503
1502320 1498
1502330 1493
1502340 1493
1502350 1489
1502360 1485
1502370 1485
1502380 1480
1502390 1475
1502400 1475
1502410 1470
1502420 1466
1502430 1466
1502440 1460
1502450 1456
1502460 1456
1502470 1451
1502480 1446
1502490 1440
1502500 1440
1502510 1436
1502520 1432
1502530 1432
1502540 1429
1502550 1426
1502560 1426
1502570 1424
1502580 1423
1502590 1423
1502600 1420
1502610 1415
1502620 1415
1502630 1410
1502640 1405
1502650 1405
1502660 1401
1502670 1398
1502680 1394
1502690 1394
1502700 1390
1502710 1386
1502720 1386
1502730 1380
1502740 1374
1502750 1374
1502760 1369
1502770 1365
1502780 1365
1502790 1361
1502800 1355
1502810 1355
1502820 1350
1502830 1343
1502840 1343
1502850 1338
1502860 1333
1502870 1326
1502880 1326
1502890 1324
1502900 1326
1502910 1326
1502920 1334
1502930 1343
1502940 1343
1502950 1353
1502960 1364
1502970 1364
1502980 1373
1502990 1379
1503000 1379
1503010 1391
1503020 1402
1503030 1402
1503040 1412
1503050 1434
1503060 1434
1503070 1453
1503080 1459
1503090 1465
1503100 1465
1503110 1472
1503120 1478
1503130 1478
1503140 1485
1503150 1491
1503160 1491
1503170 1497
1503180 1504
1503190 1504
1503200 1511
1503210 1517
1503220 1517
1503230 1523
1503240 1529
1503250 1529
1503260 1537
1503270 1545
1503280 1554
1503290 1554
1503300 1564
1503310 1573
1503320 1573
1503330 1579
1503340 1583
1503350 1583
1503360 1586
1503370 1589
1503380 1589
1503390 1592
1503400 1595
1503410 1595
1503420 1597
1503430 1599
1503440 1599
1503450 1600
1503460 1601
1503470 1602
1503480 1602
1503490 1603
1503500 1603
1503510 1603
1503520 1603
1503530 1602
1503540 1602
1503550 1602
1503560 1602
1503570 1602
1503580 1601
1503590 1602
1503600 1602
1503610 1602
1503620 1602
1503630 1602
1503640 1600
1503650 1599
1503660 1599
1503670 1597
1503680 1595
1503690 1593
1503700 1593
1503710 1590
1503720 1588
1503730 1588
1503740 1585
1503750 1582
1503760 1582
1503770 1580
1503780 1577
1503790 1577
1503800 1573
1503810 1569
1503820 1569
1503830 1564
1503840 1559
1503850 1559
1503860 1554
1503870 1551
1503880 1548
1503890 1548
1503900 1545
1503910 1541
1503920 1541
1503930 1536
1503940 1531
1503950 1531
1503960 1527
1503970 1524
1503980 1524
1503990 1521
1504000 1517
1504010 1517
1504020 1515
1504030 1513
1504040 1513
1504050 1514
1504060 1514
1504070 1513
1504080 1513
1504090 1512
1504100 1512
1504110 1512
1504120 1514
1504130 1514
1504140 1514
1504150 1514
1504160 1513
1504170 1513
1504180 1512
1504190 1511
1504200 1511
1504210 1510
1504220 1508
1504230 1508
1504240 1508
1504250 1506
1504260 1506
1504270 1503
1504280 1501
1504290 1502
1504300 1502
1504310 1505
1504320 1505
1504330 1505
1504340 1506
1504350 1506
1504360 1506
1504370 1507
1504380 1510
1504390 1510
1504400 1514
1504410 1517
1504420 1517
1504430 1519
1504440 1521
1504450 1521
1504460 1525
1504470 1530
1504480 1534
1504490 1534
1504500 1535
1504510 1536
1504520 1536
1504530 1538
1504540 1540
1504550 1540
1504560 1543
1504570 1546
1504580 1546
1504590 1549
1504600 1551
1504610 1551
1504620 1554
1504630 1557
1504640 1557
1504650 1561
1504660 1566
1504670 1570
1504680 1570
1504690 1576
1504700 1583
1504710 1583
1504720 1590
1504730 1596
1504740 1596
1504750 1600
1504760 1604
1504770 1604
1504780 1607
1504790 1610
1504800 1610
1504810 1612
1504820 1614
1504830 1614
1504840 1616
1504850 1617
1504860 1617
1504870 1618
1504880 1619
1504890 1619
1504900 1619
1504910 1619
1504920 1619
1504930 1619
1504940 1619
1504950 1618
1504960 1618
1504970 1616
1504980 1615
1504990 1615
1505000 1614
1505010 1613
1505020 1613
1505030 1613
1505040 1613
1505050 1613
1505060 1613
1505070 1612
1505080 1611
1505090 1611
1505100 1611
1505110 1611
1505120 1611
1505130 1611
1505140 1610
1505150 1610
1505160 1609
1505170 1610
1505180 1610
1505190 1611
1505200 1612
1505210 1612
1505220 1614
1505230 1617
1505240 1617
1505250 1620
1505260 1622
1505270 1624
1505280 1624
1505290 1625
1505300 1626
1505310 1626
1505320 1625
1505330 1628
1505340 1628
1505350 1630
1505360 1633
1505370 1633
1505380 1636
1505390 1639
1505400 1639
1505410 1642
1505420 1644
1505430 1644
1505440 1646
1505450 1647
1505460 1647
1505470 1648
1505480 1648
1505490 1647
1505500 1647
1505510 1646
1505520 1644
1505530 1644
1505540 1640
1505550 1637
1505560 1637
1505570 1633
1505580 1627
1505590 1627
1505600 1625
1505610 1618
1505620 1618
1505630 1614
1505640 1622
1505650 1622
1505660 1631
1505670 1638
1505680 1644
1505690 1644
1505700 1649
1505710 1654
1505720 1654
1505730 1657
1505740 1660
1505750 1660
1505760 1663
1505770 1665
1505780 1665
1505790 1667
1505800 1670
1505810 1670
1505820 1674
1505830 1677
1505840 1677
1505850 1680
1505860 1682
1505870 1685
1505880 1685
1505890 1688
1505900 1690
1505910 1690
1505920 1693
1505930 1696
1505940 1696
1505950 1698
1505960 1701
1505970 1701
1505980 1704
1505990 1708
1506000 1708
1506010 1712
1506020 1717
1506030 1717
1506040 1720
1506050 1723
1506060 1725
1506070 1725
1506080 1726
1506090 1729
1506100 1729
1506110 1730
1506120 1731
1506130 1731
1506140 1733
1506150 1735
1506160 1735
1506170 1737
1506180 1739
1506190 1739
1506200 1742
1506210 1745
1506220 1745
1506230 1748
1506240 1750
1506250 1750
1506260 1753
1506270 1755
1506280 1757
1506290 1757
1506300 1759
1506310 1761
1506320 1761
1506330 1763
1506340 1765
1506350 1765
1506360 1767
1506370 1769
1506380 1769
1506390 1771
1506400 1772
1506410 1772
1506420 1773
1506430 1776
1506440 1776
1506450 1778
1506460 1780
1506470 1782
1506480 1782
1506490 1783
1506500 1785
1506510 1785
1506520 1786
1506530 1787
1506540 1787
1506550 1789
1506560 1790
1506570 1790
1506580 1792
1506590 1793
1506600 1793
1506610 1795
1506620 1797
1506630 1797
1506640 1799
1506650 1802
1506660 1807
1506670 1807
1506680 1813
1506690 1820
1506700 1820
1506710 1826
1506720 1831
1506730 1831
1506740 1836
1506750 1840
1506760 1840
1506770 1844
1506780 1847
1506790 1847
1506800 1850
1506810 1852
1506820 1852
1506830 1855
1506840 1856
1506850 1856
1506860 1859
1506870 1862
1506880 1866
1506890 1866
1506900 1868
1506910 1870
1506920 1870
1506930 1872
1506940 1873
1506950 1873
1506960 1874
1506970 1875
1506980 1875
1506990 1875
1507000 1875
1507010 1875
1507020 1876
1507030 1876
1507040 1876
1507050 1876
1507060 1877
1507070 1878
1507080 1878
1507090 1878
1507100 1878
1507110 1878
1507120 1877
1507130 1876
1507140 1876
1507150 1875
1507160 1874
1507170 1874
1507180 1872
1507190 1870
1507200 1870
1507210 1869
1507220 1868
1507230 1868
1507240 1865
1507250 1863
1507260 1861
1507270 1861
1507280 1860
1507290 1859
1507300 1859
1507310 1859
1507320 1858
1507330 1858
1507340 1857
1507350 1855
1507360 1855
1507370 1853
1507380 1851
1507390 1851
1507400 1847
1507410 1844
1507420 1844
1507430 1840
1507440 1837
1507450 1837
1507460 1835
1507470 1833
1507480 1830
1507490 1830
1507500 1827
1507510 1828
1507520 1828
1507530 1826
1507540 1823
1507550 1823
1507560 1821
1507570 1818
1507580 1818
1507590 1815
1507600 1813
1507610 1813
1507620 1811
1507630 1808
1507640 1808
1507650 1805
1507660 1802
1507670 1799
1507680 1799
1507690 1796
1507700 1792
1507710 1792
1507720 1787
1507730 1782
1507740 1782
1507750 1776
1507760 1770
1507770 1770
1507780 1765
1507790 1759
1507800 1759
1507810 1755
1507820 1749
1507830 1749
1507840 1743
1507850 1738
1507860 1734
1507870 1734
1507880 1730
1507890 1726
1507900 1726
1507910 1724
1507920 1721
1507930 1721
1507940 1718
1507950 1715
1507960 1715
1507970 1712
1507980 1708
1507990 1708
1508000 1705
1508010 1700
1508020 1700
1508030 1695
1508040 1690
1508050 1690
1508060 1684
1508070 1680
1508080 1679
1508090 1679
1508100 1678
1508110 1678
1508120 1678
1508130 1677
1508140 1676
1508150 1676
1508160 1674
1508170 1670
1508180 1670
1508190 1665
1508200 1661
1508210 1661
1508220 1658
1508230 1655
1508240 1655
1508250 1651
1508260 1647
1508270 1642
1508280 1642
1508290 1639
1508300 1638
1508310 1638
1508320 1634
1508330 1630
1508340 1630
1508350 1625
1508360 1620
1508370 1620
1508380 1615
1508390 1610
1508400 1610
1508410 1606
1508420 1603
1508430 1603
1508440 1599
1508450 1593
1508460 1586
1508470 1586
1508480 1581
1508490 1579
1508500 1579
1508510 1575
1508520 1567
1508530 1567
1508540 1558
1508550 1549
1508560 1549
1508570 1542
1508580 1546
1508590 1546
1508600 1554
1508610 1560
1508620 1560
1508630 1566
1508640 1570
1508650 1570
1508660 1575
1508670 1580
1508680 1584
1508690 1584
1508700 1586
1508710 1585
1508720 1585
1508730 1582
1508740 1578
1508750 1578
1508760 1576
1508770 1575
1508780 1575
1508790 1574
1508800 1573
1508810 1573
1508820 1570
1508830 1567
1508840 1567
1508850 1566
1508860 1564
1508870 1561
1508880 1561
1508890 1557
1508900 1551
1508910 1551
1508920 1545
1508930 1537
1508940 1537
1508950 1531
1508960 1537
1508970 1537
1508980 1544
1508990 1552
1509000 1552
1509010 1558
1509020 1563
1509030 1563
1509040 1569
1509050 1575
1509060 1579
1509070 1579
1509080 1583
1509090 1586
1509100 1586
1509110 1589
1509120 1592
1509130 1592
1509140 1594
1509150 1596
1509160 1596
1509170 1597
1509180 1599
1509190 1599
1509200 1602
1509210 1604
1509220 1604
1509230 1604
1509240 1605
1509250 1605
1509260 1603
1509270 1603
1509280 1603
1509290 1603
1509300 1603
1509310 1603
1509320 1603
1509330 1605
1509340 1606
1509350 1606
1509360 1608
1509370 1612
1509380 1612
1509390 1616
1509400 1619
1509410 1619
1509420 1620
1509430 1621
1509440 1621
1509450 1621
1509460 1620
1509470 1617
1509480 1617
1509490 1614
1509500 1610
1509510 1610
1509520 1607
1509530 1610
1509540 1610
1509550 1611
1509560 1611
1509570 1611
1509580 1610
1509590 1608
1509600 1608
1509610 1604
1509620 1602
1509630 1602
1509640 1604
1509650 1607
1509660 1607
1509670 1607
1509680 1603
1509690 1597
1509700 1597
1509710 1595
1509720 1598
1509730 1598
1509740 1602
1509750 1603
1509760 1603
1509770 1602
1509780 1600
1509790 1600
1509800 1607
1509810 1611
1509820 1611
1509830 1615
1509840 1615
1509850 1615
1509860 1614
1509870 1614
1509880 1615
1509890 1615
1509900 1615
1509910 1613
1509920 1613
1509930 1610
1509940 1606
1509950 1606
1509960 1605
1509970 1605
1509980 1605
1509990 1603
1510000 1602
1510010 1602
1510020 1604
1510030 1606
1510040 1606
1510050 1603
1510060 1600
1510070 1604
1510080 1604
1510090 1610
1510100 1615
1510110 1615
1510120 1620
1510130 1624
1510140 1624
1510150 1628
1510160 1632
1510170 1632
1510180 1637
1510190 1641
1510200 1641
1510210 1645
1510220 1648
1510230 1648
1510240 1650
1510250 1651
1510260 1653
1510270 1653
1510280 1656
1510290 1661
1510300 1661
1510310 1666
1510320 1672
1510330 1672
1510340 1677
1510350 1681
1510360 1681
1510370 1684
1510380 1688
1510390 1688
1510400 1691
1510410 1696
1510420 1696
1510430 1700
1510440 1704
1510450 1707
1510460 1707
1510470 1711
1510480 1715
1510490 1715
1510500 1719
1510510 1722
1510520 1722
1510530 1726
1510540 1730
1510550 1730
1510560 1735
1510570 1739
1510580 1739
1510590 1744
1510600 1749
1510610 1749
1510620 1754
1510630 1759
1510640 1759
1510650 1763
1510660 1766
1510670 1768
1510680 1768
1510690 1771
1510700 1774
1510710 1774
1510720 1776
1510730 1778
1510740 1778
1510750 1780
1510760 1783
1510770 1783
1510780 1785
1510790 1788
1510800 1788
1510810 1791
1510820 1794
1510830 1794
1510840 1797
1510850 1799
1510860 1801
1510870 1801
1510880 1802
1510890 1804
1510900 1804
1510910 1805
1510920 1807
1510930 1807
1510940 1808
1510950 1810
1510960 1810
1510970 1811
1510980 1815
1510990 1815
1511000 1819
1511010 1820
1511020 1820
1511030 1820
1511040 1821
1511050 1821
1511060 1821
1511070 1821
1511080 1821
1511090 1821
1511100 1821
1511110 1821
1511120 1821
1511130 1821
1511140 1820
1511150 1820
1511160 1819
1511170 1817
1511180 1817
1511190 1815
1511200 1813
1511210 1813
1511220 1810
1511230 1805
1511240 1805
1511250 1800
1511260 1799
1511270 1799
1511280 1799
1511290 1800
1511300 1801
1511310 1801
1511320 1803
1511330 1804
1511340 1804
1511350 1806
1511360 1807
1511370 1807
1511380 1807
1511390 1807
1511400 1807
1511410 1806
1511420 1805
1511430 1805
1511440 1805
1511450 1804
1511460 1803
1511470 1803
1511480 1802
1511490 1800
1511500 1800
1511510 1798
1511520 1796
1511530 1796
1511540 1794
1511550 1792
1511560 1792
1511570 1790
1511580 1788
1511590 1788
1511600 1787
1511610 1784
1511620 1784
1511630 1779
1511640 1777
1511650 1779
1511660 1779
1511670 1777
1511680 1774
1511690 1774
1511700 1769
1511710 1767
1511720 1767
1511730 1766
1511740 1763
1511750 1763
1511760 1759
1511770 1757
1511780 1757
1511790 1757
1511800 1754
1511810 1754
1511820 1751
1511830 1748
1511840 1748
1511850 1749
1511860 1753
1511870 1754
1511880 1754
1511890 1754
1511900 1754
1511910 1754
1511920 1754
1511930 1753
1511940 1753
1511950 1752
1511960 1751
1511970 1751
1511980 1751
1511990 1750
1512000 1750
1512010 1749
1512020 1748
1512030 1748
1512040 1747
1512050 1745
1512060 1744
1512070 1744
1512080 1742
1512090 1740
1512100 1740
1512110 1738
1512120 1735
1512130 1735
1512140 1732
1512150 1727
1512160 1727
1512170 1723
1512180 1719
1512190 1719
1512200 1714
1512210 1709
1512220 1709
1512230 1704
1512240 1698
1512250 1690
1512260 1690
1512270 1683
1512280 1676
1512290 1676
1512300 1668
1512310 1660
1512320 1660
1512330 1652
1512340 1645
1512350 1645
1512360 1638
1512370 1632
1512380 1632
1512390 1626
1512400 1620
1512410 1620
1512420 1615
1512430 1610
1512440 1610
1512450 1604
1512460 1599
1512470 1594
1512480 1594
1512490 1588
1512500 1583
1512510 1583
1512520 1577
1512530 1571
1512540 1571
1512550 1564
1512560 1558
1512570 1558
1512580 1551
1512590 1545
1512600 1545
1512610 1538
1512620 1533
1512630 1533
1512640 1527
1512650 1519
1512660 1512
1512670 1512
1512680 1503
1512690 1494
1512700 1494
1512710 1489
1512720 1491
1512730 1491
1512740 1496
1512750 1500
1512760 1500
1512770 1501
1512780 1501
1512790 1501
1512800 1502
1512810 1504
1512820 1504
1512830 1504
1512840 1505
1512850 1507
1512860 1507
1512870 1512
1512880 1515
1512890 1515
1512900 1516
1512910 1517
1512920 1517
1512930 1518
1512940 1520
1512950 1520
1512960 1523
1512970 1525
1512980 1525
1512990 1526
1513000 1528
1513010 1528
1513020 1528
1513030 1530
1513040 1530
1513050 1533
1513060 1536
1513070 1540
1513080 1540
1513090 1542
1513100 1544
1513110 1544
1513120 1546
1513130 1549
1513140 1549
1513150 1551
1513160 1552
1513170 1552
1513180 1553
1513190 1553
1513200 1553
1513210 1551
1513220 1549
1513230 1549
1513240 1548
1513250 1545
1513260 1544
1513270 1544
1513280 1541
1513290 1536
1513300 1536
1513310 1534
1513320 1532
1513330 1532
1513340 1531
1513350 1531
1513360 1531
1513370 1532
1513380 1535
1513390 1535
1513400 1537
1513410 1539
1513420 1539
1513430 1542
1513440 1542
1513450 1545
1513460 1545
1513470 1548
1513480 1550
1513490 1550
1513500 1552
1513510 1555
1513520 1555
1513530 1557
1513540 1559
1513550 1559
1513560 1562
1513570 1564
1513580 1564
1513590 1566
1513600 1568
1513610 1568
1513620 1569
1513630 1570
1513640 1570
1513650 1569
1513660 1570
1513670 1572
1513680 1572
1513690 1574
1513700 1574
1513710 1574
1513720 1575
1513730 1575
1513740 1575
1513750 1575
1513760 1575
1513770 1575
1513780 1575
1513790 1574
1513800 1574
1513810 1572
1513820 1570
1513830 1570
1513840 1569
1513850 1569
1513860 1570
1513870 1570
1513880 1570
1513890 1570
1513900 1570
1513910 1569
1513920 1568
1513930 1568
1513940 1566
1513950 1566
1513960 1566
1513970 1565
1513980 1564
1513990 1564
1514000 1562
1514010 1560
1514020 1560
1514030 1557
1514040 1553
1514050 1549
1514060 1549
1514070 1545
1514080 1543
1514090 1543
1514100 1542
1514110 1541
1514120 1541
1514130 1540
1514140 1539
1514150 1539
1514160 1538
1514170 1536
1514180 1536
1514190 1533
1514200 1530
1514210 1530
1514220 1526
1514230 1521
1514240 1517
1514250 1517
1514260 1513
1514270 1510
1514280 1510
1514290 1508
1514300 1505
1514310 1505
1514320 1502
1514330 1499
1514340 1499
1514350 1495
1514360 1489
1514370 1489
1514380 1485
1514390 1479
1514400 1479
1514410 1474
1514420 1469
1514430 1469
1514440 1464
1514450 1461
1514460 1457
1514470 1457
1514480 1453
1514490 1450
1514500 1450
1514510 1446
1514520 1443
1514530 1443
1514540 1440
1514550 1438
1514560 1438
1514570 1434
1514580 1430
1514590 1430
1514600 1426
1514610 1422
1514620 1422
1514630 1418
1514640 1413
1514650 1409
1514660 1409
1514670 1405
1514680 1399
1514690 1399
1514700 1396
1514710 1389
1514720 1389
1514730 1384
1514740 1378
1514750 1378
1514760 1373
1514770 1368
1514780 1368
1514790 1363
1514800 1359
1514810 1359
1514820 1355
1514830 1353
1514840 1350
1514850 1350
1514860 1346
1514870 1341
1514880 1341
1514890 1336
1514900 1331
1514910 1331
1514920 1325
1514930 1320
1514940 1320
1514950 1314
1514960 1307
1514970 1307
1514980 1299
1514990 1292
1515000 1292
1515010 1287
1515020 1281
1515030 1281
1515040 1275
1515050 1269
1515060 1263
1515070 1263
1515080 1256
1515090 1250
1515100 1250
1515110 1245
1515120 1239
1515130 1239
1515140 1237
1515150 1232
1515160 1232
1515170 1229
1515180 1227
1515190 1227
1515200 1223
1515210 1218
1515220 1218
1515230 1213
1515240 1208
1515250 1203
1515260 1203
1515270 1200
1515280 1196
1515290 1196
1515300 1193
1515310 1187
1515320 1187
1515330 1182
1515340 1177
1515350 1177
1515360 1172
1515370 1167
1515380 1167
1515390 1162
1515400 1157
1515410 1157
1515420 1153
1515430 1149
1515440 1145
1515450 1145
1515460 1140
1515470 1135
1515480 1135
1515490 1130
1515500 1125
1515510 1125
1515520 1120
1515530 1113
1515540 1113
1515550 1106
1515560 1102
1515570 1102
1515580 1099
1515590 1096
1515600 1096
1515610 1095
1515620 1089
1515630 1089
1515640 1078
1515650 1065
1515660 1052
1515670 1052
1515680 1050
1515690 1051
1515700 1051
1515710 1061
1515720 1072
1515730 1072
1515740 1087
1515750 1097
1515760 1097
1515770 1105
1515780 1107
1515790 1107
1515800 1113
1515810 1118
1515820 1118
1515830 1120
1515840 1122
1515850 1126
1515860 1126
1515870 1130
1515880 1134
1515890 1134
1515900 1136
1515910 1136
1515920 1136
1515930 1136
1515940 1137
1515950 1137
1515960 1136
1515970 1131
1515980 1131
1515990 1125
1516000 1120
1516010 1120
1516020 1113
1516030 1106
1516040 1101
1516050 1101
1516060 1095
1516070 1091
1516080 1091
1516090 1082
1516100 1073
1516110 1073
1516120 1067
1516130 1058
1516140 1058
1516150 1050
1516160 1041
1516170 1041
1516180 1033
1516190 1024
1516200 1024
1516210 1012
1516220 1004
1516230 1004
1516240 996
1516250 989
1516260 986
1516270 986
1516280 985
1516290 985
1516300 985
1516310 985
1516320 985
1516330 985
1516340 984
1516350 982
1516360 982
1516370 987
1516380 991
1516390 991
1516400 996
1516410 998
1516420 998
1516430 1001
1516440 1006
1516450 1009
1516460 1009
1516470 1014
1516480 1020
1516490 1020
1516500 1027
1516510 1032
1516520 1032
1516530 1035
1516540 1039
1516550 1039
1516560 1044
1516570 1048
1516580 1048
1516590 1052
1516600 1056
1516610 1056
1516620 1062
1516630 1067
1516640 1070
1516650 1070
1516660 1074
1516670 1078
1516680 1078
1516690 1082
1516700 1089
1516710 1090
1516720 1095
1516730 1101
1516740 1101
1516750 1108
1516760 1116
1516770 1116
1516780 1123
1516790 1130
1516800 1130
1516810 1137
1516820 1142
1516830 1142
1516840 1147
1516850 1152
1516860 1156
1516870 1156
1516880 1161
1516890 1167
1516900 1167
1516910 1172
1516920 1177
1516930 1177
1516940 1183
1516950 1188
1516960 1188
1516970 1193
1516980 1199
1516990 1199
1517000 1204
1517010 1210
1517020 1210
1517030 1216
1517040 1221
1517050 1227
1517060 1227
1517070 1233
1517080 1239
1517090 1239
1517100 1245
1517110 1251
1517120 1251
1517130 1258
1517140 1265
1517150 1265
1517160 1272
1517170 1279
1517180 1279
1517190 1286
1517200 1293
1517210 1293
1517220 1300
1517230 1306
1517240 1311
1517250 1311
1517260 1316
1517270 1322
1517280 1322
1517290 1328
1517300 1332
1517310 1332
1517320 1336
1517330 1340
1517340 1340
1517350 1347
1517360 1354
1517370 1354
1517380 1360
1517390 1367
1517400 1367
1517410 1372
1517420 1377
1517430 1381
1517440 1381
1517450 1386
1517460 1392
1517470 1392
1517480 1399
1517490 1404
1517500 1404
1517510 1408
1517520 1413
1517530 1413
1517540 1417
1517550 1423
1517560 1423
1517570 1428
1517580 1434
1517590 1434
1517600 1440
1517610 1444
1517620 1444
1517630 1448
1517640 1452
1517650 1457
1517660 1457
1517670 1463
1517680 1469
1517690 1469
1517700 1474
1517710 1478
1517720 1478
1517730 1484
1517740 1488
1517750 1488
1517760 1493
1517770 1498
1517780 1498
1517790 1503
1517800 1507
1517810 1507
1517820 1510
1517830 1513
1517840 1516
1517850 1516
1517860 1519
1517870 1521
1517880 1521
1517890 1523
1517900 1524
1517910 1524
1517920 1524
1517930 1523
1517940 1523
1517950 1521
1517960 1520
1517970 1520
1517980 1519
1517990 1520
1518000 1520
1518010 1520
1518020 1520
1518030 1521
1518040 1521
1518050 1522
1518060 1522
1518070 1522
1518080 1523
1518090 1524
1518100 1524
1518110 1525
1518120 1527
1518130 1527
1518140 1528
1518150 1529
1518160 1529
1518170 1530
1518180 1531
1518190 1531
1518200 1532
1518210 1533
1518220 1533
1518230 1534
1518240 1535
1518250 1536
1518260 1536
1518270 1536
1518280 1537
1518290 1537
1518300 1537
1518310 1537
1518320 1537
1518330 1537
1518340 1536
1518350 1536
1518360 1533
1518370 1531
1518380 1531
1518390 1529
1518400 1529
1518410 1529
1518420 1529
1518430 1529
1518440 1529
1518450 1529
1518460 1528
1518470 1527
1518480 1527
1518490 1526
1518500 1525
1518510 1525
1518520 1523
1518530 1521
1518540 1521
1518550 1520
1518560 1518
1518570 1518
1518580 1518
1518590 1516
1518600 1516
1518610 1515
1518620 1513
1518630 1512
1518640 1512
1518650 1508
1518660 1503
1518670 1503
1518680 1498
1518690 1494
1518700 1494
1518710 1490
1518720 1487
1518730 1487
1518740 1482
1518750 1480
1518760 1480
1518770 1477
1518780 1472
1518790 1472
1518800 1469
1518810 1469
1518820 1469
1518830 1470
1518840 1472
1518850 1475
1518860 1475
1518870 1478
1518880 1483
1518890 1483
1518900 1490
1518910 1498
1518920 1498
1518930 1503
1518940 1503
1518950 1503
1518960 1504
1518970 1503
1518980 1503
1518990 1501
1519000 1501
1519010 1501
1519020 1501
1519030 1500
1519040 1498
1519050 1498
1519060 1496
1519070 1497
1519080 1497
1519090 1497
1519100 1495
1519110 1495
1519120 1493
1519130 1490
1519140 1490
1519150 1488
1519160 1486
1519170 1486
1519180 1485
1519190 1488
1519200 1488
1519210 1492
1519220 1493
1519230 1493
1519240 1493
1519250 1490
1519260 1485
1519270 1485
1519280 1480
1519290 1476
1519300 1476
1519310 1472
1519320 1469
1519330 1469
1519340 1466
1519350 1463
1519360 1463
1519370 1461
1519380 1456
1519390 1456
1519400 1455
1519410 1456
1519420 1456
1519430 1456
1519440 1456
1519450 1455
1519460 1455
1519470 1451
1519480 1447
1519490 1447
1519500 1441
1519510 1435
1519520 1435
1519530 1434
1519540 1445
1519550 1445
1519560 1458
1519570 1466
1519580 1466
1519590 1472
1519600 1480
1519610 1480
1519620 1488
1519630 1495
1519640 1498
1519650 1498
1519660 1500
1519670 1501
1519680 1501
1519690 1502
1519700 1503
1519710 1503
1519720 1503
1519730 1504
1519740 1504
1519750 1503
1519760 1503
1519770 1503
1519780 1503
1519790 1503
1519800 1503
1519810 1503
1519820 1503
1519830 1503
1519840 1503
1519850 1503
1519860 1504
1519870 1504
1519880 1504
1519890 1505
1519900 1505
1519910 1507
1519920 1508
1519930 1508
1519940 1509
1519950 1511
1519960 1511
1519970 1511
1519980 1512
1519990 1512
