1500000 938
1500010 945
1500020 952
1500030 952
1500040 959
1500050 965
1500060 965
1500070 970
1500080 979
1500090 979
1500100 987
1500110 994
1500120 994
1500130 1001
1500140 1021
1500150 1021
1500160 1040
1500170 1052
1500180 1065
1500190 1065
1500200 1071
1500210 1078
1500220 1078
1500230 1086
1500240 1101
1500250 1101
1500260 1126
1500270 1150
1500280 1150
1500290 1190
1500300 1215
1500310 1215
1500320 1242
1500330 1260
1500340 1260
1500350 1285
1500360 1322
1500370 1362
1500380 1362
1500390 1383
1500400 1406
1500410 1406
1500420 1417
1500430 1424
1500440 1424
1500450 1432
1500460 1438
1500470 1438
1500480 1441
1500490 1441
1500500 1441
1500510 1443
1500520 1444
1500530 1444
1500540 1446
1500550 1446
1500560 1448
1500570 1448
1500580 1450
1500590 1452
1500600 1452
1500610 1453
1500620 1454
1500630 1454
1500640 1456
1500650 1458
1500660 1458
1500670 1460
1500680 1463
1500690 1463
1500700 1467
1500710 1471
1500720 1471
1500730 1476
1500740 1482
1500750 1482
1500760 1487
1500770 1494
1500780 1500
1500790 1500
1500800 1504
1500810 1508
1500820 1508
1500830 1512
1500840 1519
1500850 1519
1500860 1528
1500870 1534
1500880 1534
1500890 1538
1500900 1541
1500910 1541
1500920 1545
1500930 1549
1500940 1549
1500950 1555
1500960 1557
1500970 1558
1500980 1558
1500990 1559
1501000 1561
1501010 1561
1501020 1563
1501030 1565
1501040 1565
1501050 1568
1501060 1571
1501070 1571
1501080 1576
1501090 1581
1501100 1581
1501110 1587
1501120 1594
1501130 1594
1501140 1602
1501150 1610
1501160 1618
1501170 1618
1501180 1622
1501190 1625
1501200 1625
1501210 1627
1501220 1631
1501230 1631
1501240 1636
1501250 1642
1501260 1642
1501270 1649
1501280 1654
1501290 1654
1501300 1658
1501310 1663
1501320 1663
1501330 1668
1501340 1672
1501350 1672
1501360 1677
1501370 1684
1501380 1692
1501390 1692
1501400 1700
1501410 1707
1501420 1707
1501430 1714
1501440 1717
1501450 1717
1501460 1723
1501470 1731
1501480 1731
1501490 1736
1501500 1740
1501510 1740
1501520 1743
1501530 1747
1501540 1747
1501550 1754
1501560 1761
1501570 1765
1501580 1765
1501590 1771
1501600 1777
1501610 1777
1501620 1783
1501630 1788
1501640 1788
1501650 1794
1501660 1799
1501670 1799
1501680 1803
1501690 1806
1501700 1806
1501710 1809
1501720 1812
1501730 1812
1501740 1818
1501750 1822
1501760 1825
1501770 1825
1501780 1828
1501790 1830
1501800 1830
1501810 1830
1501820 1828
1501830 1828
1501840 1828
1501850 1827
1501860 1827
1501870 1825
1501880 1823
1501890 1823
1501900 1824
1501910 1823
1501920 1823
1501930 1820
1501940 1818
1501950 1818
1501960 1815
1501970 1814
1501980 1813
1501990 1813
1502000 1811
1502010 1809
1502020 1809
1502030 1808
1502040 1807
1502050 1807
1502060 1806
1502070 1805
1502080 1805
1502090 1804
1502100 1804
1502110 1804
1502120 1803
1502130 1802
1502140 1802
1502150 1802
1502160 1800
1502170 1798
1502180 1798
1502190 1796
1502200 1794
1502210 1794
1502220 1792
1502230 1790
1502240 1790
1502250 1788
1502260 1788
1502270 1788
1502280 1787
1502290 1785
1502300 1785
1502310 1781
1502320 1777
1502330 1777
1502340 1773
1502350 1770
1502360 1766
1502370 1766
1502380 1763
1502390 1760
1502400 1760
1502410 1758
1502420 1756
1502430 1756
1502440 1754
1502450 1752
1502460 1752
1502470 1748
1502480 1745
1502490 1745
1502500 1741
1502510 1738
1502520 1738
1502530 1735
1502540 1729
1502550 1729
1502560 1724
1502570 1719
1502580 1715
1502590 1715
1502600 1714
1502610 1712
1502620 1712
1502630 1710
1502640 1708
1502650 1708
1502660 1706
1502670 1703
1502680 1703
1502690 1699
1502700 1696
1502710 1696
1502720 1693
1502730 1692
1502740 1692
1502750 1690
1502760 1686
1502770 1683
1502780 1683
1502790 1679
1502800 1675
1502810 1675
1502820 1671
1502830 1668
1502840 1668
1502850 1664
1502860 1661
1502870 1661
1502880 1657
1502890 1653
1502900 1653
1502910 1649
1502920 1647
1502930 1647
1502940 1643
1502950 1639
1502960 1639
1502970 1635
1502980 1632
1502990 1629
1503000 1629
1503010 1625
1503020 1622
1503030 1622
1503040 1618
1503050 1614
1503060 1614
1503070 1610
1503080 1607
1503090 1607
1503100 1605
1503110 1602
1503120 1602
1503130 1598
1503140 1594
1503150 1594
1503160 1590
1503170 1586
1503180 1582
1503190 1582
1503200 1578
1503210 1574
1503220 1574
1503230 1570
1503240 1566
1503250 1566
1503260 1563
1503270 1559
1503280 1559
1503290 1555
1503300 1552
1503310 1552
1503320 1548
1503330 1545
1503340 1545
1503350 1542
1503360 1539
1503370 1538
1503380 1538
1503390 1538
1503400 1537
1503410 1537
1503420 1536
1503430 1535
1503440 1535
1503450 1535
1503460 1537
1503470 1537
1503480 1541
1503490 1542
1503500 1542
1503510 1536
1503520 1528
1503530 1528
1503540 1520
1503550 1512
1503560 1512
1503570 1505
1503580 1501
1503590 1499
1503600 1499
1503610 1503
1503620 1509
1503630 1509
1503640 1515
1503650 1523
1503660 1523
1503670 1530
1503680 1538
1503690 1538
1503700 1547
1503710 1554
1503720 1554
1503730 1559
1503740 1564
1503750 1564
1503760 1570
1503770 1575
1503780 1581
1503790 1581
1503800 1588
1503810 1594
1503820 1594
1503830 1601
1503840 1608
1503850 1608
1503860 1615
1503870 1622
1503880 1622
1503890 1629
1503900 1635
1503910 1635
1503920 1641
1503930 1647
1503940 1647
1503950 1651
1503960 1656
1503970 1661
1503980 1661
1503990 1667
1504000 1671
1504010 1671
1504020 1675
1504030 1678
1504040 1678
1504050 1681
1504060 1684
1504070 1684
1504080 1686
1504090 1688
1504100 1688
1504110 1690
1504120 1692
1504130 1692
1504140 1694
1504150 1697
1504160 1697
1504170 1700
1504180 1702
1504190 1704
1504200 1704
1504210 1706
1504220 1708
1504230 1708
1504240 1711
1504250 1712
1504260 1712
1504270 1714
1504280 1717
1504290 1717
1504300 1723
1504310 1727
1504320 1727
1504330 1727
1504340 1726
1504350 1726
1504360 1725
1504370 1725
1504380 1724
1504390 1724
1504400 1724
1504410 1725
1504420 1725
1504430 1725
1504440 1726
1504450 1726
1504460 1727
1504470 1727
1504480 1727
1504490 1728
1504500 1729
1504510 1729
1504520 1729
1504530 1730
1504540 1730
1504550 1730
1504560 1730
1504570 1731
1504580 1731
1504590 1734
1504600 1736
1504610 1736
1504620 1737
1504630 1738
1504640 1738
1504650 1740
1504660 1741
1504670 1741
1504680 1740
1504690 1740
1504700 1740
1504710 1742
1504720 1743
1504730 1743
1504740 1744
1504750 1745
1504760 1745
1504770 1747
1504780 1750
1504790 1752
1504800 1752
1504810 1756
1504820 1761
1504830 1761
1504840 1765
1504850 1769
1504860 1769
1504870 1772
1504880 1775
1504890 1775
1504900 1778
1504910 1781
1504920 1781
1504930 1783
1504940 1786
1504950 1786
1504960 1789
1504970 1792
1504980 1795
1504990 1795
1505000 1798
1505010 1801
1505020 1801
1505030 1803
1505040 1806
1505050 1806
1505060 1808
1505070 1809
1505080 1809
1505090 1811
1505100 1812
1505110 1812
1505120 1813
1505130 1814
1505140 1814
1505150 1816
1505160 1817
1505170 1818
1505180 1818
1505190 1818
1505200 1819
1505210 1819
1505220 1820
1505230 1822
1505240 1822
1505250 1826
1505260 1829
1505270 1829
1505280 1833
1505290 1836
1505300 1836
1505310 1840
1505320 1844
1505330 1844
1505340 1847
1505350 1851
1505360 1851
1505370 1854
1505380 1857
1505390 1859
1505400 1859
1505410 1860
1505420 1862
1505430 1862
1505440 1865
1505450 1868
1505460 1868
1505470 1869
1505480 1870
1505490 1870
1505500 1871
1505510 1873
1505520 1873
1505530 1875
1505540 1876
1505550 1876
1505560 1878
1505570 1880
1505580 1881
1505590 1881
1505600 1883
1505610 1885
1505620 1885
1505630 1886
1505640 1888
1505650 1888
1505660 1889
1505670 1891
1505680 1891
1505690 1892
1505700 1894
1505710 1894
1505720 1896
1505730 1898
1505740 1898
1505750 1900
1505760 1902
1505770 1904
1505780 1904
1505790 1906
1505800 1908
1505810 1908
1505820 1909
1505830 1910
1505840 1910
1505850 1910
1505860 1910
1505870 1910
1505880 1911
1505890 1912
1505900 1912
1505910 1912
1505920 1912
1505930 1912
1505940 1912
1505950 1912
1505960 1912
1505970 1911
1505980 1911
1505990 1910
1506000 1910
1506010 1909
1506020 1909
1506030 1909
1506040 1908
1506050 1909
1506060 1909
1506070 1910
1506080 1911
1506090 1911
1506100 1912
1506110 1913
1506120 1913
1506130 1912
1506140 1911
1506150 1911
1506160 1913
1506170 1918
1506180 1921
1506190 1921
1506200 1925
1506210 1929
1506220 1929
1506230 1933
1506240 1936
1506250 1936
1506260 1939
1506270 1942
1506280 1942
1506290 1945
1506300 1947
1506310 1947
1506320 1950
1506330 1952
1506340 1952
1506350 1954
1506360 1957
1506370 1959
1506380 1959
1506390 1960
1506400 1962
1506410 1962
1506420 1965
1506430 1968
1506440 1968
1506450 1971
1506460 1974
1506470 1974
1506480 1977
1506490 1979
1506500 1979
1506510 1983
1506520 1986
1506530 1986
1506540 1988
1506550 1990
1506560 1990
1506570 1992
1506580 1995
1506590 1997
1506600 1997
1506610 2000
1506620 2003
1506630 2003
1506640 2004
1506650 2006
1506660 2006
1506670 2009
1506680 2013
1506690 2013
1506700 2017
1506710 2020
1506720 2020
1506730 2023
1506740 2026
1506750 2026
1506760 2030
1506770 2032
1506780 2035
1506790 2035
1506800 2037
1506810 2038
1506820 2038
1506830 2040
1506840 2041
1506850 2041
1506860 2042
1506870 2042
1506880 2042
1506890 2042
1506900 2041
1506910 2041
1506920 2041
1506930 2041
1506940 2041
1506950 2040
1506960 2039
1506970 2039
1506980 2038
1506990 2036
1507000 2035
1507010 2035
1507020 2034
1507030 2032
1507040 2032
1507050 2030
1507060 2028
1507070 2028
1507080 2026
1507090 2025
1507100 2025
1507110 2024
1507120 2023
1507130 2023
1507140 2020
1507150 2020
1507160 2020
1507170 2020
1507180 2019
1507190 2018
1507200 2018
1507210 2018
1507220 2018
1507230 2018
1507240 2017
1507250 2017
1507260 2017
1507270 2017
1507280 2016
1507290 2016
1507300 2015
1507310 2014
1507320 2014
1507330 2013
1507340 2012
1507350 2012
1507360 2010
1507370 2008
1507380 2006
1507390 2006
1507400 2002
1507410 1998
1507420 1998
1507430 1993
1507440 1988
1507450 1988
1507460 1984
1507470 1978
1507480 1978
1507490 1972
1507500 1967
1507510 1967
1507520 1964
1507530 1961
1507540 1961
1507550 1958
1507560 1955
1507570 1955
1507580 1953
1507590 1950
1507600 1947
1507610 1947
1507620 1944
1507630 1940
1507640 1940
1507650 1936
1507660 1929
1507670 1929
1507680 1922
1507690 1915
1507700 1915
1507710 1910
1507720 1905
1507730 1905
1507740 1900
1507750 1895
1507760 1895
1507770 1890
1507780 1887
1507790 1883
1507800 1883
1507810 1880
1507820 1876
1507830 1876
1507840 1873
1507850 1870
1507860 1870
1507870 1866
1507880 1862
1507890 1862
1507900 1858
1507910 1854
1507920 1854
1507930 1848
1507940 1843
1507950 1843
1507960 1838
1507970 1832
1507980 1827
1507990 1827
1508000 1823
1508010 1819
1508020 1819
1508030 1816
1508040 1812
1508050 1812
1508060 1807
1508070 1800
1508080 1800
1508090 1795
1508100 1789
1508110 1790
1508120 1790
1508130 1796
1508140 1796
1508150 1799
1508160 1801
1508170 1801
1508180 1802
1508190 1805
1508200 1810
1508210 1810
1508220 1813
1508230 1813
1508240 1813
1508250 1810
1508260 1808
1508270 1808
1508280 1811
1508290 1815
1508300 1815
1508310 1820
1508320 1825
1508330 1825
1508340 1828
1508350 1831
1508360 1831
1508370 1833
1508380 1834
1508390 1835
1508400 1835
1508410 1836
1508420 1837
1508430 1837
1508440 1838
1508450 1838
1508460 1838
1508470 1839
1508480 1839
1508490 1839
1508500 1839
1508510 1839
1508520 1839
1508530 1839
1508540 1837
1508550 1837
1508560 1836
1508570 1836
1508580 1836
1508590 1836
1508600 1836
1508610 1836
1508620 1836
1508630 1836
1508640 1835
1508650 1835
1508660 1835
1508670 1834
1508680 1834
1508690 1833
1508700 1832
1508710 1832
1508720 1832
1508730 1832
1508740 1832
1508750 1833
1508760 1833
1508770 1833
1508780 1834
1508790 1834
1508800 1834
1508810 1834
1508820 1833
1508830 1834
1508840 1834
1508850 1836
1508860 1837
1508870 1837
1508880 1837
1508890 1838
1508900 1838
1508910 1839
1508920 1839
1508930 1839
1508940 1839
1508950 1838
1508960 1838
1508970 1839
1508980 1841
1508990 1843
1509000 1843
1509010 1843
1509020 1839
1509030 1839
1509040 1833
1509050 1830
1509060 1830
1509070 1829
1509080 1825
1509090 1825
1509100 1825
1509110 1828
1509120 1828
1509130 1829
1509140 1830
1509150 1830
1509160 1829
1509170 1827
1509180 1826
1509190 1826
1509200 1825
1509210 1824
1509220 1824
1509230 1822
1509240 1820
1509250 1820
1509260 1819
1509270 1817
1509280 1817
1509290 1815
1509300 1813
1509310 1813
1509320 1809
1509330 1802
1509340 1802
1509350 1795
1509360 1798
1509370 1798
1509380 1804
1509390 1807
1509400 1810
1509410 1810
1509420 1813
1509430 1816
1509440 1816
1509450 1819
1509460 1821
1509470 1821
1509480 1822
1509490 1823
1509500 1823
1509510 1824
1509520 1824
1509530 1824
1509540 1824
1509550 1824
1509560 1824
1509570 1824
1509580 1824
1509590 1825
1509600 1825
1509610 1825
1509620 1824
1509630 1824
1509640 1824
1509650 1826
1509660 1826
1509670 1827
1509680 1827
1509690 1827
1509700 1827
1509710 1826
1509720 1826
1509730 1826
1509740 1826
1509750 1826
1509760 1826
1509770 1826
1509780 1827
1509790 1827
1509800 1828
1509810 1828
1509820 1828
1509830 1829
1509840 1829
1509850 1829
1509860 1830
1509870 1831
1509880 1831
1509890 1832
1509900 1833
1509910 1833
1509920 1833
1509930 1834
1509940 1834
1509950 1834
1509960 1834
1509970 1834
1509980 1833
1509990 1832
1510000 1832
1510010 1832
1510020 1833
1510030 1833
1510040 1833
1510050 1834
1510060 1834
1510070 1834
1510080 1834
1510090 1834
1510100 1834
1510110 1834
1510120 1835
1510130 1835
1510140 1836
1510150 1837
1510160 1837
1510170 1838
1510180 1839
1510190 1840
1510200 1840
1510210 1840
1510220 1842
1510230 1842
1510240 1845
1510250 1848
1510260 1848
1510270 1849
1510280 1850
1510290 1850
1510300 1851
1510310 1852
1510320 1852
1510330 1852
1510340 1852
1510350 1852
1510360 1852
1510370 1852
1510380 1852
1510390 1852
1510400 1854
1510410 1856
1510420 1856
1510430 1858
1510440 1859
1510450 1859
1510460 1860
1510470 1861
1510480 1861
1510490 1862
1510500 1862
1510510 1862
1510520 1862
1510530 1862
1510540 1862
1510550 1861
1510560 1860
1510570 1860
1510580 1859
1510590 1858
1510600 1859
1510610 1859
1510620 1859
1510630 1859
1510640 1859
1510650 1861
1510660 1864
1510670 1864
1510680 1864
1510690 1863
1510700 1863
1510710 1863
1510720 1863
1510730 1863
1510740 1861
1510750 1860
1510760 1860
1510770 1858
1510780 1856
1510790 1854
1510800 1854
1510810 1853
1510820 1853
1510830 1853
1510840 1853
1510850 1853
1510860 1853
1510870 1852
1510880 1851
1510890 1851
1510900 1850
1510910 1848
1510920 1848
1510930 1846
1510940 1843
1510950 1843
1510960 1841
1510970 1840
1510980 1840
1510990 1839
1511000 1839
1511010 1838
1511020 1838
1511030 1838
1511040 1837
1511050 1837
1511060 1836
1511070 1835
1511080 1835
1511090 1833
1511100 1831
1511110 1831
1511120 1828
1511130 1826
1511140 1826
1511150 1824
1511160 1821
1511170 1821
1511180 1818
1511190 1815
1511200 1812
1511210 1812
1511220 1809
1511230 1807
1511240 1807
1511250 1805
1511260 1802
1511270 1802
1511280 1799
1511290 1796
1511300 1796
1511310 1793
1511320 1790
1511330 1790
1511340 1786
1511350 1783
1511360 1783
1511370 1780
1511380 1776
1511390 1772
1511400 1772
1511410 1769
1511420 1765
1511430 1765
1511440 1761
1511450 1757
1511460 1757
1511470 1753
1511480 1749
1511490 1749
1511500 1744
1511510 1739
1511520 1739
1511530 1737
1511540 1732
1511550 1732
1511560 1728
1511570 1723
1511580 1723
1511590 1718
1511600 1714
1511610 1710
1511620 1710
1511630 1707
1511640 1706
1511650 1706
1511660 1705
1511670 1703
1511680 1703
1511690 1700
1511700 1698
1511710 1698
1511720 1696
1511730 1694
1511740 1694
1511750 1692
1511760 1690
1511770 1690
1511780 1688
1511790 1686
1511800 1683
1511810 1683
1511820 1679
1511830 1676
1511840 1676
1511850 1673
1511860 1671
1511870 1671
1511880 1669
1511890 1666
1511900 1666
1511910 1662
1511920 1661
1511930 1661
1511940 1659
1511950 1656
1511960 1656
1511970 1653
1511980 1649
1511990 1645
1512000 1645
1512010 1642
1512020 1639
1512030 1639
1512040 1635
1512050 1631
1512060 1631
1512070 1628
1512080 1626
1512090 1626
1512100 1623
1512110 1621
1512120 1621
1512130 1619
1512140 1617
1512150 1617
1512160 1615
1512170 1612
1512180 1612
1512190 1611
1512200 1610
1512210 1607
1512220 1607
1512230 1605
1512240 1602
1512250 1602
1512260 1599
1512270 1596
1512280 1596
1512290 1593
1512300 1591
1512310 1591
1512320 1588
1512330 1584
1512340 1584
1512350 1580
1512360 1577
1512370 1577
1512380 1573
1512390 1569
1512400 1564
1512410 1564
1512420 1559
1512430 1555
1512440 1555
1512450 1551
1512460 1547
1512470 1547
1512480 1544
1512490 1541
1512500 1541
1512510 1537
1512520 1534
1512530 1534
1512540 1531
1512550 1527
1512560 1527
1512570 1523
1512580 1520
1512590 1516
1512600 1516
1512610 1513
1512620 1509
1512630 1509
1512640 1505
1512650 1501
1512660 1501
1512670 1497
1512680 1492
1512690 1492
1512700 1487
1512710 1483
1512720 1483
1512730 1478
1512740 1474
1512750 1474
1512760 1469
1512770 1464
1512780 1464
1512790 1460
1512800 1456
1512810 1451
1512820 1451
1512830 1447
1512840 1442
1512850 1442
1512860 1437
1512870 1432
1512880 1432
1512890 1428
1512900 1425
1512910 1425
1512920 1423
1512930 1419
1512940 1419
1512950 1415
1512960 1411
1512970 1411
1512980 1407
1512990 1403
1513000 1401
1513010 1401
1513020 1397
1513030 1392
1513040 1392
1513050 1387
1513060 1381
1513070 1381
1513080 1375
1513090 1368
1513100 1368
1513110 1361
1513120 1355
1513130 1355
1513140 1347
1513150 1339
1513160 1339
1513170 1334
1513180 1328
1513190 1322
1513200 1322
1513210 1318
1513220 1313
1513230 1313
1513240 1310
1513250 1308
1513260 1308
1513270 1306
1513280 1309
1513290 1309
1513300 1315
1513310 1320
1513320 1320
1513330 1325
1513340 1326
1513350 1326
1513360 1328
1513370 1333
1513380 1333
1513390 1337
1513400 1340
1513410 1340
1513420 1340
1513430 1339
1513440 1338
1513450 1338
1513460 1338
1513470 1338
1513480 1338
1513490 1336
1513500 1332
1513510 1332
1513520 1328
1513530 1328
1513540 1328
1513550 1329
1513560 1331
1513570 1331
1513580 1332
1513590 1332
1513600 1329
1513610 1329
1513620 1324
1513630 1320
1513640 1320
1513650 1318
1513660 1317
1513670 1317
1513680 1315
1513690 1310
1513700 1310
1513710 1304
1513720 1299
1513730 1299
1513740 1294
1513750 1290
1513760 1290
1513770 1289
1513780 1290
1513790 1291
1513800 1291
1513810 1290
1513820 1285
1513830 1285
1513840 1280
1513850 1276
1513860 1276
1513870 1275
1513880 1274
1513890 1274
1513900 1273
1513910 1274
1513920 1274
1513930 1273
1513940 1271
1513950 1271
1513960 1268
1513970 1264
1513980 1264
1513990 1259
1514000 1254
1514010 1248
1514020 1248
1514030 1242
1514040 1236
1514050 1236
1514060 1232
1514070 1229
1514080 1229
1514090 1228
1514100 1227
1514110 1227
1514120 1228
1514130 1232
1514140 1232
1514150 1237
1514160 1244
1514170 1244
1514180 1247
1514190 1249
1514200 1249
1514210 1249
1514220 1249
1514230 1248
1514240 1248
1514250 1249
1514260 1251
1514270 1251
1514280 1250
1514290 1248
1514300 1248
1514310 1245
1514320 1241
1514330 1241
1514340 1241
1514350 1245
1514360 1245
1514370 1246
1514380 1243
1514390 1244
1514400 1244
1514410 1247
1514420 1249
1514430 1249
1514440 1253
1514450 1257
1514460 1257
1514470 1257
1514480 1257
1514490 1257
1514500 1253
1514510 1248
1514520 1248
1514530 1241
1514540 1235
1514550 1235
1514560 1230
1514570 1221
1514580 1221
1514590 1210
1514600 1196
1514610 1191
1514620 1191
1514630 1189
1514640 1188
1514650 1188
1514660 1188
1514670 1187
1514680 1187
1514690 1186
1514700 1185
1514710 1185
1514720 1184
1514730 1182
1514740 1182
1514750 1182
1514760 1186
1514770 1186
1514780 1187
1514790 1186
1514800 1185
1514810 1185
1514820 1181
1514830 1174
1514840 1174
1514850 1170
1514860 1168
1514870 1168
1514880 1166
1514890 1166
1514900 1166
1514910 1168
1514920 1170
1514930 1170
1514940 1173
1514950 1176
1514960 1176
1514970 1177
1514980 1178
1514990 1180
1515000 1180
1515010 1181
1515020 1182
1515030 1182
1515040 1183
1515050 1182
1515060 1182
1515070 1183
1515080 1183
1515090 1183
1515100 1182
1515110 1184
1515120 1184
1515130 1184
1515140 1184
1515150 1184
1515160 1186
1515170 1189
1515180 1189
1515190 1190
1515200 1190
1515210 1192
1515220 1192
1515230 1201
1515240 1208
1515250 1208
1515260 1214
1515270 1219
1515280 1219
1515290 1221
1515300 1223
1515310 1223
1515320 1226
1515330 1233
1515340 1233
1515350 1240
1515360 1247
1515370 1247
1515380 1253
1515390 1258
1515400 1262
1515410 1262
1515420 1267
1515430 1272
1515440 1272
1515450 1276
1515460 1278
1515470 1278
1515480 1279
1515490 1280
1515500 1280
1515510 1280
1515520 1280
1515530 1280
1515540 1280
1515550 1279
1515560 1279
1515570 1276
1515580 1276
1515590 1274
1515600 1274
1515610 1271
1515620 1269
1515630 1269
1515640 1267
1515650 1264
1515660 1264
1515670 1263
1515680 1261
1515690 1261
1515700 1260
1515710 1259
1515720 1259
1515730 1257
1515740 1255
1515750 1255
1515760 1254
1515770 1254
1515780 1254
1515790 1253
1515800 1251
1515810 1250
1515820 1250
1515830 1247
1515840 1245
1515850 1245
1515860 1242
1515870 1240
1515880 1240
1515890 1237
1515900 1233
1515910 1233
1515920 1229
1515930 1225
1515940 1225
1515950 1222
1515960 1218
1515970 1218
1515980 1213
1515990 1209
1516000 1204
1516010 1204
1516020 1197
1516030 1191
1516040 1191
1516050 1184
1516060 1178
1516070 1178
1516080 1171
1516090 1165
1516100 1165
1516110 1159
1516120 1152
1516130 1152
1516140 1146
1516150 1140
1516160 1140
1516170 1133
1516180 1127
1516190 1127
1516200 1120
1516210 1115
1516220 1110
1516230 1110
1516240 1104
1516250 1098
1516260 1098
1516270 1091
1516280 1083
1516290 1083
1516300 1076
1516310 1071
1516320 1071
1516330 1066
1516340 1060
1516350 1060
1516360 1055
1516370 1051
1516380 1051
1516390 1046
1516400 1039
1516410 1033
1516420 1033
1516430 1025
1516440 1021
1516450 1021
1516460 1022
1516470 1021
1516480 1021
1516490 1017
1516500 1012
1516510 1012
1516520 1010
1516530 1008
1516540 1008
1516550 1006
1516560 1005
1516570 1005
1516580 1009
1516590 1013
1516600 1019
1516610 1019
1516620 1028
1516630 1038
1516640 1038
1516650 1046
1516660 1054
1516670 1054
1516680 1062
1516690 1070
1516700 1070
1516710 1077
1516720 1085
1516730 1085
1516740 1093
1516750 1101
1516760 1101
1516770 1110
1516780 1118
1516790 1118
1516800 1125
1516810 1131
1516820 1137
1516830 1137
1516840 1143
1516850 1148
1516860 1148
1516870 1154
1516880 1159
1516890 1159
1516900 1165
1516910 1170
1516920 1170
1516930 1174
1516940 1178
1516950 1178
1516960 1182
1516970 1186
1516980 1186
1516990 1190
1517000 1196
1517010 1201
1517020 1201
1517030 1206
1517040 1211
1517050 1211
1517060 1215
1517070 1219
1517080 1219
1517090 1225
1517100 1232
1517110 1232
1517120 1240
1517130 1249
1517140 1249
1517150 1254
1517160 1262
1517170 1262
1517180 1269
1517190 1275
1517200 1281
1517210 1281
1517220 1289
1517230 1298
1517240 1298
1517250 1305
1517260 1310
1517270 1310
1517280 1314
1517290 1319
1517300 1319
1517310 1324
1517320 1328
1517330 1328
1517340 1330
1517350 1332
1517360 1332
1517370 1334
1517380 1336
1517390 1336
1517400 1338
1517410 1341
1517420 1346
1517430 1346
1517440 1351
1517450 1353
1517460 1353
1517470 1357
1517480 1361
1517490 1361
1517500 1365
1517510 1368
1517520 1368
1517530 1371
1517540 1373
1517550 1373
1517560 1376
1517570 1379
1517580 1379
1517590 1382
1517600 1384
1517610 1387
1517620 1387
1517630 1390
1517640 1392
1517650 1392
1517660 1395
1517670 1397
1517680 1397
1517690 1400
1517700 1402
1517710 1402
1517720 1404
1517730 1407
1517740 1407
1517750 1409
1517760 1411
1517770 1411
1517780 1414
1517790 1417
1517800 1420
1517810 1420
1517820 1423
1517830 1426
1517840 1426
1517850 1428
1517860 1430
1517870 1430
1517880 1433
1517890 1435
1517900 1435
1517910 1437
1517920 1440
1517930 1440
1517940 1442
1517950 1444
1517960 1444
1517970 1446
1517980 1447
1517990 1447
1518000 1449
1518010 1451
1518020 1454
1518030 1454
1518040 1457
1518050 1459
1518060 1459
1518070 1462
1518080 1465
1518090 1465
1518100 1468
1518110 1470
1518120 1470
1518130 1472
1518140 1475
1518150 1475
1518160 1478
1518170 1481
1518180 1481
1518190 1484
1518200 1487
1518210 1491
1518220 1491
1518230 1494
1518240 1497
1518250 1497
1518260 1500
1518270 1504
1518280 1504
1518290 1507
1518300 1510
1518310 1510
1518320 1513
1518330 1515
1518340 1515
1518350 1517
1518360 1520
1518370 1520
1518380 1521
1518390 1520
1518400 1520
1518410 1520
1518420 1519
1518430 1519
1518440 1519
1518450 1519
1518460 1519
1518470 1519
1518480 1519
1518490 1520
1518500 1520
1518510 1521
1518520 1523
1518530 1523
1518540 1526
1518550 1529
1518560 1529
1518570 1532
1518580 1535
1518590 1535
1518600 1537
1518610 1540
1518620 1543
1518630 1543
1518640 1546
1518650 1549
1518660 1549
1518670 1552
1518680 1556
1518690 1556
1518700 1559
1518710 1563
1518720 1563
1518730 1567
1518740 1571
1518750 1571
1518760 1576
1518770 1579
1518780 1579
1518790 1583
1518800 1586
1518810 1589
1518820 1589
1518830 1593
1518840 1596
1518850 1596
1518860 1598
1518870 1602
1518880 1602
1518890 1606
1518900 1609
1518910 1609
1518920 1611
1518930 1615
1518940 1615
1518950 1618
1518960 1622
1518970 1622
1518980 1626
1518990 1630
1519000 1634
1519010 1634
1519020 1638
1519030 1642
1519040 1642
1519050 1646
1519060 1651
1519070 1651
1519080 1655
1519090 1660
1519100 1660
1519110 1663
1519120 1666
1519130 1666
1519140 1669
1519150 1671
1519160 1671
1519170 1674
1519180 1677
1519190 1677
1519200 1680
1519210 1683
1519220 1686
1519230 1686
1519240 1688
1519250 1691
1519260 1691
1519270 1693
1519280 1695
1519290 1695
1519300 1696
1519310 1698
1519320 1698
1519330 1699
1519340 1700
1519350 1700
1519360 1701
1519370 1702
1519380 1702
1519390 1703
1519400 1704
1519410 1705
1519420 1705
1519430 1704
1519440 1704
1519450 1704
1519460 1705
1519470 1705
1519480 1705
1519490 1705
1519500 1706
1519510 1706
1519520 1706
1519530 1706
1519540 1706
1519550 1707
1519560 1708
1519570 1708
1519580 1709
1519590 1710
1519600 1711
1519610 1711
1519620 1713
1519630 1716
1519640 1716
1519650 1720
1519660 1722
1519670 1722
1519680 1725
1519690 1728
1519700 1728
1519710 1731
1519720 1734
1519730 1734
1519740 1737
1519750 1740
1519760 1740
1519770 1743
1519780 1746
1519790 1746
1519800 1749
1519810 1752
1519820 1754
1519830 1754
1519840 1757
1519850 1759
1519860 1759
1519870 1760
1519880 1761
1519890 1761
1519900 1762
1519910 1763
1519920 1763
1519930 1763
1519940 1764
1519950 1764
1519960 1764
1519970 1765
1519980 1765
1519990 1766
