1500000 862
1500010 869
1500020 875
1500030 875
1500040 882
1500050 888
1500060 888
1500070 895
1500080 903
1500090 903
1500100 911
1500110 920
1500120 920
1500130 928
1500140 951
1500150 966
1500160 966
1500170 973
1500180 986
1500190 986
1500200 1004
1500210 1023
1500220 1023
1500230 1055
1500240 1095
1500250 1095
1500260 1127
1500270 1162
1500280 1162
1500290 1180
1500300 1190
1500310 1190
1500320 1211
1500330 1235
1500340 1235
1500350 1251
1500360 1260
1500370 1272
1500380 1272
1500390 1285
1500400 1304
1500410 1304
1500420 1329
1500430 1350
1500440 1350
1500450 1359
1500460 1365
1500470 1365
1500480 1369
1500490 1372
1500500 1372
1500510 1376
1500520 1381
1500530 1381
1500540 1386
1500550 1390
1500560 1393
1500570 1393
1500580 1396
1500590 1398
1500600 1398
1500610 1401
1500620 1402
1500630 1402
1500640 1402
1500650 1399
1500660 1399
1500670 1396
1500680 1394
1500690 1394
1500700 1395
1500710 1398
1500720 1398
1500730 1402
1500740 1404
1500750 1402
1500760 1402
1500770 1404
1500780 1410
1500790 1410
1500800 1416
1500810 1421
1500820 1421
1500830 1427
1500840 1432
1500850 1432
1500860 1437
1500870 1442
1500880 1442
1500890 1449
1500900 1455
1500910 1455
1500920 1466
1500930 1475
1500940 1475
1500950 1478
1500960 1482
1500970 1483
1500980 1483
1500990 1481
1501000 1485
1501010 1485
1501020 1492
1501030 1501
1501040 1501
1501050 1507
1501060 1507
1501070 1507
1501080 1504
1501090 1502
1501100 1502
1501110 1503
1501120 1512
1501130 1512
1501140 1531
1501150 1537
1501160 1535
1501170 1535
1501180 1531
1501190 1530
1501200 1530
1501210 1539
1501220 1553
1501230 1553
1501240 1565
1501250 1580
1501260 1580
1501270 1593
1501280 1606
1501290 1606
1501300 1618
1501310 1633
1501320 1633
1501330 1644
1501340 1646
1501350 1650
1501360 1650
1501370 1659
1501380 1669
1501390 1669
1501400 1674
1501410 1681
1501420 1681
1501430 1688
1501440 1695
1501450 1695
1501460 1701
1501470 1706
1501480 1706
1501490 1708
1501500 1710
1501510 1710
1501520 1711
1501530 1715
1501540 1715
1501550 1722
1501560 1730
1501570 1738
1501580 1738
1501590 1746
1501600 1754
1501610 1754
1501620 1761
1501630 1768
1501640 1768
1501650 1772
1501660 1774
1501670 1774
1501680 1776
1501690 1778
1501700 1778
1501710 1780
1501720 1783
1501730 1783
1501740 1786
1501750 1787
1501760 1787
1501770 1787
1501780 1787
1501790 1790
1501800 1790
1501810 1788
1501820 1785
1501830 1785
1501840 1783
1501850 1782
1501860 1782
1501870 1780
1501880 1778
1501890 1778
1501900 1776
1501910 1773
1501920 1773
1501930 1771
1501940 1770
1501950 1769
1501960 1769
1501970 1769
1501980 1768
1501990 1768
1502000 1766
1502010 1765
1502020 1765
1502030 1763
1502040 1762
1502050 1762
1502060 1760
1502070 1759
1502080 1759
1502090 1757
1502100 1755
1502110 1755
1502120 1751
1502130 1748
1502140 1748
1502150 1744
1502160 1742
1502170 1740
1502180 1740
1502190 1737
1502200 1734
1502210 1734
1502220 1731
1502230 1728
1502240 1728
1502250 1725
1502260 1723
1502270 1723
1502280 1718
1502290 1715
1502300 1715
1502310 1713
1502320 1710
1502330 1710
1502340 1707
1502350 1704
1502360 1702
1502370 1702
1502380 1699
1502390 1698
1502400 1698
1502410 1695
1502420 1693
1502430 1693
1502440 1690
1502450 1687
1502460 1687
1502470 1685
1502480 1682
1502490 1682
1502500 1677
1502510 1671
1502520 1671
1502530 1665
1502540 1662
1502550 1660
1502560 1660
1502570 1659
1502580 1656
1502590 1656
1502600 1652
1502610 1649
1502620 1649
1502630 1646
1502640 1644
1502650 1644
1502660 1644
1502670 1643
1502680 1643
1502690 1639
1502700 1636
1502710 1636
1502720 1633
1502730 1629
1502740 1629
1502750 1625
1502760 1622
1502770 1617
1502780 1617
1502790 1614
1502800 1611
1502810 1611
1502820 1608
1502830 1602
1502840 1602
1502850 1595
1502860 1592
1502870 1592
1502880 1595
1502890 1595
1502900 1595
1502910 1598
1502920 1599
1502930 1599
1502940 1597
1502950 1594
1502960 1593
1502970 1593
1502980 1591
1502990 1588
1503000 1588
1503010 1585
1503020 1582
1503030 1582
1503040 1578
1503050 1574
1503060 1574
1503070 1570
1503080 1567
1503090 1567
1503100 1563
1503110 1559
1503120 1559
1503130 1556
1503140 1552
1503150 1548
1503160 1548
1503170 1545
1503180 1540
1503190 1540
1503200 1535
1503210 1531
1503220 1531
1503230 1529
1503240 1527
1503250 1527
1503260 1524
1503270 1521
1503280 1521
1503290 1519
1503300 1517
1503310 1517
1503320 1513
1503330 1511
1503340 1511
1503350 1509
1503360 1508
1503370 1506
1503380 1506
1503390 1505
1503400 1502
1503410 1502
1503420 1496
1503430 1489
1503440 1489
1503450 1483
1503460 1479
1503470 1479
1503480 1473
1503490 1468
1503500 1468
1503510 1466
1503520 1472
1503530 1472
1503540 1485
1503550 1495
1503560 1502
1503570 1502
1503580 1509
1503590 1515
1503600 1515
1503610 1521
1503620 1527
1503630 1527
1503640 1536
1503650 1546
1503660 1546
1503670 1554
1503680 1562
1503690 1562
1503700 1569
1503710 1576
1503720 1576
1503730 1582
1503740 1588
1503750 1592
1503760 1592
1503770 1595
1503780 1597
1503790 1597
1503800 1598
1503810 1600
1503820 1600
1503830 1603
1503840 1604
1503850 1604
1503860 1605
1503870 1606
1503880 1606
1503890 1607
1503900 1606
1503910 1606
1503920 1606
1503930 1607
1503940 1607
1503950 1610
1503960 1612
1503970 1614
1503980 1614
1503990 1616
1504000 1618
1504010 1618
1504020 1619
1504030 1620
1504040 1620
1504050 1621
1504060 1621
1504070 1621
1504080 1625
1504090 1628
1504100 1628
1504110 1631
1504120 1635
1504130 1635
1504140 1641
1504150 1646
1504160 1649
1504170 1649
1504180 1653
1504190 1657
1504200 1657
1504210 1662
1504220 1667
1504230 1667
1504240 1671
1504250 1674
1504260 1674
1504270 1676
1504280 1676
1504290 1676
1504300 1676
1504310 1678
1504320 1678
1504330 1678
1504340 1677
1504350 1677
1504360 1677
1504370 1678
1504380 1682
1504390 1682
1504400 1686
1504410 1687
1504420 1687
1504430 1688
1504440 1689
1504450 1689
1504460 1691
1504470 1694
1504480 1694
1504490 1695
1504500 1696
1504510 1696
1504520 1698
1504530 1698
1504540 1698
1504550 1701
1504560 1703
1504570 1704
1504580 1704
1504590 1704
1504600 1705
1504610 1705
1504620 1707
1504630 1708
1504640 1708
1504650 1709
1504660 1710
1504670 1710
1504680 1711
1504690 1712
1504700 1712
1504710 1713
1504720 1715
1504730 1715
1504740 1715
1504750 1717
1504760 1718
1504770 1718
1504780 1719
1504790 1720
1504800 1720
1504810 1722
1504820 1724
1504830 1724
1504840 1726
1504850 1728
1504860 1728
1504870 1730
1504880 1732
1504890 1732
1504900 1734
1504910 1736
1504920 1736
1504930 1739
1504940 1741
1504950 1743
1504960 1743
1504970 1746
1504980 1749
1504990 1749
1505000 1751
1505010 1753
1505020 1753
1505030 1755
1505040 1758
1505050 1758
1505060 1761
1505070 1763
1505080 1763
1505090 1766
1505100 1769
1505110 1769
1505120 1771
1505130 1773
1505140 1773
1505150 1774
1505160 1777
1505170 1780
1505180 1780
1505190 1784
1505200 1787
1505210 1787
1505220 1789
1505230 1791
1505240 1791
1505250 1793
1505260 1795
1505270 1795
1505280 1796
1505290 1798
1505300 1798
1505310 1799
1505320 1800
1505330 1800
1505340 1801
1505350 1803
1505360 1805
1505370 1805
1505380 1808
1505390 1811
1505400 1811
1505410 1814
1505420 1817
1505430 1817
1505440 1820
1505450 1823
1505460 1823
1505470 1825
1505480 1827
1505490 1827
1505500 1830
1505510 1831
1505520 1831
1505530 1833
1505540 1835
1505550 1837
1505560 1837
1505570 1839
1505580 1840
1505590 1840
1505600 1841
1505610 1843
1505620 1843
1505630 1843
1505640 1843
1505650 1843
1505660 1844
1505670 1845
1505680 1845
1505690 1846
1505700 1847
1505710 1847
1505720 1848
1505730 1850
1505740 1850
1505750 1851
1505760 1853
1505770 1853
1505780 1853
1505790 1854
1505800 1854
1505810 1854
1505820 1855
1505830 1856
1505840 1856
1505850 1857
1505860 1858
1505870 1858
1505880 1858
1505890 1859
1505900 1859
1505910 1860
1505920 1860
1505930 1860
1505940 1860
1505950 1859
1505960 1859
1505970 1859
1505980 1859
1505990 1858
1506000 1858
1506010 1858
1506020 1858
1506030 1858
1506040 1857
1506050 1857
1506060 1857
1506070 1858
1506080 1860
1506090 1860
1506100 1864
1506110 1867
1506120 1867
1506130 1870
1506140 1873
1506150 1876
1506160 1876
1506170 1879
1506180 1881
1506190 1881
1506200 1883
1506210 1885
1506220 1885
1506230 1886
1506240 1890
1506250 1890
1506260 1893
1506270 1897
1506280 1897
1506290 1899
1506300 1902
1506310 1902
1506320 1904
1506330 1906
1506340 1906
1506350 1909
1506360 1911
1506370 1914
1506380 1914
1506390 1916
1506400 1918
1506410 1918
1506420 1920
1506430 1923
1506440 1923
1506450 1925
1506460 1928
1506470 1928
1506480 1932
1506490 1935
1506500 1935
1506510 1938
1506520 1940
1506530 1940
1506540 1943
1506550 1946
1506560 1948
1506570 1948
1506580 1950
1506590 1952
1506600 1952
1506610 1954
1506620 1956
1506630 1956
1506640 1958
1506650 1959
1506660 1959
1506670 1960
1506680 1961
1506690 1961
1506700 1962
1506710 1964
1506720 1964
1506730 1966
1506740 1970
1506750 1973
1506760 1973
1506770 1975
1506780 1978
1506790 1978
1506800 1983
1506810 1990
1506820 1990
1506830 1994
1506840 1998
1506850 1998
1506860 2002
1506870 2004
1506880 2004
1506890 2007
1506900 2008
1506910 2008
1506920 2010
1506930 2011
1506940 2011
1506950 2011
1506960 2011
1506970 2010
1506980 2010
1506990 2009
1507000 2007
1507010 2007
1507020 2005
1507030 2003
1507040 2003
1507050 2001
1507060 1999
1507070 1999
1507080 1997
1507090 1995
1507100 1995
1507110 1992
1507120 1991
1507130 1991
1507140 1989
1507150 1987
1507160 1985
1507170 1985
1507180 1984
1507190 1983
1507200 1983
1507210 1983
1507220 1982
1507230 1982
1507240 1982
1507250 1979
1507260 1979
1507270 1978
1507280 1976
1507290 1976
1507300 1974
1507310 1971
1507320 1971
1507330 1969
1507340 1968
1507350 1965
1507360 1965
1507370 1963
1507380 1961
1507390 1961
1507400 1958
1507410 1956
1507420 1956
1507430 1955
1507440 1953
1507450 1953
1507460 1950
1507470 1947
1507480 1947
1507490 1944
1507500 1940
1507510 1940
1507520 1937
1507530 1934
1507540 1934
1507550 1931
1507560 1929
1507570 1927
1507580 1927
1507590 1925
1507600 1922
1507610 1922
1507620 1919
1507630 1916
1507640 1916
1507650 1912
1507660 1909
1507670 1909
1507680 1906
1507690 1903
1507700 1903
1507710 1898
1507720 1894
1507730 1894
1507740 1891
1507750 1888
1507760 1885
1507770 1885
1507780 1882
1507790 1878
1507800 1878
1507810 1874
1507820 1870
1507830 1870
1507840 1865
1507850 1860
1507860 1860
1507870 1855
1507880 1850
1507890 1850
1507900 1846
1507910 1841
1507920 1841
1507930 1836
1507940 1831
1507950 1826
1507960 1826
1507970 1822
1507980 1818
1507990 1818
1508000 1814
1508010 1810
1508020 1810
1508030 1806
1508040 1802
1508050 1802
1508060 1797
1508070 1793
1508080 1793
1508090 1786
1508100 1780
1508110 1780
1508120 1775
1508130 1769
1508140 1769
1508150 1762
1508160 1755
1508170 1748
1508180 1748
1508190 1740
1508200 1733
1508210 1733
1508220 1726
1508230 1724
1508240 1724
1508250 1727
1508260 1730
1508270 1730
1508280 1734
1508290 1740
1508300 1740
1508310 1747
1508320 1754
1508330 1754
1508340 1760
1508350 1765
1508360 1769
1508370 1769
1508380 1772
1508390 1775
1508400 1775
1508410 1777
1508420 1778
1508430 1778
1508440 1780
1508450 1781
1508460 1781
1508470 1783
1508480 1785
1508490 1785
1508500 1786
1508510 1786
1508520 1786
1508530 1786
1508540 1785
1508550 1785
1508560 1782
1508570 1780
1508580 1778
1508590 1778
1508600 1777
1508610 1775
1508620 1775
1508630 1772
1508640 1768
1508650 1768
1508660 1765
1508670 1763
1508680 1763
1508690 1761
1508700 1760
1508710 1760
1508720 1758
1508730 1757
1508740 1757
1508750 1756
1508760 1755
1508770 1753
1508780 1753
1508790 1754
1508800 1758
1508810 1758
1508820 1763
1508830 1767
1508840 1767
1508850 1771
1508860 1773
1508870 1773
1508880 1775
1508890 1776
1508900 1776
1508910 1777
1508920 1777
1508930 1777
1508940 1777
1508950 1776
1508960 1775
1508970 1775
1508980 1773
1508990 1770
1509000 1770
1509010 1767
1509020 1766
1509030 1766
1509040 1765
1509050 1764
1509060 1764
1509070 1764
1509080 1764
1509090 1764
1509100 1763
1509110 1762
1509120 1762
1509130 1761
1509140 1759
1509150 1759
1509160 1755
1509170 1755
1509180 1755
1509190 1755
1509200 1756
1509210 1754
1509220 1754
1509230 1749
1509240 1746
1509250 1746
1509260 1743
1509270 1739
1509280 1739
1509290 1740
1509300 1747
1509310 1747
1509320 1752
1509330 1758
1509340 1758
1509350 1763
1509360 1766
1509370 1769
1509380 1769
1509390 1770
1509400 1771
1509410 1771
1509420 1773
1509430 1776
1509440 1776
1509450 1780
1509460 1783
1509470 1783
1509480 1785
1509490 1787
1509500 1787
1509510 1787
1509520 1787
1509530 1787
1509540 1786
1509550 1786
1509560 1785
1509570 1785
1509580 1784
1509590 1783
1509600 1783
1509610 1782
1509620 1784
1509630 1784
1509640 1785
1509650 1787
1509660 1787
1509670 1788
1509680 1788
1509690 1788
1509700 1788
1509710 1788
1509720 1788
1509730 1788
1509740 1788
1509750 1788
1509760 1787
1509770 1786
1509780 1788
1509790 1788
1509800 1789
1509810 1789
1509820 1789
1509830 1790
1509840 1790
1509850 1790
1509860 1791
1509870 1791
1509880 1791
1509890 1790
1509900 1789
1509910 1789
1509920 1788
1509930 1788
1509940 1788
1509950 1789
1509960 1789
1509970 1790
1509980 1790
1509990 1790
1510000 1791
1510010 1791
1510020 1790
1510030 1791
1510040 1791
1510050 1792
1510060 1793
1510070 1793
1510080 1794
1510090 1795
1510100 1795
1510110 1795
1510120 1794
1510130 1794
1510140 1795
1510150 1796
1510160 1797
1510170 1797
1510180 1798
1510190 1798
1510200 1798
1510210 1799
1510220 1799
1510230 1799
1510240 1799
1510250 1797
1510260 1797
1510270 1797
1510280 1799
1510290 1799
1510300 1800
1510310 1801
1510320 1801
1510330 1802
1510340 1804
1510350 1804
1510360 1807
1510370 1811
1510380 1813
1510390 1813
1510400 1814
1510410 1814
1510420 1814
1510430 1814
1510440 1815
1510450 1815
1510460 1818
1510470 1821
1510480 1821
1510490 1823
1510500 1824
1510510 1824
1510520 1826
1510530 1826
1510540 1826
1510550 1827
1510560 1827
1510570 1826
1510580 1826
1510590 1826
1510600 1825
1510610 1825
1510620 1826
1510630 1825
1510640 1825
1510650 1824
1510660 1823
1510670 1823
1510680 1821
1510690 1820
1510700 1820
1510710 1819
1510720 1819
1510730 1819
1510740 1821
1510750 1824
1510760 1827
1510770 1827
1510780 1830
1510790 1833
1510800 1833
1510810 1836
1510820 1840
1510830 1840
1510840 1842
1510850 1844
1510860 1844
1510870 1846
1510880 1847
1510890 1847
1510900 1849
1510910 1849
1510920 1849
1510930 1849
1510940 1850
1510950 1850
1510960 1849
1510970 1848
1510980 1847
1510990 1847
1511000 1847
1511010 1849
1511020 1849
1511030 1847
1511040 1846
1511050 1846
1511060 1844
1511070 1842
1511080 1842
1511090 1840
1511100 1838
1511110 1838
1511120 1837
1511130 1836
1511140 1836
1511150 1835
1511160 1835
1511170 1835
1511180 1835
1511190 1835
1511200 1834
1511210 1834
1511220 1833
1511230 1831
1511240 1831
1511250 1828
1511260 1823
1511270 1823
1511280 1817
1511290 1812
1511300 1812
1511310 1806
1511320 1801
1511330 1801
1511340 1796
1511350 1789
1511360 1784
1511370 1784
1511380 1779
1511390 1774
1511400 1774
1511410 1768
1511420 1762
1511430 1762
1511440 1756
1511450 1752
1511460 1752
1511470 1746
1511480 1741
1511490 1741
1511500 1735
1511510 1731
1511520 1731
1511530 1727
1511540 1722
1511550 1722
1511560 1719
1511570 1716
1511580 1713
1511590 1713
1511600 1711
1511610 1708
1511620 1708
1511630 1704
1511640 1700
1511650 1700
1511660 1697
1511670 1695
1511680 1695
1511690 1693
1511700 1690
1511710 1690
1511720 1687
1511730 1684
1511740 1684
1511750 1680
1511760 1677
1511770 1675
1511780 1675
1511790 1671
1511800 1668
1511810 1668
1511820 1666
1511830 1663
1511840 1663
1511850 1662
1511860 1660
1511870 1660
1511880 1658
1511890 1656
1511900 1656
1511910 1654
1511920 1652
1511930 1652
1511940 1650
1511950 1648
1511960 1645
1511970 1645
1511980 1643
1511990 1641
1512000 1641
1512010 1639
1512020 1636
1512030 1636
1512040 1635
1512050 1633
1512060 1633
1512070 1631
1512080 1628
1512090 1628
1512100 1627
1512110 1624
1512120 1624
1512130 1621
1512140 1618
1512150 1618
1512160 1615
1512170 1612
1512180 1608
1512190 1608
1512200 1604
1512210 1599
1512220 1599
1512230 1595
1512240 1590
1512250 1590
1512260 1585
1512270 1580
1512280 1580
1512290 1574
1512300 1568
1512310 1568
1512320 1561
1512330 1554
1512340 1554
1512350 1548
1512360 1542
1512370 1536
1512380 1536
1512390 1530
1512400 1524
1512410 1524
1512420 1517
1512430 1510
1512440 1510
1512450 1503
1512460 1496
1512470 1496
1512480 1490
1512490 1484
1512500 1484
1512510 1477
1512520 1472
1512530 1472
1512540 1470
1512550 1469
1512560 1469
1512570 1469
1512580 1468
1512590 1465
1512600 1465
1512610 1462
1512620 1461
1512630 1461
1512640 1458
1512650 1455
1512660 1455
1512670 1454
1512680 1451
1512690 1451
1512700 1447
1512710 1443
1512720 1443
1512730 1440
1512740 1435
1512750 1435
1512760 1432
1512770 1428
1512780 1426
1512790 1426
1512800 1425
1512810 1423
1512820 1423
1512830 1419
1512840 1416
1512850 1416
1512860 1417
1512870 1415
1512880 1415
1512890 1412
1512900 1409
1512910 1409
1512920 1404
1512930 1400
1512940 1401
1512950 1397
1512960 1394
1512970 1390
1512980 1390
1512990 1386
1513000 1382
1513010 1382
1513020 1378
1513030 1373
1513040 1373
1513050 1368
1513060 1364
1513070 1364
1513080 1361
1513090 1359
1513100 1359
1513110 1357
1513120 1355
1513130 1355
1513140 1352
1513150 1348
1513160 1346
1513170 1346
1513180 1342
1513190 1338
1513200 1338
1513210 1333
1513220 1327
1513230 1327
1513240 1322
1513250 1318
1513260 1318
1513270 1314
1513280 1310
1513290 1310
1513300 1307
1513310 1305
1513320 1305
1513330 1303
1513340 1302
1513350 1302
1513360 1304
1513370 1306
1513380 1306
1513390 1306
1513400 1303
1513410 1300
1513420 1300
1513430 1297
1513440 1295
1513450 1295
1513460 1291
1513470 1289
1513480 1289
1513490 1287
1513500 1286
1513510 1286
1513520 1285
1513530 1283
1513540 1283
1513550 1281
1513560 1277
1513570 1273
1513580 1273
1513590 1271
1513600 1270
1513610 1270
1513620 1268
1513630 1267
1513640 1267
1513650 1266
1513660 1265
1513670 1265
1513680 1264
1513690 1263
1513700 1263
1513710 1261
1513720 1261
1513730 1261
1513740 1260
1513750 1260
1513760 1262
1513770 1262
1513780 1265
1513790 1267
1513800 1267
1513810 1269
1513820 1271
1513830 1271
1513840 1277
1513850 1280
1513860 1280
1513870 1282
1513880 1281
1513890 1281
1513900 1285
1513910 1290
1513920 1290
1513930 1291
1513940 1293
1513950 1293
1513960 1299
1513970 1304
1513980 1308
1513990 1308
1514000 1310
1514010 1312
1514020 1312
1514030 1314
1514040 1315
1514050 1315
1514060 1317
1514070 1319
1514080 1319
1514090 1320
1514100 1322
1514110 1322
1514120 1323
1514130 1323
1514140 1323
1514150 1323
1514160 1322
1514170 1323
1514180 1323
1514190 1324
1514200 1324
1514210 1324
1514220 1324
1514230 1324
1514240 1324
1514250 1324
1514260 1325
1514270 1325
1514280 1325
1514290 1325
1514300 1325
1514310 1325
1514320 1326
1514330 1326
1514340 1326
1514350 1327
1514360 1327
1514370 1327
1514380 1327
1514390 1327
1514400 1327
1514410 1326
1514420 1325
1514430 1325
1514440 1324
1514450 1322
1514460 1322
1514470 1321
1514480 1320
1514490 1320
1514500 1318
1514510 1317
1514520 1317
1514530 1316
1514540 1315
1514550 1315
1514560 1314
1514570 1314
1514580 1311
1514590 1311
1514600 1308
1514610 1305
1514620 1305
1514630 1303
1514640 1300
1514650 1300
1514660 1298
1514670 1296
1514680 1296
1514690 1294
1514700 1291
1514710 1291
1514720 1290
1514730 1289
1514740 1289
1514750 1287
1514760 1285
1514770 1284
1514780 1284
1514790 1282
1514800 1280
1514810 1280
1514820 1277
1514830 1275
1514840 1275
1514850 1272
1514860 1269
1514870 1269
1514880 1266
1514890 1264
1514900 1264
1514910 1261
1514920 1257
1514930 1257
1514940 1253
1514950 1251
1514960 1248
1514970 1248
1514980 1246
1514990 1243
1515000 1243
1515010 1240
1515020 1236
1515030 1236
1515040 1231
1515050 1227
1515060 1227
1515070 1221
1515080 1214
1515090 1214
1515100 1206
1515110 1198
1515120 1198
1515130 1192
1515140 1186
1515150 1186
1515160 1180
1515170 1172
1515180 1161
1515190 1161
1515200 1155
1515210 1153
1515220 1153
1515230 1147
1515240 1139
1515250 1139
1515260 1131
1515270 1128
1515280 1128
1515290 1132
1515300 1140
1515310 1140
1515320 1147
1515330 1153
1515340 1153
1515350 1159
1515360 1165
1515370 1169
1515380 1169
1515390 1175
1515400 1181
1515410 1181
1515420 1186
1515430 1192
1515440 1192
1515450 1198
1515460 1203
1515470 1203
1515480 1208
1515490 1214
1515500 1214
1515510 1220
1515520 1227
1515530 1227
1515540 1233
1515550 1238
1515560 1239
1515570 1239
1515580 1239
1515590 1239
1515600 1239
1515610 1238
1515620 1238
1515630 1238
1515640 1237
1515650 1237
1515660 1237
1515670 1237
1515680 1238
1515690 1238
1515700 1237
1515710 1237
1515720 1237
1515730 1237
1515740 1237
1515750 1237
1515760 1237
1515770 1236
1515780 1235
1515790 1235
1515800 1232
1515810 1229
1515820 1229
1515830 1227
1515840 1225
1515850 1225
1515860 1223
1515870 1219
1515880 1219
1515890 1214
1515900 1210
1515910 1210
1515920 1206
1515930 1201
1515940 1201
1515950 1194
1515960 1187
1515970 1182
1515980 1182
1515990 1176
1516000 1170
1516010 1170
1516020 1164
1516030 1159
1516040 1159
1516050 1154
1516060 1150
1516070 1150
1516080 1146
1516090 1142
1516100 1142
1516110 1138
1516120 1134
1516130 1134
1516140 1129
1516150 1125
1516160 1121
1516170 1121
1516180 1118
1516190 1114
1516200 1114
1516210 1108
1516220 1101
1516230 1101
1516240 1094
1516250 1086
1516260 1086
1516270 1078
1516280 1070
1516290 1070
1516300 1063
1516310 1056
1516320 1056
1516330 1050
1516340 1045
1516350 1045
1516360 1038
1516370 1024
1516380 1012
1516390 1012
1516400 1007
1516410 1006
1516420 1006
1516430 1005
1516440 1001
1516450 1001
1516460 999
1516470 1001
1516480 1001
1516490 1003
1516500 1006
1516510 1006
1516520 1012
1516530 1018
1516540 1018
1516550 1024
1516560 1036
1516570 1043
1516580 1043
1516590 1050
1516600 1056
1516610 1056
1516620 1063
1516630 1072
1516640 1072
1516650 1081
1516660 1090
1516670 1090
1516680 1099
1516690 1106
1516700 1106
1516710 1113
1516720 1120
1516730 1120
1516740 1125
1516750 1128
1516760 1132
1516770 1132
1516780 1136
1516790 1141
1516800 1141
1516810 1146
1516820 1151
1516830 1151
1516840 1157
1516850 1162
1516860 1162
1516870 1165
1516880 1169
1516890 1169
1516900 1172
1516910 1175
1516920 1175
1516930 1180
1516940 1185
1516950 1185
1516960 1191
1516970 1197
1516980 1203
1516990 1203
1517000 1210
1517010 1217
1517020 1217
1517030 1223
1517040 1230
1517050 1230
1517060 1238
1517070 1246
1517080 1246
1517090 1256
1517100 1267
1517110 1267
1517120 1276
1517130 1282
1517140 1282
1517150 1287
1517160 1291
1517170 1293
1517180 1293
1517190 1298
1517200 1302
1517210 1302
1517220 1307
1517230 1311
1517240 1311
1517250 1315
1517260 1318
1517270 1318
1517280 1323
1517290 1328
1517300 1328
1517310 1333
1517320 1337
1517330 1337
1517340 1341
1517350 1345
1517360 1349
1517370 1349
1517380 1352
1517390 1356
1517400 1356
1517410 1358
1517420 1361
1517430 1361
1517440 1364
1517450 1368
1517460 1368
1517470 1373
1517480 1378
1517490 1378
1517500 1382
1517510 1386
1517520 1386
1517530 1388
1517540 1390
1517550 1390
1517560 1390
1517570 1391
1517580 1392
1517590 1392
1517600 1393
1517610 1395
1517620 1395
1517630 1398
1517640 1402
1517650 1402
1517660 1406
1517670 1410
1517680 1410
1517690 1413
1517700 1417
1517710 1417
1517720 1422
1517730 1425
1517740 1425
1517750 1429
1517760 1433
1517770 1438
1517780 1438
1517790 1442
1517800 1445
1517810 1445
1517820 1448
1517830 1452
1517840 1452
1517850 1456
1517860 1460
1517870 1460
1517880 1465
1517890 1469
1517900 1469
1517910 1473
1517920 1476
1517930 1476
1517940 1480
1517950 1485
1517960 1485
1517970 1489
1517980 1493
1517990 1497
1518000 1497
1518010 1500
1518020 1503
1518030 1503
1518040 1506
1518050 1510
1518060 1510
1518070 1514
1518080 1517
1518090 1517
1518100 1520
1518110 1523
1518120 1523
1518130 1526
1518140 1529
1518150 1529
1518160 1532
1518170 1537
1518180 1541
1518190 1541
1518200 1543
1518210 1546
1518220 1546
1518230 1548
1518240 1550
1518250 1550
1518260 1553
1518270 1556
1518280 1556
1518290 1559
1518300 1562
1518310 1562
1518320 1565
1518330 1568
1518340 1568
1518350 1572
1518360 1574
1518370 1575
1518380 1575
1518390 1576
1518400 1578
1518410 1578
1518420 1579
1518430 1581
1518440 1581
1518450 1583
1518460 1585
1518470 1585
1518480 1586
1518490 1587
1518500 1587
1518510 1588
1518520 1588
1518530 1588
1518540 1588
1518550 1588
1518560 1588
1518570 1588
1518580 1589
1518590 1591
1518600 1591
1518610 1593
1518620 1595
1518630 1595
1518640 1597
1518650 1600
1518660 1600
1518670 1602
1518680 1605
1518690 1605
1518700 1608
1518710 1610
1518720 1610
1518730 1613
1518740 1616
1518750 1616
1518760 1618
1518770 1621
1518780 1624
1518790 1624
1518800 1627
1518810 1630
1518820 1630
1518830 1632
1518840 1635
1518850 1635
1518860 1637
1518870 1639
1518880 1639
1518890 1641
1518900 1642
1518910 1642
1518920 1644
1518930 1646
1518940 1646
1518950 1649
1518960 1652
1518970 1654
1518980 1654
1518990 1656
1519000 1657
1519010 1657
1519020 1658
1519030 1659
1519040 1659
1519050 1660
1519060 1660
1519070 1660
1519080 1661
1519090 1662
1519100 1662
1519110 1663
1519120 1664
1519130 1664
1519140 1665
1519150 1667
1519160 1667
1519170 1668
1519180 1668
1519190 1669
1519200 1669
1519210 1668
1519220 1668
1519230 1668
1519240 1668
1519250 1670
1519260 1670
1519270 1671
1519280 1673
1519290 1673
1519300 1674
1519310 1674
1519320 1674
1519330 1675
1519340 1675
1519350 1675
1519360 1676
1519370 1676
1519380 1676
1519390 1676
1519400 1676
1519410 1676
1519420 1676
1519430 1676
1519440 1677
1519450 1677
1519460 1677
1519470 1677
1519480 1677
1519490 1677
1519500 1678
1519510 1678
1519520 1678
1519530 1678
1519540 1678
1519550 1678
1519560 1678
1519570 1679
1519580 1679
1519590 1680
1519600 1680
1519610 1680
1519620 1681
1519630 1681
1519640 1681
1519650 1682
1519660 1683
1519670 1683
1519680 1684
1519690 1684
1519700 1684
1519710 1685
1519720 1685
1519730 1685
1519740 1686
1519750 1687
1519760 1687
1519770 1687
1519780 1687
1519790 1688
1519800 1688
1519810 1688
1519820 1687
1519830 1687
1519840 1686
1519850 1685
1519860 1685
1519870 1685
1519880 1685
1519890 1685
1519900 1686
1519910 1687
1519920 1687
1519930 1688
1519940 1688
1519950 1688
1519960 1689
1519970 1690
1519980 1691
1519990 1691
