1500000 1659
1500010 1654
1500020 1654
1500030 1650
1500040 1648
1500050 1648
1500060 1646
1500070 1645
1500080 1645
1500090 1642
1500100 1638
1500110 1638
1500120 1633
1500130 1629
1500140 1629
1500150 1623
1500160 1615
1500170 1608
1500180 1608
1500190 1602
1500200 1596
1500210 1596
1500220 1589
1500230 1583
1500240 1583
1500250 1578
1500260 1572
1500270 1572
1500280 1566
1500290 1561
1500300 1561
1500310 1554
1500320 1548
1500330 1548
1500340 1542
1500350 1539
1500360 1538
1500370 1538
1500380 1538
1500390 1539
1500400 1539
1500410 1541
1500420 1542
1500430 1542
1500440 1543
1500450 1543
1500460 1543
1500470 1541
1500480 1538
1500490 1538
1500500 1533
1500510 1528
1500520 1528
1500530 1523
1500540 1524
1500550 1524
1500560 1528
1500570 1534
1500580 1540
1500590 1540
1500600 1543
1500610 1546
1500620 1546
1500630 1549
1500640 1550
1500650 1550
1500660 1555
1500670 1560
1500680 1560
1500690 1566
1500700 1571
1500710 1571
1500720 1577
1500730 1582
1500740 1582
1500750 1586
1500760 1590
1500770 1594
1500780 1594
1500790 1598
1500800 1602
1500810 1602
1500820 1606
1500830 1611
1500840 1611
1500850 1615
1500860 1619
1500870 1619
1500880 1623
1500890 1628
1500900 1628
1500910 1633
1500920 1639
1500930 1639
1500940 1646
1500950 1653
1500960 1664
1500970 1664
1500980 1673
1500990 1682
1501000 1682
1501010 1690
1501020 1698
1501030 1698
1501040 1706
1501050 1714
1501060 1714
1501070 1722
1501080 1730
1501090 1730
1501100 1738
1501110 1744
1501120 1744
1501130 1751
1501140 1757
1501150 1757
1501160 1763
1501170 1769
1501180 1774
1501190 1774
1501200 1779
1501210 1784
1501220 1784
1501230 1789
1501240 1795
1501250 1795
1501260 1802
1501270 1812
1501280 1812
1501290 1822
1501300 1830
1501310 1830
1501320 1837
1501330 1841
1501340 1841
1501350 1845
1501360 1852
1501370 1862
1501380 1862
1501390 1875
1501400 1878
1501410 1878
1501420 1879
1501430 1881
1501440 1881
1501450 1886
1501460 1891
1501470 1891
1501480 1897
1501490 1903
1501500 1903
1501510 1911
1501520 1917
1501530 1917
1501540 1923
1501550 1927
1501560 1927
1501570 1932
1501580 1938
1501590 1943
1501600 1943
1501610 1947
1501620 1952
1501630 1952
1501640 1959
1501650 1968
1501660 1968
1501670 1976
1501680 1983
1501690 1983
1501700 1992
1501710 1998
1501720 1998
1501730 2006
1501740 2012
1501750 2012
1501760 2018
1501770 2024
1501780 2032
1501790 2032
1501800 2039
1501810 2046
1501820 2046
1501830 2049
1501840 2051
1501850 2051
1501860 2055
1501870 2060
1501880 2060
1501890 2064
1501900 2069
1501910 2069
1501920 2077
1501930 2084
1501940 2084
1501950 2092
1501960 2096
1501970 2100
1501980 2100
1501990 2106
1502000 2114
1502010 2114
1502020 2119
1502030 2129
1502040 2129
1502050 2137
1502060 2144
1502070 2144
1502080 2145
1502090 2146
1502100 2146
1502110 2148
1502120 2152
1502130 2152
1502140 2155
1502150 2161
1502160 2161
1502170 2166
1502180 2172
1502190 2171
1502200 2171
1502210 2174
1502220 2181
1502230 2181
1502240 2185
1502250 2187
1502260 2187
1502270 2188
1502280 2192
1502290 2192
1502300 2200
1502310 2209
1502320 2209
1502330 2218
1502340 2224
1502350 2224
1502360 2230
1502370 2235
1502380 2240
1502390 2240
1502400 2245
1502410 2251
1502420 2251
1502430 2258
1502440 2266
1502450 2266
1502460 2275
1502470 2283
1502480 2283
1502490 2292
1502500 2303
1502510 2303
1502520 2317
1502530 2325
1502540 2325
1502550 2331
1502560 2338
1502570 2338
1502580 2344
1502590 2349
1502600 2348
1502610 2348
1502620 2344
1502630 2341
1502640 2341
1502650 2337
1502660 2332
1502670 2332
1502680 2327
1502690 2322
1502700 2322
1502710 2317
1502720 2313
1502730 2313
1502740 2308
1502750 2304
1502760 2304
1502770 2299
1502780 2294
1502790 2289
1502800 2289
1502810 2284
1502820 2279
1502830 2279
1502840 2273
1502850 2269
1502860 2269
1502870 2265
1502880 2261
1502890 2261
1502900 2257
1502910 2253
1502920 2253
1502930 2248
1502940 2243
1502950 2243
1502960 2239
1502970 2234
1502980 2234
1502990 2231
1503000 2227
1503010 2223
1503020 2223
1503030 2218
1503040 2212
1503050 2212
1503060 2206
1503070 2201
1503080 2201
1503090 2196
1503100 2192
1503110 2192
1503120 2188
1503130 2183
1503140 2183
1503150 2179
1503160 2175
1503170 2175
1503180 2172
1503190 2168
1503200 2165
1503210 2165
1503220 2161
1503230 2157
1503240 2157
1503250 2153
1503260 2149
1503270 2149
1503280 2145
1503290 2141
1503300 2141
1503310 2136
1503320 2132
1503330 2132
1503340 2127
1503350 2123
1503360 2123
1503370 2118
1503380 2113
1503390 2113
1503400 2108
1503410 2104
1503420 2100
1503430 2100
1503440 2096
1503450 2092
1503460 2092
1503470 2088
1503480 2084
1503490 2084
1503500 2080
1503510 2076
1503520 2076
1503530 2072
1503540 2068
1503550 2068
1503560 2066
1503570 2062
1503580 2062
1503590 2059
1503600 2056
1503610 2052
1503620 2052
1503630 2047
1503640 2042
1503650 2042
1503660 2038
1503670 2034
1503680 2034
1503690 2030
1503700 2026
1503710 2026
1503720 2021
1503730 2018
1503740 2018
1503750 2014
1503760 2010
1503770 2010
1503780 2006
1503790 2002
1503800 1999
1503810 1999
1503820 1995
1503830 1991
1503840 1991
1503850 1987
1503860 1983
1503870 1983
1503880 1980
1503890 1977
1503900 1977
1503910 1973
1503920 1969
1503930 1969
1503940 1966
1503950 1963
1503960 1963
1503970 1959
1503980 1956
1503990 1956
1504000 1952
1504010 1949
1504020 1945
1504030 1945
1504040 1942
1504050 1937
1504060 1937
1504070 1933
1504080 1930
1504090 1930
1504100 1928
1504110 1925
1504120 1925
1504130 1922
1504140 1919
1504150 1919
1504160 1916
1504170 1913
1504180 1913
1504190 1911
1504200 1910
1504210 1907
1504220 1907
1504230 1904
1504240 1902
1504250 1902
1504260 1899
1504270 1896
1504280 1896
1504290 1893
1504300 1891
1504310 1891
1504320 1889
1504330 1887
1504340 1887
1504350 1885
1504360 1883
1504370 1883
1504380 1881
1504390 1879
1504400 1879
1504410 1877
1504420 1876
1504430 1874
1504440 1874
1504450 1872
1504460 1870
1504470 1870
1504480 1867
1504490 1862
1504500 1862
1504510 1859
1504520 1854
1504530 1854
1504540 1850
1504550 1846
1504560 1846
1504570 1842
1504580 1837
1504590 1837
1504600 1832
1504610 1828
1504620 1824
1504630 1824
1504640 1820
1504650 1816
1504660 1816
1504670 1813
1504680 1811
1504690 1811
1504700 1810
1504710 1808
1504720 1808
1504730 1807
1504740 1809
1504750 1809
1504760 1809
1504770 1806
1504780 1806
1504790 1802
1504800 1799
1504810 1799
1504820 1801
1504830 1807
1504840 1811
1504850 1811
1504860 1815
1504870 1818
1504880 1818
1504890 1822
1504900 1827
1504910 1827
1504920 1831
1504930 1835
1504940 1835
1504950 1840
1504960 1844
1504970 1844
1504980 1848
1504990 1853
1505000 1853
1505010 1859
1505020 1865
1505030 1872
1505040 1872
1505050 1879
1505060 1886
1505070 1886
1505080 1891
1505090 1898
1505100 1898
1505110 1905
1505120 1912
1505130 1912
1505140 1921
1505150 1930
1505160 1930
1505170 1938
1505180 1945
1505190 1945
1505200 1951
1505210 1957
1505220 1963
1505230 1963
1505240 1971
1505250 1978
1505260 1978
1505270 1984
1505280 1991
1505290 1991
1505300 1997
1505310 2003
1505320 2003
1505330 2009
1505340 2015
1505350 2015
1505360 2020
1505370 2025
1505380 2025
1505390 2029
1505400 2032
1505410 2032
1505420 2034
1505430 2037
1505440 2041
1505450 2041
1505460 2044
1505470 2047
1505480 2047
1505490 2051
1505500 2056
1505510 2056
1505520 2059
1505530 2062
1505540 2062
1505550 2064
1505560 2067
1505570 2067
1505580 2070
1505590 2072
1505600 2072
1505610 2075
1505620 2079
1505630 2083
1505640 2083
1505650 2086
1505660 2090
1505670 2090
1505680 2093
1505690 2096
1505700 2096
1505710 2099
1505720 2101
1505730 2101
1505740 2104
1505750 2108
1505760 2108
1505770 2113
1505780 2116
1505790 2116
1505800 2119
1505810 2121
1505820 2121
1505830 2125
1505840 2129
1505850 2134
1505860 2131
1505870 2136
1505880 2140
1505890 2140
1505900 2146
1505910 2151
1505920 2151
1505930 2154
1505940 2157
1505950 2157
1505960 2159
1505970 2161
1505980 2161
1505990 2163
1506000 2166
1506010 2166
1506020 2171
1506030 2177
1506040 2183
1506050 2183
1506060 2188
1506070 2193
1506080 2193
1506090 2198
1506100 2202
1506110 2202
1506120 2205
1506130 2208
1506140 2208
1506150 2210
1506160 2212
1506170 2212
1506180 2215
1506190 2217
1506200 2217
1506210 2220
1506220 2222
1506230 2222
1506240 2226
1506250 2229
1506260 2232
1506270 2232
1506280 2235
1506290 2236
1506300 2236
1506310 2238
1506320 2240
1506330 2240
1506340 2244
1506350 2249
1506360 2249
1506370 2254
1506380 2259
1506390 2259
1506400 2264
1506410 2268
1506420 2268
1506430 2271
1506440 2274
1506450 2278
1506460 2278
1506470 2281
1506480 2285
1506490 2285
1506500 2287
1506510 2288
1506520 2288
1506530 2288
1506540 2289
1506550 2289
1506560 2289
1506570 2292
1506580 2292
1506590 2296
1506600 2298
1506610 2298
1506620 2295
1506630 2293
1506640 2290
1506650 2290
1506660 2290
1506670 2289
1506680 2289
1506690 2289
1506700 2290
1506710 2290
1506720 2291
1506730 2291
1506740 2291
1506750 2291
1506760 2290
1506770 2290
1506780 2289
1506790 2288
1506800 2288
1506810 2287
1506820 2285
1506830 2285
1506840 2285
1506850 2284
1506860 2285
1506870 2285
1506880 2285
1506890 2286
1506900 2286
1506910 2288
1506920 2289
1506930 2289
1506940 2291
1506950 2291
1506960 2291
1506970 2292
1506980 2295
1506990 2295
1507000 2299
1507010 2302
1507020 2302
1507030 2305
1507040 2307
1507050 2308
1507060 2308
1507070 2309
1507080 2310
1507090 2310
1507100 2312
1507110 2313
1507120 2313
1507130 2312
1507140 2311
1507150 2311
1507160 2310
1507170 2305
1507180 2305
1507190 2299
1507200 2293
1507210 2293
1507220 2286
1507230 2279
1507240 2279
1507250 2271
1507260 2263
1507270 2255
1507280 2255
1507290 2248
1507300 2240
1507310 2240
1507320 2233
1507330 2226
1507340 2226
1507350 2220
1507360 2215
1507370 2215
1507380 2210
1507390 2205
1507400 2205
1507410 2200
1507420 2194
1507430 2194
1507440 2190
1507450 2185
1507460 2181
1507470 2181
1507480 2177
1507490 2174
1507500 2174
1507510 2171
1507520 2169
1507530 2169
1507540 2168
1507550 2167
1507560 2167
1507570 2166
1507580 2166
1507590 2166
1507600 2166
1507610 2168
1507620 2168
1507630 2168
1507640 2168
1507650 2168
1507660 2169
1507670 2171
1507680 2171
1507690 2171
1507700 2170
1507710 2168
1507720 2168
1507730 2166
1507740 2167
1507750 2167
1507760 2166
1507770 2164
1507780 2164
1507790 2161
1507800 2158
1507810 2158
1507820 2155
1507830 2151
1507840 2151
1507850 2147
1507860 2144
1507870 2142
1507880 2142
1507890 2141
1507900 2137
1507910 2137
1507920 2133
1507930 2128
1507940 2128
1507950 2125
1507960 2122
1507970 2122
1507980 2120
1507990 2119
1508000 2119
1508010 2118
1508020 2116
1508030 2116
1508040 2115
1508050 2113
1508060 2113
1508070 2112
1508080 2110
1508090 2108
1508100 2108
1508110 2107
1508120 2106
1508130 2106
1508140 2105
1508150 2104
1508160 2104
1508170 2102
1508180 2101
1508190 2101
1508200 2099
1508210 2098
1508220 2098
1508230 2097
1508240 2097
1508250 2097
1508260 2097
1508270 2098
1508280 2097
1508290 2097
1508300 2094
1508310 2092
1508320 2092
1508330 2090
1508340 2088
1508350 2088
1508360 2086
1508370 2083
1508380 2083
1508390 2081
1508400 2080
1508410 2080
1508420 2078
1508430 2077
1508440 2077
1508450 2077
1508460 2077
1508470 2075
1508480 2075
1508490 2073
1508500 2071
1508510 2071
1508520 2069
1508530 2066
1508540 2066
1508550 2063
1508560 2060
1508570 2060
1508580 2059
1508590 2058
1508600 2058
1508610 2058
1508620 2057
1508630 2057
1508640 2055
1508650 2055
1508660 2055
1508670 2053
1508680 2053
1508690 2052
1508700 2052
1508710 2052
1508720 2051
1508730 2051
1508740 2051
1508750 2051
1508760 2051
1508770 2051
1508780 2050
1508790 2050
1508800 2049
1508810 2048
1508820 2048
1508830 2047
1508840 2046
1508850 2046
1508860 2045
1508870 2043
1508880 2042
1508890 2042
1508900 2039
1508910 2037
1508920 2037
1508930 2034
1508940 2033
1508950 2033
1508960 2031
1508970 2030
1508980 2030
1508990 2029
1509000 2028
1509010 2028
1509020 2027
1509030 2026
1509040 2026
1509050 2024
1509060 2023
1509070 2023
1509080 2022
1509090 2021
1509100 2021
1509110 2021
1509120 2021
1509130 2021
1509140 2021
1509150 2021
1509160 2021
1509170 2021
1509180 2021
1509190 2022
1509200 2022
1509210 2022
1509220 2023
1509230 2023
1509240 2026
1509250 2030
1509260 2030
1509270 2032
1509280 2033
1509290 2033
1509300 2033
1509310 2031
1509320 2030
1509330 2030
1509340 2031
1509350 2032
1509360 2032
1509370 2035
1509380 2039
1509390 2039
1509400 2044
1509410 2049
1509420 2049
1509430 2055
1509440 2061
1509450 2061
1509460 2066
1509470 2071
1509480 2071
1509490 2077
1509500 2085
1509510 2093
1509520 2093
1509530 2101
1509540 2108
1509550 2108
1509560 2117
1509570 2124
1509580 2124
1509590 2129
1509600 2132
1509610 2132
1509620 2136
1509630 2141
1509640 2141
1509650 2145
1509660 2149
1509670 2149
1509680 2153
1509690 2157
1509700 2159
1509710 2159
1509720 2160
1509730 2162
1509740 2162
1509750 2163
1509760 2162
1509770 2162
1509780 2160
1509790 2156
1509800 2156
1509810 2153
1509820 2152
1509830 2152
1509840 2151
1509850 2150
1509860 2150
1509870 2149
1509880 2146
1509890 2144
1509900 2144
1509910 2143
1509920 2141
1509930 2141
1509940 2139
1509950 2135
1509960 2135
1509970 2132
1509980 2130
1509990 2130
1510000 2129
1510010 2127
1510020 2127
1510030 2124
1510040 2121
1510050 2121
1510060 2118
1510070 2116
1510080 2116
1510090 2112
1510100 2107
1510110 2102
1510120 2102
1510130 2098
1510140 2094
1510150 2094
1510160 2091
1510170 2086
1510180 2086
1510190 2083
1510200 2083
1510210 2083
1510220 2082
1510230 2080
1510240 2080
1510250 2078
1510260 2077
1510270 2077
1510280 2076
1510290 2074
1510300 2072
1510310 2072
1510320 2068
1510330 2066
1510340 2066
1510350 2063
1510360 2059
1510370 2059
1510380 2055
1510390 2053
1510400 2053
1510410 2049
1510420 2043
1510430 2043
1510440 2039
1510450 2034
1510460 2034
1510470 2031
1510480 2027
1510490 2027
1510500 2022
1510510 2020
1510520 2019
1510530 2019
1510540 2017
1510550 2015
1510560 2015
1510570 2012
1510580 2009
1510590 2009
1510600 2006
1510610 2003
1510620 2003
1510630 2001
1510640 1998
1510650 1998
1510660 1995
1510670 1994
1510680 1994
1510690 1992
1510700 1990
1510710 1988
1510720 1988
1510730 1986
1510740 1984
1510750 1984
1510760 1982
1510770 1979
1510780 1979
1510790 1976
1510800 1973
1510810 1973
1510820 1971
1510830 1968
1510840 1968
1510850 1966
1510860 1963
1510870 1963
1510880 1961
1510890 1960
1510900 1960
1510910 1959
1510920 1957
1510930 1956
1510940 1956
1510950 1954
1510960 1951
1510970 1951
1510980 1950
1510990 1949
1511000 1949
1511010 1948
1511020 1946
1511030 1946
1511040 1944
1511050 1944
1511060 1944
1511070 1943
1511080 1941
1511090 1941
1511100 1938
1511110 1934
1511120 1931
1511130 1931
1511140 1929
1511150 1926
1511160 1926
1511170 1925
1511180 1922
1511190 1922
1511200 1919
1511210 1917
1511220 1917
1511230 1916
1511240 1915
1511250 1915
1511260 1914
1511270 1913
1511280 1913
1511290 1913
1511300 1912
1511310 1912
1511320 1912
1511330 1912
1511340 1913
1511350 1913
1511360 1914
1511370 1915
1511380 1915
1511390 1915
1511400 1915
1511410 1915
1511420 1915
1511430 1914
1511440 1914
1511450 1913
1511460 1912
1511470 1912
1511480 1910
1511490 1908
1511500 1908
1511510 1906
1511520 1904
1511530 1901
1511540 1901
1511550 1896
1511560 1891
1511570 1891
1511580 1887
1511590 1882
1511600 1882
1511610 1877
1511620 1872
1511630 1872
1511640 1868
1511650 1864
1511660 1864
1511670 1861
1511680 1861
1511690 1861
1511700 1860
1511710 1859
1511720 1857
1511730 1857
1511740 1855
1511750 1854
1511760 1854
1511770 1851
1511780 1847
1511790 1847
1511800 1842
1511810 1841
1511820 1841
1511830 1842
1511840 1840
1511850 1840
1511860 1839
1511870 1839
1511880 1839
1511890 1840
1511900 1841
1511910 1841
1511920 1841
1511930 1843
1511940 1844
1511950 1844
1511960 1845
1511970 1846
1511980 1846
1511990 1848
1512000 1846
1512010 1846
1512020 1845
1512030 1847
1512040 1847
1512050 1848
1512060 1849
1512070 1849
1512080 1850
1512090 1852
1512100 1852
1512110 1854
1512120 1856
1512130 1857
1512140 1857
1512150 1859
1512160 1859
1512170 1859
1512180 1858
1512190 1855
1512200 1855
1512210 1856
1512220 1860
1512230 1860
1512240 1862
1512250 1862
1512260 1862
1512270 1862
1512280 1862
1512290 1862
1512300 1863
1512310 1864
1512320 1864
1512330 1866
1512340 1867
1512350 1867
1512360 1867
1512370 1867
1512380 1867
1512390 1867
1512400 1867
1512410 1868
1512420 1868
1512430 1869
1512440 1870
1512450 1870
1512460 1871
1512470 1872
1512480 1872
1512490 1873
1512500 1875
1512510 1875
1512520 1876
1512530 1877
1512540 1877
1512550 1877
1512560 1879
1512570 1880
1512580 1880
1512590 1882
1512600 1883
1512610 1883
1512620 1884
1512630 1886
1512640 1886
1512650 1887
1512660 1889
1512670 1889
1512680 1890
1512690 1891
1512700 1891
1512710 1891
1512720 1892
1512730 1894
1512740 1894
1512750 1895
1512760 1895
1512770 1895
1512780 1895
1512790 1894
1512800 1894
1512810 1894
1512820 1894
1512830 1894
1512840 1895
1512850 1895
1512860 1895
1512870 1895
1512880 1895
1512890 1895
1512900 1895
1512910 1894
1512920 1894
1512930 1894
1512940 1894
1512950 1894
1512960 1894
1512970 1895
1512980 1893
1512990 1893
1513000 1892
1513010 1891
1513020 1891
1513030 1890
1513040 1889
1513050 1889
1513060 1888
1513070 1887
1513080 1887
1513090 1885
1513100 1883
1513110 1883
1513120 1881
1513130 1878
1513140 1875
1513150 1875
1513160 1872
1513170 1869
1513180 1869
1513190 1866
1513200 1862
1513210 1862
1513220 1858
1513230 1853
1513240 1853
1513250 1849
1513260 1844
1513270 1844
1513280 1840
1513290 1837
1513300 1837
1513310 1833
1513320 1830
1513330 1830
1513340 1828
1513350 1824
1513360 1820
1513370 1820
1513380 1816
1513390 1812
1513400 1812
1513410 1807
1513420 1801
1513430 1801
1513440 1796
1513450 1791
1513460 1791
1513470 1786
1513480 1781
1513490 1781
1513500 1776
1513510 1771
1513520 1771
1513530 1766
1513540 1761
1513550 1756
1513560 1756
1513570 1751
1513580 1746
1513590 1746
1513600 1741
1513610 1735
1513620 1735
1513630 1729
1513640 1723
1513650 1723
1513660 1718
1513670 1710
1513680 1710
1513690 1702
1513700 1695
1513710 1695
1513720 1688
1513730 1682
1513740 1682
1513750 1679
1513760 1676
1513770 1672
1513780 1672
1513790 1667
1513800 1663
1513810 1663
1513820 1659
1513830 1654
1513840 1654
1513850 1650
1513860 1646
1513870 1646
1513880 1642
1513890 1639
1513900 1639
1513910 1635
1513920 1631
1513930 1631
1513940 1627
1513950 1624
1513960 1621
1513970 1621
1513980 1617
1513990 1613
1514000 1613
1514010 1610
1514020 1605
1514030 1605
1514040 1601
1514050 1597
1514060 1597
1514070 1593
1514080 1589
1514090 1589
1514100 1584
1514110 1582
1514120 1582
1514130 1578
1514140 1574
1514150 1569
1514160 1569
1514170 1565
1514180 1561
1514190 1561
1514200 1557
1514210 1551
1514220 1551
1514230 1545
1514240 1539
1514250 1539
1514260 1532
1514270 1526
1514280 1526
1514290 1521
1514300 1518
1514310 1518
1514320 1514
1514330 1511
1514340 1511
1514350 1509
1514360 1506
1514370 1503
1514380 1503
1514390 1501
1514400 1498
1514410 1498
1514420 1495
1514430 1492
1514440 1492
1514450 1489
1514460 1485
1514470 1485
1514480 1481
1514490 1478
1514500 1478
1514510 1476
1514520 1474
1514530 1474
1514540 1470
1514550 1468
1514560 1465
1514570 1465
1514580 1459
1514590 1453
1514600 1453
1514610 1447
1514620 1443
1514630 1443
1514640 1440
1514650 1438
1514660 1438
1514670 1435
1514680 1433
1514690 1433
1514700 1430
1514710 1428
1514720 1428
1514730 1426
1514740 1423
1514750 1423
1514760 1419
1514770 1414
1514780 1409
1514790 1409
1514800 1403
1514810 1398
1514820 1398
1514830 1392
1514840 1388
1514850 1388
1514860 1383
1514870 1380
1514880 1380
1514890 1378
1514900 1376
1514910 1376
1514920 1374
1514930 1372
1514940 1372
1514950 1370
1514960 1368
1514970 1367
1514980 1367
1514990 1364
1515000 1358
1515010 1358
1515020 1351
1515030 1345
1515040 1345
1515050 1341
1515060 1337
1515070 1337
1515080 1334
1515090 1331
1515100 1331
1515110 1327
1515120 1323
1515130 1323
1515140 1319
1515150 1315
1515160 1315
1515170 1311
1515180 1308
1515190 1306
1515200 1306
1515210 1299
1515220 1295
1515230 1295
1515240 1292
1515250 1290
1515260 1290
1515270 1286
1515280 1282
1515290 1282
1515300 1278
1515310 1275
1515320 1275
1515330 1271
1515340 1266
1515350 1266
1515360 1261
1515370 1257
1515380 1253
1515390 1253
1515400 1248
1515410 1244
1515420 1244
1515430 1241
1515440 1238
1515450 1238
1515460 1235
1515470 1231
1515480 1231
1515490 1227
1515500 1225
1515510 1225
1515520 1222
1515530 1219
1515540 1219
1515550 1216
1515560 1212
1515570 1208
1515580 1208
1515590 1205
1515600 1201
1515610 1201
1515620 1199
1515630 1196
1515640 1196
1515650 1193
1515660 1191
1515670 1191
1515680 1188
1515690 1185
1515700 1185
1515710 1183
1515720 1180
1515730 1180
1515740 1177
1515750 1175
1515760 1175
1515770 1173
1515780 1171
1515790 1168
1515800 1168
1515810 1166
1515820 1164
1515830 1164
1515840 1160
1515850 1156
1515860 1156
1515870 1154
1515880 1151
1515890 1151
1515900 1148
1515910 1144
1515920 1144
1515930 1139
1515940 1134
1515950 1134
1515960 1130
1515970 1124
1515980 1119
1515990 1119
1516000 1113
1516010 1107
1516020 1107
1516030 1099
1516040 1094
1516050 1094
1516060 1092
1516070 1090
1516080 1090
1516090 1088
1516100 1085
1516110 1085
1516120 1083
1516130 1082
1516140 1082
1516150 1080
1516160 1079
1516170 1079
1516180 1078
1516190 1077
1516200 1075
1516210 1075
1516220 1076
1516230 1077
1516240 1077
1516250 1078
1516260 1078
1516270 1078
1516280 1081
1516290 1085
1516300 1085
1516310 1090
1516320 1092
1516330 1092
1516340 1092
1516350 1093
1516360 1093
1516370 1093
1516380 1094
1516390 1094
1516400 1094
1516410 1099
1516420 1107
1516430 1107
1516440 1113
1516450 1120
1516460 1120
1516470 1127
1516480 1132
1516490 1132
1516500 1134
1516510 1135
1516520 1135
1516530 1136
1516540 1137
1516550 1137
1516560 1138
1516570 1139
1516580 1139
1516590 1139
1516600 1140
1516610 1142
1516620 1142
1516630 1144
1516640 1147
1516650 1147
1516660 1149
1516670 1152
1516680 1152
1516690 1157
1516700 1161
1516710 1161
1516720 1164
1516730 1168
1516740 1168
1516750 1172
1516760 1176
1516770 1176
1516780 1180
1516790 1184
1516800 1188
1516810 1188
1516820 1192
1516830 1195
1516840 1195
1516850 1199
1516860 1204
1516870 1204
1516880 1210
1516890 1216
1516900 1216
1516910 1222
1516920 1228
1516930 1228
1516940 1234
1516950 1241
1516960 1241
1516970 1247
1516980 1255
1516990 1262
1517000 1262
1517010 1271
1517020 1280
1517030 1280
1517040 1288
1517050 1295
1517060 1295
1517070 1302
1517080 1307
1517090 1307
1517100 1313
1517110 1319
1517120 1319
1517130 1325
1517140 1331
1517150 1331
1517160 1337
1517170 1344
1517180 1344
1517190 1351
1517200 1359
1517210 1367
1517220 1367
1517230 1375
1517240 1383
1517250 1383
1517260 1391
1517270 1398
1517280 1398
1517290 1404
1517300 1410
1517310 1410
1517320 1415
1517330 1420
1517340 1420
1517350 1425
1517360 1430
1517370 1430
1517380 1435
1517390 1440
1517400 1445
1517410 1445
1517420 1449
1517430 1454
1517440 1454
1517450 1458
1517460 1462
1517470 1462
1517480 1466
1517490 1469
1517500 1469
1517510 1472
1517520 1476
1517530 1476
1517540 1480
1517550 1483
1517560 1483
1517570 1487
1517580 1490
1517590 1490
1517600 1494
1517610 1498
1517620 1502
1517630 1502
1517640 1507
1517650 1513
1517660 1513
1517670 1517
1517680 1522
1517690 1522
1517700 1526
1517710 1531
1517720 1531
1517730 1534
1517740 1536
1517750 1536
1517760 1539
1517770 1541
1517780 1541
1517790 1543
1517800 1546
1517810 1549
1517820 1549
1517830 1550
1517840 1552
1517850 1552
1517860 1554
1517870 1556
1517880 1556
1517890 1558
1517900 1562
1517910 1562
1517920 1565
1517930 1568
1517940 1568
1517950 1573
1517960 1578
1517970 1578
1517980 1582
1517990 1585
1518000 1585
1518010 1588
1518020 1592
1518030 1596
1518040 1596
1518050 1600
1518060 1604
1518070 1604
1518080 1609
1518090 1616
1518100 1616
1518110 1622
1518120 1626
1518130 1626
1518140 1629
1518150 1631
1518160 1631
1518170 1633
1518180 1635
1518190 1635
1518200 1639
1518210 1642
1518220 1644
1518230 1644
1518240 1645
1518250 1647
1518260 1647
1518270 1650
1518280 1654
1518290 1654
1518300 1658
1518310 1661
1518320 1661
1518330 1662
1518340 1664
1518350 1664
1518360 1667
1518370 1669
1518380 1669
1518390 1671
1518400 1675
1518410 1678
1518420 1678
1518430 1681
1518440 1685
1518450 1685
1518460 1689
1518470 1693
1518480 1693
1518490 1696
1518500 1700
1518510 1700
1518520 1703
1518530 1707
1518540 1707
1518550 1712
1518560 1717
1518570 1717
1518580 1721
1518590 1724
1518600 1724
1518610 1727
1518620 1730
1518630 1731
1518640 1731
1518650 1731
1518660 1730
1518670 1730
1518680 1730
1518690 1731
1518700 1731
1518710 1733
1518720 1735
1518730 1735
1518740 1739
1518750 1742
1518760 1742
1518770 1745
1518780 1747
1518790 1747
1518800 1748
1518810 1750
1518820 1752
1518830 1752
1518840 1754
1518850 1756
1518860 1756
1518870 1758
1518880 1760
1518890 1760
1518900 1761
1518910 1761
1518920 1761
1518930 1762
1518940 1761
1518950 1761
1518960 1758
1518970 1756
1518980 1756
1518990 1752
1519000 1749
1519010 1749
1519020 1746
1519030 1743
1519040 1740
1519050 1740
1519060 1737
1519070 1736
1519080 1736
1519090 1733
1519100 1729
1519110 1729
1519120 1726
1519130 1722
1519140 1722
1519150 1720
1519160 1717
1519170 1717
1519180 1714
1519190 1711
1519200 1711
1519210 1709
1519220 1706
1519230 1703
1519240 1703
1519250 1700
1519260 1698
1519270 1698
1519280 1696
1519290 1694
1519300 1694
1519310 1692
1519320 1690
1519330 1690
1519340 1688
1519350 1686
1519360 1686
1519370 1685
1519380 1684
1519390 1684
1519400 1682
1519410 1680
1519420 1685
1519430 1684
1519440 1683
1519450 1682
1519460 1682
1519470 1682
1519480 1682
1519490 1682
1519500 1682
1519510 1680
1519520 1680
1519530 1680
1519540 1680
1519550 1680
1519560 1679
1519570 1680
1519580 1680
1519590 1680
1519600 1681
1519610 1681
1519620 1682
1519630 1684
1519640 1688
1519650 1688
1519660 1691
1519670 1692
1519680 1692
1519690 1691
1519700 1691
1519710 1691
1519720 1690
1519730 1689
1519740 1689
1519750 1687
1519760 1685
1519770 1685
1519780 1684
1519790 1683
1519800 1683
1519810 1681
1519820 1680
1519830 1678
1519840 1678
1519850 1676
1519860 1674
1519870 1674
1519880 1671
1519890 1667
1519900 1667
1519910 1664
1519920 1662
1519930 1662
1519940 1663
1519950 1665
1519960 1665
1519970 1668
1519980 1671
1519990 1671
