1500000 1935
1500010 1933
1500020 1932
1500030 1932
1500040 1932
1500050 1936
1500060 1936
1500070 1938
1500080 1940
1500090 1946
1500100 1946
1500110 1949
1500120 1951
1500130 1951
1500140 1953
1500150 1954
1500160 1954
1500170 1955
1500180 1957
1500190 1957
1500200 1958
1500210 1961
1500220 1961
1500230 1964
1500240 1967
1500250 1967
1500260 1969
1500270 1970
1500280 1970
1500290 1972
1500300 1975
1500310 1977
1500320 1977
1500330 1981
1500340 1983
1500350 1983
1500360 1982
1500370 1984
1500380 1984
1500390 1989
1500400 1993
1500410 1993
1500420 1994
1500430 2010
1500440 2010
1500450 2015
1500460 2017
1500470 2017
1500480 2017
1500490 2017
1500500 2017
1500510 2021
1500520 2025
1500530 2028
1500540 2028
1500550 2029
1500560 2028
1500570 2028
1500580 2029
1500590 2029
1500600 2029
1500610 2035
1500620 2041
1500630 2041
1500640 2045
1500650 2050
1500660 2050
1500670 2056
1500680 2063
1500690 2063
1500700 2063
1500710 2063
1500720 2058
1500730 2058
1500740 2050
1500750 2047
1500760 2047
1500770 2048
1500780 2062
1500790 2062
1500800 2079
1500810 2094
1500820 2094
1500830 2104
1500840 2108
1500850 2108
1500860 2107
1500870 2110
1500880 2110
1500890 2117
1500900 2126
1500910 2126
1500920 2139
1500930 2147
1500940 2154
1500950 2154
1500960 2155
1500970 2154
1500980 2154
1500990 2162
1501000 2170
1501010 2170
1501020 2170
1501030 2170
1501040 2170
1501050 2177
1501060 2185
1501070 2185
1501080 2189
1501090 2191
1501100 2191
1501110 2190
1501120 2188
1501130 2188
1501140 2187
1501150 2186
1501160 2187
1501170 2187
1501180 2187
1501190 2186
1501200 2186
1501210 2185
1501220 2184
1501230 2184
1501240 2184
1501250 2188
1501260 2188
1501270 2186
1501280 2182
1501290 2182
1501300 2171
1501310 2168
1501320 2168
1501330 2158
1501340 2156
1501350 2156
1501360 2152
1501370 2145
1501380 2141
1501390 2141
1501400 2139
1501410 2136
1501420 2136
1501430 2133
1501440 2131
1501450 2131
1501460 2132
1501470 2136
1501480 2136
1501490 2139
1501500 2141
1501510 2141
1501520 2143
1501530 2146
1501540 2146
1501550 2151
1501560 2159
1501570 2159
1501580 2167
1501590 2166
1501600 2165
1501610 2165
1501620 2165
1501630 2163
1501640 2163
1501650 2161
1501660 2164
1501670 2164
1501680 2163
1501690 2164
1501700 2164
1501710 2165
1501720 2164
1501730 2164
1501740 2166
1501750 2172
1501760 2172
1501770 2178
1501780 2179
1501790 2179
1501800 2180
1501810 2179
1501820 2179
1501830 2179
1501840 2180
1501850 2181
1501860 2181
1501870 2183
1501880 2187
1501890 2187
1501900 2196
1501910 2205
1501920 2205
1501930 2210
1501940 2218
1501950 2218
1501960 2227
1501970 2240
1501980 2240
1501990 2248
1502000 2255
1502010 2255
1502020 2263
1502030 2275
1502040 2301
1502050 2301
1502060 2323
1502070 2338
1502080 2338
1502090 2343
1502100 2347
1502110 2347
1502120 2348
1502130 2351
1502140 2351
1502150 2359
1502160 2365
1502170 2365
1502180 2371
1502190 2379
1502200 2379
1502210 2388
1502220 2406
1502230 2415
1502240 2415
1502250 2400
1502260 2389
1502270 2389
1502280 2379
1502290 2370
1502300 2370
1502310 2363
1502320 2358
1502330 2358
1502340 2353
1502350 2350
1502360 2350
1502370 2349
1502380 2350
1502390 2350
1502400 2355
1502410 2369
1502420 2369
1502430 2400
1502440 2425
1502450 2423
1502460 2423
1502470 2412
1502480 2403
1502490 2403
1502500 2396
1502510 2392
1502520 2392
1502530 2387
1502540 2386
1502550 2386
1502560 2404
1502570 2406
1502580 2406
1502590 2401
1502600 2395
1502610 2395
1502620 2390
1502630 2385
1502640 2385
1502650 2382
1502660 2381
1502670 2382
1502680 2382
1502690 2388
1502700 2397
1502710 2397
1502720 2408
1502730 2417
1502740 2417
1502750 2420
1502760 2421
1502770 2421
1502780 2421
1502790 2422
1502800 2422
1502810 2424
1502820 2427
1502830 2427
1502840 2432
1502850 2437
1502860 2437
1502870 2441
1502880 2447
1502890 2452
1502900 2452
1502910 2455
1502920 2456
1502930 2456
1502940 2456
1502950 2456
1502960 2456
1502970 2456
1502980 2457
1502990 2457
1503000 2460
1503010 2462
1503020 2462
1503030 2463
1503040 2465
1503050 2465
1503060 2459
1503070 2443
1503080 2443
1503090 2435
1503100 2427
1503110 2420
1503120 2420
1503130 2409
1503140 2400
1503150 2400
1503160 2390
1503170 2381
1503180 2381
1503190 2373
1503200 2364
1503210 2364
1503220 2354
1503230 2342
1503240 2342
1503250 2330
1503260 2321
1503270 2321
1503280 2313
1503290 2306
1503300 2306
1503310 2298
1503320 2290
1503330 2283
1503340 2283
1503350 2275
1503360 2268
1503370 2268
1503380 2261
1503390 2254
1503400 2254
1503410 2248
1503420 2243
1503430 2243
1503440 2238
1503450 2233
1503460 2233
1503470 2230
1503480 2226
1503490 2226
1503500 2224
1503510 2225
1503520 2225
1503530 2228
1503540 2232
1503550 2234
1503560 2234
1503570 2235
1503580 2235
1503590 2235
1503600 2239
1503610 2253
1503620 2253
1503630 2257
1503640 2257
1503650 2257
1503660 2257
1503670 2261
1503680 2261
1503690 2265
1503700 2267
1503710 2267
1503720 2266
1503730 2260
1503740 2260
1503750 2255
1503760 2251
1503770 2252
1503780 2252
1503790 2279
1503800 2283
1503810 2283
1503820 2279
1503830 2274
1503840 2274
1503850 2270
1503860 2268
1503870 2268
1503880 2271
1503890 2280
1503900 2280
1503910 2302
1503920 2312
1503930 2312
1503940 2313
1503950 2315
1503960 2316
1503970 2316
1503980 2316
1503990 2314
1504000 2314
1504010 2311
1504020 2308
1504030 2308
1504040 2304
1504050 2300
1504060 2300
1504070 2296
1504080 2291
1504090 2291
1504100 2287
1504110 2279
1504120 2279
1504130 2270
1504140 2262
1504150 2262
1504160 2256
1504170 2249
1504180 2241
1504190 2241
1504200 2235
1504210 2228
1504220 2228
1504230 2222
1504240 2215
1504250 2215
1504260 2208
1504270 2203
1504280 2203
1504290 2198
1504300 2192
1504310 2192
1504320 2187
1504330 2183
1504340 2183
1504350 2178
1504360 2172
1504370 2172
1504380 2168
1504390 2165
1504400 2160
1504410 2160
1504420 2155
1504430 2151
1504440 2151
1504450 2147
1504460 2144
1504470 2144
1504480 2141
1504490 2137
1504500 2137
1504510 2133
1504520 2129
1504530 2129
1504540 2125
1504550 2122
1504560 2122
1504570 2119
1504580 2118
1504590 2118
1504600 2116
1504610 2112
1504620 2109
1504630 2109
1504640 2108
1504650 2107
1504660 2107
1504670 2108
1504680 2108
1504690 2108
1504700 2110
1504710 2114
1504720 2114
1504730 2116
1504740 2118
1504750 2118
1504760 2122
1504770 2125
1504780 2125
1504790 2130
1504800 2136
1504810 2136
1504820 2139
1504830 2141
1504840 2143
1504850 2143
1504860 2145
1504870 2148
1504880 2148
1504890 2150
1504900 2153
1504910 2153
1504920 2157
1504930 2161
1504940 2161
1504950 2165
1504960 2170
1504970 2170
1504980 2175
1504990 2180
1505000 2180
1505010 2186
1505020 2192
1505030 2192
1505040 2198
1505050 2202
1505060 2206
1505070 2206
1505080 2208
1505090 2211
1505100 2211
1505110 2213
1505120 2214
1505130 2214
1505140 2214
1505150 2214
1505160 2214
1505170 2214
1505180 2214
1505190 2214
1505200 2213
1505210 2212
1505220 2212
1505230 2211
1505240 2210
1505250 2210
1505260 2209
1505270 2207
1505280 2206
1505290 2206
1505300 2205
1505310 2204
1505320 2204
1505330 2201
1505340 2199
1505350 2199
1505360 2196
1505370 2194
1505380 2194
1505390 2191
1505400 2188
1505410 2188
1505420 2184
1505430 2178
1505440 2178
1505450 2172
1505460 2165
1505470 2158
1505480 2158
1505490 2151
1505500 2145
1505510 2145
1505520 2140
1505530 2136
1505540 2136
1505550 2131
1505560 2125
1505570 2125
1505580 2116
1505590 2107
1505600 2107
1505610 2099
1505620 2092
1505630 2092
1505640 2084
1505650 2077
1505660 2077
1505670 2070
1505680 2062
1505690 2055
1505700 2055
1505710 2048
1505720 2041
1505730 2041
1505740 2034
1505750 2028
1505760 2028
1505770 2022
1505780 2016
1505790 2016
1505800 2009
1505810 2003
1505820 2003
1505830 1997
1505840 1991
1505850 1991
1505860 1986
1505870 1982
1505880 1982
1505890 1977
1505900 1972
1505910 1968
1505920 1968
1505930 1965
1505940 1962
1505950 1962
1505960 1958
1505970 1955
1505980 1955
1505990 1954
1506000 1953
1506010 1953
1506020 1949
1506030 1945
1506040 1945
1506050 1943
1506060 1942
1506070 1942
1506080 1941
1506090 1940
1506100 1940
1506110 1937
1506120 1933
1506130 1928
1506140 1928
1506150 1923
1506160 1919
1506170 1919
1506180 1914
1506190 1911
1506200 1911
1506210 1907
1506220 1902
1506230 1902
1506240 1897
1506250 1889
1506260 1889
1506270 1882
1506280 1876
1506290 1876
1506300 1870
1506310 1864
1506320 1864
1506330 1860
1506340 1855
1506350 1850
1506360 1850
1506370 1845
1506380 1841
1506390 1841
1506400 1839
1506410 1834
1506420 1834
1506430 1829
1506440 1826
1506450 1826
1506460 1824
1506470 1824
1506480 1824
1506490 1823
1506500 1822
1506510 1822
1506520 1822
1506530 1821
1506540 1821
1506550 1821
1506560 1821
1506570 1820
1506580 1820
1506590 1820
1506600 1819
1506610 1819
1506620 1819
1506630 1820
1506640 1820
1506650 1820
1506660 1823
1506670 1823
1506680 1827
1506690 1830
1506700 1830
1506710 1834
1506720 1838
1506730 1838
1506740 1842
1506750 1846
1506760 1846
1506770 1849
1506780 1852
1506790 1857
1506800 1857
1506810 1860
1506820 1863
1506830 1863
1506840 1866
1506850 1870
1506860 1870
1506870 1874
1506880 1879
1506890 1879
1506900 1883
1506910 1886
1506920 1886
1506930 1890
1506940 1897
1506950 1897
1506960 1902
1506970 1916
1506980 1931
1506990 1931
1507000 1938
1507010 1935
1507020 1935
1507030 1944
1507040 1949
1507050 1949
1507060 1939
1507070 1934
1507080 1934
1507090 1930
1507100 1931
1507110 1931
1507120 1932
1507130 1942
1507140 1942
1507150 1962
1507160 1984
1507170 1984
1507180 1990
1507190 1990
1507200 1991
1507210 1991
1507220 1993
1507230 1996
1507240 1996
1507250 2000
1507260 2004
1507270 2004
1507280 2007
1507290 2006
1507300 2006
1507310 2010
1507320 2014
1507330 2014
1507340 2017
1507350 2019
1507360 2019
1507370 2019
1507380 2019
1507390 2019
1507400 2016
1507410 2013
1507420 2007
1507430 2007
1507440 2001
1507450 1993
1507460 1993
1507470 1985
1507480 1976
1507490 1976
1507500 1969
1507510 1961
1507520 1961
1507530 1954
1507540 1948
1507550 1948
1507560 1941
1507570 1934
1507580 1934
1507590 1929
1507600 1923
1507610 1923
1507620 1917
1507630 1912
1507640 1907
1507650 1907
1507660 1903
1507670 1898
1507680 1898
1507690 1893
1507700 1888
1507710 1888
1507720 1883
1507730 1878
1507740 1878
1507750 1872
1507760 1867
1507770 1867
1507780 1862
1507790 1858
1507800 1858
1507810 1853
1507820 1848
1507830 1848
1507840 1843
1507850 1838
1507860 1833
1507870 1833
1507880 1828
1507890 1823
1507900 1823
1507910 1819
1507920 1815
1507930 1815
1507940 1811
1507950 1807
1507960 1807
1507970 1803
1507980 1799
1507990 1799
1508000 1793
1508010 1788
1508020 1788
1508030 1783
1508040 1778
1508050 1778
1508060 1775
1508070 1772
1508080 1769
1508090 1769
1508100 1766
1508110 1764
1508120 1764
1508130 1763
1508140 1762
1508150 1762
1508160 1760
1508170 1758
1508180 1758
1508190 1756
1508200 1754
1508210 1754
1508220 1753
1508230 1751
1508240 1751
1508250 1749
1508260 1748
1508270 1748
1508280 1746
1508290 1744
1508300 1743
1508310 1743
1508320 1743
1508330 1742
1508340 1742
1508350 1739
1508360 1738
1508370 1738
1508380 1737
1508390 1736
1508400 1736
1508410 1735
1508420 1735
1508430 1735
1508440 1735
1508450 1734
1508460 1734
1508470 1734
1508480 1737
1508490 1737
1508500 1741
1508510 1744
1508520 1746
1508530 1746
1508540 1747
1508550 1749
1508560 1749
1508570 1750
1508580 1751
1508590 1751
1508600 1751
1508610 1748
1508620 1748
1508630 1747
1508640 1745
1508650 1745
1508660 1743
1508670 1741
1508680 1741
1508690 1737
1508700 1734
1508710 1731
1508720 1731
1508730 1729
1508740 1728
1508750 1728
1508760 1726
1508770 1723
1508780 1723
1508790 1722
1508800 1722
1508810 1722
1508820 1722
1508830 1721
1508840 1721
1508850 1720
1508860 1718
1508870 1718
1508880 1717
1508890 1715
1508900 1715
1508910 1713
1508920 1717
1508930 1718
1508940 1718
1508950 1719
1508960 1719
1508970 1719
1508980 1718
1508990 1715
1509000 1715
1509010 1711
1509020 1708
1509030 1708
1509040 1708
1509050 1709
1509060 1709
1509070 1710
1509080 1712
1509090 1712
1509100 1715
1509110 1717
1509120 1717
1509130 1721
1509140 1723
1509150 1726
1509160 1726
1509170 1730
1509180 1732
1509190 1732
1509200 1733
1509210 1733
1509220 1733
1509230 1732
1509240 1732
1509250 1732
1509260 1732
1509270 1732
1509280 1732
1509290 1733
1509300 1736
1509310 1736
1509320 1736
1509330 1736
1509340 1736
1509350 1737
1509360 1738
1509370 1738
1509380 1738
1509390 1737
1509400 1737
1509410 1737
1509420 1738
1509430 1739
1509440 1739
1509450 1740
1509460 1740
1509470 1740
1509480 1741
1509490 1743
1509500 1743
1509510 1745
1509520 1745
1509530 1745
1509540 1744
1509550 1742
1509560 1742
1509570 1738
1509580 1735
1509590 1736
1509600 1736
1509610 1738
1509620 1740
1509630 1740
1509640 1742
1509650 1742
1509660 1742
1509670 1744
1509680 1745
1509690 1745
1509700 1745
1509710 1744
1509720 1744
1509730 1744
1509740 1745
1509750 1745
1509760 1746
1509770 1747
1509780 1747
1509790 1746
1509800 1744
1509810 1742
1509820 1742
1509830 1739
1509840 1736
1509850 1736
1509860 1730
1509870 1723
1509880 1723
1509890 1717
1509900 1712
1509910 1712
1509920 1706
1509930 1698
1509940 1698
1509950 1691
1509960 1685
1509970 1685
1509980 1681
1509990 1677
1510000 1677
1510010 1673
1510020 1669
1510030 1663
1510040 1663
1510050 1656
1510060 1651
1510070 1651
1510080 1649
1510090 1648
1510100 1648
1510110 1647
1510120 1646
1510130 1646
1510140 1644
1510150 1640
1510160 1640
1510170 1636
1510180 1632
1510190 1632
1510200 1629
1510210 1627
1510220 1625
1510230 1625
1510240 1623
1510250 1622
1510260 1622
1510270 1622
1510280 1623
1510290 1623
1510300 1625
1510310 1627
1510320 1627
1510330 1629
1510340 1630
1510350 1630
1510360 1631
1510370 1633
1510380 1633
1510390 1636
1510400 1638
1510410 1638
1510420 1638
1510430 1641
1510440 1639
1510450 1639
1510460 1636
1510470 1647
1510480 1647
1510490 1652
1510500 1654
1510510 1654
1510520 1656
1510530 1657
1510540 1657
1510550 1658
1510560 1659
1510570 1659
1510580 1659
1510590 1659
1510600 1659
1510610 1660
1510620 1660
1510630 1660
1510640 1660
1510650 1659
1510660 1658
1510670 1658
1510680 1656
1510690 1653
1510700 1653
1510710 1651
1510720 1649
1510730 1649
1510740 1647
1510750 1645
1510760 1645
1510770 1645
1510780 1645
1510790 1645
1510800 1645
1510810 1645
1510820 1645
1510830 1643
1510840 1641
1510850 1641
1510860 1639
1510870 1637
1510880 1634
1510890 1634
1510900 1632
1510910 1635
1510920 1635
1510930 1635
1510940 1633
1510950 1633
1510960 1636
1510970 1641
1510980 1641
1510990 1646
1511000 1649
1511010 1649
1511020 1651
1511030 1652
1511040 1652
1511050 1650
1511060 1651
1511070 1651
1511080 1654
1511090 1658
1511100 1662
1511110 1662
1511120 1665
1511130 1668
1511140 1668
1511150 1671
1511160 1674
1511170 1674
1511180 1677
1511190 1680
1511200 1680
1511210 1682
1511220 1682
1511230 1682
1511240 1681
1511250 1675
1511260 1675
1511270 1678
1511280 1681
1511290 1681
1511300 1680
1511310 1678
1511320 1676
1511330 1676
1511340 1672
1511350 1668
1511360 1668
1511370 1663
1511380 1659
1511390 1659
1511400 1652
1511410 1644
1511420 1644
1511430 1637
1511440 1632
1511450 1632
1511460 1629
1511470 1627
1511480 1627
1511490 1624
1511500 1622
1511510 1622
1511520 1620
1511530 1619
1511540 1615
1511550 1615
1511560 1610
1511570 1605
1511580 1605
1511590 1599
1511600 1594
1511610 1594
1511620 1590
1511630 1585
1511640 1585
1511650 1578
1511660 1570
1511670 1570
1511680 1562
1511690 1555
1511700 1555
1511710 1549
1511720 1543
1511730 1538
1511740 1538
1511750 1531
1511760 1526
1511770 1526
1511780 1521
1511790 1514
1511800 1514
1511810 1508
1511820 1502
1511830 1502
1511840 1494
1511850 1486
1511860 1486
1511870 1477
1511880 1470
1511890 1470
1511900 1464
1511910 1457
1511920 1457
1511930 1451
1511940 1445
1511950 1439
1511960 1439
1511970 1432
1511980 1426
1511990 1426
1512000 1420
1512010 1415
1512020 1415
1512030 1409
1512040 1403
1512050 1403
1512060 1398
1512070 1393
1512080 1393
1512090 1387
1512100 1381
1512110 1381
1512120 1377
1512130 1374
1512140 1369
1512150 1363
1512160 1359
1512170 1372
1512180 1372
1512190 1385
1512200 1394
1512210 1394
1512220 1404
1512230 1420
1512240 1420
1512250 1439
1512260 1457
1512270 1457
1512280 1477
1512290 1498
1512300 1498
1512310 1518
1512320 1534
1512330 1534
1512340 1545
1512350 1556
1512360 1556
1512370 1566
1512380 1577
1512390 1588
1512400 1588
1512410 1596
1512420 1604
1512430 1604
1512440 1615
1512450 1625
1512460 1625
1512470 1634
1512480 1642
1512490 1642
1512500 1648
1512510 1652
1512520 1652
1512530 1656
1512540 1660
1512550 1660
1512560 1663
1512570 1666
1512580 1666
1512590 1669
1512600 1670
1512610 1670
1512620 1670
1512630 1671
1512640 1670
1512650 1670
1512660 1670
1512670 1670
1512680 1670
1512690 1669
1512700 1668
1512710 1668
1512720 1666
1512730 1665
1512740 1665
1512750 1663
1512760 1661
1512770 1661
1512780 1658
1512790 1655
1512800 1655
1512810 1652
1512820 1648
1512830 1645
1512840 1645
1512850 1641
1512860 1637
1512870 1637
1512880 1633
1512890 1631
1512900 1631
1512910 1629
1512920 1627
1512930 1627
1512940 1626
1512950 1624
1512960 1624
1512970 1622
1512980 1620
1512990 1620
1513000 1618
1513010 1617
1513020 1617
1513030 1617
1513040 1616
1513050 1615
1513060 1615
1513070 1613
1513080 1610
1513090 1610
1513100 1609
1513110 1607
1513120 1607
1513130 1606
1513140 1606
1513150 1606
1513160 1605
1513170 1603
1513180 1603
1513190 1602
1513200 1600
1513210 1600
1513220 1598
1513230 1596
1513240 1596
1513250 1594
1513260 1592
1513270 1589
1513280 1589
1513290 1585
1513300 1583
1513310 1583
1513320 1580
1513330 1578
1513340 1578
1513350 1576
1513360 1573
1513370 1573
1513380 1571
1513390 1568
1513400 1568
1513410 1566
1513420 1564
1513430 1564
1513440 1562
1513450 1558
1513460 1553
1513470 1553
1513480 1549
1513490 1545
1513500 1545
1513510 1542
1513520 1539
1513530 1539
1513540 1537
1513550 1533
1513560 1533
1513570 1530
1513580 1526
1513590 1526
1513600 1523
1513610 1520
1513620 1520
1513630 1515
1513640 1511
1513650 1511
1513660 1508
1513670 1503
1513680 1499
1513690 1499
1513700 1494
1513710 1489
1513720 1489
1513730 1484
1513740 1478
1513750 1478
1513760 1473
1513770 1472
1513780 1472
1513790 1481
1513800 1488
1513810 1488
1513820 1495
1513830 1502
1513840 1502
1513850 1507
1513860 1512
1513870 1512
1513880 1519
1513890 1526
1513900 1534
1513910 1534
1513920 1542
1513930 1547
1513940 1547
1513950 1550
1513960 1553
1513970 1553
1513980 1561
1513990 1567
1514000 1567
1514010 1573
1514020 1579
1514030 1579
1514040 1585
1514050 1591
1514060 1591
1514070 1597
1514080 1603
1514090 1603
1514100 1609
1514110 1615
1514120 1619
1514130 1619
1514140 1623
1514150 1626
1514160 1626
1514170 1630
1514180 1633
1514190 1633
1514200 1636
1514210 1638
1514220 1638
1514230 1641
1514240 1644
1514250 1644
1514260 1648
1514270 1654
1514280 1654
1514290 1657
1514300 1659
1514310 1659
1514320 1662
1514330 1665
1514340 1668
1514350 1668
1514360 1672
1514370 1676
1514380 1676
1514390 1681
1514400 1685
1514410 1685
1514420 1690
1514430 1695
1514440 1695
1514450 1698
1514460 1703
1514470 1703
1514480 1707
1514490 1711
1514500 1711
1514510 1712
1514520 1714
1514530 1714
1514540 1717
1514550 1720
1514560 1723
1514570 1723
1514580 1725
1514590 1726
1514600 1726
1514610 1726
1514620 1725
1514630 1725
1514640 1723
1514650 1721
1514660 1721
1514670 1719
1514680 1717
1514690 1717
1514700 1712
1514710 1706
1514720 1706
1514730 1702
1514740 1697
1514750 1697
1514760 1691
1514770 1685
1514780 1680
1514790 1680
1514800 1677
1514810 1674
1514820 1674
1514830 1671
1514840 1667
1514850 1667
1514860 1661
1514870 1656
1514880 1656
1514890 1649
1514900 1643
1514910 1643
1514920 1636
1514930 1629
1514940 1629
1514950 1623
1514960 1619
1514970 1619
1514980 1616
1514990 1611
1515000 1607
1515010 1607
1515020 1604
1515030 1601
1515040 1601
1515050 1597
1515060 1593
1515070 1593
1515080 1589
1515090 1585
1515100 1585
1515110 1581
1515120 1577
1515130 1577
1515140 1575
1515150 1572
1515160 1572
1515170 1568
1515180 1565
1515190 1561
1515200 1561
1515210 1557
1515220 1553
1515230 1553
1515240 1549
1515250 1545
1515260 1545
1515270 1542
1515280 1537
1515290 1537
1515300 1535
1515310 1531
1515320 1531
1515330 1526
1515340 1523
1515350 1523
1515360 1519
1515370 1515
1515380 1515
1515390 1511
1515400 1507
1515410 1503
1515420 1503
1515430 1500
1515440 1497
1515450 1497
1515460 1493
1515470 1488
1515480 1488
1515490 1484
1515500 1480
1515510 1480
1515520 1476
1515530 1473
1515540 1473
1515550 1470
1515560 1465
1515570 1465
1515580 1462
1515590 1459
1515600 1459
1515610 1457
1515620 1454
1515630 1453
1515640 1453
1515650 1451
1515660 1450
1515670 1450
1515680 1448
1515690 1446
1515700 1446
1515710 1445
1515720 1445
1515730 1445
1515740 1444
1515750 1444
1515760 1444
1515770 1449
1515780 1449
1515790 1449
1515800 1450
1515810 1452
1515820 1452
1515830 1455
1515840 1458
1515850 1459
1515860 1459
1515870 1461
1515880 1462
1515890 1462
1515900 1463
1515910 1464
1515920 1464
1515930 1465
1515940 1465
1515950 1465
1515960 1466
1515970 1467
1515980 1467
1515990 1469
1516000 1471
1516010 1471
1516020 1473
1516030 1476
1516040 1476
1516050 1478
1516060 1479
1516070 1482
1516080 1482
1516090 1485
1516100 1487
1516110 1487
1516120 1490
1516130 1493
1516140 1493
1516150 1497
1516160 1500
1516170 1500
1516180 1504
1516190 1507
1516200 1507
1516210 1510
1516220 1514
1516230 1514
1516240 1517
1516250 1521
1516260 1521
1516270 1524
1516280 1528
1516290 1532
1516300 1532
1516310 1535
1516320 1540
1516330 1540
1516340 1544
1516350 1548
1516360 1548
1516370 1550
1516380 1552
1516390 1552
1516400 1556
1516410 1558
1516420 1558
1516430 1559
1516440 1562
1516450 1562
1516460 1566
1516470 1570
1516480 1570
1516490 1575
1516500 1580
1516510 1585
1516520 1585
1516530 1590
1516540 1595
1516550 1595
1516560 1599
1516570 1602
1516580 1602
1516590 1604
1516600 1605
1516610 1605
1516620 1604
1516630 1600
1516640 1600
1516650 1600
1516660 1602
1516670 1602
1516680 1602
1516690 1603
1516700 1603
1516710 1603
1516720 1604
1516730 1607
1516740 1607
1516750 1611
1516760 1615
1516770 1615
1516780 1619
1516790 1623
1516800 1623
1516810 1625
1516820 1627
1516830 1627
1516840 1628
1516850 1629
1516860 1629
1516870 1630
1516880 1631
1516890 1631
1516900 1631
1516910 1632
1516920 1632
1516930 1632
1516940 1632
1516950 1632
1516960 1632
1516970 1632
1516980 1632
1516990 1632
1517000 1631
1517010 1631
1517020 1631
1517030 1630
1517040 1630
1517050 1630
1517060 1630
1517070 1629
1517080 1629
1517090 1628
1517100 1627
1517110 1627
1517120 1627
1517130 1626
1517140 1625
1517150 1625
1517160 1625
1517170 1624
1517180 1624
1517190 1625
1517200 1625
1517210 1625
1517220 1626
1517230 1626
1517240 1626
1517250 1625
1517260 1625
1517270 1625
1517280 1625
1517290 1624
1517300 1624
1517310 1623
1517320 1622
1517330 1622
1517340 1620
1517350 1618
1517360 1617
1517370 1617
1517380 1615
1517390 1613
1517400 1613
1517410 1611
1517420 1607
1517430 1607
1517440 1603
1517450 1601
1517460 1601
1517470 1598
1517480 1596
1517490 1596
1517500 1592
1517510 1589
1517520 1589
1517530 1587
1517540 1583
1517550 1583
1517560 1578
1517570 1581
1517580 1587
1517590 1587
1517600 1592
1517610 1596
1517620 1596
1517630 1598
1517640 1598
1517650 1598
1517660 1596
1517670 1599
1517680 1599
1517690 1605
1517700 1611
1517710 1611
1517720 1617
1517730 1625
1517740 1625
1517750 1632
1517760 1638
1517770 1638
1517780 1643
1517790 1648
1517800 1653
1517810 1653
1517820 1658
1517830 1662
1517840 1662
1517850 1664
1517860 1666
1517870 1666
1517880 1668
1517890 1669
1517900 1669
1517910 1671
1517920 1672
1517930 1672
1517940 1672
1517950 1671
1517960 1671
1517970 1670
1517980 1668
1517990 1668
1518000 1667
1518010 1666
1518020 1664
1518030 1664
1518040 1661
1518050 1658
1518060 1658
1518070 1656
1518080 1654
1518090 1654
1518100 1652
1518110 1649
1518120 1649
1518130 1645
1518140 1641
1518150 1641
1518160 1638
1518170 1631
1518180 1631
1518190 1622
1518200 1619
1518210 1619
1518220 1619
1518230 1621
1518240 1624
1518250 1624
1518260 1627
1518270 1630
1518280 1630
1518290 1632
1518300 1634
1518310 1634
1518320 1635
1518330 1635
1518340 1635
1518350 1637
1518360 1641
1518370 1641
1518380 1647
1518390 1653
1518400 1653
1518410 1658
1518420 1664
1518430 1669
1518440 1669
1518450 1675
1518460 1680
1518470 1680
1518480 1685
1518490 1687
1518500 1687
1518510 1690
1518520 1694
1518530 1694
1518540 1698
1518550 1702
1518560 1702
1518570 1706
1518580 1709
1518590 1709
1518600 1713
1518610 1716
1518620 1716
1518630 1719
1518640 1721
1518650 1723
1518660 1723
1518670 1727
1518680 1731
1518690 1731
1518700 1734
1518710 1737
1518720 1737
1518730 1739
1518740 1741
1518750 1741
1518760 1743
1518770 1744
1518780 1744
1518790 1745
1518800 1747
1518810 1747
1518820 1753
1518830 1759
1518840 1759
1518850 1765
1518860 1771
1518870 1776
1518880 1776
1518890 1781
1518900 1785
1518910 1785
1518920 1787
1518930 1790
1518940 1790
1518950 1794
1518960 1798
1518970 1798
1518980 1803
1518990 1807
1519000 1807
1519010 1810
1519020 1814
1519030 1814
1519040 1817
1519050 1820
1519060 1820
1519070 1822
1519080 1824
1519090 1825
1519100 1825
1519110 1826
1519120 1826
1519130 1826
1519140 1824
1519150 1822
1519160 1822
1519170 1820
1519180 1820
1519190 1820
1519200 1821
1519210 1821
1519220 1821
1519230 1820
1519240 1820
1519250 1820
1519260 1820
1519270 1821
1519280 1821
1519290 1822
1519300 1823
1519310 1824
1519320 1824
1519330 1824
1519340 1823
1519350 1823
1519360 1824
1519370 1826
1519380 1826
1519390 1826
1519400 1826
1519410 1826
1519420 1825
1519430 1823
1519440 1823
1519450 1822
1519460 1821
1519470 1821
1519480 1820
1519490 1819
1519500 1819
1519510 1817
1519520 1816
1519530 1815
1519540 1815
1519550 1814
1519560 1813
1519570 1813
1519580 1811
1519590 1809
1519600 1809
1519610 1808
1519620 1807
1519630 1807
1519640 1806
1519650 1805
1519660 1805
1519670 1803
1519680 1801
1519690 1801
1519700 1799
1519710 1797
1519720 1797
1519730 1794
1519740 1791
1519750 1787
1519760 1787
1519770 1784
1519780 1780
1519790 1780
1519800 1776
1519810 1774
1519820 1774
1519830 1773
1519840 1773
1519850 1773
1519860 1772
1519870 1772
1519880 1772
1519890 1771
1519900 1771
1519910 1771
1519920 1770
1519930 1769
1519940 1767
1519950 1767
1519960 1766
1519970 1766
1519980 1766
1519990 1765
