1500000 1714
1500010 1717
1500020 1723
1500030 1723
1500040 1727
1500050 1732
1500060 1739
1500070 1739
1500080 1744
1500090 1749
1500100 1749
1500110 1755
1500120 1759
1500130 1759
1500140 1761
1500150 1763
1500160 1763
1500170 1766
1500180 1770
1500190 1770
1500200 1774
1500210 1778
1500220 1778
1500230 1781
1500240 1783
1500250 1783
1500260 1784
1500270 1786
1500280 1788
1500290 1788
1500300 1789
1500310 1787
1500320 1787
1500330 1787
1500340 1789
1500350 1789
1500360 1789
1500370 1789
1500380 1789
1500390 1790
1500400 1790
1500410 1790
1500420 1788
1500430 1784
1500440 1784
1500450 1780
1500460 1774
1500470 1774
1500480 1772
1500490 1774
1500500 1778
1500510 1778
1500520 1784
1500530 1793
1500540 1793
1500550 1784
1500560 1775
1500570 1775
1500580 1772
1500590 1774
1500600 1774
1500610 1779
1500620 1781
1500630 1781
1500640 1780
1500650 1783
1500660 1783
1500670 1783
1500680 1786
1500690 1789
1500700 1789
1500710 1791
1500720 1799
1500730 1799
1500740 1812
1500750 1830
1500760 1830
1500770 1842
1500780 1844
1500790 1844
1500800 1844
1500810 1847
1500820 1847
1500830 1849
1500840 1851
1500850 1851
1500860 1853
1500870 1853
1500880 1853
1500890 1853
1500900 1855
1500910 1856
1500920 1856
1500930 1856
1500940 1857
1500950 1857
1500960 1859
1500970 1863
1500980 1863
1500990 1865
1501000 1871
1501010 1871
1501020 1877
1501030 1879
1501040 1879
1501050 1882
1501060 1888
1501070 1888
1501080 1892
1501090 1896
1501100 1896
1501110 1901
1501120 1908
1501130 1916
1501140 1916
1501150 1923
1501160 1929
1501170 1929
1501180 1935
1501190 1938
1501200 1938
1501210 1934
1501220 1938
1501230 1938
1501240 1941
1501250 1946
1501260 1946
1501270 1956
1501280 1973
1501290 1973
1501300 1991
1501310 1998
1501320 1998
1501330 2000
1501340 2002
1501350 2005
1501360 2005
1501370 2014
1501380 2022
1501390 2022
1501400 2026
1501410 2028
1501420 2028
1501430 2028
1501440 2028
1501450 2028
1501460 2030
1501470 2032
1501480 2032
1501490 2032
1501500 2030
1501510 2030
1501520 2027
1501530 2024
1501540 2024
1501550 2022
1501560 2021
1501570 2022
1501580 2022
1501590 2026
1501600 2033
1501610 2033
1501620 2035
1501630 2035
1501640 2035
1501650 2035
1501660 2033
1501670 2033
1501680 2031
1501690 2029
1501700 2029
1501710 2030
1501720 2036
1501730 2036
1501740 2042
1501750 2050
1501760 2050
1501770 2058
1501780 2065
1501790 2070
1501800 2070
1501810 2073
1501820 2075
1501830 2075
1501840 2078
1501850 2081
1501860 2081
1501870 2082
1501880 2084
1501890 2084
1501900 2086
1501910 2090
1501920 2090
1501930 2092
1501940 2093
1501950 2093
1501960 2093
1501970 2098
1501980 2099
1501990 2099
1502000 2101
1502010 2101
1502020 2101
1502030 2101
1502040 2103
1502050 2103
1502060 2107
1502070 2109
1502080 2109
1502090 2113
1502100 2117
1502110 2117
1502120 2119
1502130 2119
1502140 2119
1502150 2115
1502160 2110
1502170 2110
1502180 2108
1502190 2102
1502200 2098
1502210 2098
1502220 2093
1502230 2087
1502240 2087
1502250 2082
1502260 2077
1502270 2077
1502280 2076
1502290 2079
1502300 2079
1502310 2081
1502320 2082
1502330 2082
1502340 2084
1502350 2095
1502360 2095
1502370 2101
1502380 2110
1502390 2110
1502400 2124
1502410 2138
1502420 2149
1502430 2149
1502440 2160
1502450 2164
1502460 2164
1502470 2163
1502480 2159
1502490 2159
1502500 2156
1502510 2156
1502520 2156
1502530 2155
1502540 2154
1502550 2154
1502560 2157
1502570 2162
1502580 2162
1502590 2168
1502600 2178
1502610 2178
1502620 2190
1502630 2200
1502640 2214
1502650 2214
1502660 2225
1502670 2221
1502680 2221
1502690 2222
1502700 2224
1502710 2224
1502720 2222
1502730 2218
1502740 2218
1502750 2221
1502760 2221
1502770 2221
1502780 2218
1502790 2217
1502800 2217
1502810 2218
1502820 2219
1502830 2219
1502840 2221
1502850 2224
1502860 2232
1502870 2232
1502880 2239
1502890 2248
1502900 2248
1502910 2262
1502920 2270
1502930 2270
1502940 2272
1502950 2278
1502960 2278
1502970 2286
1502980 2298
1502990 2298
1503000 2311
1503010 2323
1503020 2323
1503030 2340
1503040 2362
1503050 2362
1503060 2379
1503070 2406
1503080 2418
1503090 2418
1503100 2416
1503110 2409
1503120 2409
1503130 2402
1503140 2396
1503150 2396
1503160 2389
1503170 2382
1503180 2382
1503190 2376
1503200 2369
1503210 2369
1503220 2363
1503230 2357
1503240 2357
1503250 2352
1503260 2347
1503270 2347
1503280 2343
1503290 2339
1503300 2337
1503310 2337
1503320 2333
1503330 2329
1503340 2329
1503350 2322
1503360 2320
1503370 2320
1503380 2337
1503390 2340
1503400 2340
1503410 2338
1503420 2335
1503430 2335
1503440 2332
1503450 2330
1503460 2330
1503470 2327
1503480 2325
1503490 2322
1503500 2322
1503510 2320
1503520 2319
1503530 2319
1503540 2318
1503550 2317
1503560 2317
1503570 2316
1503580 2316
1503590 2316
1503600 2316
1503610 2317
1503620 2317
1503630 2317
1503640 2318
1503650 2318
1503660 2319
1503670 2321
1503680 2321
1503690 2322
1503700 2324
1503710 2327
1503720 2327
1503730 2329
1503740 2331
1503750 2331
1503760 2331
1503770 2329
1503780 2329
1503790 2325
1503800 2319
1503810 2319
1503820 2313
1503830 2309
1503840 2309
1503850 2305
1503860 2303
1503870 2303
1503880 2303
1503890 2299
1503900 2299
1503910 2295
1503920 2295
1503930 2301
1503940 2301
1503950 2306
1503960 2304
1503970 2304
1503980 2299
1503990 2293
1504000 2293
1504010 2286
1504020 2282
1504030 2282
1504040 2282
1504050 2281
1504060 2281
1504070 2282
1504080 2284
1504090 2284
1504100 2288
1504110 2292
1504120 2292
1504130 2295
1504140 2302
1504150 2307
1504160 2307
1504170 2319
1504180 2338
1504190 2338
1504200 2340
1504210 2337
1504220 2337
1504230 2333
1504240 2330
1504250 2330
1504260 2328
1504270 2327
1504280 2327
1504290 2325
1504300 2324
1504310 2324
1504320 2321
1504330 2318
1504340 2318
1504350 2316
1504360 2315
1504370 2316
1504380 2316
1504390 2316
1504400 2315
1504410 2315
1504420 2315
1504430 2315
1504440 2315
1504450 2314
1504460 2312
1504470 2312
1504480 2311
1504490 2309
1504500 2309
1504510 2308
1504520 2306
1504530 2306
1504540 2304
1504550 2303
1504560 2303
1504570 2302
1504580 2301
1504590 2300
1504600 2300
1504610 2298
1504620 2297
1504630 2297
1504640 2295
1504650 2293
1504660 2293
1504670 2291
1504680 2289
1504690 2289
1504700 2288
1504710 2286
1504720 2286
1504730 2285
1504740 2283
1504750 2283
1504760 2281
1504770 2280
1504780 2280
1504790 2281
1504800 2280
1504810 2279
1504820 2279
1504830 2279
1504840 2279
1504850 2279
1504860 2280
1504870 2281
1504880 2281
1504890 2282
1504900 2284
1504910 2284
1504920 2287
1504930 2290
1504940 2290
1504950 2292
1504960 2295
1504970 2295
1504980 2296
1504990 2298
1505000 2300
1505010 2300
1505020 2301
1505030 2303
1505040 2303
1505050 2304
1505060 2306
1505070 2306
1505080 2308
1505090 2311
1505100 2311
1505110 2315
1505120 2319
1505130 2319
1505140 2323
1505150 2326
1505160 2326
1505170 2330
1505180 2333
1505190 2333
1505200 2335
1505210 2338
1505220 2340
1505230 2340
1505240 2342
1505250 2345
1505260 2345
1505270 2347
1505280 2344
1505290 2344
1505300 2338
1505310 2330
1505320 2330
1505330 2323
1505340 2316
1505350 2316
1505360 2309
1505370 2300
1505380 2300
1505390 2292
1505400 2283
1505410 2283
1505420 2272
1505430 2263
1505440 2254
1505450 2254
1505460 2243
1505470 2228
1505480 2228
1505490 2215
1505500 2206
1505510 2206
1505520 2195
1505530 2185
1505540 2185
1505550 2177
1505560 2170
1505570 2170
1505580 2164
1505590 2157
1505600 2157
1505610 2151
1505620 2145
1505630 2145
1505640 2139
1505650 2132
1505660 2126
1505670 2126
1505680 2121
1505690 2115
1505700 2115
1505710 2111
1505720 2107
1505730 2107
1505740 2103
1505750 2099
1505760 2099
1505770 2096
1505780 2093
1505790 2093
1505800 2091
1505810 2089
1505820 2089
1505830 2084
1505840 2079
1505850 2079
1505860 2072
1505870 2070
1505880 2069
1505890 2069
1505900 2069
1505910 2069
1505920 2069
1505930 2069
1505940 2068
1505950 2068
1505960 2066
1505970 2063
1505980 2063
1505990 2060
1506000 2057
1506010 2057
1506020 2056
1506030 2055
1506040 2055
1506050 2051
1506060 2046
1506070 2046
1506080 2041
1506090 2037
1506100 2033
1506110 2033
1506120 2029
1506130 2018
1506140 2018
1506150 2010
1506160 2002
1506170 2002
1506180 1996
1506190 1990
1506200 1990
1506210 1983
1506220 1976
1506230 1976
1506240 1971
1506250 1969
1506260 1969
1506270 1967
1506280 1965
1506290 1965
1506300 1965
1506310 1964
1506320 1962
1506330 1962
1506340 1961
1506350 1958
1506360 1958
1506370 1955
1506380 1952
1506390 1952
1506400 1949
1506410 1948
1506420 1948
1506430 1948
1506440 1947
1506450 1947
1506460 1946
1506470 1945
1506480 1945
1506490 1946
1506500 1944
1506510 1943
1506520 1943
1506530 1942
1506540 1943
1506550 1943
1506560 1946
1506570 1948
1506580 1948
1506590 1948
1506600 1949
1506610 1949
1506620 1948
1506630 1949
1506640 1949
1506650 1950
1506660 1952
1506670 1952
1506680 1955
1506690 1959
1506700 1959
1506710 1962
1506720 1965
1506730 1973
1506740 1973
1506750 1986
1506760 1995
1506770 1995
1506780 2007
1506790 2012
1506800 2012
1506810 2011
1506820 2009
1506830 2009
1506840 2007
1506850 2010
1506860 2010
1506870 2017
1506880 2026
1506890 2026
1506900 2038
1506910 2054
1506920 2054
1506930 2065
1506940 2074
1506950 2081
1506960 2081
1506970 2087
1506980 2090
1506990 2090
1507000 2093
1507010 2094
1507020 2094
1507030 2090
1507040 2089
1507050 2089
1507060 2088
1507070 2086
1507080 2086
1507090 2082
1507100 2075
1507110 2075
1507120 2068
1507130 2060
1507140 2060
1507150 2052
1507160 2046
1507170 2042
1507180 2042
1507190 2038
1507200 2034
1507210 2034
1507220 2030
1507230 2027
1507240 2027
1507250 2024
1507260 2019
1507270 2019
1507280 2015
1507290 2009
1507300 2009
1507310 2002
1507320 1993
1507330 1993
1507340 1986
1507350 1980
1507360 1980
1507370 1975
1507380 1971
1507390 1968
1507400 1968
1507410 1964
1507420 1959
1507430 1959
1507440 1954
1507450 1949
1507460 1949
1507470 1945
1507480 1942
1507490 1942
1507500 1938
1507510 1934
1507520 1934
1507530 1930
1507540 1925
1507550 1925
1507560 1921
1507570 1917
1507580 1917
1507590 1913
1507600 1908
1507610 1903
1507620 1903
1507630 1898
1507640 1892
1507650 1892
1507660 1885
1507670 1877
1507680 1877
1507690 1870
1507700 1863
1507710 1863
1507720 1856
1507730 1849
1507740 1849
1507750 1842
1507760 1837
1507770 1837
1507780 1835
1507790 1834
1507800 1831
1507810 1831
1507820 1829
1507830 1826
1507840 1826
1507850 1823
1507860 1821
1507870 1821
1507880 1818
1507890 1817
1507900 1817
1507910 1814
1507920 1812
1507930 1812
1507940 1810
1507950 1809
1507960 1809
1507970 1807
1507980 1805
1507990 1805
1508000 1803
1508010 1802
1508020 1802
1508030 1802
1508040 1803
1508050 1802
1508060 1802
1508070 1801
1508080 1801
1508090 1801
1508100 1799
1508110 1799
1508120 1799
1508130 1799
1508140 1799
1508150 1799
1508160 1798
1508170 1799
1508180 1799
1508190 1799
1508200 1802
1508210 1802
1508220 1807
1508230 1812
1508240 1817
1508250 1817
1508260 1821
1508270 1825
1508280 1825
1508290 1829
1508300 1832
1508310 1832
1508320 1834
1508330 1835
1508340 1835
1508350 1838
1508360 1844
1508370 1844
1508380 1849
1508390 1851
1508400 1851
1508410 1854
1508420 1857
1508430 1857
1508440 1860
1508450 1863
1508460 1865
1508470 1865
1508480 1867
1508490 1868
1508500 1868
1508510 1868
1508520 1869
1508530 1869
1508540 1869
1508550 1868
1508560 1868
1508570 1867
1508580 1868
1508590 1868
1508600 1869
1508610 1870
1508620 1870
1508630 1869
1508640 1867
1508650 1867
1508660 1866
1508670 1869
1508680 1872
1508690 1872
1508700 1874
1508710 1877
1508720 1877
1508730 1878
1508740 1877
1508750 1877
1508760 1875
1508770 1873
1508780 1873
1508790 1870
1508800 1869
1508810 1869
1508820 1869
1508830 1867
1508840 1867
1508850 1867
1508860 1867
1508870 1867
1508880 1868
1508890 1869
1508900 1867
1508910 1867
1508920 1865
1508930 1864
1508940 1864
1508950 1864
1508960 1864
1508970 1864
1508980 1867
1508990 1870
1509000 1870
1509010 1873
1509020 1876
1509030 1876
1509040 1879
1509050 1885
1509060 1885
1509070 1890
1509080 1896
1509090 1896
1509100 1900
1509110 1904
1509120 1906
1509130 1906
1509140 1908
1509150 1911
1509160 1911
1509170 1912
1509180 1910
1509190 1910
1509200 1908
1509210 1902
1509220 1902
1509230 1894
1509240 1886
1509250 1886
1509260 1878
1509270 1872
1509280 1872
1509290 1865
1509300 1858
1509310 1846
1509320 1846
1509330 1837
1509340 1830
1509350 1830
1509360 1824
1509370 1816
1509380 1816
1509390 1812
1509400 1807
1509410 1807
1509420 1801
1509430 1796
1509440 1796
1509450 1793
1509460 1792
1509470 1792
1509480 1792
1509490 1793
1509500 1793
1509510 1794
1509520 1794
1509530 1794
1509540 1794
1509550 1792
1509560 1790
1509570 1790
1509580 1786
1509590 1781
1509600 1781
1509610 1777
1509620 1773
1509630 1773
1509640 1771
1509650 1769
1509660 1769
1509670 1768
1509680 1767
1509690 1767
1509700 1766
1509710 1764
1509720 1764
1509730 1762
1509740 1761
1509750 1760
1509760 1760
1509770 1759
1509780 1756
1509790 1756
1509800 1755
1509810 1755
1509820 1755
1509830 1756
1509840 1758
1509850 1758
1509860 1760
1509870 1764
1509880 1764
1509890 1767
1509900 1767
1509910 1767
1509920 1768
1509930 1768
1509940 1768
1509950 1768
1509960 1767
1509970 1767
1509980 1767
1509990 1764
1510000 1761
1510010 1761
1510020 1758
1510030 1756
1510040 1756
1510050 1754
1510060 1754
1510070 1754
1510080 1754
1510090 1752
1510100 1752
1510110 1749
1510120 1749
1510130 1749
1510140 1750
1510150 1751
1510160 1751
1510170 1751
1510180 1752
1510190 1754
1510200 1754
1510210 1756
1510220 1757
1510230 1757
1510240 1758
1510250 1757
1510260 1757
1510270 1756
1510280 1754
1510290 1754
1510300 1755
1510310 1760
1510320 1760
1510330 1765
1510340 1768
1510350 1768
1510360 1773
1510370 1776
1510380 1776
1510390 1775
1510400 1777
1510410 1780
1510420 1780
1510430 1781
1510440 1781
1510450 1781
1510460 1782
1510470 1784
1510480 1784
1510490 1787
1510500 1788
1510510 1788
1510520 1789
1510530 1788
1510540 1788
1510550 1786
1510560 1784
1510570 1784
1510580 1781
1510590 1779
1510600 1780
1510610 1780
1510620 1781
1510630 1781
1510640 1781
1510650 1781
1510660 1780
1510670 1780
1510680 1779
1510690 1777
1510700 1777
1510710 1773
1510720 1772
1510730 1772
1510740 1770
1510750 1767
1510760 1767
1510770 1765
1510780 1761
1510790 1761
1510800 1761
1510810 1761
1510820 1760
1510830 1760
1510840 1759
1510850 1758
1510860 1758
1510870 1761
1510880 1767
1510890 1767
1510900 1770
1510910 1771
1510920 1771
1510930 1770
1510940 1772
1510950 1772
1510960 1775
1510970 1777
1510980 1777
1510990 1779
1511000 1782
1511010 1782
1511020 1786
1511030 1789
1511040 1792
1511050 1792
1511060 1794
1511070 1795
1511080 1795
1511090 1794
1511100 1794
1511110 1794
1511120 1795
1511130 1795
1511140 1795
1511150 1795
1511160 1796
1511170 1796
1511180 1796
1511190 1797
1511200 1797
1511210 1797
1511220 1796
1511230 1796
1511240 1794
1511250 1792
1511260 1790
1511270 1790
1511280 1787
1511290 1783
1511300 1783
1511310 1778
1511320 1773
1511330 1773
1511340 1768
1511350 1764
1511360 1764
1511370 1760
1511380 1755
1511390 1750
1511400 1745
1511410 1740
1511420 1740
1511430 1734
1511440 1728
1511450 1728
1511460 1723
1511470 1719
1511480 1714
1511490 1714
1511500 1708
1511510 1702
1511520 1702
1511530 1696
1511540 1690
1511550 1690
1511560 1682
1511570 1673
1511580 1673
1511590 1667
1511600 1661
1511610 1661
1511620 1655
1511630 1649
1511640 1649
1511650 1644
1511660 1641
1511670 1641
1511680 1636
1511690 1631
1511700 1627
1511710 1627
1511720 1622
1511730 1619
1511740 1619
1511750 1614
1511760 1607
1511770 1607
1511780 1602
1511790 1598
1511800 1598
1511810 1592
1511820 1587
1511830 1587
1511840 1582
1511850 1577
1511860 1577
1511870 1570
1511880 1564
1511890 1564
1511900 1562
1511910 1558
1511920 1552
1511930 1552
1511940 1547
1511950 1543
1511960 1543
1511970 1541
1511980 1537
1511990 1537
1512000 1531
1512010 1522
1512020 1522
1512030 1514
1512040 1511
1512050 1511
1512060 1512
1512070 1512
1512080 1512
1512090 1508
1512100 1502
1512110 1501
1512120 1501
1512130 1504
1512140 1501
1512150 1501
1512160 1496
1512170 1490
1512180 1490
1512190 1485
1512200 1478
1512210 1478
1512220 1471
1512230 1464
1512240 1464
1512250 1458
1512260 1453
1512270 1453
1512280 1451
1512290 1455
1512300 1455
1512310 1466
1512320 1477
1512330 1487
1512340 1487
1512350 1499
1512360 1510
1512370 1510
1512380 1517
1512390 1526
1512400 1526
1512410 1539
1512420 1550
1512430 1550
1512440 1562
1512450 1574
1512460 1574
1512470 1585
1512480 1593
1512490 1593
1512500 1602
1512510 1611
1512520 1611
1512530 1619
1512540 1626
1512550 1633
1512560 1633
1512570 1640
1512580 1649
1512590 1649
1512600 1658
1512610 1665
1512620 1665
1512630 1669
1512640 1675
1512650 1675
1512660 1682
1512670 1688
1512680 1688
1512690 1694
1512700 1699
1512710 1699
1512720 1703
1512730 1707
1512740 1707
1512750 1713
1512760 1720
1512770 1727
1512780 1727
1512790 1732
1512800 1737
1512810 1737
1512820 1741
1512830 1744
1512840 1744
1512850 1748
1512860 1750
1512870 1750
1512880 1752
1512890 1754
1512900 1754
1512910 1754
1512920 1755
1512930 1755
1512940 1755
1512950 1755
1512960 1755
1512970 1755
1512980 1754
1512990 1753
1513000 1753
1513010 1752
1513020 1751
1513030 1751
1513040 1748
1513050 1746
1513060 1746
1513070 1744
1513080 1741
1513090 1741
1513100 1739
1513110 1737
1513120 1737
1513130 1734
1513140 1731
1513150 1731
1513160 1727
1513170 1725
1513180 1725
1513190 1722
1513200 1720
1513210 1716
1513220 1716
1513230 1713
1513240 1709
1513250 1709
1513260 1705
1513270 1701
1513280 1701
1513290 1698
1513300 1695
1513310 1695
1513320 1691
1513330 1687
1513340 1687
1513350 1684
1513360 1680
1513370 1680
1513380 1676
1513390 1673
1513400 1673
1513410 1668
1513420 1664
1513430 1661
1513440 1661
1513450 1657
1513460 1654
1513470 1654
1513480 1650
1513490 1645
1513500 1645
1513510 1641
1513520 1636
1513530 1636
1513540 1633
1513550 1630
1513560 1630
1513570 1626
1513580 1622
1513590 1622
1513600 1619
1513610 1615
1513620 1612
1513630 1612
1513640 1608
1513650 1604
1513660 1604
1513670 1599
1513680 1595
1513690 1595
1513700 1590
1513710 1586
1513720 1586
1513730 1580
1513740 1574
1513750 1574
1513760 1573
1513770 1578
1513780 1578
1513790 1582
1513800 1585
1513810 1585
1513820 1589
1513830 1592
1513840 1596
1513850 1596
1513860 1600
1513870 1603
1513880 1603
1513890 1604
1513900 1605
1513910 1605
1513920 1607
1513930 1609
1513940 1609
1513950 1611
1513960 1612
1513970 1612
1513980 1613
1513990 1614
1514000 1614
1514010 1615
1514020 1616
1514030 1616
1514040 1617
1514050 1618
1514060 1621
1514070 1621
1514080 1622
1514090 1625
1514100 1625
1514110 1629
1514120 1633
1514130 1633
1514140 1639
1514150 1645
1514160 1645
1514170 1651
1514180 1655
1514190 1655
1514200 1658
1514210 1662
1514220 1662
1514230 1666
1514240 1672
1514250 1672
1514260 1679
1514270 1687
1514280 1695
1514290 1695
1514300 1699
1514310 1706
1514320 1706
1514330 1710
1514340 1714
1514350 1714
1514360 1715
1514370 1715
1514380 1715
1514390 1716
1514400 1717
1514410 1717
1514420 1717
1514430 1718
1514440 1718
1514450 1719
1514460 1720
1514470 1720
1514480 1722
1514490 1724
1514500 1727
1514510 1727
1514520 1729
1514530 1729
1514540 1729
1514550 1729
1514560 1728
1514570 1728
1514580 1726
1514590 1723
1514600 1723
1514610 1718
1514620 1713
1514630 1713
1514640 1708
1514650 1705
1514660 1705
1514670 1703
1514680 1701
1514690 1701
1514700 1698
1514710 1697
1514720 1696
1514730 1696
1514740 1695
1514750 1692
1514760 1692
1514770 1687
1514780 1683
1514790 1683
1514800 1679
1514810 1676
1514820 1676
1514830 1672
1514840 1668
1514850 1668
1514860 1664
1514870 1661
1514880 1661
1514890 1656
1514900 1651
1514910 1651
1514920 1646
1514930 1642
1514940 1639
1514950 1639
1514960 1636
1514970 1634
1514980 1634
1514990 1631
1515000 1626
1515010 1626
1515020 1620
1515030 1614
1515040 1614
1515050 1608
1515060 1602
1515070 1602
1515080 1597
1515090 1591
1515100 1591
1515110 1585
1515120 1579
1515130 1574
1515140 1574
1515150 1570
1515160 1565
1515170 1565
1515180 1562
1515190 1558
1515200 1558
1515210 1554
1515220 1550
1515230 1550
1515240 1547
1515250 1543
1515260 1543
1515270 1539
1515280 1536
1515290 1536
1515300 1533
1515310 1529
1515320 1529
1515330 1527
1515340 1524
1515350 1521
1515360 1521
1515370 1517
1515380 1514
1515390 1514
1515400 1511
1515410 1507
1515420 1507
1515430 1504
1515440 1501
1515450 1501
1515460 1496
1515470 1491
1515480 1491
1515490 1487
1515500 1485
1515510 1485
1515520 1482
1515530 1479
1515540 1479
1515550 1476
1515560 1474
1515570 1472
1515580 1472
1515590 1470
1515600 1469
1515610 1469
1515620 1467
1515630 1465
1515640 1465
1515650 1466
1515660 1467
1515670 1467
1515680 1468
1515690 1468
1515700 1468
1515710 1469
1515720 1470
1515730 1470
1515740 1470
1515750 1470
1515760 1469
1515770 1469
1515780 1469
1515790 1472
1515800 1472
1515810 1473
1515820 1475
1515830 1475
1515840 1476
1515850 1477
1515860 1477
1515870 1479
1515880 1480
1515890 1480
1515900 1482
1515910 1483
1515920 1483
1515930 1485
1515940 1487
1515950 1487
1515960 1488
1515970 1491
1515980 1491
1515990 1493
1516000 1497
1516010 1502
1516020 1502
1516030 1506
1516040 1509
1516050 1509
1516060 1512
1516070 1514
1516080 1514
1516090 1516
1516100 1518
1516110 1518
1516120 1521
1516130 1523
1516140 1523
1516150 1526
1516160 1529
1516170 1529
1516180 1531
1516190 1533
1516200 1533
1516210 1534
1516220 1536
1516230 1538
1516240 1538
1516250 1540
1516260 1542
1516270 1542
1516280 1544
1516290 1547
1516300 1547
1516310 1549
1516320 1551
1516330 1551
1516340 1553
1516350 1555
1516360 1555
1516370 1557
1516380 1561
1516390 1561
1516400 1564
1516410 1566
1516420 1566
1516430 1570
1516440 1573
1516450 1577
1516460 1577
1516470 1580
1516480 1583
1516490 1583
1516500 1586
1516510 1590
1516520 1590
1516530 1593
1516540 1598
1516550 1598
1516560 1602
1516570 1606
1516580 1606
1516590 1609
1516600 1613
1516610 1613
1516620 1616
1516630 1620
1516640 1622
1516650 1622
1516660 1626
1516670 1629
1516680 1629
1516690 1631
1516700 1633
1516710 1633
1516720 1634
1516730 1635
1516740 1635
1516750 1639
1516760 1644
1516770 1644
1516780 1649
1516790 1655
1516800 1655
1516810 1660
1516820 1665
1516830 1665
1516840 1669
1516850 1672
1516860 1675
1516870 1675
1516880 1677
1516890 1679
1516900 1679
1516910 1681
1516920 1682
1516930 1682
1516940 1684
1516950 1687
1516960 1687
1516970 1690
1516980 1691
1516990 1691
1517000 1693
1517010 1694
1517020 1694
1517030 1697
1517040 1699
1517050 1699
1517060 1701
1517070 1705
1517080 1709
1517090 1709
1517100 1712
1517110 1717
1517120 1717
1517130 1723
1517140 1729
1517150 1729
1517160 1733
1517170 1735
1517180 1735
1517190 1737
1517200 1738
1517210 1738
1517220 1739
1517230 1740
1517240 1740
1517250 1739
1517260 1738
1517270 1738
1517280 1737
1517290 1735
1517300 1733
1517310 1733
1517320 1729
1517330 1726
1517340 1726
1517350 1724
1517360 1723
1517370 1723
1517380 1720
1517390 1717
1517400 1717
1517410 1714
1517420 1711
1517430 1711
1517440 1709
1517450 1705
1517460 1705
1517470 1699
1517480 1693
1517490 1693
1517500 1688
1517510 1687
1517520 1694
1517530 1694
1517540 1702
1517550 1703
1517560 1703
1517570 1701
1517580 1704
1517590 1704
1517600 1709
1517610 1716
1517620 1716
1517630 1723
1517640 1729
1517650 1729
1517660 1732
1517670 1735
1517680 1735
1517690 1737
1517700 1740
1517710 1740
1517720 1744
1517730 1749
1517740 1754
1517750 1754
1517760 1757
1517770 1760
1517780 1760
1517790 1762
1517800 1763
1517810 1763
1517820 1763
1517830 1761
1517840 1761
1517850 1759
1517860 1759
1517870 1759
1517880 1758
1517890 1758
1517900 1758
1517910 1760
1517920 1760
1517930 1760
1517940 1757
1517950 1754
1517960 1750
1517970 1750
1517980 1745
1517990 1738
1518000 1738
1518010 1732
1518020 1727
1518030 1727
1518040 1726
1518050 1728
1518060 1728
1518070 1731
1518080 1733
1518090 1733
1518100 1737
1518110 1740
1518120 1740
1518130 1743
1518140 1745
1518150 1746
1518160 1746
1518170 1747
1518180 1747
1518190 1747
1518200 1748
1518210 1749
1518220 1749
1518230 1751
1518240 1752
1518250 1752
1518260 1752
1518270 1753
1518280 1753
1518290 1753
1518300 1754
1518310 1754
1518320 1755
1518330 1755
1518340 1755
1518350 1754
1518360 1752
1518370 1752
1518380 1752
1518390 1757
1518400 1761
1518410 1761
1518420 1764
1518430 1768
1518440 1768
1518450 1773
1518460 1779
1518470 1779
1518480 1785
1518490 1790
1518500 1790
1518510 1795
1518520 1800
1518530 1800
1518540 1804
1518550 1807
1518560 1807
1518570 1810
1518580 1813
1518590 1816
1518600 1816
1518610 1819
1518620 1822
1518630 1822
1518640 1824
1518650 1823
1518660 1823
1518670 1824
1518680 1826
1518690 1826
1518700 1827
1518710 1829
1518720 1829
1518730 1832
1518740 1837
1518750 1837
1518760 1843
1518770 1848
1518780 1848
1518790 1853
1518800 1858
1518810 1863
1518820 1863
1518830 1868
1518840 1873
1518850 1873
1518860 1878
1518870 1883
1518880 1883
1518890 1889
1518900 1895
1518910 1895
1518920 1899
1518930 1903
1518940 1903
1518950 1907
1518960 1910
1518970 1910
1518980 1911
1518990 1913
1519000 1913
1519010 1915
1519020 1918
1519030 1918
1519040 1918
1519050 1918
1519060 1918
1519070 1918
1519080 1918
1519090 1918
1519100 1918
1519110 1918
1519120 1917
1519130 1917
1519140 1916
1519150 1916
1519160 1916
1519170 1917
1519180 1917
1519190 1917
1519200 1918
1519210 1918
1519220 1918
1519230 1917
1519240 1918
1519250 1918
1519260 1918
1519270 1917
1519280 1916
1519290 1916
1519300 1915
1519310 1913
1519320 1913
1519330 1911
1519340 1909
1519350 1909
1519360 1907
1519370 1906
1519380 1906
1519390 1904
1519400 1902
1519410 1902
1519420 1901
1519430 1899
1519440 1899
1519450 1897
1519460 1895
1519470 1893
1519480 1893
1519490 1891
1519500 1889
1519510 1889
1519520 1888
1519530 1886
1519540 1886
1519550 1884
1519560 1881
1519570 1881
1519580 1879
1519590 1876
1519600 1875
1519610 1872
1519620 1869
1519630 1869
1519640 1865
1519650 1862
1519660 1859
1519670 1859
1519680 1856
1519690 1854
1519700 1854
1519710 1852
1519720 1849
1519730 1849
1519740 1846
1519750 1844
1519760 1844
1519770 1841
1519780 1838
1519790 1838
1519800 1835
1519810 1832
1519820 1832
1519830 1828
1519840 1825
1519850 1825
1519860 1822
1519870 1819
1519880 1818
1519890 1818
1519900 1816
1519910 1813
1519920 1813
1519930 1811
1519940 1809
1519950 1809
1519960 1806
1519970 1804
1519980 1804
1519990 1800
