1500000 2278
1500010 2286
1500020 2291
1500030 2291
1500040 2289
1500050 2285
1500060 2285
1500070 2285
1500080 2286
1500090 2286
1500100 2285
1500110 2285
1500120 2285
1500130 2284
1500140 2284
1500150 2291
1500160 2291
1500170 2297
1500180 2302
1500190 2302
1500200 2305
1500210 2311
1500220 2311
1500230 2321
1500240 2334
1500250 2334
1500260 2344
1500270 2345
1500280 2345
1500290 2344
1500300 2344
1500310 2344
1500320 2342
1500330 2341
1500340 2339
1500350 2339
1500360 2340
1500370 2344
1500380 2344
1500390 2347
1500400 2351
1500410 2351
1500420 2355
1500430 2359
1500440 2359
1500450 2363
1500460 2368
1500470 2368
1500480 2374
1500490 2380
1500500 2380
1500510 2385
1500520 2390
1500530 2390
1500540 2390
1500550 2386
1500560 2381
1500570 2381
1500580 2375
1500590 2372
1500600 2372
1500610 2373
1500620 2383
1500630 2383
1500640 2392
1500650 2395
1500660 2395
1500670 2400
1500680 2410
1500690 2410
1500700 2417
1500710 2419
1500720 2419
1500730 2417
1500740 2415
1500750 2415
1500760 2413
1500770 2409
1500780 2406
1500790 2406
1500800 2405
1500810 2403
1500820 2403
1500830 2402
1500840 2400
1500850 2400
1500860 2399
1500870 2398
1500880 2398
1500890 2398
1500900 2399
1500910 2399
1500920 2400
1500930 2407
1500940 2407
1500950 2413
1500960 2409
1500970 2409
1500980 2404
1500990 2400
1501000 2395
1501010 2395
1501020 2388
1501030 2383
1501040 2383
1501050 2378
1501060 2374
1501070 2374
1501080 2371
1501090 2369
1501100 2369
1501110 2367
1501120 2364
1501130 2364
1501140 2364
1501150 2369
1501160 2369
1501170 2366
1501180 2361
1501190 2361
1501200 2355
1501210 2348
1501220 2343
1501230 2343
1501240 2337
1501250 2333
1501260 2333
1501270 2331
1501280 2323
1501290 2323
1501300 2317
1501310 2313
1501320 2313
1501330 2311
1501340 2313
1501350 2313
1501360 2317
1501370 2315
1501380 2315
1501390 2310
1501400 2305
1501410 2305
1501420 2300
1501430 2296
1501440 2293
1501450 2293
1501460 2291
1501470 2288
1501480 2288
1501490 2286
1501500 2284
1501510 2284
1501520 2282
1501530 2281
1501540 2281
1501550 2280
1501560 2280
1501570 2280
1501580 2279
1501590 2279
1501600 2279
1501610 2282
1501620 2276
1501630 2276
1501640 2274
1501650 2276
1501660 2271
1501670 2271
1501680 2265
1501690 2262
1501700 2262
1501710 2260
1501720 2256
1501730 2256
1501740 2254
1501750 2252
1501760 2252
1501770 2253
1501780 2253
1501790 2253
1501800 2252
1501810 2250
1501820 2250
1501830 2249
1501840 2248
1501850 2248
1501860 2249
1501870 2249
1501880 2249
1501890 2249
1501900 2247
1501910 2244
1501920 2244
1501930 2241
1501940 2237
1501950 2237
1501960 2235
1501970 2233
1501980 2233
1501990 2231
1502000 2228
1502010 2228
1502020 2226
1502030 2225
1502040 2225
1502050 2224
1502060 2224
1502070 2224
1502080 2224
1502090 2224
1502100 2224
1502110 2224
1502120 2224
1502130 2225
1502140 2225
1502150 2225
1502160 2226
1502170 2226
1502180 2225
1502190 2224
1502200 2224
1502210 2222
1502220 2219
1502230 2219
1502240 2216
1502250 2213
1502260 2213
1502270 2210
1502280 2207
1502290 2202
1502300 2202
1502310 2197
1502320 2193
1502330 2193
1502340 2189
1502350 2186
1502360 2186
1502370 2183
1502380 2180
1502390 2180
1502400 2175
1502410 2170
1502420 2170
1502430 2167
1502440 2164
1502450 2164
1502460 2161
1502470 2158
1502480 2158
1502490 2157
1502500 2155
1502510 2153
1502520 2153
1502530 2152
1502540 2150
1502550 2150
1502560 2149
1502570 2145
1502580 2145
1502590 2141
1502600 2140
1502610 2140
1502620 2142
1502630 2142
1502640 2142
1502650 2143
1502660 2144
1502670 2144
1502680 2147
1502690 2153
1502700 2153
1502710 2156
1502720 2157
1502730 2158
1502740 2158
1502750 2158
1502760 2157
1502770 2157
1502780 2156
1502790 2156
1502800 2156
1502810 2170
1502820 2188
1502830 2188
1502840 2187
1502850 2193
1502860 2193
1502870 2209
1502880 2221
1502890 2221
1502900 2223
1502910 2227
1502920 2227
1502930 2231
1502940 2235
1502950 2238
1502960 2238
1502970 2239
1502980 2238
1502990 2238
1503000 2237
1503010 2234
1503020 2234
1503030 2229
1503040 2223
1503050 2223
1503060 2216
1503070 2208
1503080 2208
1503090 2200
1503100 2191
1503110 2191
1503120 2184
1503130 2177
1503140 2177
1503150 2170
1503160 2165
1503170 2162
1503180 2162
1503190 2159
1503200 2156
1503210 2156
1503220 2153
1503230 2150
1503240 2150
1503250 2147
1503260 2143
1503270 2143
1503280 2139
1503290 2137
1503300 2137
1503310 2136
1503320 2134
1503330 2134
1503340 2132
1503350 2130
1503360 2130
1503370 2129
1503380 2130
1503390 2130
1503400 2130
1503410 2130
1503420 2132
1503430 2132
1503440 2135
1503450 2138
1503460 2138
1503470 2140
1503480 2141
1503490 2141
1503500 2145
1503510 2156
1503520 2156
1503530 2171
1503540 2187
1503550 2187
1503560 2196
1503570 2197
1503580 2197
1503590 2190
1503600 2180
1503610 2172
1503620 2172
1503630 2162
1503640 2143
1503650 2143
1503660 2121
1503670 2112
1503680 2112
1503690 2103
1503700 2095
1503710 2095
1503720 2087
1503730 2079
1503740 2079
1503750 2072
1503760 2065
1503770 2065
1503780 2059
1503790 2054
1503800 2054
1503810 2048
1503820 2041
1503830 2034
1503840 2034
1503850 2026
1503860 2022
1503870 2022
1503880 2020
1503890 2017
1503900 2017
1503910 2016
1503920 2012
1503930 2008
1503940 2002
1503950 1996
1503960 1996
1503970 1995
1503980 1994
1503990 1994
1504000 1990
1504010 1986
1504020 1984
1504030 1984
1504040 1983
1504050 1982
1504060 1982
1504070 1980
1504080 1979
1504090 1979
1504100 1978
1504110 1980
1504120 1980
1504130 1982
1504140 1983
1504150 1983
1504160 1985
1504170 1987
1504180 1987
1504190 1989
1504200 1992
1504210 1992
1504220 1994
1504230 1999
1504240 2003
1504250 2003
1504260 2007
1504270 2030
1504280 2030
1504290 2059
1504300 2071
1504310 2071
1504320 2071
1504330 2066
1504340 2066
1504350 2059
1504360 2055
1504370 2055
1504380 2053
1504390 2051
1504400 2051
1504410 2048
1504420 2050
1504430 2050
1504440 2051
1504450 2051
1504460 2057
1504470 2057
1504480 2065
1504490 2091
1504500 2091
1504510 2093
1504520 2080
1504530 2080
1504540 2074
1504550 2069
1504560 2069
1504570 2064
1504580 2058
1504590 2058
1504600 2051
1504610 2044
1504620 2044
1504630 2036
1504640 2027
1504650 2027
1504660 2019
1504670 2011
1504680 2003
1504690 2003
1504700 1995
1504710 1988
1504720 1988
1504730 1981
1504740 1973
1504750 1973
1504760 1966
1504770 1958
1504780 1958
1504790 1952
1504800 1947
1504810 1947
1504820 1939
1504830 1932
1504840 1932
1504850 1926
1504860 1920
1504870 1920
1504880 1915
1504890 1908
1504900 1903
1504910 1903
1504920 1899
1504930 1893
1504940 1893
1504950 1887
1504960 1882
1504970 1882
1504980 1877
1504990 1874
1505000 1874
1505010 1873
1505020 1871
1505030 1871
1505040 1871
1505050 1871
1505060 1871
1505070 1871
1505080 1871
1505090 1871
1505100 1872
1505110 1873
1505120 1874
1505130 1874
1505140 1874
1505150 1874
1505160 1874
1505170 1876
1505180 1877
1505190 1877
1505200 1880
1505210 1884
1505220 1884
1505230 1887
1505240 1887
1505250 1887
1505260 1885
1505270 1882
1505280 1882
1505290 1883
1505300 1885
1505310 1885
1505320 1889
1505330 1894
1505340 1899
1505350 1899
1505360 1905
1505370 1912
1505380 1912
1505390 1918
1505400 1924
1505410 1924
1505420 1928
1505430 1938
1505440 1938
1505450 1957
1505460 1971
1505470 1971
1505480 1979
1505490 1986
1505500 1986
1505510 1991
1505520 1995
1505530 1995
1505540 1998
1505550 2001
1505560 2006
1505570 2006
1505580 2012
1505590 2018
1505600 2018
1505610 2024
1505620 2028
1505630 2028
1505640 2028
1505650 2028
1505660 2028
1505670 2028
1505680 2026
1505690 2026
1505700 2026
1505710 2026
1505720 2026
1505730 2024
1505740 2021
1505750 2021
1505760 2019
1505770 2018
1505780 2017
1505790 2017
1505800 2017
1505810 2016
1505820 2016
1505830 2015
1505840 2014
1505850 2014
1505860 2012
1505870 2010
1505880 2010
1505890 2008
1505900 2006
1505910 2006
1505920 2003
1505930 2000
1505940 2000
1505950 1997
1505960 1993
1505970 1989
1505980 1989
1505990 1984
1506000 1978
1506010 1978
1506020 1974
1506030 1971
1506040 1971
1506050 1970
1506060 1969
1506070 1969
1506080 1966
1506090 1964
1506100 1964
1506110 1963
1506120 1961
1506130 1961
1506140 1960
1506150 1958
1506160 1958
1506170 1957
1506180 1958
1506190 1957
1506200 1957
1506210 1956
1506220 1953
1506230 1953
1506240 1952
1506250 1953
1506260 1953
1506270 1954
1506280 1952
1506290 1952
1506300 1949
1506310 1945
1506320 1945
1506330 1940
1506340 1934
1506350 1934
1506360 1929
1506370 1924
1506380 1924
1506390 1918
1506400 1913
1506410 1908
1506420 1908
1506430 1904
1506440 1902
1506450 1902
1506460 1899
1506470 1895
1506480 1895
1506490 1889
1506500 1881
1506510 1881
1506520 1874
1506530 1868
1506540 1868
1506550 1862
1506560 1856
1506570 1856
1506580 1849
1506590 1843
1506600 1843
1506610 1837
1506620 1833
1506630 1830
1506640 1830
1506650 1826
1506660 1821
1506670 1821
1506680 1817
1506690 1812
1506700 1812
1506710 1808
1506720 1805
1506730 1805
1506740 1801
1506750 1794
1506760 1794
1506770 1787
1506780 1781
1506790 1781
1506800 1775
1506810 1771
1506820 1771
1506830 1766
1506840 1761
1506850 1756
1506860 1756
1506870 1751
1506880 1745
1506890 1745
1506900 1739
1506910 1733
1506920 1733
1506930 1728
1506940 1726
1506950 1726
1506960 1723
1506970 1720
1506980 1720
1506990 1715
1507000 1711
1507010 1711
1507020 1709
1507030 1708
1507040 1708
1507050 1704
1507060 1701
1507070 1698
1507080 1698
1507090 1699
1507100 1700
1507110 1700
1507120 1700
1507130 1701
1507140 1701
1507150 1701
1507160 1702
1507170 1702
1507180 1703
1507190 1703
1507200 1703
1507210 1705
1507220 1707
1507230 1707
1507240 1711
1507250 1720
1507260 1720
1507270 1727
1507280 1733
1507290 1735
1507300 1735
1507310 1738
1507320 1741
1507330 1741
1507340 1743
1507350 1745
1507360 1745
1507370 1748
1507380 1751
1507390 1751
1507400 1753
1507410 1756
1507420 1756
1507430 1759
1507440 1762
1507450 1762
1507460 1764
1507470 1766
1507480 1766
1507490 1768
1507500 1769
1507510 1769
1507520 1769
1507530 1767
1507540 1767
1507550 1767
1507560 1766
1507570 1764
1507580 1764
1507590 1761
1507600 1758
1507610 1758
1507620 1755
1507630 1753
1507640 1753
1507650 1751
1507660 1749
1507670 1749
1507680 1746
1507690 1743
1507700 1743
1507710 1742
1507720 1743
1507730 1742
1507740 1742
1507750 1740
1507760 1739
1507770 1739
1507780 1737
1507790 1734
1507800 1734
1507810 1731
1507820 1728
1507830 1728
1507840 1726
1507850 1722
1507860 1722
1507870 1718
1507880 1714
1507890 1714
1507900 1711
1507910 1707
1507920 1702
1507930 1702
1507940 1698
1507950 1693
1507960 1693
1507970 1689
1507980 1686
1507990 1686
1508000 1683
1508010 1679
1508020 1679
1508030 1675
1508040 1671
1508050 1671
1508060 1667
1508070 1665
1508080 1665
1508090 1661
1508100 1657
1508110 1657
1508120 1653
1508130 1649
1508140 1646
1508150 1646
1508160 1644
1508170 1641
1508180 1641
1508190 1639
1508200 1637
1508210 1637
1508220 1636
1508230 1636
1508240 1636
1508250 1636
1508260 1633
1508270 1633
1508280 1631
1508290 1629
1508300 1629
1508310 1628
1508320 1625
1508330 1625
1508340 1622
1508350 1618
1508360 1615
1508370 1615
1508380 1612
1508390 1607
1508400 1607
1508410 1603
1508420 1598
1508430 1598
1508440 1594
1508450 1591
1508460 1591
1508470 1587
1508480 1585
1508490 1585
1508500 1582
1508510 1579
1508520 1579
1508530 1577
1508540 1574
1508550 1574
1508560 1572
1508570 1570
1508580 1568
1508590 1568
1508600 1566
1508610 1563
1508620 1563
1508630 1561
1508640 1561
1508650 1561
1508660 1560
1508670 1558
1508680 1558
1508690 1557
1508700 1557
1508710 1557
1508720 1556
1508730 1556
1508740 1556
1508750 1555
1508760 1554
1508770 1554
1508780 1553
1508790 1552
1508800 1549
1508810 1549
1508820 1546
1508830 1540
1508840 1540
1508850 1533
1508860 1525
1508870 1525
1508880 1517
1508890 1509
1508900 1509
1508910 1503
1508920 1498
1508930 1498
1508940 1495
1508950 1492
1508960 1492
1508970 1489
1508980 1487
1508990 1487
1509000 1485
1509010 1482
1509020 1480
1509030 1480
1509040 1484
1509050 1485
1509060 1485
1509070 1482
1509080 1482
1509090 1482
1509100 1483
1509110 1482
1509120 1482
1509130 1481
1509140 1479
1509150 1479
1509160 1477
1509170 1474
1509180 1474
1509190 1471
1509200 1469
1509210 1469
1509220 1467
1509230 1465
1509240 1463
1509250 1463
1509260 1460
1509270 1458
1509280 1458
1509290 1457
1509300 1456
1509310 1456
1509320 1454
1509330 1453
1509340 1453
1509350 1451
1509360 1449
1509370 1449
1509380 1447
1509390 1446
1509400 1446
1509410 1443
1509420 1440
1509430 1440
1509440 1437
1509450 1434
1509460 1433
1509470 1433
1509480 1432
1509490 1432
1509500 1432
1509510 1430
1509520 1428
1509530 1428
1509540 1427
1509550 1426
1509560 1426
1509570 1421
1509580 1418
1509590 1418
1509600 1417
1509610 1416
1509620 1416
1509630 1418
1509640 1421
1509650 1415
1509660 1418
1509670 1423
1509680 1428
1509690 1428
1509700 1430
1509710 1433
1509720 1433
1509730 1438
1509740 1445
1509750 1445
1509760 1452
1509770 1458
1509780 1458
1509790 1462
1509800 1465
1509810 1465
1509820 1470
1509830 1471
1509840 1471
1509850 1470
1509860 1468
1509870 1465
1509880 1465
1509890 1461
1509900 1458
1509910 1458
1509920 1455
1509930 1452
1509940 1452
1509950 1449
1509960 1449
1509970 1449
1509980 1448
1509990 1447
1510000 1447
1510010 1446
1510020 1446
1510030 1446
1510040 1446
1510050 1446
1510060 1446
1510070 1446
1510080 1445
1510090 1445
1510100 1445
1510110 1444
1510120 1443
1510130 1443
1510140 1443
1510150 1443
1510160 1443
1510170 1442
1510180 1441
1510190 1441
1510200 1439
1510210 1438
1510220 1438
1510230 1437
1510240 1436
1510250 1436
1510260 1435
1510270 1434
1510280 1434
1510290 1433
1510300 1432
1510310 1430
1510320 1430
1510330 1426
1510340 1423
1510350 1423
1510360 1420
1510370 1417
1510380 1417
1510390 1413
1510400 1409
1510410 1409
1510420 1406
1510430 1402
1510440 1402
1510450 1398
1510460 1394
1510470 1394
1510480 1391
1510490 1388
1510500 1388
1510510 1384
1510520 1379
1510530 1372
1510540 1372
1510550 1364
1510560 1354
1510570 1354
1510580 1345
1510590 1338
1510600 1338
1510610 1338
1510620 1346
1510630 1346
1510640 1353
1510650 1359
1510660 1359
1510670 1364
1510680 1370
1510690 1370
1510700 1372
1510710 1371
1510720 1371
1510730 1369
1510740 1366
1510750 1364
1510760 1364
1510770 1360
1510780 1358
1510790 1358
1510800 1358
1510810 1356
1510820 1356
1510830 1350
1510840 1343
1510850 1343
1510860 1338
1510870 1351
1510880 1351
1510890 1353
1510900 1351
1510910 1351
1510920 1348
1510930 1345
1510940 1345
1510950 1338
1510960 1331
1510970 1325
1510980 1325
1510990 1329
1511000 1342
1511010 1342
1511020 1343
1511030 1336
1511040 1336
1511050 1330
1511060 1330
1511070 1330
1511080 1337
1511090 1339
1511100 1339
1511110 1337
1511120 1332
1511130 1332
1511140 1328
1511150 1325
1511160 1325
1511170 1322
1511180 1320
1511190 1318
1511200 1318
1511210 1317
1511220 1315
1511230 1315
1511240 1312
1511250 1309
1511260 1309
1511270 1306
1511280 1301
1511290 1301
1511300 1297
1511310 1295
1511320 1295
1511330 1291
1511340 1292
1511350 1292
1511360 1294
1511370 1294
1511380 1294
1511390 1293
1511400 1292
1511410 1292
1511420 1292
1511430 1292
1511440 1290
1511450 1290
1511460 1287
1511470 1281
1511480 1281
1511490 1275
1511500 1272
1511510 1272
1511520 1275
1511530 1274
1511540 1274
1511550 1274
1511560 1272
1511570 1272
1511580 1267
1511590 1261
1511600 1261
1511610 1260
1511620 1263
1511630 1268
1511640 1268
1511650 1266
1511660 1258
1511670 1258
1511680 1251
1511690 1245
1511700 1245
1511710 1244
1511720 1239
1511730 1239
1511740 1231
1511750 1226
1511760 1226
1511770 1224
1511780 1221
1511790 1221
1511800 1219
1511810 1218
1511820 1218
1511830 1218
1511840 1218
1511850 1221
1511860 1221
1511870 1223
1511880 1227
1511890 1227
1511900 1232
1511910 1234
1511920 1234
1511930 1233
1511940 1230
1511950 1230
1511960 1228
1511970 1227
1511980 1227
1511990 1225
1512000 1222
1512010 1222
1512020 1217
1512030 1212
1512040 1202
1512050 1202
1512060 1193
1512070 1185
1512080 1185
1512090 1178
1512100 1172
1512110 1172
1512120 1167
1512130 1163
1512140 1163
1512150 1169
1512160 1186
1512170 1186
1512180 1213
1512190 1225
1512200 1225
1512210 1232
1512220 1237
1512230 1237
1512240 1240
1512250 1243
1512260 1243
1512270 1243
1512280 1244
1512290 1246
1512300 1246
1512310 1248
1512320 1250
1512330 1250
1512340 1251
1512350 1253
1512360 1253
1512370 1254
1512380 1255
1512390 1255
1512400 1257
1512410 1259
1512420 1259
1512430 1258
1512440 1259
1512450 1259
1512460 1260
1512470 1260
1512480 1265
1512490 1265
1512500 1267
1512510 1268
1512520 1268
1512530 1270
1512540 1270
1512550 1270
1512560 1269
1512570 1271
1512580 1271
1512590 1274
1512600 1275
1512610 1275
1512620 1272
1512630 1277
1512640 1277
1512650 1278
1512660 1279
1512670 1279
1512680 1280
1512690 1279
1512700 1275
1512710 1275
1512720 1272
1512730 1278
1512740 1278
1512750 1283
1512760 1286
1512770 1286
1512780 1288
1512790 1288
1512800 1288
1512810 1290
1512820 1291
1512830 1291
1512840 1291
1512850 1290
1512860 1290
1512870 1291
1512880 1295
1512890 1295
1512900 1298
1512910 1299
1512920 1301
1512930 1301
1512940 1301
1512950 1304
1512960 1304
1512970 1307
1512980 1309
1512990 1309
1513000 1309
1513010 1311
1513020 1311
1513030 1309
1513040 1306
1513050 1306
1513060 1311
1513070 1319
1513080 1319
1513090 1325
1513100 1331
1513110 1331
1513120 1337
1513130 1342
1513140 1344
1513150 1344
1513160 1345
1513170 1347
1513180 1347
1513190 1350
1513200 1352
1513210 1352
1513220 1353
1513230 1354
1513240 1354
1513250 1355
1513260 1356
1513270 1356
1513280 1355
1513290 1354
1513300 1354
1513310 1354
1513320 1353
1513330 1353
1513340 1351
1513350 1351
1513360 1357
1513370 1357
1513380 1362
1513390 1367
1513400 1367
1513410 1369
1513420 1369
1513430 1369
1513440 1368
1513450 1365
1513460 1365
1513470 1363
1513480 1363
1513490 1363
1513500 1362
1513510 1360
1513520 1360
1513530 1357
1513540 1352
1513550 1352
1513560 1347
1513570 1342
1513580 1337
1513590 1337
1513600 1332
1513610 1327
1513620 1327
1513630 1320
1513640 1312
1513650 1312
1513660 1307
1513670 1313
1513680 1313
1513690 1325
1513700 1337
1513710 1337
1513720 1351
1513730 1365
1513740 1365
1513750 1391
1513760 1407
1513770 1411
1513780 1411
1513790 1416
1513800 1424
1513810 1424
1513820 1428
1513830 1430
1513840 1430
1513850 1433
1513860 1436
1513870 1436
1513880 1439
1513890 1442
1513900 1442
1513910 1445
1513920 1448
1513930 1448
1513940 1449
1513950 1451
1513960 1451
1513970 1453
1513980 1455
1513990 1459
1514000 1459
1514010 1461
1514020 1463
1514030 1463
1514040 1464
1514050 1465
1514060 1465
1514070 1465
1514080 1464
1514090 1464
1514100 1463
1514110 1461
1514120 1461
1514130 1458
1514140 1457
1514150 1457
1514160 1458
1514170 1461
1514180 1461
1514190 1466
1514200 1471
1514210 1477
1514220 1477
1514230 1485
1514240 1490
1514250 1490
1514260 1493
1514270 1491
1514280 1491
1514290 1493
1514300 1495
1514310 1495
1514320 1499
1514330 1504
1514340 1504
1514350 1507
1514360 1509
1514370 1509
1514380 1515
1514390 1523
1514400 1523
1514410 1530
1514420 1538
1514430 1544
1514440 1544
1514450 1550
1514460 1557
1514470 1557
1514480 1566
1514490 1574
1514500 1574
1514510 1582
1514520 1589
1514530 1589
1514540 1598
1514550 1608
1514560 1608
1514570 1620
1514580 1632
1514590 1632
1514600 1642
1514610 1650
1514620 1650
1514630 1657
1514640 1660
1514650 1661
1514660 1661
1514670 1661
1514680 1662
1514690 1662
1514700 1663
1514710 1664
1514720 1664
1514730 1664
1514740 1664
1514750 1664
1514760 1664
1514770 1665
1514780 1665
1514790 1665
1514800 1666
1514810 1666
1514820 1669
1514830 1670
1514840 1670
1514850 1671
1514860 1671
1514870 1669
1514880 1669
1514890 1665
1514900 1660
1514910 1660
1514920 1657
1514930 1654
1514940 1654
1514950 1649
1514960 1645
1514970 1645
1514980 1642
1514990 1638
1515000 1638
1515010 1634
1515020 1631
1515030 1631
1515040 1629
1515050 1626
1515060 1626
1515070 1621
1515080 1618
1515090 1614
1515100 1614
1515110 1608
1515120 1602
1515130 1602
1515140 1595
1515150 1588
1515160 1588
1515170 1581
1515180 1574
1515190 1574
1515200 1568
1515210 1561
1515220 1561
1515230 1555
1515240 1549
1515250 1549
1515260 1543
1515270 1536
1515280 1536
1515290 1530
1515300 1525
1515310 1521
1515320 1521
1515330 1517
1515340 1511
1515350 1511
1515360 1507
1515370 1502
1515380 1502
1515390 1496
1515400 1492
1515410 1492
1515420 1489
1515430 1487
1515440 1487
1515450 1484
1515460 1482
1515470 1482
1515480 1478
1515490 1477
1515500 1477
1515510 1474
1515520 1471
1515530 1468
1515540 1468
1515550 1464
1515560 1460
1515570 1460
1515580 1456
1515590 1453
1515600 1453
1515610 1449
1515620 1447
1515630 1447
1515640 1444
1515650 1442
1515660 1442
1515670 1438
1515680 1436
1515690 1436
1515700 1433
1515710 1430
1515720 1430
1515730 1427
1515740 1423
1515750 1419
1515760 1419
1515770 1415
1515780 1412
1515790 1412
1515800 1409
1515810 1406
1515820 1406
1515830 1402
1515840 1400
1515850 1400
1515860 1403
1515870 1405
1515880 1405
1515890 1406
1515900 1409
1515910 1409
1515920 1411
1515930 1413
1515940 1417
1515950 1417
1515960 1419
1515970 1423
1515980 1423
1515990 1425
1516000 1427
1516010 1427
1516020 1428
1516030 1429
1516040 1429
1516050 1430
1516060 1431
1516070 1431
1516080 1432
1516090 1433
1516100 1433
1516110 1434
1516120 1436
1516130 1436
1516140 1437
1516150 1439
1516160 1441
1516170 1441
1516180 1443
1516190 1445
1516200 1445
1516210 1447
1516220 1449
1516230 1449
1516240 1452
1516250 1454
1516260 1454
1516270 1456
1516280 1459
1516290 1459
1516300 1461
1516310 1463
1516320 1463
1516330 1465
1516340 1467
1516350 1467
1516360 1468
1516370 1465
1516380 1465
1516390 1465
1516400 1469
1516410 1473
1516420 1473
1516430 1477
1516440 1481
1516450 1481
1516460 1486
1516470 1491
1516480 1491
1516490 1495
1516500 1500
1516510 1500
1516520 1502
1516530 1503
1516540 1503
1516550 1505
1516560 1506
1516570 1506
1516580 1507
1516590 1508
1516600 1509
1516610 1509
1516620 1511
1516630 1512
1516640 1512
1516650 1514
1516660 1516
1516670 1516
1516680 1517
1516690 1518
1516700 1518
1516710 1519
1516720 1520
1516730 1520
1516740 1521
1516750 1522
1516760 1522
1516770 1524
1516780 1526
1516790 1526
1516800 1528
1516810 1529
1516820 1530
1516830 1530
1516840 1531
1516850 1531
1516860 1531
1516870 1531
1516880 1532
1516890 1532
1516900 1534
1516910 1536
1516920 1536
1516930 1538
1516940 1539
1516950 1539
1516960 1540
1516970 1540
1516980 1540
1516990 1539
1517000 1538
1517010 1538
1517020 1537
1517030 1536
1517040 1535
1517050 1535
1517060 1533
1517070 1530
1517080 1530
1517090 1527
1517100 1524
1517110 1524
1517120 1522
1517130 1519
1517140 1519
1517150 1518
1517160 1517
1517170 1517
1517180 1516
1517190 1516
1517200 1516
1517210 1516
1517220 1515
1517230 1515
1517240 1514
1517250 1513
1517260 1512
1517270 1512
1517280 1512
1517290 1511
1517300 1511
1517310 1511
1517320 1510
1517330 1510
1517340 1509
1517350 1508
1517360 1508
1517370 1507
1517380 1506
1517390 1506
1517400 1505
1517410 1504
1517420 1504
1517430 1503
1517440 1502
1517450 1502
1517460 1501
1517470 1500
1517480 1499
1517490 1499
1517500 1497
1517510 1495
1517520 1495
1517530 1493
1517540 1491
1517550 1491
1517560 1489
1517570 1488
1517580 1488
1517590 1486
1517600 1485
1517610 1485
1517620 1484
1517630 1482
1517640 1482
1517650 1479
1517660 1478
1517670 1478
1517680 1476
1517690 1474
1517700 1470
1517710 1470
1517720 1471
1517730 1472
1517740 1472
1517750 1470
1517760 1469
1517770 1469
1517780 1468
1517790 1468
1517800 1468
1517810 1470
1517820 1472
1517830 1472
1517840 1475
1517850 1478
1517860 1478
1517870 1481
1517880 1484
1517890 1487
1517900 1487
1517910 1489
1517920 1492
1517930 1492
1517940 1495
1517950 1498
1517960 1498
1517970 1502
1517980 1505
1517990 1505
1518000 1506
1518010 1507
1518020 1507
1518030 1508
1518040 1508
1518050 1508
1518060 1508
1518070 1510
1518080 1510
1518090 1516
1518100 1522
1518110 1528
1518120 1528
1518130 1528
1518140 1525
1518150 1525
1518160 1521
1518170 1516
1518180 1516
1518190 1513
1518200 1509
1518210 1509
1518220 1505
1518230 1501
1518240 1501
1518250 1497
1518260 1493
1518270 1493
1518280 1489
1518290 1482
1518300 1482
1518310 1475
1518320 1475
1518330 1481
1518340 1481
1518350 1486
1518360 1492
1518370 1492
1518380 1499
1518390 1502
1518400 1502
1518410 1507
1518420 1510
1518430 1510
1518440 1513
1518450 1517
1518460 1517
1518470 1520
1518480 1522
1518490 1522
1518500 1526
1518510 1532
1518520 1532
1518530 1538
1518540 1543
1518550 1548
1518560 1548
1518570 1552
1518580 1556
1518590 1556
1518600 1560
1518610 1565
1518620 1565
1518630 1567
1518640 1570
1518650 1570
1518660 1572
1518670 1573
1518680 1573
1518690 1573
1518700 1572
1518710 1572
1518720 1570
1518730 1567
1518740 1567
1518750 1565
1518760 1563
1518770 1561
1518780 1561
1518790 1563
1518800 1568
1518810 1568
1518820 1573
1518830 1578
1518840 1578
1518850 1582
1518860 1585
1518870 1585
1518880 1588
1518890 1593
1518900 1593
1518910 1598
1518920 1605
1518930 1605
1518940 1613
1518950 1620
1518960 1620
1518970 1627
1518980 1633
1518990 1638
1519000 1638
1519010 1643
1519020 1647
1519030 1647
1519040 1649
1519050 1650
1519060 1650
1519070 1652
1519080 1654
1519090 1654
1519100 1655
1519110 1654
1519120 1654
1519130 1654
1519140 1659
1519150 1659
1519160 1666
1519170 1671
1519180 1671
1519190 1674
1519200 1675
1519210 1675
1519220 1675
1519230 1675
1519240 1675
1519250 1675
1519260 1677
1519270 1679
1519280 1679
1519290 1681
1519300 1682
1519310 1682
1519320 1683
1519330 1682
1519340 1682
1519350 1680
1519360 1678
1519370 1678
1519380 1678
1519390 1677
1519400 1677
1519410 1676
1519420 1675
1519430 1673
1519440 1673
1519450 1670
1519460 1668
1519470 1668
1519480 1665
1519490 1662
1519500 1662
1519510 1657
1519520 1653
1519530 1653
1519540 1651
1519550 1652
1519560 1652
1519570 1653
1519580 1654
1519590 1654
1519600 1655
1519610 1656
1519620 1656
1519630 1657
1519640 1658
1519650 1658
1519660 1658
1519670 1659
1519680 1659
1519690 1659
1519700 1659
1519710 1659
1519720 1659
1519730 1658
1519740 1658
1519750 1658
1519760 1657
1519770 1656
1519780 1656
1519790 1654
1519800 1653
1519810 1653
1519820 1651
1519830 1648
1519840 1647
1519850 1647
1519860 1646
1519870 1646
1519880 1646
1519890 1646
1519900 1647
1519910 1647
1519920 1647
1519930 1649
1519940 1649
1519950 1650
1519960 1650
1519970 1650
1519980 1650
1519990 1651
