1500000 2299
1500010 2295
1500020 2289
1500030 2289
1500040 2283
1500050 2283
1500060 2283
1500070 2281
1500080 2279
1500090 2279
1500100 2278
1500110 2276
1500120 2276
1500130 2274
1500140 2272
1500150 2272
1500160 2269
1500170 2266
1500180 2263
1500190 2263
1500200 2260
1500210 2257
1500220 2257
1500230 2253
1500240 2252
1500250 2252
1500260 2253
1500270 2253
1500280 2253
1500290 2252
1500300 2252
1500310 2252
1500320 2253
1500330 2253
1500340 2253
1500350 2253
1500360 2250
1500370 2250
1500380 2245
1500390 2240
1500400 2237
1500410 2237
1500420 2233
1500430 2229
1500440 2229
1500450 2222
1500460 2214
1500470 2214
1500480 2207
1500490 2200
1500500 2200
1500510 2194
1500520 2188
1500530 2188
1500540 2182
1500550 2177
1500560 2177
1500570 2174
1500580 2170
1500590 2170
1500600 2165
1500610 2161
1500620 2156
1500630 2156
1500640 2151
1500650 2145
1500660 2145
1500670 2140
1500680 2137
1500690 2137
1500700 2134
1500710 2131
1500720 2131
1500730 2128
1500740 2128
1500750 2128
1500760 2127
1500770 2126
1500780 2126
1500790 2125
1500800 2124
1500810 2124
1500820 2122
1500830 2120
1500840 2119
1500850 2119
1500860 2117
1500870 2116
1500880 2116
1500890 2116
1500900 2116
1500910 2116
1500920 2116
1500930 2115
1500940 2115
1500950 2114
1500960 2112
1500970 2112
1500980 2110
1500990 2111
1501000 2111
1501010 2112
1501020 2112
1501030 2112
1501040 2113
1501050 2112
1501060 2114
1501070 2114
1501080 2115
1501090 2115
1501100 2115
1501110 2110
1501120 2107
1501130 2107
1501140 2104
1501150 2103
1501160 2103
1501170 2102
1501180 2106
1501190 2106
1501200 2110
1501210 2115
1501220 2115
1501230 2139
1501240 2147
1501250 2147
1501260 2141
1501270 2141
1501280 2151
1501290 2151
1501300 2151
1501310 2148
1501320 2148
1501330 2147
1501340 2153
1501350 2153
1501360 2155
1501370 2158
1501380 2158
1501390 2163
1501400 2166
1501410 2166
1501420 2168
1501430 2167
1501440 2167
1501450 2166
1501460 2165
1501470 2165
1501480 2164
1501490 2166
1501500 2172
1501510 2172
1501520 2176
1501530 2177
1501540 2177
1501550 2177
1501560 2175
1501570 2175
1501580 2175
1501590 2172
1501600 2172
1501610 2167
1501620 2164
1501630 2164
1501640 2160
1501650 2156
1501660 2156
1501670 2151
1501680 2146
1501690 2141
1501700 2141
1501710 2138
1501720 2135
1501730 2135
1501740 2132
1501750 2128
1501760 2128
1501770 2124
1501780 2119
1501790 2119
1501800 2113
1501810 2107
1501820 2107
1501830 2101
1501840 2096
1501850 2096
1501860 2091
1501870 2085
1501880 2085
1501890 2080
1501900 2077
1501910 2075
1501920 2075
1501930 2073
1501940 2070
1501950 2070
1501960 2068
1501970 2066
1501980 2066
1501990 2063
1502000 2059
1502010 2059
1502020 2056
1502030 2052
1502040 2052
1502050 2048
1502060 2044
1502070 2044
1502080 2039
1502090 2035
1502100 2035
1502110 2031
1502120 2027
1502130 2021
1502140 2021
1502150 2016
1502160 2010
1502170 2010
1502180 2003
1502190 1997
1502200 1997
1502210 1994
1502220 1992
1502230 1992
1502240 1989
1502250 1985
1502260 1985
1502270 1981
1502280 1977
1502290 1977
1502300 1974
1502310 1969
1502320 1969
1502330 1963
1502340 1959
1502350 1956
1502360 1956
1502370 1955
1502380 1952
1502390 1952
1502400 1949
1502410 1945
1502420 1945
1502430 1940
1502440 1937
1502450 1937
1502460 1934
1502470 1931
1502480 1931
1502490 1931
1502500 1930
1502510 1930
1502520 1929
1502530 1927
1502540 1927
1502550 1924
1502560 1922
1502570 1920
1502580 1920
1502590 1917
1502600 1916
1502610 1916
1502620 1914
1502630 1912
1502640 1912
1502650 1909
1502660 1906
1502670 1906
1502680 1903
1502690 1898
1502700 1898
1502710 1897
1502720 1897
1502730 1897
1502740 1896
1502750 1896
1502760 1896
1502770 1893
1502780 1891
1502790 1889
1502800 1889
1502810 1887
1502820 1887
1502830 1887
1502840 1888
1502850 1888
1502860 1888
1502870 1886
1502880 1883
1502890 1883
1502900 1880
1502910 1878
1502920 1878
1502930 1877
1502940 1877
1502950 1877
1502960 1877
1502970 1878
1502980 1878
1502990 1880
1503000 1880
1503010 1879
1503020 1879
1503030 1878
1503040 1878
1503050 1878
1503060 1880
1503070 1882
1503080 1882
1503090 1883
1503100 1885
1503110 1885
1503120 1887
1503130 1889
1503140 1889
1503150 1892
1503160 1890
1503170 1890
1503180 1892
1503190 1896
1503200 1896
1503210 1901
1503220 1907
1503230 1911
1503240 1911
1503250 1914
1503260 1920
1503270 1920
1503280 1927
1503290 1928
1503300 1928
1503310 1928
1503320 1928
1503330 1928
1503340 1927
1503350 1926
1503360 1926
1503370 1925
1503380 1923
1503390 1923
1503400 1919
1503410 1922
1503420 1922
1503430 1929
1503440 1933
1503450 1936
1503460 1936
1503470 1942
1503480 1948
1503490 1948
1503500 1954
1503510 1960
1503520 1960
1503530 1967
1503540 1974
1503550 1974
1503560 1983
1503570 2002
1503580 2002
1503590 2022
1503600 2031
1503610 2031
1503620 2037
1503630 2042
1503640 2042
1503650 2044
1503660 2045
1503670 2043
1503680 2043
1503690 2040
1503700 2036
1503710 2036
1503720 2026
1503730 2013
1503740 2013
1503750 2001
1503760 1989
1503770 1989
1503780 1978
1503790 1970
1503800 1970
1503810 1962
1503820 1955
1503830 1955
1503840 1947
1503850 1939
1503860 1939
1503870 1931
1503880 1923
1503890 1917
1503900 1917
1503910 1910
1503920 1905
1503930 1905
1503940 1898
1503950 1894
1503960 1894
1503970 1890
1503980 1886
1503990 1886
1504000 1883
1504010 1881
1504020 1881
1504030 1879
1504040 1879
1504050 1879
1504060 1881
1504070 1881
1504080 1879
1504090 1879
1504100 1877
1504110 1874
1504120 1874
1504130 1872
1504140 1870
1504150 1870
1504160 1869
1504170 1869
1504180 1869
1504190 1868
1504200 1868
1504210 1868
1504220 1870
1504230 1870
1504240 1870
1504250 1869
1504260 1868
1504270 1868
1504280 1868
1504290 1867
1504300 1864
1504310 1864
1504320 1863
1504330 1863
1504340 1863
1504350 1862
1504360 1861
1504370 1861
1504380 1860
1504390 1859
1504400 1859
1504410 1857
1504420 1857
1504430 1857
1504440 1857
1504450 1858
1504460 1858
1504470 1857
1504480 1857
1504490 1857
1504500 1857
1504510 1858
1504520 1858
1504530 1858
1504540 1857
1504550 1856
1504560 1856
1504570 1856
1504580 1857
1504590 1857
1504600 1858
1504610 1858
1504620 1858
1504630 1858
1504640 1858
1504650 1858
1504660 1860
1504670 1861
1504680 1861
1504690 1863
1504700 1865
1504710 1865
1504720 1868
1504730 1872
1504740 1875
1504750 1875
1504760 1878
1504770 1880
1504780 1880
1504790 1883
1504800 1888
1504810 1888
1504820 1892
1504830 1896
1504840 1896
1504850 1900
1504860 1903
1504870 1903
1504880 1904
1504890 1905
1504900 1905
1504910 1904
1504920 1904
1504930 1904
1504940 1903
1504950 1900
1504960 1896
1504970 1896
1504980 1890
1504990 1884
1505000 1884
1505010 1878
1505020 1872
1505030 1872
1505040 1866
1505050 1860
1505060 1860
1505070 1853
1505080 1847
1505090 1847
1505100 1840
1505110 1834
1505120 1834
1505130 1829
1505140 1825
1505150 1825
1505160 1821
1505170 1817
1505180 1814
1505190 1814
1505200 1811
1505210 1806
1505220 1806
1505230 1803
1505240 1802
1505250 1802
1505260 1800
1505270 1798
1505280 1798
1505290 1796
1505300 1795
1505310 1795
1505320 1794
1505330 1795
1505340 1795
1505350 1794
1505360 1793
1505370 1793
1505380 1792
1505390 1792
1505400 1791
1505410 1791
1505420 1790
1505430 1788
1505440 1788
1505450 1787
1505460 1785
1505470 1785
1505480 1784
1505490 1783
1505500 1783
1505510 1782
1505520 1781
1505530 1781
1505540 1780
1505550 1780
1505560 1780
1505570 1779
1505580 1777
1505590 1777
1505600 1775
1505610 1773
1505620 1770
1505630 1770
1505640 1768
1505650 1766
1505660 1766
1505670 1764
1505680 1763
1505690 1763
1505700 1761
1505710 1759
1505720 1759
1505730 1758
1505740 1756
1505750 1756
1505760 1755
1505770 1753
1505780 1753
1505790 1753
1505800 1752
1505810 1752
1505820 1752
1505830 1754
1505840 1756
1505850 1756
1505860 1759
1505870 1761
1505880 1761
1505890 1760
1505900 1760
1505910 1760
1505920 1761
1505930 1763
1505940 1763
1505950 1765
1505960 1767
1505970 1767
1505980 1770
1505990 1776
1506000 1776
1506010 1782
1506020 1783
1506030 1783
1506040 1783
1506050 1781
1506060 1781
1506070 1781
1506080 1781
1506090 1783
1506100 1783
1506110 1786
1506120 1788
1506130 1788
1506140 1789
1506150 1789
1506160 1789
1506170 1788
1506180 1787
1506190 1787
1506200 1787
1506210 1786
1506220 1786
1506230 1784
1506240 1783
1506250 1783
1506260 1783
1506270 1783
1506280 1784
1506290 1784
1506300 1786
1506310 1790
1506320 1790
1506330 1794
1506340 1798
1506350 1798
1506360 1800
1506370 1801
1506380 1801
1506390 1801
1506400 1799
1506410 1799
1506420 1797
1506430 1796
1506440 1796
1506450 1795
1506460 1793
1506470 1793
1506480 1793
1506490 1792
1506500 1791
1506510 1791
1506520 1790
1506530 1789
1506540 1789
1506550 1788
1506560 1787
1506570 1787
1506580 1783
1506590 1777
1506600 1777
1506610 1772
1506620 1769
1506630 1769
1506640 1767
1506650 1766
1506660 1766
1506670 1764
1506680 1762
1506690 1761
1506700 1761
1506710 1759
1506720 1757
1506730 1757
1506740 1754
1506750 1751
1506760 1751
1506770 1749
1506780 1747
1506790 1747
1506800 1743
1506810 1740
1506820 1740
1506830 1735
1506840 1731
1506850 1731
1506860 1729
1506870 1726
1506880 1726
1506890 1724
1506900 1722
1506910 1722
1506920 1722
1506930 1720
1506940 1713
1506950 1713
1506960 1705
1506970 1699
1506980 1699
1506990 1692
1507000 1686
1507010 1686
1507020 1680
1507030 1673
1507040 1673
1507050 1666
1507060 1659
1507070 1659
1507080 1653
1507090 1647
1507100 1647
1507110 1643
1507120 1639
1507130 1635
1507140 1635
1507150 1632
1507160 1628
1507170 1628
1507180 1626
1507190 1623
1507200 1623
1507210 1622
1507220 1620
1507230 1620
1507240 1617
1507250 1612
1507260 1612
1507270 1606
1507280 1601
1507290 1601
1507300 1595
1507310 1588
1507320 1588
1507330 1582
1507340 1575
1507350 1568
1507360 1568
1507370 1561
1507380 1556
1507390 1556
1507400 1551
1507410 1545
1507420 1545
1507430 1540
1507440 1536
1507450 1536
1507460 1531
1507470 1525
1507480 1525
1507490 1517
1507500 1509
1507510 1509
1507520 1501
1507530 1499
1507540 1499
1507550 1504
1507560 1505
1507570 1512
1507580 1512
1507590 1515
1507600 1517
1507610 1517
1507620 1523
1507630 1529
1507640 1529
1507650 1531
1507660 1533
1507670 1533
1507680 1534
1507690 1536
1507700 1536
1507710 1536
1507720 1535
1507730 1535
1507740 1535
1507750 1535
1507760 1535
1507770 1536
1507780 1536
1507790 1535
1507800 1535
1507810 1534
1507820 1530
1507830 1530
1507840 1527
1507850 1525
1507860 1525
1507870 1524
1507880 1523
1507890 1523
1507900 1522
1507910 1521
1507920 1521
1507930 1519
1507940 1516
1507950 1516
1507960 1513
1507970 1512
1507980 1512
1507990 1510
1508000 1509
1508010 1507
1508020 1507
1508030 1505
1508040 1502
1508050 1502
1508060 1500
1508070 1499
1508080 1499
1508090 1497
1508100 1495
1508110 1495
1508120 1494
1508130 1494
1508140 1494
1508150 1493
1508160 1492
1508170 1492
1508180 1491
1508190 1490
1508200 1490
1508210 1489
1508220 1487
1508230 1486
1508240 1486
1508250 1486
1508260 1486
1508270 1486
1508280 1485
1508290 1484
1508300 1484
1508310 1482
1508320 1482
1508330 1482
1508340 1482
1508350 1483
1508360 1483
1508370 1484
1508380 1483
1508390 1483
1508400 1482
1508410 1482
1508420 1482
1508430 1481
1508440 1480
1508450 1479
1508460 1479
1508470 1476
1508480 1473
1508490 1473
1508500 1470
1508510 1469
1508520 1469
1508530 1467
1508540 1465
1508550 1465
1508560 1464
1508570 1462
1508580 1462
1508590 1459
1508600 1457
1508610 1457
1508620 1454
1508630 1450
1508640 1450
1508650 1448
1508660 1445
1508670 1442
1508680 1442
1508690 1438
1508700 1435
1508710 1435
1508720 1432
1508730 1429
1508740 1429
1508750 1427
1508760 1425
1508770 1425
1508780 1423
1508790 1421
1508800 1421
1508810 1420
1508820 1420
1508830 1420
1508840 1420
1508850 1420
1508860 1420
1508870 1420
1508880 1419
1508890 1419
1508900 1419
1508910 1418
1508920 1417
1508930 1417
1508940 1415
1508950 1415
1508960 1415
1508970 1414
1508980 1414
1508990 1414
1509000 1413
1509010 1413
1509020 1413
1509030 1412
1509040 1410
1509050 1410
1509060 1408
1509070 1402
1509080 1398
1509090 1398
1509100 1392
1509110 1388
1509120 1388
1509130 1385
1509140 1382
1509150 1382
1509160 1378
1509170 1376
1509180 1376
1509190 1375
1509200 1374
1509210 1374
1509220 1374
1509230 1373
1509240 1373
1509250 1372
1509260 1368
1509270 1368
1509280 1364
1509290 1356
1509300 1347
1509310 1347
1509320 1340
1509330 1333
1509340 1333
1509350 1324
1509360 1321
1509370 1321
1509380 1324
1509390 1329
1509400 1329
1509410 1334
1509420 1339
1509430 1339
1509440 1345
1509450 1352
1509460 1352
1509470 1354
1509480 1354
1509490 1354
1509500 1353
1509510 1351
1509520 1349
1509530 1349
1509540 1346
1509550 1344
1509560 1344
1509570 1340
1509580 1337
1509590 1337
1509600 1333
1509610 1328
1509620 1328
1509630 1325
1509640 1323
1509650 1323
1509660 1321
1509670 1318
1509680 1318
1509690 1316
1509700 1317
1509710 1317
1509720 1318
1509730 1318
1509740 1314
1509750 1314
1509760 1309
1509770 1303
1509780 1303
1509790 1297
1509800 1293
1509810 1293
1509820 1289
1509830 1283
1509840 1283
1509850 1277
1509860 1270
1509870 1270
1509880 1263
1509890 1255
1509900 1255
1509910 1248
1509920 1241
1509930 1241
1509940 1232
1509950 1224
1509960 1218
1509970 1218
1509980 1214
1509990 1209
1510000 1209
1510010 1205
1510020 1202
1510030 1202
1510040 1197
1510050 1195
1510060 1195
1510070 1191
1510080 1188
1510090 1188
1510100 1185
1510110 1181
1510120 1181
1510130 1184
1510140 1183
1510150 1183
1510160 1179
1510170 1175
1510180 1172
1510190 1172
1510200 1168
1510210 1164
1510220 1164
1510230 1160
1510240 1156
1510250 1156
1510260 1153
1510270 1150
1510280 1150
1510290 1148
1510300 1144
1510310 1144
1510320 1139
1510330 1135
1510340 1135
1510350 1132
1510360 1128
1510370 1128
1510380 1125
1510390 1123
1510400 1121
1510410 1121
1510420 1118
1510430 1114
1510440 1114
1510450 1109
1510460 1105
1510470 1105
1510480 1104
1510490 1105
1510500 1105
1510510 1104
1510520 1103
1510530 1103
1510540 1103
1510550 1103
1510560 1103
1510570 1104
1510580 1104
1510590 1104
1510600 1105
1510610 1106
1510620 1107
1510630 1107
1510640 1107
1510650 1105
1510660 1105
1510670 1103
1510680 1101
1510690 1101
1510700 1100
1510710 1097
1510720 1097
1510730 1096
1510740 1095
1510750 1095
1510760 1094
1510770 1091
1510780 1091
1510790 1090
1510800 1089
1510810 1089
1510820 1088
1510830 1086
1510840 1084
1510850 1084
1510860 1082
1510870 1081
1510880 1081
1510890 1080
1510900 1079
1510910 1079
1510920 1078
1510930 1078
1510940 1078
1510950 1077
1510960 1077
1510970 1077
1510980 1077
1510990 1076
1511000 1076
1511010 1076
1511020 1075
1511030 1075
1511040 1075
1511050 1075
1511060 1074
1511070 1074
1511080 1075
1511090 1076
1511100 1076
1511110 1076
1511120 1076
1511130 1076
1511140 1076
1511150 1076
1511160 1076
1511170 1076
1511180 1076
1511190 1076
1511200 1076
1511210 1077
1511220 1077
1511230 1075
1511240 1074
1511250 1074
1511260 1074
1511270 1073
1511280 1073
1511290 1073
1511300 1073
1511310 1072
1511320 1072
1511330 1071
1511340 1071
1511350 1071
1511360 1071
1511370 1070
1511380 1070
1511390 1070
1511400 1069
1511410 1069
1511420 1069
1511430 1069
1511440 1069
1511450 1068
1511460 1068
1511470 1068
1511480 1068
1511490 1068
1511500 1068
1511510 1068
1511520 1068
1511530 1068
1511540 1068
1511550 1068
1511560 1068
1511570 1068
1511580 1069
1511590 1069
1511600 1069
1511610 1069
1511620 1068
1511630 1068
1511640 1068
1511650 1067
1511660 1067
1511670 1066
1511680 1067
1511690 1067
1511700 1067
1511710 1068
1511720 1068
1511730 1068
1511740 1069
1511750 1069
1511760 1069
1511770 1070
1511780 1071
1511790 1071
1511800 1072
1511810 1072
1511820 1072
1511830 1073
1511840 1073
1511850 1073
1511860 1074
1511870 1074
1511880 1074
1511890 1075
1511900 1076
1511910 1077
1511920 1077
1511930 1078
1511940 1080
1511950 1080
1511960 1079
1511970 1081
1511980 1081
1511990 1081
1512000 1082
1512010 1082
1512020 1083
1512030 1083
1512040 1083
1512050 1084
1512060 1084
1512070 1084
1512080 1084
1512090 1086
1512100 1086
1512110 1086
1512120 1087
1512130 1087
1512140 1087
1512150 1087
1512160 1087
1512170 1087
1512180 1086
1512190 1086
1512200 1086
1512210 1084
1512220 1082
1512230 1082
1512240 1081
1512250 1080
1512260 1080
1512270 1080
1512280 1080
1512290 1080
1512300 1079
1512310 1078
1512320 1078
1512330 1078
1512340 1078
1512350 1079
1512360 1079
1512370 1079
1512380 1078
1512390 1078
1512400 1076
1512410 1075
1512420 1075
1512430 1074
1512440 1073
1512450 1073
1512460 1072
1512470 1071
1512480 1071
1512490 1070
1512500 1069
1512510 1069
1512520 1069
1512530 1068
1512540 1068
1512550 1068
1512560 1067
1512570 1067
1512580 1067
1512590 1066
1512600 1066
1512610 1066
1512620 1066
1512630 1066
1512640 1066
1512650 1066
1512660 1066
1512670 1066
1512680 1066
1512690 1066
1512700 1066
1512710 1066
1512720 1066
1512730 1066
1512740 1066
1512750 1066
1512760 1066
1512770 1067
1512780 1067
1512790 1067
1512800 1067
1512810 1067
1512820 1067
1512830 1067
1512840 1067
1512850 1067
1512860 1067
1512870 1067
1512880 1067
1512890 1067
1512900 1067
1512910 1067
1512920 1067
1512930 1067
1512940 1067
1512950 1067
1512960 1067
1512970 1067
1512980 1067
1512990 1067
1513000 1068
1513010 1068
1513020 1068
1513030 1068
1513040 1068
1513050 1068
1513060 1068
1513070 1068
1513080 1068
1513090 1068
1513100 1069
1513110 1069
1513120 1069
1513130 1069
1513140 1069
1513150 1069
1513160 1069
1513170 1069
1513180 1069
1513190 1069
1513200 1069
1513210 1069
1513220 1069
1513230 1069
1513240 1069
1513250 1069
1513260 1070
1513270 1070
1513280 1072
1513290 1074
1513300 1074
1513310 1078
1513320 1079
1513330 1079
1513340 1081
1513350 1083
1513360 1083
1513370 1085
1513380 1088
1513390 1088
1513400 1091
1513410 1095
1513420 1095
1513430 1099
1513440 1103
1513450 1107
1513460 1107
1513470 1110
1513480 1111
1513490 1111
1513500 1110
1513510 1110
1513520 1110
1513530 1111
1513540 1110
1513550 1110
1513560 1112
1513570 1114
1513580 1114
1513590 1116
1513600 1121
1513610 1121
1513620 1126
1513630 1127
1513640 1127
1513650 1129
1513660 1132
1513670 1135
1513680 1135
1513690 1140
1513700 1142
1513710 1142
1513720 1143
1513730 1145
1513740 1145
1513750 1149
1513760 1153
1513770 1153
1513780 1148
1513790 1152
1513800 1152
1513810 1155
1513820 1161
1513830 1161
1513840 1167
1513850 1169
1513860 1171
1513870 1171
1513880 1174
1513890 1177
1513900 1177
1513910 1181
1513920 1183
1513930 1183
1513940 1183
1513950 1181
1513960 1181
1513970 1172
1513980 1181
1513990 1181
1514000 1193
1514010 1195
1514020 1195
1514030 1199
1514040 1201
1514050 1201
1514060 1203
1514070 1207
1514080 1212
1514090 1212
1514100 1217
1514110 1223
1514120 1223
1514130 1227
1514140 1229
1514150 1229
1514160 1232
1514170 1234
1514180 1234
1514190 1236
1514200 1240
1514210 1240
1514220 1241
1514230 1240
1514240 1240
1514250 1251
1514260 1265
1514270 1265
1514280 1270
1514290 1274
1514300 1277
1514310 1277
1514320 1280
1514330 1282
1514340 1282
1514350 1286
1514360 1289
1514370 1289
1514380 1293
1514390 1295
1514400 1295
1514410 1297
1514420 1300
1514430 1300
1514440 1304
1514450 1305
1514460 1305
1514470 1304
1514480 1308
1514490 1308
1514500 1310
1514510 1317
1514520 1335
1514530 1335
1514540 1343
1514550 1350
1514560 1350
1514570 1356
1514580 1361
1514590 1361
1514600 1366
1514610 1372
1514620 1372
1514630 1378
1514640 1383
1514650 1383
1514660 1387
1514670 1394
1514680 1394
1514690 1400
1514700 1406
1514710 1406
1514720 1413
1514730 1418
1514740 1425
1514750 1425
1514760 1433
1514770 1442
1514780 1442
1514790 1450
1514800 1460
1514810 1460
1514820 1473
1514830 1484
1514840 1484
1514850 1497
1514860 1509
1514870 1509
1514880 1516
1514890 1522
1514900 1522
1514910 1529
1514920 1535
1514930 1535
1514940 1540
1514950 1544
1514960 1545
1514970 1545
1514980 1546
1514990 1546
1515000 1546
1515010 1546
1515020 1545
1515030 1545
1515040 1543
1515050 1540
1515060 1540
1515070 1537
1515080 1536
1515090 1536
1515100 1535
1515110 1533
1515120 1533
1515130 1529
1515140 1526
1515150 1526
1515160 1522
1515170 1518
1515180 1514
1515190 1514
1515200 1511
1515210 1508
1515220 1508
1515230 1504
1515240 1500
1515250 1500
1515260 1494
1515270 1489
1515280 1489
1515290 1485
1515300 1481
1515310 1481
1515320 1480
1515330 1477
1515340 1477
1515350 1474
1515360 1470
1515370 1470
1515380 1468
1515390 1468
1515400 1467
1515410 1467
1515420 1466
1515430 1465
1515440 1465
1515450 1463
1515460 1458
1515470 1458
1515480 1453
1515490 1449
1515500 1449
1515510 1446
1515520 1443
1515530 1443
1515540 1442
1515550 1440
1515560 1440
1515570 1438
1515580 1435
1515590 1435
1515600 1432
1515610 1428
1515620 1423
1515630 1423
1515640 1418
1515650 1414
1515660 1414
1515670 1412
1515680 1410
1515690 1410
1515700 1408
1515710 1406
1515720 1406
1515730 1405
1515740 1403
1515750 1403
1515760 1401
1515770 1399
1515780 1399
1515790 1397
1515800 1395
1515810 1395
1515820 1394
1515830 1392
1515840 1389
1515850 1389
1515860 1386
1515870 1383
1515880 1383
1515890 1377
1515900 1369
1515910 1369
1515920 1362
1515930 1355
1515940 1355
1515950 1349
1515960 1344
1515970 1344
1515980 1343
1515990 1347
1516000 1347
1516010 1350
1516020 1355
1516030 1355
1516040 1357
1516050 1360
1516060 1365
1516070 1365
1516080 1369
1516090 1371
1516100 1371
1516110 1372
1516120 1374
1516130 1374
1516140 1377
1516150 1379
1516160 1379
1516170 1381
1516180 1383
1516190 1383
1516200 1386
1516210 1387
1516220 1387
1516230 1389
1516240 1389
1516250 1389
1516260 1390
1516270 1391
1516280 1391
1516290 1391
1516300 1392
1516310 1394
1516320 1394
1516330 1395
1516340 1397
1516350 1397
1516360 1399
1516370 1400
1516380 1400
1516390 1401
1516400 1404
1516410 1404
1516420 1406
1516430 1406
1516440 1406
1516450 1407
1516460 1409
1516470 1411
1516480 1411
1516490 1411
1516500 1412
1516510 1412
1516520 1414
1516530 1416
1516540 1416
1516550 1419
1516560 1421
1516570 1421
1516580 1423
1516590 1425
1516600 1425
1516610 1426
1516620 1427
1516630 1427
1516640 1428
1516650 1429
1516660 1429
1516670 1429
1516680 1430
1516690 1433
1516700 1433
1516710 1436
1516720 1438
1516730 1438
1516740 1440
1516750 1442
1516760 1442
1516770 1442
1516780 1443
1516790 1443
1516800 1443
1516810 1443
1516820 1443
1516830 1443
1516840 1443
1516850 1443
1516860 1443
1516870 1444
1516880 1444
1516890 1446
1516900 1447
1516910 1446
1516920 1446
1516930 1446
1516940 1445
1516950 1445
1516960 1443
1516970 1441
1516980 1441
1516990 1440
1517000 1439
1517010 1439
1517020 1438
1517030 1437
1517040 1437
1517050 1435
1517060 1433
1517070 1433
1517080 1431
1517090 1429
1517100 1429
1517110 1427
1517120 1424
1517130 1421
1517140 1421
1517150 1419
1517160 1417
1517170 1417
1517180 1415
1517190 1413
1517200 1413
1517210 1410
1517220 1409
1517230 1409
1517240 1407
1517250 1404
1517260 1404
1517270 1404
1517280 1403
1517290 1403
1517300 1401
1517310 1399
1517320 1399
1517330 1398
1517340 1396
1517350 1393
1517360 1393
1517370 1392
1517380 1389
1517390 1389
1517400 1387
1517410 1384
1517420 1384
1517430 1381
1517440 1375
1517450 1375
1517460 1370
1517470 1368
1517480 1368
1517490 1365
1517500 1362
1517510 1362
1517520 1359
1517530 1356
1517540 1356
1517550 1354
1517560 1350
1517570 1347
1517580 1347
1517590 1346
1517600 1345
1517610 1345
1517620 1342
1517630 1342
1517640 1342
1517650 1342
1517660 1343
1517670 1343
1517680 1344
1517690 1343
1517700 1343
1517710 1341
1517720 1339
1517730 1339
1517740 1339
1517750 1339
1517760 1339
1517770 1339
1517780 1340
1517790 1339
1517800 1339
1517810 1338
1517820 1336
1517830 1336
1517840 1335
1517850 1332
1517860 1331
1517870 1327
1517880 1320
1517890 1320
1517900 1312
1517910 1311
1517920 1311
1517930 1318
1517940 1326
1517950 1326
1517960 1334
1517970 1344
1517980 1344
1517990 1349
1518000 1349
1518010 1349
1518020 1349
1518030 1347
1518040 1346
1518050 1346
1518060 1343
1518070 1341
1518080 1341
1518090 1340
1518100 1342
1518110 1342
1518120 1341
1518130 1340
1518140 1340
1518150 1338
1518160 1336
1518170 1336
1518180 1336
1518190 1336
1518200 1336
1518210 1338
1518220 1338
1518230 1339
1518240 1339
1518250 1339
1518260 1340
1518270 1340
1518280 1343
1518290 1349
1518300 1349
1518310 1357
1518320 1363
1518330 1363
1518340 1370
1518350 1378
1518360 1378
1518370 1386
1518380 1387
1518390 1387
1518400 1387
1518410 1384
1518420 1384
1518430 1382
1518440 1377
1518450 1369
1518460 1369
1518470 1366
1518480 1371
1518490 1371
1518500 1376
1518510 1381
1518520 1381
1518530 1378
1518540 1377
1518550 1377
1518560 1383
1518570 1386
1518580 1386
1518590 1389
1518600 1391
1518610 1391
1518620 1388
1518630 1391
1518640 1391
1518650 1393
1518660 1396
1518670 1398
1518680 1398
1518690 1397
1518700 1397
1518710 1397
1518720 1397
1518730 1399
1518740 1399
1518750 1400
1518760 1400
1518770 1400
1518780 1400
1518790 1403
1518800 1403
1518810 1409
1518820 1413
1518830 1413
1518840 1418
1518850 1422
1518860 1425
1518870 1425
1518880 1429
1518890 1434
1518900 1434
1518910 1438
1518920 1441
1518930 1441
1518940 1445
1518950 1449
1518960 1449
1518970 1453
1518980 1457
1518990 1457
1519000 1462
1519010 1464
1519020 1464
1519030 1465
1519040 1468
1519050 1468
1519060 1470
1519070 1471
1519080 1472
1519090 1472
1519100 1472
1519110 1473
1519120 1473
1519130 1476
1519140 1478
1519150 1478
1519160 1478
1519170 1478
1519180 1478
1519190 1477
1519200 1476
1519210 1476
1519220 1474
1519230 1472
1519240 1472
1519250 1471
1519260 1470
1519270 1470
1519280 1470
1519290 1472
1519300 1474
1519310 1474
1519320 1477
1519330 1477
1519340 1477
1519350 1477
1519360 1478
1519370 1478
1519380 1478
1519390 1478
1519400 1478
1519410 1479
1519420 1479
1519430 1479
1519440 1480
1519450 1482
1519460 1482
1519470 1484
1519480 1486
1519490 1486
1519500 1487
1519510 1488
1519520 1489
1519530 1489
1519540 1490
1519550 1490
1519560 1490
1519570 1490
1519580 1489
1519590 1489
1519600 1488
1519610 1486
1519620 1486
1519630 1484
1519640 1481
1519650 1481
1519660 1478
1519670 1474
1519680 1474
1519690 1471
1519700 1468
1519710 1468
1519720 1464
1519730 1461
1519740 1462
1519750 1462
1519760 1462
1519770 1462
1519780 1462
1519790 1463
1519800 1464
1519810 1464
1519820 1464
1519830 1463
1519840 1463
1519850 1461
1519860 1463
1519870 1463
1519880 1465
1519890 1466
1519900 1466
1519910 1467
1519920 1468
1519930 1468
1519940 1470
1519950 1470
1519960 1472
1519970 1472
1519980 1474
1519990 1476
