1500000 1866
1500010 1866
1500020 1866
1500030 1866
1500040 1868
1500050 1868
1500060 1871
1500070 1875
1500080 1875
1500090 1880
1500100 1885
1500110 1888
1500120 1888
1500130 1889
1500140 1890
1500150 1890
1500160 1891
1500170 1892
1500180 1892
1500190 1892
1500200 1893
1500210 1893
1500220 1893
1500230 1893
1500240 1893
1500250 1893
1500260 1892
1500270 1892
1500280 1892
1500290 1891
1500300 1891
1500310 1890
1500320 1888
1500330 1886
1500340 1886
1500350 1885
1500360 1884
1500370 1884
1500380 1884
1500390 1884
1500400 1884
1500410 1885
1500420 1885
1500430 1885
1500440 1885
1500450 1884
1500460 1884
1500470 1882
1500480 1880
1500490 1880
1500500 1878
1500510 1876
1500520 1876
1500530 1874
1500540 1871
1500550 1866
1500560 1866
1500570 1860
1500580 1855
1500590 1855
1500600 1848
1500610 1845
1500620 1845
1500630 1838
1500640 1830
1500650 1830
1500660 1823
1500670 1818
1500680 1818
1500690 1814
1500700 1809
1500710 1809
1500720 1803
1500730 1799
1500740 1799
1500750 1795
1500760 1793
1500770 1789
1500780 1789
1500790 1785
1500800 1783
1500810 1783
1500820 1781
1500830 1778
1500840 1778
1500850 1776
1500860 1774
1500870 1774
1500880 1771
1500890 1767
1500900 1767
1500910 1763
1500920 1759
1500930 1759
1500940 1755
1500950 1752
1500960 1752
1500970 1751
1500980 1750
1500990 1748
1501000 1748
1501010 1745
1501020 1742
1501030 1742
1501040 1739
1501050 1735
1501060 1735
1501070 1732
1501080 1728
1501090 1728
1501100 1725
1501110 1720
1501120 1720
1501130 1715
1501140 1711
1501150 1711
1501160 1706
1501170 1703
1501180 1703
1501190 1700
1501200 1697
1501210 1693
1501220 1693
1501230 1691
1501240 1689
1501250 1689
1501260 1686
1501270 1684
1501280 1684
1501290 1682
1501300 1679
1501310 1679
1501320 1676
1501330 1673
1501340 1673
1501350 1670
1501360 1667
1501370 1667
1501380 1665
1501390 1662
1501400 1662
1501410 1659
1501420 1656
1501430 1652
1501440 1652
1501450 1647
1501460 1642
1501470 1642
1501480 1636
1501490 1630
1501500 1630
1501510 1626
1501520 1622
1501530 1622
1501540 1617
1501550 1612
1501560 1612
1501570 1608
1501580 1603
1501590 1603
1501600 1599
1501610 1595
1501620 1595
1501630 1591
1501640 1586
1501650 1583
1501660 1583
1501670 1581
1501680 1580
1501690 1580
1501700 1577
1501710 1570
1501720 1570
1501730 1561
1501740 1552
1501750 1552
1501760 1550
1501770 1553
1501780 1553
1501790 1555
1501800 1559
1501810 1559
1501820 1561
1501830 1561
1501840 1561
1501850 1561
1501860 1559
1501870 1560
1501880 1560
1501890 1562
1501900 1564
1501910 1564
1501920 1566
1501930 1569
1501940 1569
1501950 1572
1501960 1575
1501970 1575
1501980 1577
1501990 1578
1502000 1578
1502010 1580
1502020 1581
1502030 1581
1502040 1581
1502050 1580
1502060 1580
1502070 1578
1502080 1576
1502090 1574
1502100 1574
1502110 1572
1502120 1571
1502130 1571
1502140 1570
1502150 1569
1502160 1569
1502170 1566
1502180 1563
1502190 1563
1502200 1561
1502210 1562
1502220 1562
1502230 1563
1502240 1562
1502250 1562
1502260 1562
1502270 1561
1502280 1561
1502290 1559
1502300 1555
1502310 1547
1502320 1547
1502330 1546
1502340 1543
1502350 1543
1502360 1537
1502370 1530
1502380 1530
1502390 1529
1502400 1528
1502410 1528
1502420 1522
1502430 1518
1502440 1518
1502450 1513
1502460 1509
1502470 1509
1502480 1505
1502490 1499
1502500 1495
1502510 1495
1502520 1492
1502530 1488
1502540 1488
1502550 1484
1502560 1483
1502570 1483
1502580 1482
1502590 1480
1502600 1480
1502610 1479
1502620 1478
1502630 1478
1502640 1475
1502650 1473
1502660 1473
1502670 1469
1502680 1464
1502690 1464
1502700 1460
1502710 1456
1502720 1452
1502730 1452
1502740 1448
1502750 1442
1502760 1442
1502770 1443
1502780 1447
1502790 1447
1502800 1449
1502810 1452
1502820 1452
1502830 1453
1502840 1452
1502850 1452
1502860 1451
1502870 1448
1502880 1448
1502890 1445
1502900 1443
1502910 1443
1502920 1441
1502930 1442
1502940 1443
1502950 1443
1502960 1441
1502970 1439
1502980 1439
1502990 1435
1503000 1431
1503010 1431
1503020 1428
1503030 1423
1503040 1423
1503050 1417
1503060 1413
1503070 1413
1503080 1408
1503090 1404
1503100 1404
1503110 1400
1503120 1398
1503130 1398
1503140 1396
1503150 1393
1503160 1389
1503170 1389
1503180 1384
1503190 1391
1503200 1391
1503210 1391
1503220 1389
1503230 1389
1503240 1389
1503250 1388
1503260 1388
1503270 1388
1503280 1389
1503290 1389
1503300 1386
1503310 1382
1503320 1382
1503330 1381
1503340 1379
1503350 1379
1503360 1372
1503370 1365
1503380 1366
1503390 1366
1503400 1375
1503410 1378
1503420 1378
1503430 1375
1503440 1371
1503450 1371
1503460 1367
1503470 1363
1503480 1363
1503490 1359
1503500 1355
1503510 1355
1503520 1353
1503530 1352
1503540 1352
1503550 1352
1503560 1351
1503570 1351
1503580 1348
1503590 1342
1503600 1334
1503610 1334
1503620 1329
1503630 1324
1503640 1324
1503650 1321
1503660 1337
1503670 1337
1503680 1363
1503690 1368
1503700 1368
1503710 1369
1503720 1369
1503730 1369
1503740 1370
1503750 1371
1503760 1371
1503770 1372
1503780 1372
1503790 1372
1503800 1373
1503810 1373
1503820 1374
1503830 1374
1503840 1375
1503850 1375
1503860 1375
1503870 1376
1503880 1376
1503890 1376
1503900 1377
1503910 1376
1503920 1376
1503930 1376
1503940 1376
1503950 1376
1503960 1376
1503970 1377
1503980 1377
1503990 1377
1504000 1377
1504010 1377
1504020 1378
1504030 1378
1504040 1379
1504050 1379
1504060 1379
1504070 1378
1504080 1378
1504090 1377
1504100 1376
1504110 1376
1504120 1376
1504130 1376
1504140 1376
1504150 1377
1504160 1378
1504170 1378
1504180 1380
1504190 1381
1504200 1381
1504210 1382
1504220 1383
1504230 1383
1504240 1384
1504250 1385
1504260 1386
1504270 1386
1504280 1386
1504290 1386
1504300 1386
1504310 1385
1504320 1385
1504330 1385
1504340 1384
1504350 1384
1504360 1384
1504370 1385
1504380 1385
1504390 1385
1504400 1383
1504410 1380
1504420 1380
1504430 1382
1504440 1382
1504450 1382
1504460 1382
1504470 1383
1504480 1381
1504490 1381
1504500 1377
1504510 1372
1504520 1372
1504530 1365
1504540 1365
1504550 1365
1504560 1381
1504570 1382
1504580 1382
1504590 1380
1504600 1378
1504610 1378
1504620 1379
1504630 1381
1504640 1381
1504650 1381
1504660 1380
1504670 1380
1504680 1378
1504690 1377
1504700 1375
1504710 1375
1504720 1374
1504730 1373
1504740 1373
1504750 1372
1504760 1370
1504770 1370
1504780 1364
1504790 1358
1504800 1358
1504810 1358
1504820 1364
1504830 1364
1504840 1368
1504850 1370
1504860 1370
1504870 1372
1504880 1376
1504890 1376
1504900 1376
1504910 1376
1504920 1376
1504930 1376
1504940 1376
1504950 1376
1504960 1376
1504970 1376
1504980 1374
1504990 1374
1505000 1375
1505010 1378
1505020 1378
1505030 1379
1505040 1380
1505050 1380
1505060 1380
1505070 1380
1505080 1380
1505090 1379
1505100 1379
1505110 1379
1505120 1379
1505130 1379
1505140 1379
1505150 1379
1505160 1378
1505170 1377
1505180 1377
1505190 1377
1505200 1377
1505210 1377
1505220 1378
1505230 1378
1505240 1378
1505250 1379
1505260 1378
1505270 1378
1505280 1379
1505290 1377
1505300 1377
1505310 1374
1505320 1372
1505330 1372
1505340 1369
1505350 1366
1505360 1365
1505370 1365
1505380 1365
1505390 1366
1505400 1366
1505410 1366
1505420 1366
1505430 1366
1505440 1365
1505450 1364
1505460 1364
1505470 1358
1505480 1356
1505490 1356
1505500 1354
1505510 1354
1505520 1354
1505530 1353
1505540 1350
1505550 1350
1505560 1348
1505570 1347
1505580 1344
1505590 1344
1505600 1342
1505610 1340
1505620 1340
1505630 1335
1505640 1334
1505650 1334
1505660 1335
1505670 1334
1505680 1334
1505690 1333
1505700 1332
1505710 1332
1505720 1330
1505730 1328
1505740 1328
1505750 1325
1505760 1322
1505770 1322
1505780 1318
1505790 1316
1505800 1314
1505810 1314
1505820 1313
1505830 1313
1505840 1313
1505850 1310
1505860 1306
1505870 1306
1505880 1305
1505890 1303
1505900 1303
1505910 1295
1505920 1290
1505930 1290
1505940 1293
1505950 1291
1505960 1291
1505970 1289
1505980 1287
1505990 1287
1506000 1284
1506010 1282
1506020 1280
1506030 1280
1506040 1275
1506050 1272
1506060 1272
1506070 1273
1506080 1270
1506090 1270
1506100 1266
1506110 1261
1506120 1261
1506130 1254
1506140 1250
1506150 1250
1506160 1249
1506170 1246
1506180 1246
1506190 1243
1506200 1241
1506210 1241
1506220 1238
1506230 1238
1506240 1236
1506250 1236
1506260 1233
1506270 1231
1506280 1231
1506290 1228
1506300 1225
1506310 1225
1506320 1222
1506330 1220
1506340 1220
1506350 1217
1506360 1213
1506370 1213
1506380 1208
1506390 1204
1506400 1204
1506410 1198
1506420 1196
1506430 1196
1506440 1194
1506450 1191
1506460 1188
1506470 1188
1506480 1183
1506490 1181
1506500 1181
1506510 1178
1506520 1175
1506530 1175
1506540 1172
1506550 1168
1506560 1168
1506570 1164
1506580 1162
1506590 1162
1506600 1159
1506610 1156
1506620 1156
1506630 1153
1506640 1149
1506650 1149
1506660 1145
1506670 1139
1506680 1132
1506690 1132
1506700 1127
1506710 1124
1506720 1124
1506730 1118
1506740 1114
1506750 1114
1506760 1113
1506770 1113
1506780 1113
1506790 1115
1506800 1118
1506810 1118
1506820 1119
1506830 1118
1506840 1118
1506850 1117
1506860 1115
1506870 1115
1506880 1114
1506890 1113
1506900 1113
1506910 1113
1506920 1110
1506930 1107
1506940 1107
1506950 1105
1506960 1105
1506970 1105
1506980 1107
1506990 1106
1507000 1106
1507010 1105
1507020 1103
1507030 1103
1507040 1102
1507050 1101
1507060 1101
1507070 1100
1507080 1099
1507090 1099
1507100 1097
1507110 1096
1507120 1095
1507130 1095
1507140 1094
1507150 1093
1507160 1093
1507170 1092
1507180 1091
1507190 1091
1507200 1090
1507210 1089
1507220 1089
1507230 1088
1507240 1088
1507250 1088
1507260 1088
1507270 1088
1507280 1088
1507290 1088
1507300 1088
1507310 1088
1507320 1088
1507330 1088
1507340 1088
1507350 1088
1507360 1088
1507370 1087
1507380 1087
1507390 1087
1507400 1087
1507410 1087
1507420 1087
1507430 1087
1507440 1087
1507450 1087
1507460 1087
1507470 1087
1507480 1087
1507490 1087
1507500 1087
1507510 1087
1507520 1087
1507530 1087
1507540 1086
1507550 1087
1507560 1087
1507570 1087
1507580 1087
1507590 1087
1507600 1087
1507610 1087
1507620 1086
1507630 1086
1507640 1087
1507650 1087
1507660 1087
1507670 1087
1507680 1087
1507690 1087
1507700 1087
1507710 1087
1507720 1087
1507730 1087
1507740 1087
1507750 1087
1507760 1087
1507770 1087
1507780 1087
1507790 1087
1507800 1087
1507810 1087
1507820 1087
1507830 1087
1507840 1087
1507850 1087
1507860 1086
1507870 1085
1507880 1085
1507890 1086
1507900 1087
1507910 1087
1507920 1088
1507930 1088
1507940 1088
1507950 1089
1507960 1090
1507970 1090
1507980 1090
1507990 1091
1508000 1093
1508010 1093
1508020 1093
1508030 1094
1508040 1094
1508050 1095
1508060 1094
1508070 1094
1508080 1094
1508090 1093
1508100 1093
1508110 1092
1508120 1092
1508130 1092
1508140 1091
1508150 1089
1508160 1089
1508170 1088
1508180 1087
1508190 1087
1508200 1086
1508210 1086
1508220 1086
1508230 1086
1508240 1085
1508250 1085
1508260 1085
1508270 1086
1508280 1088
1508290 1088
1508300 1089
1508310 1091
1508320 1091
1508330 1093
1508340 1095
1508350 1095
1508360 1098
1508370 1101
1508380 1101
1508390 1104
1508400 1107
1508410 1107
1508420 1109
1508430 1111
1508440 1114
1508450 1114
1508460 1115
1508470 1116
1508480 1116
1508490 1119
1508500 1122
1508510 1122
1508520 1124
1508530 1126
1508540 1126
1508550 1130
1508560 1132
1508570 1132
1508580 1133
1508590 1134
1508600 1134
1508610 1135
1508620 1135
1508630 1135
1508640 1135
1508650 1135
1508660 1134
1508670 1134
1508680 1130
1508690 1128
1508700 1128
1508710 1130
1508720 1132
1508730 1132
1508740 1135
1508750 1137
1508760 1137
1508770 1137
1508780 1139
1508790 1139
1508800 1140
1508810 1140
1508820 1140
1508830 1141
1508840 1142
1508850 1142
1508860 1144
1508870 1147
1508880 1148
1508890 1148
1508900 1154
1508910 1161
1508920 1161
1508930 1167
1508940 1170
1508950 1170
1508960 1172
1508970 1175
1508980 1175
1508990 1177
1509000 1180
1509010 1180
1509020 1180
1509030 1176
1509040 1176
1509050 1178
1509060 1182
1509070 1182
1509080 1185
1509090 1188
1509100 1193
1509110 1193
1509120 1198
1509130 1201
1509140 1201
1509150 1204
1509160 1205
1509170 1205
1509180 1212
1509190 1216
1509200 1216
1509210 1218
1509220 1223
1509230 1223
1509240 1233
1509250 1239
1509260 1239
1509270 1246
1509280 1255
1509290 1255
1509300 1262
1509310 1267
1509320 1274
1509330 1274
1509340 1280
1509350 1284
1509360 1284
1509370 1289
1509380 1292
1509390 1292
1509400 1295
1509410 1296
1509420 1296
1509430 1304
1509440 1315
1509450 1315
1509460 1324
1509470 1330
1509480 1330
1509490 1335
1509500 1340
1509510 1340
1509520 1345
1509530 1347
1509540 1350
1509550 1350
1509560 1350
1509570 1350
1509580 1350
1509590 1350
1509600 1352
1509610 1352
1509620 1355
1509630 1357
1509640 1357
1509650 1357
1509660 1356
1509670 1356
1509680 1363
1509690 1375
1509700 1375
1509710 1385
1509720 1397
1509730 1397
1509740 1411
1509750 1421
1509760 1439
1509770 1439
1509780 1455
1509790 1467
1509800 1467
1509810 1478
1509820 1485
1509830 1485
1509840 1496
1509850 1506
1509860 1506
1509870 1514
1509880 1520
1509890 1520
1509900 1527
1509910 1540
1509920 1540
1509930 1556
1509940 1575
1509950 1575
1509960 1593
1509970 1601
1509980 1605
1509990 1605
1510000 1607
1510010 1603
1510020 1603
1510030 1597
1510040 1590
1510050 1590
1510060 1583
1510070 1575
1510080 1575
1510090 1568
1510100 1563
1510110 1563
1510120 1560
1510130 1558
1510140 1558
1510150 1555
1510160 1551
1510170 1551
1510180 1546
1510190 1539
1510200 1531
1510210 1531
1510220 1530
1510230 1537
1510240 1537
1510250 1547
1510260 1554
1510270 1554
1510280 1557
1510290 1552
1510300 1552
1510310 1548
1510320 1550
1510330 1550
1510340 1559
1510350 1570
1510360 1570
1510370 1580
1510380 1590
1510390 1590
1510400 1602
1510410 1612
1510420 1621
1510430 1621
1510440 1631
1510450 1641
1510460 1641
1510470 1650
1510480 1658
1510490 1658
1510500 1665
1510510 1673
1510520 1673
1510530 1682
1510540 1690
1510550 1690
1510560 1700
1510570 1709
1510580 1709
1510590 1717
1510600 1724
1510610 1724
1510620 1731
1510630 1739
1510640 1747
1510650 1747
1510660 1756
1510670 1765
1510680 1765
1510690 1775
1510700 1784
1510710 1784
1510720 1792
1510730 1796
1510740 1796
1510750 1798
1510760 1801
1510770 1801
1510780 1805
1510790 1809
1510800 1809
1510810 1813
1510820 1819
1510830 1819
1510840 1825
1510850 1829
1510860 1830
1510870 1830
1510880 1834
1510890 1836
1510900 1836
1510910 1835
1510920 1833
1510930 1833
1510940 1834
1510950 1835
1510960 1835
1510970 1836
1510980 1837
1510990 1837
1511000 1838
1511010 1839
1511020 1839
1511030 1839
1511040 1837
1511050 1837
1511060 1834
1511070 1831
1511080 1829
1511090 1829
1511100 1826
1511110 1821
1511120 1821
1511130 1818
1511140 1816
1511150 1816
1511160 1815
1511170 1813
1511180 1813
1511190 1810
1511200 1807
1511210 1807
1511220 1803
1511230 1800
1511240 1800
1511250 1796
1511260 1793
1511270 1793
1511280 1789
1511290 1785
1511300 1781
1511310 1781
1511320 1777
1511330 1774
1511340 1774
1511350 1770
1511360 1767
1511370 1767
1511380 1764
1511390 1762
1511400 1762
1511410 1759
1511420 1755
1511430 1755
1511440 1752
1511450 1748
1511460 1748
1511470 1745
1511480 1743
1511490 1743
1511500 1741
1511510 1738
1511520 1736
1511530 1736
1511540 1734
1511550 1731
1511560 1731
1511570 1726
1511580 1723
1511590 1723
1511600 1721
1511610 1719
1511620 1719
1511630 1716
1511640 1711
1511650 1711
1511660 1708
1511670 1705
1511680 1705
1511690 1702
1511700 1697
1511710 1697
1511720 1692
1511730 1687
1511740 1684
1511750 1684
1511760 1680
1511770 1675
1511780 1675
1511790 1673
1511800 1670
1511810 1670
1511820 1667
1511830 1663
1511840 1663
1511850 1658
1511860 1653
1511870 1653
1511880 1649
1511890 1646
1511900 1646
1511910 1642
1511920 1639
1511930 1636
1511940 1636
1511950 1632
1511960 1627
1511970 1627
1511980 1625
1511990 1622
1512000 1622
1512010 1618
1512020 1614
1512030 1614
1512040 1610
1512050 1606
1512060 1606
1512070 1602
1512080 1598
1512090 1598
1512100 1593
1512110 1588
1512120 1588
1512130 1583
1512140 1578
1512150 1575
1512160 1575
1512170 1570
1512180 1566
1512190 1566
1512200 1564
1512210 1559
1512220 1559
1512230 1557
1512240 1555
1512250 1555
1512260 1553
1512270 1548
1512280 1548
1512290 1544
1512300 1540
1512310 1540
1512320 1536
1512330 1532
1512340 1532
1512350 1528
1512360 1525
1512370 1522
1512380 1522
1512390 1518
1512400 1515
1512410 1515
1512420 1511
1512430 1507
1512440 1507
1512450 1503
1512460 1499
1512470 1499
1512480 1496
1512490 1494
1512500 1494
1512510 1492
1512520 1490
1512530 1490
1512540 1486
1512550 1481
1512560 1481
1512570 1476
1512580 1472
1512590 1468
1512600 1468
1512610 1465
1512620 1461
1512630 1461
1512640 1456
1512650 1450
1512660 1450
1512670 1446
1512680 1442
1512690 1442
1512700 1437
1512710 1433
1512720 1433
1512730 1431
1512740 1427
1512750 1427
1512760 1419
1512770 1413
1512780 1413
1512790 1407
1512800 1401
1512810 1394
1512820 1394
1512830 1385
1512840 1374
1512850 1374
1512860 1368
1512870 1363
1512880 1363
1512890 1358
1512900 1354
1512910 1354
1512920 1351
1512930 1345
1512940 1345
1512950 1339
1512960 1333
1512970 1333
1512980 1328
1512990 1322
1513000 1322
1513010 1316
1513020 1310
1513030 1304
1513040 1304
1513050 1297
1513060 1290
1513070 1290
1513080 1282
1513090 1275
1513100 1275
1513110 1270
1513120 1265
1513130 1265
1513140 1261
1513150 1255
1513160 1255
1513170 1249
1513180 1244
1513190 1244
1513200 1240
1513210 1236
1513220 1236
1513230 1230
1513240 1224
1513250 1217
1513260 1217
1513270 1212
1513280 1207
1513290 1207
1513300 1201
1513310 1195
1513320 1195
1513330 1191
1513340 1186
1513350 1186
1513360 1181
1513370 1175
1513380 1175
1513390 1170
1513400 1163
1513410 1163
1513420 1157
1513430 1149
1513440 1149
1513450 1144
1513460 1140
1513470 1135
1513480 1135
1513490 1130
1513500 1126
1513510 1126
1513520 1122
1513530 1116
1513540 1116
1513550 1110
1513560 1105
1513570 1105
1513580 1101
1513590 1098
1513600 1098
1513610 1095
1513620 1090
1513630 1090
1513640 1083
1513650 1078
1513660 1078
1513670 1076
1513680 1074
1513690 1071
1513700 1071
1513710 1069
1513720 1067
1513730 1067
1513740 1065
1513750 1063
1513760 1063
1513770 1062
1513780 1061
1513790 1061
1513800 1060
1513810 1059
1513820 1059
1513830 1058
1513840 1058
1513850 1058
1513860 1058
1513870 1058
1513880 1058
1513890 1058
1513900 1058
1513910 1058
1513920 1058
1513930 1058
1513940 1058
1513950 1058
1513960 1058
1513970 1058
1513980 1058
1513990 1058
1514000 1058
1514010 1058
1514020 1058
1514030 1058
1514040 1058
1514050 1058
1514060 1058
1514070 1058
1514080 1058
1514090 1058
1514100 1058
1514110 1057
1514120 1057
1514130 1057
1514140 1057
1514150 1057
1514160 1057
1514170 1057
1514180 1057
1514190 1057
1514200 1057
1514210 1057
1514220 1057
1514230 1057
1514240 1057
1514250 1057
1514260 1057
1514270 1057
1514280 1057
1514290 1057
1514300 1057
1514310 1057
1514320 1057
1514330 1057
1514340 1057
1514350 1056
1514360 1056
1514370 1056
1514380 1056
1514390 1056
1514400 1055
1514410 1055
1514420 1055
1514430 1055
1514440 1055
1514450 1055
1514460 1055
1514470 1055
1514480 1055
1514490 1055
1514500 1055
1514510 1055
1514520 1055
1514530 1055
1514540 1055
1514550 1056
1514560 1055
1514570 1055
1514580 1055
1514590 1055
1514600 1056
1514610 1056
1514620 1056
1514630 1056
1514640 1056
1514650 1056
1514660 1055
1514670 1055
1514680 1055
1514690 1055
1514700 1055
1514710 1055
1514720 1056
1514730 1056
1514740 1057
1514750 1058
1514760 1058
1514770 1059
1514780 1060
1514790 1063
1514800 1063
1514810 1069
1514820 1069
1514830 1069
1514840 1069
1514850 1067
1514860 1067
1514870 1066
1514880 1069
1514890 1069
1514900 1070
1514910 1071
1514920 1071
1514930 1072
1514940 1074
1514950 1074
1514960 1078
1514970 1081
1514980 1081
1514990 1084
1515000 1086
1515010 1089
1515020 1089
1515030 1091
1515040 1094
1515050 1094
1515060 1097
1515070 1098
1515080 1098
1515090 1101
1515100 1103
1515110 1103
1515120 1106
1515130 1107
1515140 1107
1515150 1109
1515160 1111
1515170 1111
1515180 1112
1515190 1114
1515200 1114
1515210 1115
1515220 1117
1515230 1118
1515240 1118
1515250 1120
1515260 1122
1515270 1122
1515280 1119
1515290 1122
1515300 1122
1515310 1125
1515320 1128
1515330 1128
1515340 1130
1515350 1131
1515360 1131
1515370 1132
1515380 1132
1515390 1132
1515400 1131
1515410 1131
1515420 1131
1515430 1131
1515440 1132
1515450 1134
1515460 1134
1515470 1135
1515480 1136
1515490 1136
1515500 1135
1515510 1134
1515520 1134
1515530 1134
1515540 1134
1515550 1134
1515560 1135
1515570 1136
1515580 1136
1515590 1138
1515600 1138
1515610 1138
1515620 1139
1515630 1138
1515640 1138
1515650 1137
1515660 1135
1515670 1132
1515680 1132
1515690 1129
1515700 1127
1515710 1127
1515720 1127
1515730 1126
1515740 1126
1515750 1126
1515760 1127
1515770 1127
1515780 1127
1515790 1126
1515800 1126
1515810 1125
1515820 1125
1515830 1125
1515840 1124
1515850 1123
1515860 1123
1515870 1122
1515880 1122
1515890 1123
1515900 1123
1515910 1122
1515920 1122
1515930 1122
1515940 1122
1515950 1122
1515960 1122
1515970 1123
1515980 1124
1515990 1124
1516000 1125
1516010 1125
1516020 1125
1516030 1124
1516040 1123
1516050 1123
1516060 1122
1516070 1119
1516080 1119
1516090 1117
1516100 1114
1516110 1111
1516120 1111
1516130 1109
1516140 1106
1516150 1106
1516160 1106
1516170 1106
1516180 1106
1516190 1106
1516200 1105
1516210 1105
1516220 1105
1516230 1104
1516240 1104
1516250 1104
1516260 1104
1516270 1104
1516280 1103
1516290 1101
1516300 1101
1516310 1098
1516320 1095
1516330 1091
1516340 1091
1516350 1087
1516360 1082
1516370 1082
1516380 1077
1516390 1073
1516400 1073
1516410 1070
1516420 1067
1516430 1067
1516440 1066
1516450 1064
1516460 1064
1516470 1064
1516480 1065
1516490 1065
1516500 1065
1516510 1065
1516520 1065
1516530 1065
1516540 1064
1516550 1063
1516560 1063
1516570 1063
1516580 1063
1516590 1063
1516600 1062
1516610 1063
1516620 1063
1516630 1064
1516640 1064
1516650 1064
1516660 1066
1516670 1067
1516680 1067
1516690 1068
1516700 1070
1516710 1070
1516720 1071
1516730 1069
1516740 1069
1516750 1066
1516760 1064
1516770 1062
1516780 1062
1516790 1060
1516800 1059
1516810 1059
1516820 1058
1516830 1059
1516840 1059
1516850 1059
1516860 1060
1516870 1060
1516880 1058
1516890 1055
1516900 1055
1516910 1052
1516920 1049
1516930 1049
1516940 1048
1516950 1048
1516960 1048
1516970 1047
1516980 1047
1516990 1047
1517000 1047
1517010 1047
1517020 1047
1517030 1047
1517040 1047
1517050 1047
1517060 1047
1517070 1048
1517080 1048
1517090 1048
1517100 1048
1517110 1048
1517120 1048
1517130 1048
1517140 1048
1517150 1048
1517160 1048
1517170 1048
1517180 1048
1517190 1048
1517200 1048
1517210 1048
1517220 1048
1517230 1047
1517240 1047
1517250 1047
1517260 1047
1517270 1047
1517280 1047
1517290 1047
1517300 1047
1517310 1047
1517320 1046
1517330 1046
1517340 1046
1517350 1046
1517360 1047
1517370 1047
1517380 1046
1517390 1046
1517400 1046
1517410 1046
1517420 1046
1517430 1046
1517440 1046
1517450 1046
1517460 1047
1517470 1047
1517480 1047
1517490 1047
1517500 1047
1517510 1047
1517520 1048
1517530 1048
1517540 1048
1517550 1048
1517560 1048
1517570 1049
1517580 1049
1517590 1049
1517600 1049
1517610 1050
1517620 1050
1517630 1050
1517640 1050
1517650 1050
1517660 1050
1517670 1050
1517680 1050
1517690 1050
1517700 1051
1517710 1051
1517720 1051
1517730 1051
1517740 1052
1517750 1052
1517760 1052
1517770 1052
1517780 1052
1517790 1052
1517800 1052
1517810 1052
1517820 1053
1517830 1053
1517840 1053
1517850 1053
1517860 1054
1517870 1054
1517880 1054
1517890 1054
1517900 1054
1517910 1054
1517920 1055
1517930 1055
1517940 1055
1517950 1055
1517960 1055
1517970 1055
1517980 1056
1517990 1056
1518000 1056
1518010 1056
1518020 1057
1518030 1057
1518040 1057
1518050 1057
1518060 1057
1518070 1057
1518080 1057
1518090 1058
1518100 1058
1518110 1058
1518120 1058
1518130 1058
1518140 1059
1518150 1059
1518160 1059
1518170 1060
1518180 1061
1518190 1061
1518200 1061
1518210 1061
1518220 1061
1518230 1061
1518240 1062
1518250 1062
1518260 1062
1518270 1062
1518280 1062
1518290 1062
1518300 1062
1518310 1062
1518320 1062
1518330 1062
1518340 1062
1518350 1062
1518360 1062
1518370 1062
1518380 1062
1518390 1062
1518400 1061
1518410 1061
1518420 1061
1518430 1060
1518440 1060
1518450 1059
1518460 1058
1518470 1058
1518480 1057
1518490 1057
1518500 1057
1518510 1056
1518520 1055
1518530 1054
1518540 1054
1518550 1055
1518560 1057
1518570 1057
1518580 1057
1518590 1056
1518600 1056
1518610 1056
1518620 1056
1518630 1056
1518640 1055
1518650 1054
1518660 1054
1518670 1054
1518680 1054
1518690 1054
1518700 1054
1518710 1053
1518720 1053
1518730 1053
1518740 1053
1518750 1053
1518760 1053
1518770 1053
1518780 1052
1518790 1052
1518800 1051
1518810 1051
1518820 1051
1518830 1051
1518840 1050
1518850 1050
1518860 1049
1518870 1049
1518880 1049
1518890 1048
1518900 1048
1518910 1048
1518920 1047
1518930 1047
1518940 1047
1518950 1047
1518960 1047
1518970 1047
1518980 1047
1518990 1046
1519000 1045
1519010 1045
1519020 1044
1519030 1044
1519040 1044
1519050 1044
1519060 1043
1519070 1043
1519080 1043
1519090 1042
1519100 1042
1519110 1042
1519120 1042
1519130 1042
1519140 1042
1519150 1041
1519160 1041
1519170 1041
1519180 1041
1519190 1041
1519200 1041
1519210 1041
1519220 1041
1519230 1041
1519240 1041
1519250 1041
1519260 1041
1519270 1040
1519280 1040
1519290 1040
1519300 1040
1519310 1040
1519320 1040
1519330 1040
1519340 1040
1519350 1040
1519360 1040
1519370 1040
1519380 1040
1519390 1040
1519400 1040
1519410 1040
1519420 1040
1519430 1040
1519440 1040
1519450 1040
1519460 1040
1519470 1040
1519480 1040
1519490 1040
1519500 1040
1519510 1040
1519520 1040
1519530 1039
1519540 1039
1519550 1039
1519560 1040
1519570 1040
1519580 1039
1519590 1039
1519600 1039
1519610 1039
1519620 1039
1519630 1039
1519640 1039
1519650 1039
1519660 1039
1519670 1039
1519680 1039
1519690 1039
1519700 1039
1519710 1039
1519720 1039
1519730 1039
1519740 1039
1519750 1039
1519760 1039
1519770 1039
1519780 1039
1519790 1039
1519800 1040
1519810 1039
1519820 1039
1519830 1039
1519840 1039
1519850 1039
1519860 1039
1519870 1039
1519880 1039
1519890 1039
1519900 1039
1519910 1038
1519920 1038
1519930 1038
1519940 1038
1519950 1038
1519960 1038
1519970 1038
1519980 1038
1519990 1038
