1500000 1944
1500010 1943
1500020 1943
1500030 1943
1500040 1943
1500050 1943
1500060 1943
1500070 1943
1500080 1943
1500090 1943
1500100 1942
1500110 1941
1500120 1941
1500130 1939
1500140 1937
1500150 1937
1500160 1934
1500170 1931
1500180 1931
1500190 1928
1500200 1924
1500210 1924
1500220 1921
1500230 1920
1500240 1920
1500250 1920
1500260 1920
1500270 1920
1500280 1921
1500290 1921
1500300 1919
1500310 1919
1500320 1918
1500330 1916
1500340 1916
1500350 1915
1500360 1912
1500370 1912
1500380 1910
1500390 1907
1500400 1907
1500410 1904
1500420 1899
1500430 1899
1500440 1892
1500450 1882
1500460 1882
1500470 1874
1500480 1868
1500490 1868
1500500 1863
1500510 1858
1500520 1854
1500530 1854
1500540 1850
1500550 1845
1500560 1845
1500570 1842
1500580 1838
1500590 1838
1500600 1836
1500610 1835
1500620 1835
1500630 1833
1500640 1832
1500650 1832
1500660 1830
1500670 1827
1500680 1827
1500690 1823
1500700 1820
1500710 1820
1500720 1815
1500730 1811
1500740 1807
1500750 1807
1500760 1804
1500770 1802
1500780 1802
1500790 1799
1500800 1796
1500810 1796
1500820 1793
1500830 1790
1500840 1790
1500850 1788
1500860 1785
1500870 1785
1500880 1782
1500890 1779
1500900 1779
1500910 1776
1500920 1773
1500930 1773
1500940 1770
1500950 1767
1500960 1764
1500970 1764
1500980 1763
1500990 1763
1501000 1763
1501010 1760
1501020 1758
1501030 1758
1501040 1757
1501050 1755
1501060 1755
1501070 1753
1501080 1750
1501090 1750
1501100 1749
1501110 1744
1501120 1744
1501130 1741
1501140 1738
1501150 1738
1501160 1735
1501170 1735
1501180 1735
1501190 1735
1501200 1735
1501210 1735
1501220 1735
1501230 1735
1501240 1735
1501250 1735
1501260 1733
1501270 1732
1501280 1732
1501290 1730
1501300 1728
1501310 1728
1501320 1725
1501330 1722
1501340 1722
1501350 1719
1501360 1716
1501370 1716
1501380 1714
1501390 1711
1501400 1709
1501410 1709
1501420 1705
1501430 1700
1501440 1700
1501450 1695
1501460 1691
1501470 1691
1501480 1689
1501490 1686
1501500 1686
1501510 1684
1501520 1681
1501530 1681
1501540 1678
1501550 1675
1501560 1675
1501570 1673
1501580 1671
1501590 1671
1501600 1669
1501610 1667
1501620 1665
1501630 1665
1501640 1662
1501650 1661
1501660 1661
1501670 1658
1501680 1656
1501690 1656
1501700 1651
1501710 1644
1501720 1644
1501730 1638
1501740 1637
1501750 1637
1501760 1645
1501770 1650
1501780 1650
1501790 1654
1501800 1656
1501810 1656
1501820 1657
1501830 1657
1501840 1660
1501850 1660
1501860 1662
1501870 1664
1501880 1664
1501890 1666
1501900 1668
1501910 1668
1501920 1670
1501930 1670
1501940 1670
1501950 1670
1501960 1668
1501970 1668
1501980 1665
1501990 1661
1502000 1661
1502010 1659
1502020 1659
1502030 1659
1502040 1659
1502050 1658
1502060 1657
1502070 1657
1502080 1656
1502090 1655
1502100 1655
1502110 1655
1502120 1654
1502130 1654
1502140 1653
1502150 1651
1502160 1651
1502170 1646
1502180 1642
1502190 1642
1502200 1641
1502210 1641
1502220 1641
1502230 1638
1502240 1635
1502250 1635
1502260 1632
1502270 1630
1502280 1628
1502290 1628
1502300 1628
1502310 1626
1502320 1626
1502330 1625
1502340 1625
1502350 1625
1502360 1627
1502370 1628
1502380 1628
1502390 1629
1502400 1627
1502410 1627
1502420 1624
1502430 1622
1502440 1622
1502450 1622
1502460 1621
1502470 1621
1502480 1619
1502490 1616
1502500 1613
1502510 1613
1502520 1611
1502530 1609
1502540 1609
1502550 1606
1502560 1603
1502570 1603
1502580 1599
1502590 1594
1502600 1594
1502610 1588
1502620 1581
1502630 1581
1502640 1573
1502650 1563
1502660 1563
1502670 1557
1502680 1559
1502690 1559
1502700 1563
1502710 1567
1502720 1569
1502730 1569
1502740 1569
1502750 1569
1502760 1569
1502770 1570
1502780 1570
1502790 1570
1502800 1568
1502810 1564
1502820 1564
1502830 1561
1502840 1558
1502850 1558
1502860 1556
1502870 1554
1502880 1554
1502890 1553
1502900 1550
1502910 1550
1502920 1546
1502930 1542
1502940 1538
1502950 1538
1502960 1535
1502970 1532
1502980 1532
1502990 1527
1503000 1522
1503010 1522
1503020 1517
1503030 1512
1503040 1512
1503050 1507
1503060 1503
1503070 1503
1503080 1495
1503090 1488
1503100 1488
1503110 1491
1503120 1495
1503130 1495
1503140 1498
1503150 1497
1503160 1494
1503170 1494
1503180 1490
1503190 1486
1503200 1486
1503210 1485
1503220 1484
1503230 1484
1503240 1483
1503250 1480
1503260 1480
1503270 1477
1503280 1473
1503290 1473
1503300 1469
1503310 1465
1503320 1465
1503330 1464
1503340 1465
1503350 1465
1503360 1469
1503370 1469
1503380 1468
1503390 1468
1503400 1467
1503410 1466
1503420 1466
1503430 1466
1503440 1464
1503450 1464
1503460 1462
1503470 1457
1503480 1457
1503490 1449
1503500 1440
1503510 1440
1503520 1435
1503530 1436
1503540 1436
1503550 1439
1503560 1438
1503570 1438
1503580 1434
1503590 1426
1503600 1421
1503610 1421
1503620 1426
1503630 1435
1503640 1435
1503650 1454
1503660 1461
1503670 1461
1503680 1465
1503690 1470
1503700 1470
1503710 1474
1503720 1479
1503730 1479
1503740 1483
1503750 1488
1503760 1488
1503770 1493
1503780 1496
1503790 1497
1503800 1497
1503810 1498
1503820 1498
1503830 1498
1503840 1498
1503850 1497
1503860 1497
1503870 1497
1503880 1498
1503890 1498
1503900 1499
1503910 1500
1503920 1500
1503930 1501
1503940 1502
1503950 1502
1503960 1503
1503970 1505
1503980 1505
1503990 1506
1504000 1508
1504010 1510
1504020 1510
1504030 1510
1504040 1511
1504050 1511
1504060 1511
1504070 1511
1504080 1511
1504090 1512
1504100 1512
1504110 1512
1504120 1512
1504130 1512
1504140 1512
1504150 1512
1504160 1512
1504170 1512
1504180 1512
1504190 1511
1504200 1511
1504210 1510
1504220 1509
1504230 1508
1504240 1508
1504250 1507
1504260 1506
1504270 1506
1504280 1505
1504290 1503
1504300 1503
1504310 1502
1504320 1501
1504330 1501
1504340 1500
1504350 1499
1504360 1499
1504370 1496
1504380 1494
1504390 1494
1504400 1492
1504410 1490
1504420 1490
1504430 1490
1504440 1490
1504450 1491
1504460 1491
1504470 1491
1504480 1491
1504490 1491
1504500 1489
1504510 1484
1504520 1484
1504530 1480
1504540 1475
1504550 1475
1504560 1472
1504570 1477
1504580 1477
1504590 1484
1504600 1489
1504610 1489
1504620 1490
1504630 1492
1504640 1492
1504650 1493
1504660 1493
1504670 1491
1504680 1491
1504690 1492
1504700 1492
1504710 1492
1504720 1488
1504730 1480
1504740 1480
1504750 1472
1504760 1465
1504770 1465
1504780 1466
1504790 1471
1504800 1471
1504810 1476
1504820 1480
1504830 1480
1504840 1485
1504850 1486
1504860 1486
1504870 1486
1504880 1486
1504890 1487
1504900 1487
1504910 1489
1504920 1492
1504930 1492
1504940 1496
1504950 1500
1504960 1500
1504970 1502
1504980 1501
1504990 1501
1505000 1500
1505010 1499
1505020 1499
1505030 1498
1505040 1496
1505050 1496
1505060 1494
1505070 1490
1505080 1490
1505090 1489
1505100 1490
1505110 1490
1505120 1490
1505130 1489
1505140 1487
1505150 1487
1505160 1486
1505170 1483
1505180 1483
1505190 1482
1505200 1482
1505210 1482
1505220 1481
1505230 1480
1505240 1480
1505250 1481
1505260 1480
1505270 1480
1505280 1480
1505290 1479
1505300 1479
1505310 1479
1505320 1478
1505330 1477
1505340 1477
1505350 1475
1505360 1474
1505370 1474
1505380 1473
1505390 1471
1505400 1471
1505410 1470
1505420 1469
1505430 1469
1505440 1467
1505450 1465
1505460 1465
1505470 1461
1505480 1456
1505490 1456
1505500 1450
1505510 1447
1505520 1447
1505530 1445
1505540 1443
1505550 1442
1505560 1442
1505570 1441
1505580 1441
1505590 1441
1505600 1441
1505610 1438
1505620 1438
1505630 1436
1505640 1436
1505650 1436
1505660 1434
1505670 1431
1505680 1431
1505690 1429
1505700 1426
1505710 1426
1505720 1423
1505730 1419
1505740 1419
1505750 1417
1505760 1416
1505770 1414
1505780 1414
1505790 1412
1505800 1410
1505810 1410
1505820 1408
1505830 1405
1505840 1405
1505850 1404
1505860 1402
1505870 1402
1505880 1399
1505890 1396
1505900 1396
1505910 1394
1505920 1393
1505930 1393
1505940 1391
1505950 1389
1505960 1389
1505970 1385
1505980 1383
1505990 1381
1506000 1381
1506010 1377
1506020 1373
1506030 1373
1506040 1371
1506050 1370
1506060 1370
1506070 1368
1506080 1365
1506090 1365
1506100 1363
1506110 1360
1506120 1360
1506130 1357
1506140 1353
1506150 1353
1506160 1350
1506170 1347
1506180 1347
1506190 1343
1506200 1339
1506210 1337
1506220 1337
1506230 1335
1506240 1333
1506250 1333
1506260 1331
1506270 1328
1506280 1328
1506290 1326
1506300 1324
1506310 1324
1506320 1320
1506330 1316
1506340 1316
1506350 1312
1506360 1308
1506370 1308
1506380 1306
1506390 1302
1506400 1302
1506410 1299
1506420 1297
1506430 1294
1506440 1294
1506450 1292
1506460 1289
1506470 1289
1506480 1286
1506490 1283
1506500 1283
1506510 1280
1506520 1276
1506530 1276
1506540 1271
1506550 1266
1506560 1266
1506570 1261
1506580 1254
1506590 1254
1506600 1245
1506610 1235
1506620 1235
1506630 1223
1506640 1212
1506650 1210
1506660 1210
1506670 1217
1506680 1223
1506690 1223
1506700 1229
1506710 1235
1506720 1235
1506730 1234
1506740 1232
1506750 1232
1506760 1229
1506770 1224
1506780 1224
1506790 1216
1506800 1205
1506810 1205
1506820 1198
1506830 1202
1506840 1202
1506850 1207
1506860 1211
1506870 1213
1506880 1213
1506890 1211
1506900 1207
1506910 1207
1506920 1204
1506930 1202
1506940 1202
1506950 1200
1506960 1197
1506970 1197
1506980 1196
1506990 1194
1507000 1194
1507010 1191
1507020 1189
1507030 1189
1507040 1186
1507050 1182
1507060 1182
1507070 1178
1507080 1175
1507090 1172
1507100 1172
1507110 1167
1507120 1163
1507130 1163
1507140 1158
1507150 1153
1507160 1153
1507170 1149
1507180 1146
1507190 1146
1507200 1143
1507210 1140
1507220 1140
1507230 1138
1507240 1137
1507250 1137
1507260 1134
1507270 1129
1507280 1129
1507290 1127
1507300 1128
1507310 1126
1507320 1126
1507330 1125
1507340 1123
1507350 1123
1507360 1118
1507370 1117
1507380 1117
1507390 1119
1507400 1118
1507410 1118
1507420 1116
1507430 1113
1507440 1113
1507450 1109
1507460 1106
1507470 1106
1507480 1105
1507490 1103
1507500 1103
1507510 1094
1507520 1092
1507530 1091
1507540 1091
1507550 1092
1507560 1092
1507570 1092
1507580 1092
1507590 1093
1507600 1093
1507610 1093
1507620 1095
1507630 1095
1507640 1098
1507650 1103
1507660 1103
1507670 1108
1507680 1112
1507690 1112
1507700 1114
1507710 1116
1507720 1116
1507730 1117
1507740 1117
1507750 1117
1507760 1117
1507770 1116
1507780 1117
1507790 1117
1507800 1118
1507810 1118
1507820 1118
1507830 1118
1507840 1117
1507850 1117
1507860 1113
1507870 1109
1507880 1109
1507890 1109
1507900 1111
1507910 1111
1507920 1112
1507930 1110
1507940 1110
1507950 1107
1507960 1106
1507970 1105
1507980 1105
1507990 1104
1508000 1104
1508010 1104
1508020 1103
1508030 1103
1508040 1103
1508050 1103
1508060 1102
1508070 1102
1508080 1101
1508090 1101
1508100 1101
1508110 1100
1508120 1099
1508130 1099
1508140 1099
1508150 1097
1508160 1097
1508170 1093
1508180 1091
1508190 1089
1508200 1089
1508210 1088
1508220 1088
1508230 1088
1508240 1088
1508250 1087
1508260 1087
1508270 1086
1508280 1085
1508290 1085
1508300 1084
1508310 1084
1508320 1084
1508330 1084
1508340 1084
1508350 1084
1508360 1084
1508370 1084
1508380 1084
1508390 1084
1508400 1083
1508410 1083
1508420 1083
1508430 1084
1508440 1084
1508450 1084
1508460 1084
1508470 1084
1508480 1084
1508490 1084
1508500 1084
1508510 1084
1508520 1084
1508530 1084
1508540 1084
1508550 1084
1508560 1084
1508570 1084
1508580 1084
1508590 1084
1508600 1084
1508610 1084
1508620 1084
1508630 1084
1508640 1084
1508650 1084
1508660 1084
1508670 1084
1508680 1084
1508690 1084
1508700 1084
1508710 1084
1508720 1084
1508730 1084
1508740 1084
1508750 1084
1508760 1084
1508770 1084
1508780 1084
1508790 1084
1508800 1084
1508810 1084
1508820 1084
1508830 1084
1508840 1084
1508850 1084
1508860 1084
1508870 1084
1508880 1084
1508890 1084
1508900 1084
1508910 1084
1508920 1084
1508930 1085
1508940 1086
1508950 1086
1508960 1088
1508970 1089
1508980 1089
1508990 1090
1509000 1090
1509010 1090
1509020 1090
1509030 1091
1509040 1091
1509050 1092
1509060 1092
1509070 1093
1509080 1093
1509090 1094
1509100 1095
1509110 1095
1509120 1097
1509130 1099
1509140 1099
1509150 1101
1509160 1103
1509170 1103
1509180 1105
1509190 1106
1509200 1106
1509210 1105
1509220 1107
1509230 1107
1509240 1109
1509250 1109
1509260 1109
1509270 1108
1509280 1110
1509290 1112
1509300 1112
1509310 1119
1509320 1138
1509330 1138
1509340 1146
1509350 1148
1509360 1148
1509370 1148
1509380 1148
1509390 1148
1509400 1149
1509410 1155
1509420 1155
1509430 1163
1509440 1170
1509450 1170
1509460 1171
1509470 1171
1509480 1171
1509490 1178
1509500 1183
1509510 1185
1509520 1185
1509530 1190
1509540 1189
1509550 1189
1509560 1194
1509570 1204
1509580 1204
1509590 1209
1509600 1213
1509610 1213
1509620 1215
1509630 1218
1509640 1218
1509650 1223
1509660 1228
1509670 1228
1509680 1232
1509690 1233
1509700 1233
1509710 1238
1509720 1247
1509730 1254
1509740 1254
1509750 1259
1509760 1265
1509770 1265
1509780 1268
1509790 1272
1509800 1272
1509810 1279
1509820 1288
1509830 1288
1509840 1297
1509850 1309
1509860 1309
1509870 1318
1509880 1327
1509890 1327
1509900 1335
1509910 1344
1509920 1344
1509930 1352
1509940 1367
1509950 1393
1509960 1393
1509970 1400
1509980 1405
1509990 1405
1510000 1410
1510010 1411
1510020 1411
1510030 1411
1510040 1409
1510050 1409
1510060 1406
1510070 1407
1510080 1407
1510090 1410
1510100 1412
1510110 1412
1510120 1414
1510130 1410
1510140 1404
1510150 1404
1510160 1397
1510170 1397
1510180 1397
1510190 1403
1510200 1415
1510210 1415
1510220 1428
1510230 1442
1510240 1442
1510250 1456
1510260 1466
1510270 1466
1510280 1473
1510290 1480
1510300 1480
1510310 1488
1510320 1497
1510330 1497
1510340 1508
1510350 1518
1510360 1529
1510370 1529
1510380 1540
1510390 1546
1510400 1546
1510410 1554
1510420 1563
1510430 1563
1510440 1573
1510450 1587
1510460 1587
1510470 1599
1510480 1605
1510490 1605
1510500 1612
1510510 1619
1510520 1619
1510530 1625
1510540 1630
1510550 1630
1510560 1634
1510570 1637
1510580 1641
1510590 1641
1510600 1644
1510610 1646
1510620 1646
1510630 1647
1510640 1649
1510650 1649
1510660 1652
1510670 1655
1510680 1655
1510690 1658
1510700 1661
1510710 1661
1510720 1664
1510730 1669
1510740 1669
1510750 1673
1510760 1677
1510770 1677
1510780 1681
1510790 1684
1510800 1687
1510810 1687
1510820 1690
1510830 1693
1510840 1693
1510850 1695
1510860 1696
1510870 1696
1510880 1696
1510890 1697
1510900 1697
1510910 1696
1510920 1694
1510930 1694
1510940 1690
1510950 1684
1510960 1684
1510970 1685
1510980 1689
1510990 1689
1511000 1693
1511010 1694
1511020 1697
1511030 1697
1511040 1705
1511050 1717
1511060 1717
1511070 1723
1511080 1727
1511090 1727
1511100 1729
1511110 1729
1511120 1729
1511130 1729
1511140 1729
1511150 1729
1511160 1732
1511170 1736
1511180 1736
1511190 1739
1511200 1737
1511210 1737
1511220 1735
1511230 1738
1511240 1738
1511250 1738
1511260 1737
1511270 1734
1511280 1734
1511290 1731
1511300 1725
1511310 1725
1511320 1719
1511330 1711
1511340 1711
1511350 1702
1511360 1695
1511370 1695
1511380 1687
1511390 1680
1511400 1680
1511410 1672
1511420 1671
1511430 1671
1511440 1681
1511450 1696
1511460 1714
1511470 1714
1511480 1723
1511490 1727
1511500 1727
1511510 1727
1511520 1726
1511530 1726
1511540 1725
1511550 1723
1511560 1723
1511570 1719
1511580 1713
1511590 1713
1511600 1706
1511610 1702
1511620 1702
1511630 1695
1511640 1688
1511650 1688
1511660 1681
1511670 1674
1511680 1668
1511690 1668
1511700 1660
1511710 1650
1511720 1650
1511730 1643
1511740 1637
1511750 1637
1511760 1634
1511770 1630
1511780 1630
1511790 1623
1511800 1622
1511810 1622
1511820 1630
1511830 1635
1511840 1635
1511850 1637
1511860 1641
1511870 1641
1511880 1647
1511890 1649
1511900 1650
1511910 1650
1511920 1650
1511930 1649
1511940 1649
1511950 1648
1511960 1644
1511970 1644
1511980 1639
1511990 1634
1512000 1634
1512010 1629
1512020 1623
1512030 1623
1512040 1618
1512050 1611
1512060 1611
1512070 1605
1512080 1598
1512090 1598
1512100 1592
1512110 1586
1512120 1580
1512130 1580
1512140 1575
1512150 1572
1512160 1572
1512170 1569
1512180 1564
1512190 1564
1512200 1561
1512210 1557
1512220 1557
1512230 1555
1512240 1552
1512250 1552
1512260 1548
1512270 1544
1512280 1544
1512290 1541
1512300 1533
1512310 1533
1512320 1526
1512330 1520
1512340 1516
1512350 1516
1512360 1514
1512370 1512
1512380 1512
1512390 1509
1512400 1506
1512410 1506
1512420 1502
1512430 1499
1512440 1499
1512450 1494
1512460 1490
1512470 1490
1512480 1490
1512490 1485
1512500 1485
1512510 1480
1512520 1476
1512530 1476
1512540 1472
1512550 1468
1512560 1464
1512570 1464
1512580 1459
1512590 1454
1512600 1454
1512610 1449
1512620 1444
1512630 1444
1512640 1439
1512650 1436
1512660 1436
1512670 1432
1512680 1427
1512690 1427
1512700 1421
1512710 1415
1512720 1415
1512730 1408
1512740 1400
1512750 1400
1512760 1392
1512770 1385
1512780 1379
1512790 1379
1512800 1372
1512810 1364
1512820 1364
1512830 1358
1512840 1351
1512850 1351
1512860 1344
1512870 1336
1512880 1336
1512890 1329
1512900 1321
1512910 1321
1512920 1314
1512930 1308
1512940 1308
1512950 1303
1512960 1298
1512970 1298
1512980 1292
1512990 1285
1513000 1278
1513010 1278
1513020 1271
1513030 1265
1513040 1265
1513050 1259
1513060 1252
1513070 1252
1513080 1246
1513090 1240
1513100 1240
1513110 1233
1513120 1227
1513130 1227
1513140 1222
1513150 1216
1513160 1216
1513170 1210
1513180 1204
1513190 1204
1513200 1199
1513210 1193
1513220 1187
1513230 1187
1513240 1182
1513250 1177
1513260 1177
1513270 1172
1513280 1162
1513290 1162
1513300 1153
1513310 1144
1513320 1144
1513330 1137
1513340 1134
1513350 1134
1513360 1130
1513370 1125
1513380 1125
1513390 1121
1513400 1117
1513410 1117
1513420 1112
1513430 1107
1513440 1103
1513450 1103
1513460 1099
1513470 1095
1513480 1095
1513490 1090
1513500 1085
1513510 1085
1513520 1081
1513530 1078
1513540 1078
1513550 1075
1513560 1072
1513570 1072
1513580 1070
1513590 1068
1513600 1068
1513610 1066
1513620 1064
1513630 1064
1513640 1062
1513650 1061
1513660 1060
1513670 1060
1513680 1060
1513690 1059
1513700 1059
1513710 1059
1513720 1058
1513730 1058
1513740 1057
1513750 1057
1513760 1057
1513770 1057
1513780 1057
1513790 1057
1513800 1057
1513810 1057
1513820 1057
1513830 1057
1513840 1057
1513850 1057
1513860 1057
1513870 1057
1513880 1057
1513890 1057
1513900 1057
1513910 1057
1513920 1057
1513930 1057
1513940 1057
1513950 1057
1513960 1057
1513970 1057
1513980 1057
1513990 1057
1514000 1057
1514010 1057
1514020 1057
1514030 1057
1514040 1057
1514050 1057
1514060 1057
1514070 1057
1514080 1057
1514090 1057
1514100 1057
1514110 1057
1514120 1057
1514130 1057
1514140 1057
1514150 1056
1514160 1056
1514170 1056
1514180 1056
1514190 1056
1514200 1056
1514210 1056
1514220 1055
1514230 1055
1514240 1055
1514250 1056
1514260 1056
1514270 1056
1514280 1056
1514290 1056
1514300 1056
1514310 1056
1514320 1057
1514330 1057
1514340 1057
1514350 1057
1514360 1057
1514370 1057
1514380 1056
1514390 1056
1514400 1056
1514410 1057
1514420 1057
1514430 1057
1514440 1057
1514450 1057
1514460 1057
1514470 1057
1514480 1057
1514490 1057
1514500 1057
1514510 1057
1514520 1057
1514530 1057
1514540 1057
1514550 1057
1514560 1057
1514570 1057
1514580 1057
1514590 1057
1514600 1058
1514610 1058
1514620 1060
1514630 1063
1514640 1063
1514650 1066
1514660 1069
1514670 1069
1514680 1071
1514690 1072
1514700 1072
1514710 1074
1514720 1075
1514730 1075
1514740 1075
1514750 1075
1514760 1076
1514770 1076
1514780 1081
1514790 1085
1514800 1085
1514810 1089
1514820 1092
1514830 1092
1514840 1094
1514850 1096
1514860 1096
1514870 1098
1514880 1099
1514890 1099
1514900 1101
1514910 1103
1514920 1103
1514930 1105
1514940 1107
1514950 1107
1514960 1109
1514970 1111
1514980 1113
1514990 1113
1515000 1114
1515010 1116
1515020 1116
1515030 1118
1515040 1120
1515050 1120
1515060 1122
1515070 1124
1515080 1124
1515090 1126
1515100 1127
1515110 1127
1515120 1129
1515130 1131
1515140 1131
1515150 1132
1515160 1134
1515170 1134
1515180 1135
1515190 1138
1515200 1141
1515210 1141
1515220 1143
1515230 1145
1515240 1145
1515250 1147
1515260 1150
1515270 1150
1515280 1152
1515290 1155
1515300 1155
1515310 1157
1515320 1159
1515330 1159
1515340 1162
1515350 1164
1515360 1164
1515370 1166
1515380 1168
1515390 1168
1515400 1170
1515410 1172
1515420 1174
1515430 1174
1515440 1175
1515450 1177
1515460 1177
1515470 1179
1515480 1180
1515490 1180
1515500 1181
1515510 1182
1515520 1182
1515530 1183
1515540 1183
1515550 1183
1515560 1183
1515570 1184
1515580 1184
1515590 1185
1515600 1186
1515610 1186
1515620 1188
1515630 1191
1515640 1194
1515650 1194
1515660 1196
1515670 1196
1515680 1196
1515690 1195
1515700 1194
1515710 1194
1515720 1195
1515730 1195
1515740 1195
1515750 1194
1515760 1193
1515770 1193
1515780 1191
1515790 1190
1515800 1190
1515810 1189
1515820 1189
1515830 1189
1515840 1187
1515850 1185
1515860 1183
1515870 1183
1515880 1180
1515890 1179
1515900 1179
1515910 1178
1515920 1177
1515930 1177
1515940 1176
1515950 1175
1515960 1175
1515970 1173
1515980 1171
1515990 1171
1516000 1170
1516010 1168
1516020 1168
1516030 1167
1516040 1166
1516050 1166
1516060 1165
1516070 1165
1516080 1165
1516090 1165
1516100 1164
1516110 1162
1516120 1162
1516130 1161
1516140 1159
1516150 1159
1516160 1157
1516170 1156
1516180 1156
1516190 1156
1516200 1155
1516210 1155
1516220 1154
1516230 1155
1516240 1155
1516250 1155
1516260 1154
1516270 1154
1516280 1144
1516290 1129
1516300 1117
1516310 1117
1516320 1112
1516330 1107
1516340 1107
1516350 1102
1516360 1101
1516370 1101
1516380 1096
1516390 1092
1516400 1092
1516410 1097
1516420 1105
1516430 1105
1516440 1107
1516450 1110
1516460 1110
1516470 1116
1516480 1122
1516490 1122
1516500 1129
1516510 1137
1516520 1147
1516530 1147
1516540 1147
1516550 1146
1516560 1146
1516570 1145
1516580 1144
1516590 1144
1516600 1143
1516610 1141
1516620 1141
1516630 1139
1516640 1137
1516650 1137
1516660 1138
1516670 1137
1516680 1137
1516690 1136
1516700 1134
1516710 1134
1516720 1131
1516730 1129
1516740 1127
1516750 1127
1516760 1125
1516770 1124
1516780 1124
1516790 1123
1516800 1121
1516810 1121
1516820 1120
1516830 1119
1516840 1119
1516850 1118
1516860 1117
1516870 1117
1516880 1116
1516890 1116
1516900 1116
1516910 1115
1516920 1114
1516930 1114
1516940 1115
1516950 1115
1516960 1115
1516970 1115
1516980 1115
1516990 1114
1517000 1114
1517010 1113
1517020 1112
1517030 1112
1517040 1109
1517050 1103
1517060 1103
1517070 1096
1517080 1091
1517090 1091
1517100 1094
1517110 1099
1517120 1099
1517130 1100
1517140 1100
1517150 1100
1517160 1099
1517170 1098
1517180 1098
1517190 1098
1517200 1100
1517210 1101
1517220 1101
1517230 1101
1517240 1101
1517250 1101
1517260 1100
1517270 1100
1517280 1100
1517290 1098
1517300 1097
1517310 1097
1517320 1097
1517330 1094
1517340 1094
1517350 1092
1517360 1092
1517370 1092
1517380 1091
1517390 1088
1517400 1089
1517410 1089
1517420 1089
1517430 1089
1517440 1089
1517450 1088
1517460 1086
1517470 1086
1517480 1084
1517490 1081
1517500 1081
1517510 1080
1517520 1077
1517530 1077
1517540 1074
1517550 1073
1517560 1073
1517570 1072
1517580 1072
1517590 1072
1517600 1072
1517610 1071
1517620 1071
1517630 1071
1517640 1071
1517650 1071
1517660 1071
1517670 1071
1517680 1070
1517690 1070
1517700 1070
1517710 1068
1517720 1068
1517730 1068
1517740 1067
1517750 1067
1517760 1066
1517770 1066
1517780 1066
1517790 1066
1517800 1065
1517810 1065
1517820 1065
1517830 1065
1517840 1065
1517850 1065
1517860 1066
1517870 1066
1517880 1066
1517890 1067
1517900 1068
1517910 1068
1517920 1069
1517930 1069
1517940 1069
1517950 1070
1517960 1071
1517970 1071
1517980 1071
1517990 1072
1518000 1072
1518010 1072
1518020 1073
1518030 1073
1518040 1073
1518050 1074
1518060 1075
1518070 1075
1518080 1076
1518090 1077
1518100 1077
1518110 1077
1518120 1076
1518130 1076
1518140 1076
1518150 1075
1518160 1075
1518170 1075
1518180 1074
1518190 1074
1518200 1074
1518210 1074
1518220 1074
1518230 1075
1518240 1076
1518250 1077
1518260 1077
1518270 1079
1518280 1079
1518290 1079
1518300 1079
1518310 1078
1518320 1078
1518330 1078
1518340 1077
1518350 1077
1518360 1076
1518370 1076
1518380 1076
1518390 1075
1518400 1074
1518410 1074
1518420 1073
1518430 1073
1518440 1073
1518450 1072
1518460 1070
1518470 1070
1518480 1070
1518490 1070
1518500 1070
1518510 1070
1518520 1070
1518530 1070
1518540 1070
1518550 1071
1518560 1071
1518570 1071
1518580 1072
1518590 1071
1518600 1071
1518610 1072
1518620 1072
1518630 1072
1518640 1072
1518650 1072
1518660 1072
1518670 1071
1518680 1071
1518690 1070
1518700 1070
1518710 1070
1518720 1068
1518730 1068
1518740 1068
1518750 1068
1518760 1068
1518770 1067
1518780 1065
1518790 1065
1518800 1064
1518810 1063
1518820 1063
1518830 1061
1518840 1060
1518850 1060
1518860 1059
1518870 1059
1518880 1059
1518890 1058
1518900 1058
1518910 1058
1518920 1058
1518930 1060
1518940 1063
1518950 1063
1518960 1065
1518970 1067
1518980 1067
1518990 1068
1519000 1069
1519010 1069
1519020 1070
1519030 1070
1519040 1070
1519050 1070
1519060 1070
1519070 1070
1519080 1071
1519090 1072
1519100 1072
1519110 1073
1519120 1073
1519130 1072
1519140 1072
1519150 1072
1519160 1073
1519170 1073
1519180 1073
1519190 1073
1519200 1073
1519210 1073
1519220 1072
1519230 1072
1519240 1071
1519250 1070
1519260 1070
1519270 1068
1519280 1068
1519290 1068
1519300 1068
1519310 1068
1519320 1068
1519330 1066
1519340 1064
1519350 1064
1519360 1064
1519370 1064
1519380 1064
1519390 1064
1519400 1064
1519410 1064
1519420 1064
1519430 1065
1519440 1065
1519450 1065
1519460 1064
1519470 1064
1519480 1064
1519490 1064
1519500 1064
1519510 1064
1519520 1063
1519530 1062
1519540 1062
1519550 1062
1519560 1062
1519570 1061
1519580 1061
1519590 1060
1519600 1058
1519610 1058
1519620 1058
1519630 1058
1519640 1058
1519650 1059
1519660 1060
1519670 1060
1519680 1062
1519690 1062
1519700 1062
1519710 1064
1519720 1063
1519730 1063
1519740 1063
1519750 1062
1519760 1062
1519770 1062
1519780 1060
1519790 1058
1519800 1058
1519810 1057
1519820 1056
1519830 1056
1519840 1056
1519850 1056
1519860 1056
1519870 1055
1519880 1056
1519890 1056
1519900 1057
1519910 1056
1519920 1056
1519930 1056
1519940 1056
1519950 1056
1519960 1057
1519970 1057
1519980 1057
1519990 1057
