1500000 1731
1500010 1729
1500020 1729
1500030 1727
1500040 1724
1500050 1724
1500060 1722
1500070 1722
1500080 1722
1500090 1721
1500100 1719
1500110 1719
1500120 1719
1500130 1720
1500140 1720
1500150 1719
1500160 1718
1500170 1718
1500180 1718
1500190 1717
1500200 1716
1500210 1716
1500220 1716
1500230 1715
1500240 1715
1500250 1713
1500260 1710
1500270 1710
1500280 1705
1500290 1700
1500300 1700
1500310 1701
1500320 1705
1500330 1705
1500340 1707
1500350 1707
1500360 1707
1500370 1708
1500380 1708
1500390 1705
1500400 1705
1500410 1703
1500420 1700
1500430 1700
1500440 1698
1500450 1697
1500460 1697
1500470 1695
1500480 1694
1500490 1694
1500500 1693
1500510 1693
1500520 1693
1500530 1692
1500540 1690
1500550 1690
1500560 1687
1500570 1686
1500580 1686
1500590 1685
1500600 1685
1500610 1683
1500620 1683
1500630 1682
1500640 1681
1500650 1681
1500660 1679
1500670 1678
1500680 1678
1500690 1677
1500700 1675
1500710 1675
1500720 1673
1500730 1670
1500740 1670
1500750 1667
1500760 1664
1500770 1664
1500780 1661
1500790 1658
1500800 1658
1500810 1654
1500820 1651
1500830 1648
1500840 1648
1500850 1644
1500860 1640
1500870 1640
1500880 1634
1500890 1630
1500900 1630
1500910 1624
1500920 1617
1500930 1617
1500940 1612
1500950 1608
1500960 1608
1500970 1604
1500980 1603
1500990 1603
1501000 1603
1501010 1602
1501020 1602
1501030 1600
1501040 1598
1501050 1596
1501060 1596
1501070 1592
1501080 1590
1501090 1590
1501100 1589
1501110 1590
1501120 1590
1501130 1590
1501140 1590
1501150 1590
1501160 1590
1501170 1589
1501180 1589
1501190 1588
1501200 1587
1501210 1587
1501220 1586
1501230 1583
1501240 1583
1501250 1577
1501260 1570
1501270 1564
1501280 1564
1501290 1560
1501300 1557
1501310 1557
1501320 1554
1501330 1552
1501340 1552
1501350 1548
1501360 1541
1501370 1541
1501380 1535
1501390 1530
1501400 1530
1501410 1526
1501420 1523
1501430 1523
1501440 1517
1501450 1512
1501460 1512
1501470 1508
1501480 1505
1501490 1501
1501500 1501
1501510 1498
1501520 1495
1501530 1495
1501540 1491
1501550 1485
1501560 1485
1501570 1480
1501580 1475
1501590 1475
1501600 1472
1501610 1465
1501620 1465
1501630 1459
1501640 1453
1501650 1453
1501660 1446
1501670 1437
1501680 1437
1501690 1427
1501700 1422
1501710 1414
1501720 1414
1501730 1405
1501740 1398
1501750 1398
1501760 1390
1501770 1382
1501780 1382
1501790 1374
1501800 1368
1501810 1368
1501820 1362
1501830 1355
1501840 1355
1501850 1349
1501860 1342
1501870 1342
1501880 1335
1501890 1329
1501900 1329
1501910 1322
1501920 1312
1501930 1302
1501940 1302
1501950 1293
1501960 1286
1501970 1286
1501980 1282
1501990 1280
1502000 1280
1502010 1280
1502020 1280
1502030 1280
1502040 1276
1502050 1272
1502060 1272
1502070 1268
1502080 1262
1502090 1262
1502100 1254
1502110 1246
1502120 1246
1502130 1246
1502140 1247
1502150 1247
1502160 1247
1502170 1246
1502180 1243
1502190 1243
1502200 1240
1502210 1237
1502220 1237
1502230 1235
1502240 1233
1502250 1233
1502260 1231
1502270 1228
1502280 1228
1502290 1224
1502300 1222
1502310 1222
1502320 1219
1502330 1216
1502340 1216
1502350 1212
1502360 1209
1502370 1207
1502380 1207
1502390 1206
1502400 1206
1502410 1206
1502420 1205
1502430 1204
1502440 1204
1502450 1203
1502460 1201
1502470 1201
1502480 1201
1502490 1200
1502500 1200
1502510 1199
1502520 1199
1502530 1199
1502540 1199
1502550 1199
1502560 1199
1502570 1200
1502580 1200
1502590 1200
1502600 1200
1502610 1197
1502620 1194
1502630 1194
1502640 1192
1502650 1190
1502660 1190
1502670 1188
1502680 1185
1502690 1185
1502700 1181
1502710 1178
1502720 1178
1502730 1176
1502740 1173
1502750 1173
1502760 1171
1502770 1168
1502780 1168
1502790 1165
1502800 1164
1502810 1165
1502820 1165
1502830 1165
1502840 1165
1502850 1165
1502860 1165
1502870 1164
1502880 1164
1502890 1161
1502900 1160
1502910 1160
1502920 1160
1502930 1158
1502940 1158
1502950 1155
1502960 1153
1502970 1153
1502980 1151
1502990 1149
1503000 1149
1503010 1148
1503020 1147
1503030 1146
1503040 1146
1503050 1146
1503060 1144
1503070 1144
1503080 1144
1503090 1146
1503100 1146
1503110 1145
1503120 1144
1503130 1144
1503140 1142
1503150 1141
1503160 1141
1503170 1140
1503180 1138
1503190 1138
1503200 1137
1503210 1135
1503220 1135
1503230 1134
1503240 1133
1503250 1132
1503260 1132
1503270 1131
1503280 1131
1503290 1131
1503300 1132
1503310 1132
1503320 1132
1503330 1132
1503340 1133
1503350 1133
1503360 1134
1503370 1135
1503380 1135
1503390 1134
1503400 1133
1503410 1133
1503420 1133
1503430 1132
1503440 1132
1503450 1129
1503460 1126
1503470 1124
1503480 1124
1503490 1125
1503500 1124
1503510 1124
1503520 1124
1503530 1123
1503540 1123
1503550 1121
1503560 1118
1503570 1118
1503580 1116
1503590 1116
1503600 1116
1503610 1116
1503620 1116
1503630 1116
1503640 1116
1503650 1117
1503660 1117
1503670 1118
1503680 1119
1503690 1119
1503700 1119
1503710 1119
1503720 1119
1503730 1119
1503740 1120
1503750 1121
1503760 1121
1503770 1122
1503780 1123
1503790 1123
1503800 1125
1503810 1124
1503820 1124
1503830 1120
1503840 1121
1503850 1121
1503860 1119
1503870 1118
1503880 1118
1503890 1118
1503900 1117
1503910 1117
1503920 1117
1503930 1116
1503940 1116
1503950 1116
1503960 1115
1503970 1115
1503980 1115
1503990 1115
1504000 1114
1504010 1114
1504020 1113
1504030 1113
1504040 1113
1504050 1112
1504060 1112
1504070 1112
1504080 1111
1504090 1110
1504100 1110
1504110 1109
1504120 1108
1504130 1107
1504140 1107
1504150 1106
1504160 1105
1504170 1105
1504180 1104
1504190 1103
1504200 1103
1504210 1102
1504220 1102
1504230 1102
1504240 1101
1504250 1100
1504260 1100
1504270 1100
1504280 1099
1504290 1099
1504300 1099
1504310 1098
1504320 1098
1504330 1098
1504340 1098
1504350 1098
1504360 1098
1504370 1098
1504380 1098
1504390 1098
1504400 1098
1504410 1098
1504420 1098
1504430 1098
1504440 1098
1504450 1098
1504460 1098
1504470 1098
1504480 1098
1504490 1098
1504500 1098
1504510 1098
1504520 1097
1504530 1097
1504540 1097
1504550 1097
1504560 1097
1504570 1097
1504580 1097
1504590 1097
1504600 1097
1504610 1097
1504620 1097
1504630 1097
1504640 1097
1504650 1097
1504660 1096
1504670 1096
1504680 1096
1504690 1096
1504700 1096
1504710 1096
1504720 1096
1504730 1096
1504740 1096
1504750 1096
1504760 1096
1504770 1095
1504780 1095
1504790 1096
1504800 1096
1504810 1097
1504820 1097
1504830 1097
1504840 1096
1504850 1096
1504860 1096
1504870 1095
1504880 1095
1504890 1095
1504900 1095
1504910 1095
1504920 1095
1504930 1095
1504940 1096
1504950 1096
1504960 1095
1504970 1095
1504980 1095
1504990 1095
1505000 1095
1505010 1095
1505020 1095
1505030 1095
1505040 1096
1505050 1096
1505060 1096
1505070 1096
1505080 1096
1505090 1097
1505100 1097
1505110 1097
1505120 1096
1505130 1096
1505140 1096
1505150 1096
1505160 1095
1505170 1095
1505180 1095
1505190 1095
1505200 1095
1505210 1095
1505220 1094
1505230 1094
1505240 1094
1505250 1094
1505260 1094
1505270 1094
1505280 1094
1505290 1095
1505300 1095
1505310 1095
1505320 1095
1505330 1095
1505340 1095
1505350 1094
1505360 1094
1505370 1095
1505380 1094
1505390 1094
1505400 1093
1505410 1093
1505420 1093
1505430 1093
1505440 1093
1505450 1093
1505460 1093
1505470 1093
1505480 1093
1505490 1093
1505500 1093
1505510 1093
1505520 1093
1505530 1092
1505540 1092
1505550 1092
1505560 1093
1505570 1093
1505580 1093
1505590 1093
1505600 1094
1505610 1094
1505620 1094
1505630 1094
1505640 1094
1505650 1093
1505660 1093
1505670 1094
1505680 1094
1505690 1094
1505700 1094
1505710 1094
1505720 1094
1505730 1093
1505740 1093
1505750 1093
1505760 1093
1505770 1093
1505780 1092
1505790 1092
1505800 1092
1505810 1092
1505820 1091
1505830 1091
1505840 1091
1505850 1091
1505860 1091
1505870 1091
1505880 1091
1505890 1091
1505900 1091
1505910 1091
1505920 1091
1505930 1091
1505940 1091
1505950 1091
1505960 1091
1505970 1091
1505980 1091
1505990 1091
1506000 1091
1506010 1091
1506020 1091
1506030 1091
1506040 1091
1506050 1091
1506060 1091
1506070 1091
1506080 1091
1506090 1091
1506100 1091
1506110 1091
1506120 1091
1506130 1091
1506140 1091
1506150 1091
1506160 1091
1506170 1091
1506180 1091
1506190 1091
1506200 1091
1506210 1091
1506220 1091
1506230 1091
1506240 1091
1506250 1091
1506260 1091
1506270 1091
1506280 1091
1506290 1093
1506300 1093
1506310 1094
1506320 1096
1506330 1097
1506340 1097
1506350 1099
1506360 1101
1506370 1101
1506380 1103
1506390 1105
1506400 1105
1506410 1107
1506420 1110
1506430 1110
1506440 1112
1506450 1114
1506460 1114
1506470 1116
1506480 1119
1506490 1119
1506500 1122
1506510 1124
1506520 1124
1506530 1125
1506540 1127
1506550 1131
1506560 1131
1506570 1132
1506580 1133
1506590 1133
1506600 1134
1506610 1136
1506620 1136
1506630 1139
1506640 1139
1506650 1139
1506660 1137
1506670 1136
1506680 1136
1506690 1138
1506700 1139
1506710 1139
1506720 1140
1506730 1141
1506740 1141
1506750 1142
1506760 1144
1506770 1146
1506780 1146
1506790 1147
1506800 1146
1506810 1146
1506820 1146
1506830 1146
1506840 1146
1506850 1147
1506860 1151
1506870 1151
1506880 1155
1506890 1159
1506900 1159
1506910 1163
1506920 1165
1506930 1165
1506940 1167
1506950 1168
1506960 1168
1506970 1169
1506980 1173
1506990 1179
1507000 1179
1507010 1182
1507020 1191
1507030 1191
1507040 1199
1507050 1206
1507060 1206
1507070 1209
1507080 1209
1507090 1209
1507100 1209
1507110 1213
1507120 1213
1507130 1221
1507140 1231
1507150 1231
1507160 1237
1507170 1243
1507180 1243
1507190 1246
1507200 1248
1507210 1244
1507220 1244
1507230 1238
1507240 1234
1507250 1234
1507260 1231
1507270 1231
1507280 1231
1507290 1251
1507300 1299
1507310 1299
1507320 1308
1507330 1317
1507340 1317
1507350 1326
1507360 1337
1507370 1337
1507380 1356
1507390 1373
1507400 1373
1507410 1397
1507420 1412
1507430 1420
1507440 1420
1507450 1426
1507460 1429
1507470 1429
1507480 1435
1507490 1440
1507500 1440
1507510 1438
1507520 1438
1507530 1438
1507540 1436
1507550 1433
1507560 1433
1507570 1430
1507580 1428
1507590 1428
1507600 1425
1507610 1419
1507620 1419
1507630 1413
1507640 1413
1507650 1410
1507660 1410
1507670 1406
1507680 1401
1507690 1401
1507700 1396
1507710 1393
1507720 1393
1507730 1392
1507740 1387
1507750 1387
1507760 1385
1507770 1383
1507780 1383
1507790 1388
1507800 1413
1507810 1413
1507820 1497
1507830 1522
1507840 1522
1507850 1531
1507860 1536
1507870 1539
1507880 1539
1507890 1542
1507900 1544
1507910 1544
1507920 1544
1507930 1544
1507940 1544
1507950 1545
1507960 1545
1507970 1545
1507980 1545
1507990 1546
1508000 1546
1508010 1546
1508020 1547
1508030 1547
1508040 1549
1508050 1548
1508060 1548
1508070 1545
1508080 1545
1508090 1546
1508100 1546
1508110 1546
1508120 1545
1508130 1545
1508140 1542
1508150 1536
1508160 1536
1508170 1529
1508180 1522
1508190 1522
1508200 1514
1508210 1507
1508220 1507
1508230 1500
1508240 1495
1508250 1495
1508260 1493
1508270 1500
1508280 1500
1508290 1512
1508300 1523
1508310 1532
1508320 1532
1508330 1541
1508340 1548
1508350 1548
1508360 1557
1508370 1565
1508380 1565
1508390 1573
1508400 1582
1508410 1582
1508420 1591
1508430 1599
1508440 1599
1508450 1606
1508460 1614
1508470 1614
1508480 1623
1508490 1631
1508500 1631
1508510 1640
1508520 1650
1508530 1656
1508540 1656
1508550 1655
1508560 1648
1508570 1648
1508580 1642
1508590 1641
1508600 1641
1508610 1641
1508620 1641
1508630 1641
1508640 1646
1508650 1652
1508660 1652
1508670 1656
1508680 1660
1508690 1660
1508700 1667
1508710 1672
1508720 1672
1508730 1679
1508740 1683
1508750 1682
1508760 1682
1508770 1655
1508780 1627
1508790 1627
1508800 1616
1508810 1606
1508820 1606
1508830 1598
1508840 1592
1508850 1592
1508860 1591
1508870 1597
1508880 1597
1508890 1607
1508900 1617
1508910 1617
1508920 1628
1508930 1637
1508940 1637
1508950 1647
1508960 1656
1508970 1668
1508980 1668
1508990 1687
1509000 1703
1509010 1703
1509020 1720
1509030 1734
1509040 1734
1509050 1749
1509060 1761
1509070 1761
1509080 1772
1509090 1784
1509100 1784
1509110 1796
1509120 1803
1509130 1803
1509140 1806
1509150 1807
1509160 1807
1509170 1806
1509180 1801
1509190 1796
1509200 1796
1509210 1790
1509220 1785
1509230 1785
1509240 1781
1509250 1778
1509260 1778
1509270 1773
1509280 1767
1509290 1767
1509300 1763
1509310 1758
1509320 1758
1509330 1754
1509340 1752
1509350 1752
1509360 1748
1509370 1748
1509380 1748
1509390 1755
1509400 1756
1509410 1749
1509420 1749
1509430 1744
1509440 1740
1509450 1740
1509460 1741
1509470 1744
1509480 1744
1509490 1747
1509500 1749
1509510 1749
1509520 1751
1509530 1745
1509540 1745
1509550 1737
1509560 1730
1509570 1730
1509580 1721
1509590 1713
1509600 1713
1509610 1717
1509620 1730
1509630 1744
1509640 1744
1509650 1757
1509660 1765
1509670 1765
1509680 1774
1509690 1783
1509700 1783
1509710 1797
1509720 1806
1509730 1806
1509740 1813
1509750 1819
1509760 1819
1509770 1827
1509780 1836
1509790 1836
1509800 1844
1509810 1852
1509820 1852
1509830 1860
1509840 1868
1509850 1878
1509860 1878
1509870 1892
1509880 1907
1509890 1907
1509900 1920
1509910 1925
1509920 1925
1509930 1926
1509940 1927
1509950 1927
1509960 1926
1509970 1923
1509980 1923
1509990 1919
1510000 1914
1510010 1914
1510020 1913
1510030 1912
1510040 1912
1510050 1909
1510060 1907
1510070 1905
1510080 1905
1510090 1903
1510100 1903
1510110 1903
1510120 1902
1510130 1900
1510140 1900
1510150 1899
1510160 1898
1510170 1898
1510180 1896
1510190 1894
1510200 1894
1510210 1892
1510220 1888
1510230 1888
1510240 1885
1510250 1882
1510260 1882
1510270 1878
1510280 1874
1510290 1869
1510300 1869
1510310 1865
1510320 1864
1510330 1864
1510340 1864
1510350 1863
1510360 1863
1510370 1862
1510380 1862
1510390 1862
1510400 1860
1510410 1858
1510420 1858
1510430 1854
1510440 1852
1510450 1852
1510460 1851
1510470 1851
1510480 1851
1510490 1852
1510500 1853
1510510 1853
1510520 1853
1510530 1853
1510540 1853
1510550 1853
1510560 1852
1510570 1852
1510580 1852
1510590 1852
1510600 1850
1510610 1850
1510620 1849
1510630 1847
1510640 1847
1510650 1845
1510660 1842
1510670 1842
1510680 1839
1510690 1836
1510700 1836
1510710 1832
1510720 1828
1510730 1826
1510740 1826
1510750 1824
1510760 1822
1510770 1822
1510780 1820
1510790 1817
1510800 1817
1510810 1814
1510820 1812
1510830 1812
1510840 1810
1510850 1807
1510860 1807
1510870 1804
1510880 1800
1510890 1800
1510900 1796
1510910 1794
1510920 1794
1510930 1792
1510940 1789
1510950 1787
1510960 1787
1510970 1785
1510980 1782
1510990 1782
1511000 1779
1511010 1775
1511020 1775
1511030 1773
1511040 1771
1511050 1771
1511060 1769
1511070 1766
1511080 1766
1511090 1763
1511100 1759
1511110 1759
1511120 1756
1511130 1753
1511140 1753
1511150 1750
1511160 1747
1511170 1744
1511180 1744
1511190 1741
1511200 1737
1511210 1737
1511220 1734
1511230 1731
1511240 1731
1511250 1728
1511260 1726
1511270 1726
1511280 1723
1511290 1721
1511300 1721
1511310 1717
1511320 1714
1511330 1714
1511340 1710
1511350 1706
1511360 1706
1511370 1702
1511380 1699
1511390 1697
1511400 1697
1511410 1694
1511420 1690
1511430 1690
1511440 1685
1511450 1680
1511460 1680
1511470 1676
1511480 1673
1511490 1673
1511500 1671
1511510 1670
1511520 1670
1511530 1668
1511540 1664
1511550 1664
1511560 1660
1511570 1656
1511580 1656
1511590 1652
1511600 1647
1511610 1644
1511620 1644
1511630 1642
1511640 1640
1511650 1640
1511660 1636
1511670 1632
1511680 1632
1511690 1629
1511700 1626
1511710 1626
1511720 1625
1511730 1623
1511740 1623
1511750 1621
1511760 1619
1511770 1619
1511780 1617
1511790 1614
1511800 1614
1511810 1611
1511820 1607
1511830 1603
1511840 1603
1511850 1599
1511860 1596
1511870 1596
1511880 1593
1511890 1590
1511900 1590
1511910 1586
1511920 1581
1511930 1581
1511940 1578
1511950 1575
1511960 1575
1511970 1573
1511980 1571
1511990 1571
1512000 1568
1512010 1566
1512020 1566
1512030 1561
1512040 1557
1512050 1554
1512060 1554
1512070 1551
1512080 1548
1512090 1548
1512100 1545
1512110 1541
1512120 1541
1512130 1537
1512140 1533
1512150 1533
1512160 1528
1512170 1525
1512180 1525
1512190 1521
1512200 1517
1512210 1517
1512220 1513
1512230 1508
1512240 1508
1512250 1504
1512260 1501
1512270 1498
1512280 1498
1512290 1494
1512300 1492
1512310 1492
1512320 1490
1512330 1486
1512340 1486
1512350 1483
1512360 1480
1512370 1480
1512380 1477
1512390 1473
1512400 1473
1512410 1467
1512420 1463
1512430 1463
1512440 1457
1512450 1448
1512460 1448
1512470 1439
1512480 1430
1512490 1422
1512500 1422
1512510 1413
1512520 1407
1512530 1407
1512540 1401
1512550 1396
1512560 1396
1512570 1396
1512580 1395
1512590 1395
1512600 1393
1512610 1391
1512620 1391
1512630 1387
1512640 1385
1512650 1385
1512660 1385
1512670 1384
1512680 1384
1512690 1382
1512700 1380
1512710 1377
1512720 1377
1512730 1373
1512740 1369
1512750 1369
1512760 1367
1512770 1364
1512780 1364
1512790 1362
1512800 1358
1512810 1358
1512820 1355
1512830 1351
1512840 1351
1512850 1349
1512860 1345
1512870 1345
1512880 1341
1512890 1335
1512900 1335
1512910 1330
1512920 1324
1512930 1320
1512940 1320
1512950 1315
1512960 1311
1512970 1311
1512980 1306
1512990 1300
1513000 1300
1513010 1294
1513020 1288
1513030 1288
1513040 1281
1513050 1275
1513060 1275
1513070 1272
1513080 1268
1513090 1268
1513100 1264
1513110 1261
1513120 1261
1513130 1258
1513140 1256
1513150 1253
1513160 1253
1513170 1251
1513180 1248
1513190 1248
1513200 1245
1513210 1241
1513220 1241
1513230 1237
1513240 1235
1513250 1235
1513260 1234
1513270 1229
1513280 1229
1513290 1225
1513300 1222
1513310 1222
1513320 1218
1513330 1215
1513340 1215
1513350 1211
1513360 1204
1513370 1200
1513380 1200
1513390 1196
1513400 1191
1513410 1191
1513420 1186
1513430 1180
1513440 1180
1513450 1175
1513460 1168
1513470 1168
1513480 1161
1513490 1155
1513500 1155
1513510 1150
1513520 1146
1513530 1146
1513540 1141
1513550 1137
1513560 1137
1513570 1134
1513580 1132
1513590 1130
1513600 1130
1513610 1125
1513620 1120
1513630 1120
1513640 1115
1513650 1112
1513660 1112
1513670 1106
1513680 1099
1513690 1099
1513700 1094
1513710 1089
1513720 1089
1513730 1083
1513740 1076
1513750 1076
1513760 1071
1513770 1066
1513780 1066
1513790 1066
1513800 1065
1513810 1065
1513820 1065
1513830 1064
1513840 1064
1513850 1064
1513860 1063
1513870 1063
1513880 1063
1513890 1064
1513900 1064
1513910 1064
1513920 1063
1513930 1063
1513940 1063
1513950 1063
1513960 1063
1513970 1063
1513980 1063
1513990 1062
1514000 1062
1514010 1063
1514020 1062
1514030 1062
1514040 1062
1514050 1062
1514060 1062
1514070 1062
1514080 1062
1514090 1062
1514100 1062
1514110 1061
1514120 1061
1514130 1061
1514140 1061
1514150 1061
1514160 1061
1514170 1061
1514180 1061
1514190 1061
1514200 1061
1514210 1061
1514220 1061
1514230 1061
1514240 1061
1514250 1061
1514260 1061
1514270 1061
1514280 1061
1514290 1061
1514300 1060
1514310 1060
1514320 1060
1514330 1060
1514340 1060
1514350 1060
1514360 1059
1514370 1059
1514380 1059
1514390 1059
1514400 1059
1514410 1059
1514420 1059
1514430 1059
1514440 1059
1514450 1059
1514460 1058
1514470 1057
1514480 1057
1514490 1058
1514500 1058
1514510 1058
1514520 1059
1514530 1059
1514540 1059
1514550 1058
1514560 1058
1514570 1058
1514580 1058
1514590 1058
1514600 1058
1514610 1058
1514620 1057
1514630 1057
1514640 1057
1514650 1057
1514660 1057
1514670 1057
1514680 1057
1514690 1057
1514700 1057
1514710 1057
1514720 1057
1514730 1057
1514740 1057
1514750 1057
1514760 1057
1514770 1057
1514780 1057
1514790 1057
1514800 1057
1514810 1058
1514820 1058
1514830 1059
1514840 1059
1514850 1059
1514860 1058
1514870 1058
1514880 1058
1514890 1058
1514900 1061
1514910 1063
1514920 1063
1514930 1063
1514940 1063
1514950 1063
1514960 1064
1514970 1064
1514980 1064
1514990 1064
1515000 1064
1515010 1064
1515020 1064
1515030 1065
1515040 1065
1515050 1065
1515060 1064
1515070 1064
1515080 1064
1515090 1063
1515100 1063
1515110 1058
1515120 1055
1515130 1055
1515140 1055
1515150 1055
1515160 1054
1515170 1054
1515180 1054
1515190 1054
1515200 1054
1515210 1054
1515220 1054
1515230 1054
1515240 1054
1515250 1054
1515260 1054
1515270 1054
1515280 1054
1515290 1054
1515300 1054
1515310 1054
1515320 1054
1515330 1054
1515340 1054
1515350 1054
1515360 1054
1515370 1054
1515380 1054
1515390 1054
1515400 1053
1515410 1054
1515420 1054
1515430 1053
1515440 1053
1515450 1053
1515460 1053
1515470 1053
1515480 1053
1515490 1053
1515500 1053
1515510 1053
1515520 1053
1515530 1053
1515540 1053
1515550 1053
1515560 1053
1515570 1053
1515580 1053
1515590 1053
1515600 1053
1515610 1053
1515620 1053
1515630 1053
1515640 1053
1515650 1053
1515660 1053
1515670 1053
1515680 1053
1515690 1053
1515700 1053
1515710 1053
1515720 1053
1515730 1053
1515740 1052
1515750 1052
1515760 1052
1515770 1053
1515780 1052
1515790 1052
1515800 1052
1515810 1052
1515820 1053
1515830 1053
1515840 1052
1515850 1051
1515860 1051
1515870 1051
1515880 1051
1515890 1051
1515900 1051
1515910 1051
1515920 1051
1515930 1051
1515940 1051
1515950 1051
1515960 1051
1515970 1051
1515980 1051
1515990 1051
1516000 1051
1516010 1051
1516020 1051
1516030 1051
1516040 1051
1516050 1051
1516060 1051
1516070 1051
1516080 1051
1516090 1051
1516100 1051
1516110 1051
1516120 1051
1516130 1051
1516140 1051
1516150 1050
1516160 1050
1516170 1050
1516180 1050
1516190 1050
1516200 1050
1516210 1050
1516220 1050
1516230 1050
1516240 1050
1516250 1050
1516260 1050
1516270 1050
1516280 1050
1516290 1050
1516300 1050
1516310 1050
1516320 1050
1516330 1050
1516340 1050
1516350 1050
1516360 1050
1516370 1050
1516380 1050
1516390 1050
1516400 1050
1516410 1050
1516420 1050
1516430 1050
1516440 1049
1516450 1049
1516460 1049
1516470 1049
1516480 1049
1516490 1049
1516500 1049
1516510 1049
1516520 1049
1516530 1049
1516540 1049
1516550 1049
1516560 1049
1516570 1050
1516580 1050
1516590 1049
1516600 1049
1516610 1049
1516620 1049
1516630 1049
1516640 1049
1516650 1048
1516660 1048
1516670 1048
1516680 1048
1516690 1048
1516700 1048
1516710 1048
1516720 1048
1516730 1048
1516740 1048
1516750 1048
1516760 1048
1516770 1048
1516780 1048
1516790 1048
1516800 1048
1516810 1048
1516820 1048
1516830 1048
1516840 1048
1516850 1048
1516860 1048
1516870 1048
1516880 1048
1516890 1048
1516900 1048
1516910 1048
1516920 1048
1516930 1048
1516940 1048
1516950 1047
1516960 1047
1516970 1047
1516980 1047
1516990 1047
1517000 1048
1517010 1047
1517020 1047
1517030 1047
1517040 1047
1517050 1047
1517060 1047
1517070 1048
1517080 1048
1517090 1048
1517100 1047
1517110 1047
1517120 1047
1517130 1047
1517140 1047
1517150 1047
1517160 1047
1517170 1047
1517180 1047
1517190 1047
1517200 1047
1517210 1047
1517220 1047
1517230 1047
1517240 1047
1517250 1047
1517260 1047
1517270 1047
1517280 1046
1517290 1046
1517300 1046
1517310 1046
1517320 1046
1517330 1046
1517340 1046
1517350 1046
1517360 1046
1517370 1046
1517380 1046
1517390 1046
1517400 1046
1517410 1046
1517420 1046
1517430 1046
1517440 1046
1517450 1046
1517460 1046
1517470 1046
1517480 1046
1517490 1046
1517500 1046
1517510 1046
1517520 1046
1517530 1046
1517540 1045
1517550 1045
1517560 1045
1517570 1045
1517580 1045
1517590 1045
1517600 1046
1517610 1046
1517620 1046
1517630 1045
1517640 1046
1517650 1046
1517660 1046
1517670 1046
1517680 1046
1517690 1045
1517700 1046
1517710 1046
1517720 1046
1517730 1046
1517740 1046
1517750 1045
1517760 1046
1517770 1045
1517780 1045
1517790 1045
1517800 1045
1517810 1045
1517820 1045
1517830 1045
1517840 1045
1517850 1045
1517860 1045
1517870 1045
1517880 1045
1517890 1045
1517900 1045
1517910 1045
1517920 1044
1517930 1044
1517940 1044
1517950 1044
1517960 1044
1517970 1044
1517980 1045
1517990 1045
1518000 1045
1518010 1044
1518020 1044
1518030 1044
1518040 1044
1518050 1044
1518060 1044
1518070 1044
1518080 1044
1518090 1044
1518100 1044
1518110 1044
1518120 1044
1518130 1044
1518140 1044
1518150 1044
1518160 1044
1518170 1044
1518180 1044
1518190 1044
1518200 1044
1518210 1044
1518220 1044
1518230 1044
1518240 1044
1518250 1044
1518260 1045
1518270 1045
1518280 1045
1518290 1045
1518300 1045
1518310 1045
1518320 1045
1518330 1045
1518340 1045
1518350 1045
1518360 1045
1518370 1045
1518380 1045
1518390 1045
1518400 1045
1518410 1043
1518420 1043
1518430 1043
1518440 1043
1518450 1042
1518460 1043
1518470 1043
1518480 1042
1518490 1043
1518500 1043
1518510 1043
1518520 1043
1518530 1043
1518540 1043
1518550 1042
1518560 1042
1518570 1042
1518580 1042
1518590 1042
1518600 1042
1518610 1042
1518620 1042
1518630 1043
1518640 1043
1518650 1043
1518660 1043
1518670 1043
1518680 1043
1518690 1043
1518700 1042
1518710 1042
1518720 1042
1518730 1042
1518740 1042
1518750 1042
1518760 1042
1518770 1042
1518780 1042
1518790 1042
1518800 1041
1518810 1041
1518820 1041
1518830 1041
1518840 1041
1518850 1041
1518860 1042
1518870 1042
1518880 1042
1518890 1042
1518900 1041
1518910 1041
1518920 1041
1518930 1041
1518940 1041
1518950 1041
1518960 1041
1518970 1041
1518980 1041
1518990 1041
1519000 1041
1519010 1041
1519020 1041
1519030 1041
1519040 1041
1519050 1041
1519060 1041
1519070 1042
1519080 1042
1519090 1041
1519100 1041
1519110 1041
1519120 1041
1519130 1041
1519140 1041
1519150 1040
1519160 1040
1519170 1040
1519180 1040
1519190 1040
1519200 1040
1519210 1040
1519220 1040
1519230 1040
1519240 1040
1519250 1040
1519260 1040
1519270 1040
1519280 1040
1519290 1040
1519300 1040
1519310 1040
1519320 1040
1519330 1040
1519340 1040
1519350 1040
1519360 1040
1519370 1040
1519380 1040
1519390 1040
1519400 1040
1519410 1040
1519420 1040
1519430 1040
1519440 1040
1519450 1040
1519460 1040
1519470 1040
1519480 1040
1519490 1040
1519500 1040
1519510 1040
1519520 1039
1519530 1039
1519540 1039
1519550 1038
1519560 1038
1519570 1038
1519580 1038
1519590 1038
1519600 1038
1519610 1038
1519620 1038
1519630 1038
1519640 1038
1519650 1038
1519660 1038
1519670 1038
1519680 1038
1519690 1038
1519700 1039
1519710 1039
1519720 1039
1519730 1039
1519740 1039
1519750 1039
1519760 1039
1519770 1041
1519780 1041
1519790 1041
1519800 1040
1519810 1039
1519820 1039
1519830 1039
1519840 1039
1519850 1039
1519860 1039
1519870 1040
1519880 1040
1519890 1039
1519900 1039
1519910 1039
1519920 1039
1519930 1039
1519940 1039
1519950 1040
1519960 1040
1519970 1039
1519980 1039
1519990 1039
