1500000 1163
1500010 1163
1500020 1164
1500030 1168
1500040 1168
1500050 1171
1500060 1174
1500070 1174
1500080 1177
1500090 1179
1500100 1179
1500110 1182
1500120 1185
1500130 1187
1500140 1187
1500150 1189
1500160 1190
1500170 1190
1500180 1192
1500190 1193
1500200 1193
1500210 1194
1500220 1195
1500230 1195
1500240 1196
1500250 1197
1500260 1197
1500270 1198
1500280 1197
1500290 1197
1500300 1192
1500310 1188
1500320 1188
1500330 1190
1500340 1193
1500350 1196
1500360 1196
1500370 1199
1500380 1202
1500390 1202
1500400 1205
1500410 1207
1500420 1207
1500430 1209
1500440 1212
1500450 1212
1500460 1214
1500470 1216
1500480 1216
1500490 1217
1500500 1219
1500510 1219
1500520 1221
1500530 1223
1500540 1223
1500550 1225
1500560 1226
1500570 1226
1500580 1226
1500590 1225
1500600 1225
1500610 1225
1500620 1231
1500630 1237
1500640 1237
1500650 1241
1500660 1246
1500670 1246
1500680 1249
1500690 1251
1500700 1251
1500710 1254
1500720 1258
1500730 1258
1500740 1264
1500750 1268
1500760 1268
1500770 1271
1500780 1274
1500790 1276
1500800 1276
1500810 1279
1500820 1282
1500830 1282
1500840 1285
1500850 1289
1500860 1289
1500870 1292
1500880 1295
1500890 1295
1500900 1299
1500910 1301
1500920 1301
1500930 1303
1500940 1302
1500950 1302
1500960 1298
1500970 1293
1500980 1293
1500990 1295
1501000 1298
1501010 1302
1501020 1302
1501030 1304
1501040 1306
1501050 1306
1501060 1306
1501070 1306
1501080 1306
1501090 1309
1501100 1312
1501110 1312
1501120 1317
1501130 1325
1501140 1325
1501150 1329
1501160 1334
1501170 1334
1501180 1339
1501190 1345
1501200 1345
1501210 1347
1501220 1352
1501230 1358
1501240 1358
1501250 1364
1501260 1370
1501270 1370
1501280 1378
1501290 1384
1501300 1384
1501310 1389
1501320 1394
1501330 1394
1501340 1399
1501350 1405
1501360 1405
1501370 1410
1501380 1414
1501390 1414
1501400 1419
1501410 1424
1501420 1424
1501430 1429
1501440 1435
1501450 1440
1501460 1440
1501470 1444
1501480 1448
1501490 1448
1501500 1451
1501510 1454
1501520 1454
1501530 1457
1501540 1459
1501550 1459
1501560 1459
1501570 1457
1501580 1457
1501590 1455
1501600 1456
1501610 1456
1501620 1460
1501630 1465
1501640 1465
1501650 1479
1501660 1494
1501670 1501
1501680 1501
1501690 1508
1501700 1512
1501710 1512
1501720 1515
1501730 1516
1501740 1516
1501750 1514
1501760 1512
1501770 1512
1501780 1507
1501790 1499
1501800 1499
1501810 1493
1501820 1489
1501830 1489
1501840 1482
1501850 1477
1501860 1477
1501870 1473
1501880 1471
1501890 1470
1501900 1470
1501910 1471
1501920 1472
1501930 1472
1501940 1473
1501950 1474
1501960 1474
1501970 1477
1501980 1482
1501990 1482
1502000 1490
1502010 1494
1502020 1494
1502030 1495
1502040 1501
1502050 1501
1502060 1510
1502070 1519
1502080 1519
1502090 1530
1502100 1539
1502110 1546
1502120 1546
1502130 1554
1502140 1562
1502150 1562
1502160 1570
1502170 1578
1502180 1578
1502190 1587
1502200 1595
1502210 1595
1502220 1600
1502230 1604
1502240 1604
1502250 1608
1502260 1610
1502270 1610
1502280 1612
1502290 1613
1502300 1613
1502310 1614
1502320 1613
1502330 1613
1502340 1613
1502350 1613
1502360 1612
1502370 1612
1502380 1610
1502390 1610
1502400 1610
1502410 1612
1502420 1613
1502430 1613
1502440 1613
1502450 1615
1502460 1615
1502470 1617
1502480 1620
1502490 1620
1502500 1625
1502510 1631
1502520 1631
1502530 1637
1502540 1642
1502550 1642
1502560 1645
1502570 1646
1502580 1645
1502590 1645
1502600 1642
1502610 1640
1502620 1640
1502630 1641
1502640 1645
1502650 1645
1502660 1652
1502670 1659
1502680 1659
1502690 1667
1502700 1676
1502710 1676
1502720 1684
1502730 1694
1502740 1694
1502750 1707
1502760 1721
1502770 1721
1502780 1733
1502790 1738
1502800 1740
1502810 1740
1502820 1738
1502830 1734
1502840 1734
1502850 1729
1502860 1723
1502870 1723
1502880 1719
1502890 1715
1502900 1715
1502910 1712
1502920 1709
1502930 1709
1502940 1704
1502950 1697
1502960 1697
1502970 1691
1502980 1689
1502990 1689
1503000 1688
1503010 1683
1503020 1677
1503030 1677
1503040 1674
1503050 1670
1503060 1670
1503070 1666
1503080 1661
1503090 1661
1503100 1659
1503110 1662
1503120 1662
1503130 1670
1503140 1680
1503150 1680
1503160 1689
1503170 1697
1503180 1697
1503190 1705
1503200 1714
1503210 1714
1503220 1723
1503230 1732
1503240 1742
1503250 1742
1503260 1752
1503270 1760
1503280 1760
1503290 1769
1503300 1778
1503310 1778
1503320 1787
1503330 1796
1503340 1796
1503350 1805
1503360 1814
1503370 1814
1503380 1822
1503390 1830
1503400 1830
1503410 1838
1503420 1846
1503430 1846
1503440 1855
1503450 1864
1503460 1872
1503470 1872
1503480 1881
1503490 1889
1503500 1889
1503510 1899
1503520 1908
1503530 1908
1503540 1914
1503550 1918
1503560 1918
1503570 1916
1503580 1910
1503590 1910
1503600 1903
1503610 1898
1503620 1898
1503630 1894
1503640 1893
1503650 1893
1503660 1894
1503670 1900
1503680 1905
1503690 1905
1503700 1908
1503710 1914
1503720 1914
1503730 1925
1503740 1941
1503750 1941
1503760 1954
1503770 1954
1503780 1954
1503790 1946
1503800 1937
1503810 1937
1503820 1929
1503830 1922
1503840 1922
1503850 1916
1503860 1910
1503870 1910
1503880 1908
1503890 1909
1503900 1916
1503910 1916
1503920 1922
1503930 1929
1503940 1929
1503950 1935
1503960 1933
1503970 1933
1503980 1932
1503990 1938
1504000 1938
1504010 1947
1504020 1957
1504030 1957
1504040 1964
1504050 1971
1504060 1971
1504070 1979
1504080 1987
1504090 1987
1504100 1994
1504110 2000
1504120 2006
1504130 2006
1504140 2012
1504150 2019
1504160 2019
1504170 2028
1504180 2039
1504190 2039
1504200 2049
1504210 2059
1504220 2059
1504230 2068
1504240 2079
1504250 2079
1504260 2096
1504270 2116
1504280 2116
1504290 2130
1504300 2141
1504310 2141
1504320 2146
1504330 2143
1504340 2137
1504350 2137
1504360 2130
1504370 2123
1504380 2123
1504390 2116
1504400 2110
1504410 2110
1504420 2103
1504430 2095
1504440 2095
1504450 2088
1504460 2084
1504470 2084
1504480 2081
1504490 2078
1504500 2078
1504510 2076
1504520 2076
1504530 2076
1504540 2074
1504550 2068
1504560 2063
1504570 2063
1504580 2059
1504590 2063
1504600 2063
1504610 2068
1504620 2073
1504630 2073
1504640 2082
1504650 2097
1504660 2097
1504670 2117
1504680 2135
1504690 2135
1504700 2148
1504710 2153
1504720 2153
1504730 2149
1504740 2145
1504750 2145
1504760 2141
1504770 2136
1504780 2139
1504790 2139
1504800 2143
1504810 2140
1504820 2140
1504830 2139
1504840 2144
1504850 2144
1504860 2152
1504870 2153
1504880 2153
1504890 2148
1504900 2143
1504910 2143
1504920 2137
1504930 2131
1504940 2131
1504950 2125
1504960 2119
1504970 2119
1504980 2113
1504990 2107
1505000 2107
1505010 2101
1505020 2095
1505030 2089
1505040 2089
1505050 2084
1505060 2078
1505070 2078
1505080 2073
1505090 2067
1505100 2067
1505110 2061
1505120 2056
1505130 2056
1505140 2049
1505150 2043
1505160 2043
1505170 2036
1505180 2029
1505190 2029
1505200 2023
1505210 2018
1505220 2018
1505230 2013
1505240 2009
1505250 2005
1505260 2005
1505270 2001
1505280 1997
1505290 1997
1505300 1993
1505310 1989
1505320 1989
1505330 1984
1505340 1979
1505350 1979
1505360 1973
1505370 1967
1505380 1967
1505390 1963
1505400 1959
1505410 1959
1505420 1955
1505430 1950
1505440 1950
1505450 1945
1505460 1940
1505470 1933
1505480 1933
1505490 1927
1505500 1925
1505510 1925
1505520 1924
1505530 1923
1505540 1923
1505550 1924
1505560 1925
1505570 1925
1505580 1926
1505590 1926
1505600 1926
1505610 1923
1505620 1920
1505630 1920
1505640 1915
1505650 1910
1505660 1910
1505670 1904
1505680 1903
1505690 1908
1505700 1908
1505710 1913
1505720 1918
1505730 1918
1505740 1923
1505750 1928
1505760 1928
1505770 1933
1505780 1937
1505790 1937
1505800 1939
1505810 1940
1505820 1940
1505830 1940
1505840 1942
1505850 1942
1505860 1944
1505870 1945
1505880 1945
1505890 1946
1505900 1946
1505910 1947
1505920 1947
1505930 1946
1505940 1946
1505950 1946
1505960 1945
1505970 1943
1505980 1943
1505990 1945
1506000 1952
1506010 1952
1506020 1960
1506030 1966
1506040 1966
1506050 1972
1506060 1977
1506070 1977
1506080 1983
1506090 1988
1506100 1988
1506110 1995
1506120 2000
1506130 2006
1506140 2006
1506150 2012
1506160 2019
1506170 2019
1506180 2025
1506190 2031
1506200 2031
1506210 2036
1506220 2042
1506230 2042
1506240 2046
1506250 2052
1506260 2052
1506270 2057
1506280 2063
1506290 2063
1506300 2068
1506310 2073
1506320 2073
1506330 2079
1506340 2086
1506350 2093
1506360 2093
1506370 2099
1506380 2105
1506390 2105
1506400 2111
1506410 2117
1506420 2117
1506430 2121
1506440 2124
1506450 2124
1506460 2130
1506470 2135
1506480 2135
1506490 2141
1506500 2147
1506510 2147
1506520 2152
1506530 2155
1506540 2155
1506550 2157
1506560 2159
1506570 2162
1506580 2162
1506590 2164
1506600 2167
1506610 2167
1506620 2168
1506630 2169
1506640 2169
1506650 2172
1506660 2176
1506670 2176
1506680 2178
1506690 2183
1506700 2183
1506710 2187
1506720 2191
1506730 2191
1506740 2194
1506750 2192
1506760 2192
1506770 2189
1506780 2189
1506790 2187
1506800 2187
1506810 2185
1506820 2183
1506830 2183
1506840 2181
1506850 2180
1506860 2180
1506870 2177
1506880 2175
1506890 2175
1506900 2172
1506910 2170
1506920 2170
1506930 2166
1506940 2160
1506950 2160
1506960 2158
1506970 2158
1506980 2158
1506990 2155
1507000 2152
1507010 2147
1507020 2147
1507030 2141
1507040 2138
1507050 2138
1507060 2134
1507070 2129
1507080 2129
1507090 2126
1507100 2126
1507110 2126
1507120 2126
1507130 2124
1507140 2124
1507150 2121
1507160 2117
1507170 2117
1507180 2112
1507190 2106
1507200 2106
1507210 2102
1507220 2099
1507230 2099
1507240 2099
1507250 2098
1507260 2096
1507270 2096
1507280 2094
1507290 2094
1507300 2094
1507310 2096
1507320 2095
1507330 2095
1507340 2093
1507350 2091
1507360 2091
1507370 2089
1507380 2087
1507390 2087
1507400 2086
1507410 2085
1507420 2085
1507430 2085
1507440 2085
1507450 2085
1507460 2084
1507470 2081
1507480 2076
1507490 2076
1507500 2070
1507510 2065
1507520 2065
1507530 2063
1507540 2063
1507550 2063
1507560 2059
1507570 2054
1507580 2054
1507590 2050
1507600 2046
1507610 2046
1507620 2042
1507630 2036
1507640 2036
1507650 2028
1507660 2021
1507670 2021
1507680 2014
1507690 2007
1507700 2002
1507710 2002
1507720 2000
1507730 1998
1507740 1998
1507750 1995
1507760 1992
1507770 1992
1507780 1987
1507790 1980
1507800 1980
1507810 1976
1507820 1972
1507830 1972
1507840 1969
1507850 1964
1507860 1964
1507870 1960
1507880 1955
1507890 1955
1507900 1950
1507910 1946
1507920 1945
1507930 1945
1507940 1943
1507950 1939
1507960 1939
1507970 1936
1507980 1932
1507990 1932
1508000 1929
1508010 1926
1508020 1926
1508030 1921
1508040 1917
1508050 1917
1508060 1914
1508070 1912
1508080 1912
1508090 1912
1508100 1912
1508110 1912
1508120 1910
1508130 1908
1508140 1905
1508150 1905
1508160 1902
1508170 1898
1508180 1898
1508190 1894
1508200 1889
1508210 1889
1508220 1886
1508230 1883
1508240 1883
1508250 1879
1508260 1875
1508270 1875
1508280 1871
1508290 1867
1508300 1867
1508310 1864
1508320 1861
1508330 1861
1508340 1858
1508350 1853
1508360 1848
1508370 1848
1508380 1842
1508390 1836
1508400 1836
1508410 1830
1508420 1825
1508430 1825
1508440 1820
1508450 1813
1508460 1813
1508470 1805
1508480 1798
1508490 1798
1508500 1793
1508510 1793
1508520 1793
1508530 1794
1508540 1795
1508550 1795
1508560 1796
1508570 1796
1508580 1795
1508590 1795
1508600 1794
1508610 1792
1508620 1792
1508630 1791
1508640 1789
1508650 1789
1508660 1786
1508670 1781
1508680 1781
1508690 1777
1508700 1772
1508710 1772
1508720 1767
1508730 1762
1508740 1762
1508750 1756
1508760 1750
1508770 1750
1508780 1746
1508790 1742
1508800 1739
1508810 1739
1508820 1736
1508830 1734
1508840 1734
1508850 1731
1508860 1730
1508870 1730
1508880 1730
1508890 1730
1508900 1730
1508910 1730
1508920 1731
1508930 1731
1508940 1731
1508950 1732
1508960 1732
1508970 1732
1508980 1732
1508990 1732
1509000 1733
1509010 1734
1509020 1735
1509030 1735
1509040 1736
1509050 1737
1509060 1737
1509070 1739
1509080 1740
1509090 1740
1509100 1741
1509110 1741
1509120 1741
1509130 1740
1509140 1740
1509150 1740
1509160 1739
1509170 1737
1509180 1737
1509190 1734
1509200 1731
1509210 1731
1509220 1728
1509230 1726
1509240 1723
1509250 1723
1509260 1720
1509270 1716
1509280 1716
1509290 1710
1509300 1705
1509310 1705
1509320 1699
1509330 1694
1509340 1694
1509350 1691
1509360 1688
1509370 1688
1509380 1685
1509390 1681
1509400 1681
1509410 1679
1509420 1675
1509430 1675
1509440 1669
1509450 1662
1509460 1655
1509470 1655
1509480 1647
1509490 1641
1509500 1641
1509510 1635
1509520 1631
1509530 1631
1509540 1628
1509550 1625
1509560 1625
1509570 1624
1509580 1622
1509590 1622
1509600 1620
1509610 1617
1509620 1617
1509630 1614
1509640 1613
1509650 1613
1509660 1610
1509670 1608
1509680 1608
1509690 1606
1509700 1604
1509710 1601
1509720 1601
1509730 1600
1509740 1601
1509750 1601
1509760 1600
1509770 1597
1509780 1597
1509790 1594
1509800 1590
1509810 1590
1509820 1586
1509830 1583
1509840 1583
1509850 1579
1509860 1575
1509870 1575
1509880 1570
1509890 1565
1509900 1565
1509910 1561
1509920 1557
1509930 1553
1509940 1553
1509950 1550
1509960 1548
1509970 1548
1509980 1546
1509990 1544
1510000 1544
1510010 1542
1510020 1540
1510030 1540
1510040 1536
1510050 1533
1510060 1533
1510070 1531
1510080 1528
1510090 1528
1510100 1525
1510110 1522
1510120 1522
1510130 1520
1510140 1519
1510150 1518
1510160 1518
1510170 1517
1510180 1515
1510190 1515
1510200 1513
1510210 1509
1510220 1509
1510230 1505
1510240 1501
1510250 1501
1510260 1498
1510270 1495
1510280 1495
1510290 1492
1510300 1489
1510310 1489
1510320 1486
1510330 1483
1510340 1483
1510350 1481
1510360 1479
1510370 1477
1510380 1477
1510390 1476
1510400 1473
1510410 1473
1510420 1470
1510430 1466
1510440 1466
1510450 1463
1510460 1460
1510470 1460
1510480 1456
1510490 1453
1510500 1453
1510510 1449
1510520 1445
1510530 1445
1510540 1441
1510550 1437
1510560 1437
1510570 1433
1510580 1429
1510590 1424
1510600 1424
1510610 1421
1510620 1417
1510630 1417
1510640 1414
1510650 1410
1510660 1410
1510670 1405
1510680 1403
1510690 1403
1510700 1402
1510710 1401
1510720 1401
1510730 1399
1510740 1397
1510750 1397
1510760 1395
1510770 1393
1510780 1393
1510790 1391
1510800 1389
1510810 1389
1510820 1389
1510830 1388
1510840 1386
1510850 1386
1510860 1383
1510870 1381
1510880 1381
1510890 1379
1510900 1377
1510910 1377
1510920 1373
1510930 1370
1510940 1370
1510950 1367
1510960 1363
1510970 1363
1510980 1362
1510990 1360
1511000 1360
1511010 1357
1511020 1354
1511030 1351
1511040 1351
1511050 1347
1511060 1342
1511070 1342
1511080 1337
1511090 1334
1511100 1334
1511110 1332
1511120 1331
1511130 1331
1511140 1330
1511150 1329
1511160 1329
1511170 1328
1511180 1328
1511190 1328
1511200 1326
1511210 1325
1511220 1325
1511230 1324
1511240 1322
1511250 1319
1511260 1319
1511270 1316
1511280 1313
1511290 1313
1511300 1310
1511310 1308
1511320 1308
1511330 1305
1511340 1302
1511350 1302
1511360 1299
1511370 1296
1511380 1296
1511390 1294
1511400 1293
1511410 1293
1511420 1291
1511430 1290
1511440 1290
1511450 1287
1511460 1285
1511470 1283
1511480 1283
1511490 1280
1511500 1278
1511510 1278
1511520 1275
1511530 1273
1511540 1273
1511550 1272
1511560 1268
1511570 1268
1511580 1265
1511590 1264
1511600 1264
1511610 1259
1511620 1256
1511630 1256
1511640 1253
1511650 1249
1511660 1249
1511670 1245
1511680 1243
1511690 1240
1511700 1240
1511710 1236
1511720 1235
1511730 1235
1511740 1232
1511750 1229
1511760 1229
1511770 1225
1511780 1222
1511790 1222
1511800 1218
1511810 1215
1511820 1215
1511830 1212
1511840 1210
1511850 1210
1511860 1208
1511870 1207
1511880 1207
1511890 1204
1511900 1201
1511910 1198
1511920 1198
1511930 1194
1511940 1190
1511950 1190
1511960 1186
1511970 1182
1511980 1182
1511990 1178
1512000 1173
1512010 1173
1512020 1169
1512030 1165
1512040 1165
1512050 1162
1512060 1159
1512070 1159
1512080 1157
1512090 1155
1512100 1155
1512110 1153
1512120 1151
1512130 1151
1512140 1150
1512150 1148
1512160 1146
1512170 1146
1512180 1145
1512190 1142
1512200 1142
1512210 1140
1512220 1138
1512230 1138
1512240 1135
1512250 1128
1512260 1128
1512270 1122
1512280 1119
1512290 1119
1512300 1116
1512310 1113
1512320 1113
1512330 1110
1512340 1110
1512350 1110
1512360 1109
1512370 1104
1512380 1100
1512390 1100
1512400 1097
1512410 1094
1512420 1094
1512430 1090
1512440 1087
1512450 1087
1512460 1084
1512470 1083
1512480 1083
1512490 1081
1512500 1080
1512510 1080
1512520 1080
1512530 1078
1512540 1078
1512550 1077
1512560 1077
1512570 1077
1512580 1076
1512590 1076
1512600 1076
1512610 1076
1512620 1076
1512630 1076
1512640 1076
1512650 1076
1512660 1076
1512670 1076
1512680 1076
1512690 1076
1512700 1076
1512710 1076
1512720 1076
1512730 1076
1512740 1076
1512750 1076
1512760 1076
1512770 1076
1512780 1076
1512790 1076
1512800 1076
1512810 1076
1512820 1076
1512830 1076
1512840 1076
1512850 1076
1512860 1076
1512870 1076
1512880 1076
1512890 1076
1512900 1077
1512910 1077
1512920 1077
1512930 1077
1512940 1077
1512950 1077
1512960 1078
1512970 1078
1512980 1078
1512990 1078
1513000 1078
1513010 1078
1513020 1078
1513030 1077
1513040 1077
1513050 1077
1513060 1078
1513070 1078
1513080 1078
1513090 1078
1513100 1078
1513110 1078
1513120 1077
1513130 1077
1513140 1077
1513150 1078
1513160 1080
1513170 1080
1513180 1083
1513190 1085
1513200 1085
1513210 1085
1513220 1085
1513230 1085
1513240 1086
1513250 1092
1513260 1096
1513270 1096
1513280 1098
1513290 1100
1513300 1100
1513310 1102
1513320 1104
1513330 1104
1513340 1106
1513350 1108
1513360 1108
1513370 1110
1513380 1111
1513390 1111
1513400 1113
1513410 1115
1513420 1115
1513430 1118
1513440 1120
1513450 1120
1513460 1122
1513470 1124
1513480 1126
1513490 1126
1513500 1128
1513510 1130
1513520 1130
1513530 1132
1513540 1134
1513550 1134
1513560 1136
1513570 1139
1513580 1139
1513590 1141
1513600 1144
1513610 1144
1513620 1147
1513630 1150
1513640 1150
1513650 1154
1513660 1157
1513670 1157
1513680 1161
1513690 1165
1513700 1169
1513710 1169
1513720 1173
1513730 1176
1513740 1176
1513750 1180
1513760 1183
1513770 1183
1513780 1186
1513790 1190
1513800 1190
1513810 1193
1513820 1197
1513830 1197
1513840 1202
1513850 1207
1513860 1207
1513870 1210
1513880 1213
1513890 1213
1513900 1217
1513910 1222
1513920 1228
1513930 1228
1513940 1233
1513950 1238
1513960 1238
1513970 1243
1513980 1251
1513990 1251
1514000 1254
1514010 1257
1514020 1257
1514030 1258
1514040 1260
1514050 1260
1514060 1261
1514070 1262
1514080 1262
1514090 1262
1514100 1261
1514110 1261
1514120 1258
1514130 1253
1514140 1245
1514150 1245
1514160 1235
1514170 1233
1514180 1233
1514190 1244
1514200 1253
1514210 1253
1514220 1265
1514230 1279
1514240 1279
1514250 1287
1514260 1296
1514270 1296
1514280 1301
1514290 1306
1514300 1306
1514310 1313
1514320 1321
1514330 1321
1514340 1329
1514350 1336
1514360 1343
1514370 1343
1514380 1350
1514390 1356
1514400 1356
1514410 1361
1514420 1368
1514430 1368
1514440 1374
1514450 1380
1514460 1380
1514470 1386
1514480 1392
1514490 1392
1514500 1398
1514510 1405
1514520 1405
1514530 1411
1514540 1417
1514550 1417
1514560 1425
1514570 1431
1514580 1431
1514590 1434
1514600 1438
1514610 1440
1514620 1440
1514630 1443
1514640 1446
1514650 1446
1514660 1448
1514670 1452
1514680 1452
1514690 1457
1514700 1463
1514710 1463
1514720 1469
1514730 1476
1514740 1476
1514750 1482
1514760 1486
1514770 1486
1514780 1489
1514790 1491
1514800 1491
1514810 1494
1514820 1496
1514830 1498
1514840 1498
1514850 1500
1514860 1503
1514870 1503
1514880 1507
1514890 1509
1514900 1509
1514910 1513
1514920 1517
1514930 1517
1514940 1520
1514950 1524
1514960 1524
1514970 1529
1514980 1532
1514990 1532
1515000 1536
1515010 1541
1515020 1541
1515030 1546
1515040 1552
1515050 1558
1515060 1558
1515070 1561
1515080 1563
1515090 1563
1515100 1565
1515110 1567
1515120 1567
1515130 1570
1515140 1576
1515150 1576
1515160 1582
1515170 1586
1515180 1586
1515190 1588
1515200 1590
1515210 1590
1515220 1592
1515230 1594
1515240 1594
1515250 1596
1515260 1598
1515270 1600
1515280 1600
1515290 1600
1515300 1599
1515310 1599
1515320 1597
1515330 1597
1515340 1597
1515350 1599
1515360 1601
1515370 1601
1515380 1603
1515390 1603
1515400 1603
1515410 1602
1515420 1600
1515430 1600
1515440 1598
1515450 1596
1515460 1596
1515470 1595
1515480 1596
1515490 1596
1515500 1596
1515510 1594
1515520 1593
1515530 1593
1515540 1591
1515550 1590
1515560 1590
1515570 1588
1515580 1584
1515590 1584
1515600 1579
1515610 1572
1515620 1572
1515630 1565
1515640 1557
1515650 1557
1515660 1551
1515670 1545
1515680 1545
1515690 1540
1515700 1533
1515710 1526
1515720 1526
1515730 1519
1515740 1511
1515750 1511
1515760 1503
1515770 1495
1515780 1495
1515790 1484
1515800 1474
1515810 1474
1515820 1468
1515830 1459
1515840 1459
1515850 1453
1515860 1448
1515870 1448
1515880 1441
1515890 1437
1515900 1437
1515910 1433
1515920 1427
1515930 1421
1515940 1421
1515950 1418
1515960 1418
1515970 1418
1515980 1417
1515990 1415
1516000 1415
1516010 1411
1516020 1406
1516030 1406
1516040 1404
1516050 1402
1516060 1402
1516070 1407
1516080 1419
1516090 1419
1516100 1429
1516110 1437
1516120 1437
1516130 1443
1516140 1453
1516150 1464
1516160 1464
1516170 1475
1516180 1478
1516190 1478
1516200 1483
1516210 1487
1516220 1487
1516230 1488
1516240 1490
1516250 1490
1516260 1491
1516270 1493
1516280 1493
1516290 1496
1516300 1497
1516310 1497
1516320 1496
1516330 1495
1516340 1495
1516350 1493
1516360 1492
1516370 1492
1516380 1492
1516390 1492
1516400 1492
1516410 1492
1516420 1491
1516430 1491
1516440 1491
1516450 1490
1516460 1492
1516470 1492
1516480 1494
1516490 1494
1516500 1494
1516510 1494
1516520 1494
1516530 1494
1516540 1494
1516550 1496
1516560 1496
1516570 1498
1516580 1499
1516590 1498
1516600 1498
1516610 1497
1516620 1496
1516630 1496
1516640 1495
1516650 1495
1516660 1495
1516670 1496
1516680 1498
1516690 1498
1516700 1499
1516710 1501
1516720 1501
1516730 1501
1516740 1499
1516750 1499
1516760 1495
1516770 1493
1516780 1493
1516790 1495
1516800 1497
1516810 1497
1516820 1497
1516830 1498
1516840 1499
1516850 1499
1516860 1500
1516870 1500
1516880 1500
1516890 1500
1516900 1500
1516910 1500
1516920 1500
1516930 1500
1516940 1500
1516950 1502
1516960 1502
1516970 1502
1516980 1501
1516990 1501
1517000 1501
1517010 1500
1517020 1503
1517030 1503
1517040 1504
1517050 1501
1517060 1501
1517070 1501
1517080 1500
1517090 1498
1517100 1498
1517110 1494
1517120 1491
1517130 1491
1517140 1488
1517150 1484
1517160 1484
1517170 1479
1517180 1473
1517190 1473
1517200 1465
1517210 1458
1517220 1458
1517230 1453
1517240 1451
1517250 1451
1517260 1455
1517270 1456
1517280 1456
1517290 1456
1517300 1455
1517310 1453
1517320 1453
1517330 1451
1517340 1448
1517350 1448
1517360 1444
1517370 1439
1517380 1439
1517390 1433
1517400 1428
1517410 1428
1517420 1428
1517430 1429
1517440 1429
1517450 1430
1517460 1430
1517470 1430
1517480 1431
1517490 1430
1517500 1430
1517510 1430
1517520 1429
1517530 1430
1517540 1430
1517550 1431
1517560 1431
1517570 1431
1517580 1432
1517590 1431
1517600 1431
1517610 1427
1517620 1420
1517630 1420
1517640 1414
1517650 1408
1517660 1408
1517670 1407
1517680 1407
1517690 1407
1517700 1410
1517710 1414
1517720 1418
1517730 1418
1517740 1422
1517750 1424
1517760 1424
1517770 1428
1517780 1434
1517790 1434
1517800 1437
1517810 1437
1517820 1437
1517830 1436
1517840 1438
1517850 1438
1517860 1439
1517870 1439
1517880 1439
1517890 1440
1517900 1441
1517910 1441
1517920 1443
1517930 1443
1517940 1444
1517950 1444
1517960 1445
1517970 1445
1517980 1445
1517990 1445
1518000 1444
1518010 1444
1518020 1444
1518030 1443
1518040 1443
1518050 1444
1518060 1445
1518070 1445
1518080 1446
1518090 1447
1518100 1447
1518110 1446
1518120 1445
1518130 1445
1518140 1443
1518150 1442
1518160 1443
1518170 1443
1518180 1444
1518190 1445
1518200 1445
1518210 1447
1518220 1448
1518230 1448
1518240 1447
1518250 1445
1518260 1445
1518270 1443
1518280 1443
1518290 1443
1518300 1443
1518310 1442
1518320 1442
1518330 1440
1518340 1436
1518350 1436
1518360 1434
1518370 1430
1518380 1425
1518390 1425
1518400 1420
1518410 1418
1518420 1418
1518430 1418
1518440 1418
1518450 1418
1518460 1415
1518470 1411
1518480 1411
1518490 1406
1518500 1402
1518510 1402
1518520 1398
1518530 1391
1518540 1391
1518550 1385
1518560 1380
1518570 1380
1518580 1375
1518590 1370
1518600 1366
1518610 1366
1518620 1360
1518630 1352
1518640 1352
1518650 1349
1518660 1351
1518670 1351
1518680 1354
1518690 1356
1518700 1356
1518710 1359
1518720 1361
1518730 1361
1518740 1364
1518750 1364
1518760 1364
1518770 1364
1518780 1362
1518790 1362
1518800 1360
1518810 1355
1518820 1351
1518830 1351
1518840 1347
1518850 1341
1518860 1341
1518870 1336
1518880 1334
1518890 1334
1518900 1334
1518910 1337
1518920 1337
1518930 1340
1518940 1342
1518950 1342
1518960 1345
1518970 1347
1518980 1347
1518990 1348
1519000 1352
1519010 1352
1519020 1355
1519030 1356
1519040 1357
1519050 1357
1519060 1358
1519070 1360
1519080 1360
1519090 1361
1519100 1363
1519110 1363
1519120 1364
1519130 1365
1519140 1365
1519150 1365
1519160 1365
1519170 1365
1519180 1366
1519190 1367
1519200 1367
1519210 1364
1519220 1361
1519230 1361
1519240 1358
1519250 1355
1519260 1355
1519270 1354
1519280 1352
1519290 1350
1519300 1350
1519310 1348
1519320 1347
1519330 1347
1519340 1346
1519350 1345
1519360 1345
1519370 1343
1519380 1340
1519390 1340
1519400 1336
1519410 1334
1519420 1334
1519430 1335
1519440 1338
1519450 1338
1519460 1339
1519470 1338
1519480 1338
1519490 1338
1519500 1337
1519510 1336
1519520 1336
1519530 1335
1519540 1334
1519550 1334
1519560 1333
1519570 1332
1519580 1332
1519590 1332
1519600 1330
1519610 1330
1519620 1327
1519630 1321
1519640 1321
1519650 1318
1519660 1316
1519670 1316
1519680 1315
1519690 1314
1519700 1314
1519710 1313
1519720 1313
1519730 1314
1519740 1314
1519750 1313
1519760 1312
1519770 1312
1519780 1310
1519790 1308
1519800 1308
1519810 1307
1519820 1308
1519830 1308
1519840 1310
1519850 1312
1519860 1312
1519870 1316
1519880 1316
1519890 1316
1519900 1317
1519910 1318
1519920 1318
1519930 1319
1519940 1319
1519950 1320
1519960 1320
1519970 1320
1519980 1320
1519990 1320
