1500000 1933
1500010 1927
1500020 1927
1500030 1921
1500040 1915
1500050 1915
1500060 1910
1500070 1904
1500080 1904
1500090 1898
1500100 1893
1500110 1887
1500120 1887
1500130 1883
1500140 1879
1500150 1879
1500160 1875
1500170 1870
1500180 1870
1500190 1865
1500200 1860
1500210 1860
1500220 1853
1500230 1844
1500240 1844
1500250 1838
1500260 1840
1500270 1840
1500280 1843
1500290 1847
1500300 1847
1500310 1851
1500320 1855
1500330 1855
1500340 1858
1500350 1863
1500360 1867
1500370 1867
1500380 1869
1500390 1872
1500400 1872
1500410 1876
1500420 1881
1500430 1881
1500440 1886
1500450 1892
1500460 1892
1500470 1898
1500480 1906
1500490 1906
1500500 1911
1500510 1916
1500520 1916
1500530 1922
1500540 1930
1500550 1930
1500560 1937
1500570 1940
1500580 1943
1500590 1943
1500600 1943
1500610 1943
1500620 1943
1500630 1951
1500640 1963
1500650 1963
1500660 1973
1500670 1982
1500680 1982
1500690 1989
1500700 1996
1500710 1996
1500720 2002
1500730 2007
1500740 2007
1500750 2013
1500760 2018
1500770 2018
1500780 2024
1500790 2031
1500800 2037
1500810 2037
1500820 2043
1500830 2050
1500840 2050
1500850 2057
1500860 2064
1500870 2064
1500880 2069
1500890 2070
1500900 2070
1500910 2074
1500920 2079
1500930 2079
1500940 2082
1500950 2085
1500960 2085
1500970 2087
1500980 2091
1500990 2091
1501000 2094
1501010 2097
1501020 2097
1501030 2099
1501040 2101
1501050 2105
1501060 2105
1501070 2110
1501080 2115
1501090 2115
1501100 2121
1501110 2128
1501120 2128
1501130 2134
1501140 2141
1501150 2141
1501160 2148
1501170 2149
1501180 2149
1501190 2153
1501200 2159
1501210 2159
1501220 2166
1501230 2171
1501240 2171
1501250 2176
1501260 2176
1501270 2174
1501280 2174
1501290 2170
1501300 2163
1501310 2163
1501320 2157
1501330 2152
1501340 2152
1501350 2149
1501360 2145
1501370 2145
1501380 2141
1501390 2138
1501400 2138
1501410 2135
1501420 2132
1501430 2132
1501440 2128
1501450 2122
1501460 2122
1501470 2119
1501480 2118
1501490 2117
1501500 2117
1501510 2115
1501520 2113
1501530 2113
1501540 2111
1501550 2110
1501560 2110
1501570 2108
1501580 2105
1501590 2105
1501600 2102
1501610 2100
1501620 2100
1501630 2097
1501640 2094
1501650 2094
1501660 2092
1501670 2091
1501680 2091
1501690 2091
1501700 2089
1501710 2089
1501720 2088
1501730 2087
1501740 2085
1501750 2085
1501760 2082
1501770 2078
1501780 2078
1501790 2074
1501800 2070
1501810 2070
1501820 2066
1501830 2063
1501840 2063
1501850 2059
1501860 2055
1501870 2055
1501880 2053
1501890 2051
1501900 2051
1501910 2048
1501920 2045
1501930 2045
1501940 2042
1501950 2040
1501960 2036
1501970 2036
1501980 2032
1501990 2028
1502000 2028
1502010 2027
1502020 2025
1502030 2025
1502040 2023
1502050 2021
1502060 2021
1502070 2018
1502080 2016
1502090 2016
1502100 2013
1502110 2006
1502120 2006
1502130 1999
1502140 1993
1502150 1993
1502160 1987
1502170 1980
1502180 1973
1502190 1973
1502200 1968
1502210 1963
1502220 1963
1502230 1958
1502240 1953
1502250 1953
1502260 1949
1502270 1947
1502280 1947
1502290 1945
1502300 1943
1502310 1943
1502320 1943
1502330 1945
1502340 1945
1502350 1948
1502360 1954
1502370 1954
1502380 1955
1502390 1950
1502400 1946
1502410 1946
1502420 1944
1502430 1944
1502440 1944
1502450 1944
1502460 1944
1502470 1944
1502480 1942
1502490 1940
1502500 1940
1502510 1939
1502520 1942
1502530 1942
1502540 1942
1502550 1939
1502560 1939
1502570 1935
1502580 1932
1502590 1932
1502600 1928
1502610 1925
1502620 1925
1502630 1923
1502640 1920
1502650 1914
1502660 1914
1502670 1911
1502680 1909
1502690 1909
1502700 1905
1502710 1901
1502720 1901
1502730 1900
1502740 1897
1502750 1897
1502760 1892
1502770 1885
1502780 1885
1502790 1880
1502800 1877
1502810 1877
1502820 1873
1502830 1868
1502840 1868
1502850 1862
1502860 1856
1502870 1853
1502880 1853
1502890 1851
1502900 1849
1502910 1849
1502920 1846
1502930 1845
1502940 1845
1502950 1843
1502960 1840
1502970 1840
1502980 1837
1502990 1835
1503000 1835
1503010 1831
1503020 1828
1503030 1828
1503040 1824
1503050 1820
1503060 1820
1503070 1816
1503080 1813
1503090 1809
1503100 1809
1503110 1804
1503120 1800
1503130 1800
1503140 1796
1503150 1793
1503160 1793
1503170 1788
1503180 1784
1503190 1784
1503200 1780
1503210 1776
1503220 1776
1503230 1771
1503240 1765
1503250 1765
1503260 1761
1503270 1755
1503280 1755
1503290 1749
1503300 1743
1503310 1743
1503320 1737
1503330 1732
1503340 1727
1503350 1727
1503360 1723
1503370 1719
1503380 1719
1503390 1715
1503400 1710
1503410 1710
1503420 1706
1503430 1702
1503440 1702
1503450 1698
1503460 1693
1503470 1693
1503480 1688
1503490 1683
1503500 1683
1503510 1679
1503520 1674
1503530 1674
1503540 1669
1503550 1664
1503560 1658
1503570 1658
1503580 1653
1503590 1647
1503600 1647
1503610 1640
1503620 1634
1503630 1634
1503640 1627
1503650 1622
1503660 1622
1503670 1616
1503680 1610
1503690 1610
1503700 1602
1503710 1595
1503720 1595
1503730 1588
1503740 1580
1503750 1580
1503760 1574
1503770 1567
1503780 1560
1503790 1560
1503800 1555
1503810 1549
1503820 1549
1503830 1543
1503840 1537
1503850 1537
1503860 1531
1503870 1524
1503880 1524
1503890 1519
1503900 1515
1503910 1515
1503920 1510
1503930 1506
1503940 1506
1503950 1503
1503960 1500
1503970 1500
1503980 1496
1503990 1492
1504000 1492
1504010 1488
1504020 1484
1504030 1478
1504040 1478
1504050 1474
1504060 1467
1504070 1467
1504080 1456
1504090 1449
1504100 1449
1504110 1441
1504120 1432
1504130 1432
1504140 1425
1504150 1421
1504160 1421
1504170 1416
1504180 1410
1504190 1410
1504200 1403
1504210 1396
1504220 1396
1504230 1392
1504240 1388
1504250 1383
1504260 1383
1504270 1377
1504280 1369
1504290 1369
1504300 1363
1504310 1353
1504320 1353
1504330 1344
1504340 1339
1504350 1339
1504360 1338
1504370 1339
1504380 1339
1504390 1338
1504400 1337
1504410 1337
1504420 1336
1504430 1337
1504440 1337
1504450 1339
1504460 1338
1504470 1337
1504480 1337
1504490 1339
1504500 1340
1504510 1340
1504520 1342
1504530 1342
1504540 1342
1504550 1342
1504560 1343
1504570 1343
1504580 1343
1504590 1342
1504600 1342
1504610 1342
1504620 1343
1504630 1343
1504640 1343
1504650 1342
1504660 1342
1504670 1341
1504680 1342
1504690 1342
1504700 1342
1504710 1341
1504720 1341
1504730 1341
1504740 1336
1504750 1329
1504760 1329
1504770 1321
1504780 1313
1504790 1313
1504800 1305
1504810 1298
1504820 1298
1504830 1292
1504840 1287
1504850 1287
1504860 1280
1504870 1274
1504880 1274
1504890 1273
1504900 1272
1504910 1272
1504920 1273
1504930 1273
1504940 1273
1504950 1273
1504960 1273
1504970 1273
1504980 1273
1504990 1272
1505000 1270
1505010 1270
1505020 1270
1505030 1270
1505040 1270
1505050 1269
1505060 1254
1505070 1254
1505080 1243
1505090 1236
1505100 1236
1505110 1229
1505120 1222
1505130 1222
1505140 1216
1505150 1211
1505160 1206
1505170 1206
1505180 1201
1505190 1197
1505200 1197
1505210 1193
1505220 1190
1505230 1190
1505240 1187
1505250 1185
1505260 1185
1505270 1183
1505280 1181
1505290 1181
1505300 1180
1505310 1178
1505320 1178
1505330 1175
1505340 1171
1505350 1171
1505360 1168
1505370 1166
1505380 1166
1505390 1163
1505400 1162
1505410 1162
1505420 1162
1505430 1162
1505440 1162
1505450 1162
1505460 1162
1505470 1162
1505480 1162
1505490 1162
1505500 1162
1505510 1162
1505520 1162
1505530 1162
1505540 1162
1505550 1162
1505560 1161
1505570 1161
1505580 1161
1505590 1160
1505600 1160
1505610 1159
1505620 1159
1505630 1158
1505640 1158
1505650 1158
1505660 1158
1505670 1158
1505680 1159
1505690 1160
1505700 1160
1505710 1161
1505720 1162
1505730 1162
1505740 1163
1505750 1164
1505760 1164
1505770 1166
1505780 1168
1505790 1168
1505800 1168
1505810 1168
1505820 1168
1505830 1168
1505840 1167
1505850 1167
1505860 1167
1505870 1167
1505880 1168
1505890 1168
1505900 1170
1505910 1172
1505920 1172
1505930 1174
1505940 1175
1505950 1175
1505960 1176
1505970 1178
1505980 1178
1505990 1180
1506000 1182
1506010 1182
1506020 1183
1506030 1184
1506040 1184
1506050 1184
1506060 1185
1506070 1186
1506080 1186
1506090 1187
1506100 1189
1506110 1189
1506120 1191
1506130 1193
1506140 1193
1506150 1193
1506160 1194
1506170 1194
1506180 1195
1506190 1195
1506200 1195
1506210 1195
1506220 1195
1506230 1195
1506240 1194
1506250 1193
1506260 1193
1506270 1193
1506280 1190
1506290 1190
1506300 1186
1506310 1183
1506320 1179
1506330 1179
1506340 1175
1506350 1171
1506360 1171
1506370 1169
1506380 1169
1506390 1169
1506400 1171
1506410 1172
1506420 1172
1506430 1172
1506440 1172
1506450 1172
1506460 1172
1506470 1171
1506480 1171
1506490 1172
1506500 1173
1506510 1173
1506520 1177
1506530 1181
1506540 1184
1506550 1184
1506560 1186
1506570 1188
1506580 1188
1506590 1189
1506600 1190
1506610 1190
1506620 1191
1506630 1191
1506640 1191
1506650 1191
1506660 1192
1506670 1192
1506680 1193
1506690 1194
1506700 1194
1506710 1196
1506720 1197
1506730 1197
1506740 1199
1506750 1200
1506760 1202
1506770 1202
1506780 1204
1506790 1206
1506800 1206
1506810 1207
1506820 1208
1506830 1208
1506840 1209
1506850 1210
1506860 1210
1506870 1210
1506880 1211
1506890 1211
1506900 1211
1506910 1210
1506920 1210
1506930 1210
1506940 1209
1506950 1209
1506960 1208
1506970 1207
1506980 1207
1506990 1207
1507000 1210
1507010 1213
1507020 1213
1507030 1217
1507040 1219
1507050 1219
1507060 1221
1507070 1223
1507080 1223
1507090 1224
1507100 1226
1507110 1226
1507120 1229
1507130 1232
1507140 1232
1507150 1236
1507160 1241
1507170 1241
1507180 1244
1507190 1249
1507200 1249
1507210 1252
1507220 1257
1507230 1263
1507240 1263
1507250 1269
1507260 1274
1507270 1274
1507280 1279
1507290 1284
1507300 1284
1507310 1290
1507320 1294
1507330 1294
1507340 1298
1507350 1302
1507360 1302
1507370 1304
1507380 1305
1507390 1305
1507400 1307
1507410 1314
1507420 1314
1507430 1324
1507440 1331
1507450 1334
1507460 1334
1507470 1343
1507480 1353
1507490 1353
1507500 1360
1507510 1363
1507520 1363
1507530 1360
1507540 1359
1507550 1359
1507560 1359
1507570 1359
1507580 1359
1507590 1359
1507600 1360
1507610 1360
1507620 1362
1507630 1367
1507640 1367
1507650 1372
1507660 1374
1507670 1374
1507680 1378
1507690 1380
1507700 1377
1507710 1377
1507720 1371
1507730 1365
1507740 1365
1507750 1359
1507760 1353
1507770 1353
1507780 1347
1507790 1341
1507800 1341
1507810 1335
1507820 1329
1507830 1329
1507840 1321
1507850 1312
1507860 1312
1507870 1316
1507880 1325
1507890 1325
1507900 1338
1507910 1349
1507920 1360
1507930 1360
1507940 1370
1507950 1379
1507960 1379
1507970 1387
1507980 1396
1507990 1396
1508000 1404
1508010 1412
1508020 1412
1508030 1420
1508040 1428
1508050 1428
1508060 1436
1508070 1444
1508080 1444
1508090 1452
1508100 1460
1508110 1460
1508120 1468
1508130 1477
1508140 1485
1508150 1485
1508160 1495
1508170 1503
1508180 1503
1508190 1509
1508200 1516
1508210 1516
1508220 1524
1508230 1532
1508240 1532
1508250 1539
1508260 1546
1508270 1546
1508280 1553
1508290 1560
1508300 1560
1508310 1567
1508320 1575
1508330 1575
1508340 1584
1508350 1590
1508360 1590
1508370 1598
1508380 1606
1508390 1613
1508400 1613
1508410 1622
1508420 1629
1508430 1629
1508440 1636
1508450 1642
1508460 1642
1508470 1649
1508480 1656
1508490 1656
1508500 1663
1508510 1668
1508520 1668
1508530 1670
1508540 1672
1508550 1672
1508560 1674
1508570 1677
1508580 1677
1508590 1679
1508600 1682
1508610 1685
1508620 1685
1508630 1687
1508640 1690
1508650 1690
1508660 1690
1508670 1692
1508680 1692
1508690 1694
1508700 1696
1508710 1696
1508720 1697
1508730 1697
1508740 1697
1508750 1695
1508760 1695
1508770 1695
1508780 1696
1508790 1695
1508800 1695
1508810 1690
1508820 1685
1508830 1681
1508840 1681
1508850 1679
1508860 1679
1508870 1679
1508880 1679
1508890 1678
1508900 1678
1508910 1672
1508920 1666
1508930 1666
1508940 1668
1508950 1668
1508960 1668
1508970 1662
1508980 1657
1508990 1657
1509000 1652
1509010 1647
1509020 1647
1509030 1641
1509040 1635
1509050 1635
1509060 1633
1509070 1630
1509080 1630
1509090 1630
1509100 1632
1509110 1634
1509120 1634
1509130 1635
1509140 1635
1509150 1635
1509160 1638
1509170 1644
1509180 1644
1509190 1649
1509200 1653
1509210 1653
1509220 1659
1509230 1664
1509240 1664
1509250 1670
1509260 1675
1509270 1675
1509280 1680
1509290 1686
1509300 1692
1509310 1692
1509320 1697
1509330 1703
1509340 1703
1509350 1710
1509360 1717
1509370 1717
1509380 1723
1509390 1730
1509400 1730
1509410 1738
1509420 1745
1509430 1745
1509440 1751
1509450 1757
1509460 1757
1509470 1764
1509480 1771
1509490 1771
1509500 1777
1509510 1784
1509520 1791
1509530 1791
1509540 1798
1509550 1806
1509560 1806
1509570 1813
1509580 1820
1509590 1820
1509600 1827
1509610 1833
1509620 1833
1509630 1839
1509640 1845
1509650 1845
1509660 1850
1509670 1853
1509680 1853
1509690 1854
1509700 1854
1509710 1854
1509720 1854
1509730 1854
1509740 1854
1509750 1854
1509760 1854
1509770 1854
1509780 1854
1509790 1854
1509800 1855
1509810 1855
1509820 1854
1509830 1849
1509840 1849
1509850 1842
1509860 1835
1509870 1835
1509880 1828
1509890 1821
1509900 1821
1509910 1814
1509920 1807
1509930 1807
1509940 1800
1509950 1792
1509960 1792
1509970 1785
1509980 1779
1509990 1771
1510000 1771
1510010 1764
1510020 1758
1510030 1758
1510040 1752
1510050 1746
1510060 1746
1510070 1740
1510080 1734
1510090 1734
1510100 1729
1510110 1724
1510120 1724
1510130 1719
1510140 1714
1510150 1714
1510160 1708
1510170 1704
1510180 1704
1510190 1698
1510200 1695
1510210 1689
1510220 1689
1510230 1685
1510240 1679
1510250 1679
1510260 1673
1510270 1667
1510280 1667
1510290 1662
1510300 1658
1510310 1658
1510320 1652
1510330 1647
1510340 1647
1510350 1642
1510360 1638
1510370 1638
1510380 1633
1510390 1628
1510400 1628
1510410 1624
1510420 1618
1510430 1613
1510440 1613
1510450 1608
1510460 1602
1510470 1602
1510480 1597
1510490 1594
1510500 1594
1510510 1590
1510520 1583
1510530 1583
1510540 1574
1510550 1569
1510560 1569
1510570 1564
1510580 1558
1510590 1558
1510600 1552
1510610 1546
1510620 1546
1510630 1542
1510640 1537
1510650 1537
1510660 1532
1510670 1526
1510680 1522
1510690 1522
1510700 1519
1510710 1516
1510720 1516
1510730 1512
1510740 1509
1510750 1509
1510760 1505
1510770 1500
1510780 1500
1510790 1497
1510800 1494
1510810 1494
1510820 1490
1510830 1486
1510840 1486
1510850 1482
1510860 1477
1510870 1477
1510880 1472
1510890 1467
1510900 1462
1510910 1462
1510920 1456
1510930 1449
1510940 1449
1510950 1441
1510960 1434
1510970 1434
1510980 1428
1510990 1422
1511000 1422
1511010 1417
1511020 1417
1511030 1417
1511040 1416
1511050 1414
1511060 1414
1511070 1411
1511080 1405
1511090 1405
1511100 1397
1511110 1390
1511120 1387
1511130 1387
1511140 1388
1511150 1394
1511160 1394
1511170 1401
1511180 1410
1511190 1410
1511200 1418
1511210 1424
1511220 1424
1511230 1429
1511240 1434
1511250 1434
1511260 1436
1511270 1436
1511280 1436
1511290 1435
1511300 1436
1511310 1436
1511320 1441
1511330 1446
1511340 1446
1511350 1449
1511360 1450
1511370 1451
1511380 1451
1511390 1453
1511400 1456
1511410 1456
1511420 1459
1511430 1463
1511440 1463
1511450 1466
1511460 1468
1511470 1468
1511480 1470
1511490 1471
1511500 1471
1511510 1472
1511520 1472
1511530 1472
1511540 1476
1511550 1483
1511560 1483
1511570 1490
1511580 1498
1511590 1505
1511600 1505
1511610 1512
1511620 1519
1511630 1519
1511640 1527
1511650 1534
1511660 1534
1511670 1539
1511680 1547
1511690 1547
1511700 1553
1511710 1557
1511720 1557
1511730 1561
1511740 1565
1511750 1565
1511760 1571
1511770 1577
1511780 1577
1511790 1582
1511800 1588
1511810 1595
1511820 1595
1511830 1602
1511840 1608
1511850 1608
1511860 1615
1511870 1621
1511880 1621
1511890 1627
1511900 1633
1511910 1633
1511920 1639
1511930 1645
1511940 1645
1511950 1652
1511960 1658
1511970 1658
1511980 1663
1511990 1667
1512000 1667
1512010 1671
1512020 1674
1512030 1674
1512040 1676
1512050 1678
1512060 1680
1512070 1680
1512080 1682
1512090 1688
1512100 1688
1512110 1695
1512120 1701
1512130 1701
1512140 1706
1512150 1712
1512160 1712
1512170 1716
1512180 1718
1512190 1718
1512200 1720
1512210 1724
1512220 1724
1512230 1727
1512240 1733
1512250 1733
1512260 1741
1512270 1745
1512280 1746
1512290 1746
1512300 1749
1512310 1754
1512320 1754
1512330 1759
1512340 1764
1512350 1764
1512360 1768
1512370 1773
1512380 1773
1512390 1780
1512400 1786
1512410 1786
1512420 1792
1512430 1798
1512440 1798
1512450 1807
1512460 1810
1512470 1810
1512480 1820
1512490 1826
1512500 1831
1512510 1831
1512520 1835
1512530 1837
1512540 1837
1512550 1839
1512560 1841
1512570 1841
1512580 1842
1512590 1845
1512600 1845
1512610 1846
1512620 1847
1512630 1847
1512640 1849
1512650 1849
1512660 1849
1512670 1850
1512680 1850
1512690 1850
1512700 1850
1512710 1852
1512720 1852
1512730 1853
1512740 1854
1512750 1856
1512760 1856
1512770 1858
1512780 1860
1512790 1860
1512800 1862
1512810 1864
1512820 1864
1512830 1865
1512840 1867
1512850 1867
1512860 1868
1512870 1869
1512880 1869
1512890 1871
1512900 1873
1512910 1873
1512920 1875
1512930 1878
1512940 1878
1512950 1882
1512960 1886
1512970 1890
1512980 1890
1512990 1894
1513000 1897
1513010 1897
1513020 1900
1513030 1904
1513040 1904
1513050 1907
1513060 1910
1513070 1910
1513080 1914
1513090 1917
1513100 1917
1513110 1920
1513120 1923
1513130 1923
1513140 1925
1513150 1928
1513160 1928
1513170 1930
1513180 1932
1513190 1934
1513200 1934
1513210 1936
1513220 1939
1513230 1939
1513240 1942
1513250 1945
1513260 1945
1513270 1948
1513280 1951
1513290 1951
1513300 1954
1513310 1957
1513320 1957
1513330 1960
1513340 1963
1513350 1963
1513360 1967
1513370 1970
1513380 1970
1513390 1973
1513400 1976
1513410 1976
1513420 1980
1513430 1983
1513440 1986
1513450 1986
1513460 1986
1513470 1988
1513480 1988
1513490 1993
1513500 1996
1513510 1996
1513520 2000
1513530 2005
1513540 2005
1513550 2009
1513560 2013
1513570 2013
1513580 2017
1513590 2021
1513600 2021
1513610 2025
1513620 2029
1513630 2029
1513640 2034
1513650 2039
1513660 2044
1513670 2044
1513680 2048
1513690 2053
1513700 2053
1513710 2058
1513720 2063
1513730 2063
1513740 2067
1513750 2072
1513760 2072
1513770 2076
1513780 2081
1513790 2081
1513800 2085
1513810 2089
1513820 2089
1513830 2093
1513840 2098
1513850 2098
1513860 2102
1513870 2107
1513880 2111
1513890 2111
1513900 2116
1513910 2120
1513920 2120
1513930 2124
1513940 2128
1513950 2128
1513960 2133
1513970 2137
1513980 2137
1513990 2142
1514000 2146
1514010 2146
1514020 2134
1514030 2120
1514040 2120
1514050 2111
1514060 2105
1514070 2105
1514080 2099
1514090 2093
1514100 2087
1514110 2087
1514120 2082
1514130 2077
1514140 2077
1514150 2071
1514160 2067
1514170 2067
1514180 2064
1514190 2061
1514200 2061
1514210 2057
1514220 2052
1514230 2052
1514240 2047
1514250 2042
1514260 2042
1514270 2037
1514280 2033
1514290 2033
1514300 2028
1514310 2024
1514320 2024
1514330 2020
1514340 2015
1514350 2010
1514360 2010
1514370 2007
1514380 2010
1514390 2010
1514400 2013
1514410 2017
1514420 2017
1514430 2020
1514440 2022
1514450 2022
1514460 2025
1514470 2029
1514480 2029
1514490 2033
1514500 2037
1514510 2037
1514520 2042
1514530 2046
1514540 2046
1514550 2050
1514560 2055
1514570 2058
1514580 2058
1514590 2059
1514600 2059
1514610 2059
1514620 2062
1514630 2068
1514640 2068
1514650 2068
1514660 2066
1514670 2066
1514680 2064
1514690 2061
1514700 2061
1514710 2058
1514720 2054
1514730 2054
1514740 2051
1514750 2049
1514760 2049
1514770 2047
1514780 2046
1514790 2044
1514800 2044
1514810 2042
1514820 2041
1514830 2041
1514840 2040
1514850 2041
1514860 2041
1514870 2045
1514880 2051
1514890 2051
1514900 2051
1514910 2047
1514920 2047
1514930 2044
1514940 2048
1514950 2048
1514960 2054
1514970 2058
1514980 2058
1514990 2062
1515000 2065
1515010 2065
1515020 2066
1515030 2066
1515040 2066
1515050 2066
1515060 2065
1515070 2065
1515080 2065
1515090 2071
1515100 2077
1515110 2077
1515120 2083
1515130 2088
1515140 2088
1515150 2095
1515160 2101
1515170 2101
1515180 2108
1515190 2116
1515200 2116
1515210 2118
1515220 2116
1515230 2116
1515240 2113
1515250 2110
1515260 2107
1515270 2107
1515280 2104
1515290 2101
1515300 2101
1515310 2099
1515320 2092
1515330 2092
1515340 2091
1515350 2091
1515360 2091
1515370 2094
1515380 2099
1515390 2099
1515400 2102
1515410 2105
1515420 2105
1515430 2107
1515440 2109
1515450 2109
1515460 2111
1515470 2115
1515480 2120
1515490 2120
1515500 2124
1515510 2128
1515520 2128
1515530 2132
1515540 2136
1515550 2136
1515560 2140
1515570 2145
1515580 2145
1515590 2151
1515600 2157
1515610 2157
1515620 2163
1515630 2170
1515640 2170
1515650 2176
1515660 2183
1515670 2183
1515680 2190
1515690 2196
1515700 2196
1515710 2201
1515720 2208
1515730 2216
1515740 2216
1515750 2220
1515760 2223
1515770 2223
1515780 2225
1515790 2230
1515800 2230
1515810 2236
1515820 2243
1515830 2243
1515840 2249
1515850 2253
1515860 2253
1515870 2255
1515880 2257
1515890 2257
1515900 2261
1515910 2266
1515920 2266
1515930 2271
1515940 2276
1515950 2281
1515960 2281
1515970 2287
1515980 2293
1515990 2293
1516000 2299
1516010 2305
1516020 2305
1516030 2313
1516040 2319
1516050 2319
1516060 2323
1516070 2327
1516080 2327
1516090 2330
1516100 2333
1516110 2333
1516120 2337
1516130 2340
1516140 2340
1516150 2342
1516160 2344
1516170 2343
1516180 2343
1516190 2336
1516200 2330
1516210 2330
1516220 2323
1516230 2318
1516240 2318
1516250 2313
1516260 2308
1516270 2308
1516280 2303
1516290 2298
1516300 2298
1516310 2286
1516320 2273
1516330 2273
1516340 2263
1516350 2255
1516360 2255
1516370 2247
1516380 2239
1516390 2239
1516400 2233
1516410 2225
1516420 2217
1516430 2217
1516440 2210
1516450 2202
1516460 2202
1516470 2194
1516480 2187
1516490 2187
1516500 2180
1516510 2173
1516520 2173
1516530 2166
1516540 2160
1516550 2160
1516560 2154
1516570 2147
1516580 2147
1516590 2141
1516600 2135
1516610 2135
1516620 2130
1516630 2123
1516640 2116
1516650 2116
1516660 2110
1516670 2103
1516680 2103
1516690 2096
1516700 2090
1516710 2090
1516720 2084
1516730 2078
1516740 2078
1516750 2073
1516760 2066
1516770 2066
1516780 2060
1516790 2053
1516800 2053
1516810 2048
1516820 2042
1516830 2042
1516840 2039
1516850 2036
1516860 2034
1516870 2034
1516880 2030
1516890 2028
1516900 2028
1516910 2025
1516920 2023
1516930 2023
1516940 2019
1516950 2016
1516960 2016
1516970 2011
1516980 2005
1516990 2005
1517000 2001
1517010 1997
1517020 1997
1517030 1992
1517040 1986
1517050 1986
1517060 1980
1517070 1973
1517080 1973
1517090 1965
1517100 1958
1517110 1951
1517120 1951
1517130 1944
1517140 1939
1517150 1939
1517160 1933
1517170 1927
1517180 1927
1517190 1921
1517200 1914
1517210 1914
1517220 1908
1517230 1904
1517240 1904
1517250 1899
1517260 1894
1517270 1894
1517280 1890
1517290 1885
1517300 1885
1517310 1881
1517320 1876
1517330 1871
1517340 1871
1517350 1866
1517360 1861
1517370 1861
1517380 1858
1517390 1855
1517400 1855
1517410 1851
1517420 1847
1517430 1847
1517440 1842
1517450 1837
1517460 1837
1517470 1831
1517480 1826
1517490 1826
1517500 1821
1517510 1814
1517520 1814
1517530 1807
1517540 1801
1517550 1796
1517560 1796
1517570 1792
1517580 1791
1517590 1791
1517600 1786
1517610 1782
1517620 1782
1517630 1777
1517640 1771
1517650 1771
1517660 1767
1517670 1762
1517680 1762
1517690 1757
1517700 1752
1517710 1752
1517720 1746
1517730 1740
1517740 1740
1517750 1735
1517760 1731
1517770 1731
1517780 1727
1517790 1722
1517800 1717
1517810 1717
1517820 1713
1517830 1711
1517840 1711
1517850 1710
1517860 1708
1517870 1708
1517880 1704
1517890 1700
1517900 1700
1517910 1694
1517920 1689
1517930 1689
1517940 1683
1517950 1679
1517960 1679
1517970 1676
1517980 1674
1517990 1674
1518000 1672
1518010 1670
1518020 1667
1518030 1667
1518040 1665
1518050 1663
1518060 1663
1518070 1661
1518080 1656
1518090 1656
1518100 1651
1518110 1649
1518120 1649
1518130 1649
1518140 1649
1518150 1649
1518160 1649
1518170 1647
1518180 1647
1518190 1644
1518200 1641
1518210 1641
1518220 1641
1518230 1643
1518240 1646
1518250 1646
1518260 1647
1518270 1646
1518280 1646
1518290 1643
1518300 1644
1518310 1644
1518320 1643
1518330 1643
1518340 1643
1518350 1644
1518360 1645
1518370 1645
1518380 1644
1518390 1645
1518400 1645
1518410 1656
1518420 1662
1518430 1662
1518440 1662
1518450 1662
1518460 1658
1518470 1658
1518480 1655
1518490 1651
1518500 1651
1518510 1648
1518520 1644
1518530 1644
1518540 1640
1518550 1636
1518560 1636
1518570 1632
1518580 1629
1518590 1629
1518600 1627
1518610 1623
1518620 1623
1518630 1617
1518640 1610
1518650 1610
1518660 1604
1518670 1598
1518680 1598
1518690 1594
1518700 1594
1518710 1595
1518720 1595
1518730 1598
1518740 1600
1518750 1600
1518760 1600
1518770 1597
1518780 1597
1518790 1594
1518800 1591
1518810 1591
1518820 1588
1518830 1586
1518840 1586
1518850 1583
1518860 1578
1518870 1578
1518880 1574
1518890 1570
1518900 1570
1518910 1569
1518920 1568
1518930 1565
1518940 1565
1518950 1562
1518960 1560
1518970 1560
1518980 1559
1518990 1559
1519000 1559
1519010 1558
1519020 1557
1519030 1557
1519040 1555
1519050 1553
1519060 1553
1519070 1551
1519080 1549
1519090 1549
1519100 1545
1519110 1542
1519120 1542
1519130 1539
1519140 1535
1519150 1532
1519160 1532
1519170 1531
1519180 1530
1519190 1530
1519200 1528
1519210 1526
1519220 1526
1519230 1524
1519240 1522
1519250 1522
1519260 1521
1519270 1518
1519280 1518
1519290 1514
1519300 1512
1519310 1512
1519320 1510
1519330 1507
1519340 1507
1519350 1504
1519360 1500
1519370 1500
1519380 1498
1519390 1496
1519400 1494
1519410 1494
1519420 1492
1519430 1490
1519440 1490
1519450 1488
1519460 1486
1519470 1486
1519480 1484
1519490 1482
1519500 1482
1519510 1478
1519520 1475
1519530 1475
1519540 1472
1519550 1469
1519560 1469
1519570 1465
1519580 1463
1519590 1463
1519600 1459
1519610 1456
1519620 1453
1519630 1453
1519640 1450
1519650 1447
1519660 1447
1519670 1444
1519680 1441
1519690 1441
1519700 1439
1519710 1437
1519720 1437
1519730 1433
1519740 1430
1519750 1430
1519760 1426
1519770 1425
1519780 1425
1519790 1422
1519800 1419
1519810 1419
1519820 1417
1519830 1413
1519840 1410
1519850 1410
1519860 1408
1519870 1405
1519880 1405
1519890 1403
1519900 1399
1519910 1399
1519920 1395
1519930 1392
1519940 1392
1519950 1388
1519960 1384
1519970 1384
1519980 1379
1519990 1374
