1500000 1916
1500010 1911
1500020 1911
1500030 1907
1500040 1902
1500050 1902
1500060 1898
1500070 1893
1500080 1893
1500090 1886
1500100 1881
1500110 1881
1500120 1877
1500130 1872
1500140 1866
1500150 1866
1500160 1862
1500170 1858
1500180 1858
1500190 1852
1500200 1847
1500210 1847
1500220 1842
1500230 1837
1500240 1837
1500250 1832
1500260 1828
1500270 1828
1500280 1826
1500290 1823
1500300 1823
1500310 1816
1500320 1808
1500330 1808
1500340 1801
1500350 1804
1500360 1810
1500370 1810
1500380 1815
1500390 1820
1500400 1820
1500410 1825
1500420 1830
1500430 1830
1500440 1832
1500450 1836
1500460 1836
1500470 1840
1500480 1844
1500490 1844
1500500 1848
1500510 1853
1500520 1853
1500530 1858
1500540 1861
1500550 1861
1500560 1865
1500570 1869
1500580 1869
1500590 1873
1500600 1875
1500610 1878
1500620 1878
1500630 1883
1500640 1889
1500650 1889
1500660 1896
1500670 1902
1500680 1902
1500690 1906
1500700 1912
1500710 1912
1500720 1915
1500730 1919
1500740 1919
1500750 1919
1500760 1923
1500770 1923
1500780 1933
1500790 1943
1500800 1943
1500810 1950
1500820 1956
1500830 1962
1500840 1962
1500850 1968
1500860 1975
1500870 1975
1500880 1981
1500890 1987
1500900 1987
1500910 1993
1500920 1999
1500930 1999
1500940 2003
1500950 2009
1500960 2009
1500970 2015
1500980 2021
1500990 2021
1501000 2026
1501010 2032
1501020 2032
1501030 2038
1501040 2044
1501050 2050
1501060 2050
1501070 2056
1501080 2063
1501090 2063
1501100 2070
1501110 2077
1501120 2077
1501130 2086
1501140 2093
1501150 2093
1501160 2101
1501170 2108
1501180 2108
1501190 2116
1501200 2124
1501210 2124
1501220 2132
1501230 2140
1501240 2140
1501250 2149
1501260 2156
1501270 2156
1501280 2147
1501290 2133
1501300 2127
1501310 2127
1501320 2123
1501330 2120
1501340 2120
1501350 2115
1501360 2099
1501370 2099
1501380 2065
1501390 2041
1501400 2041
1501410 2036
1501420 2032
1501430 2032
1501440 2027
1501450 2023
1501460 2023
1501470 2019
1501480 2016
1501490 2016
1501500 2014
1501510 2012
1501520 2010
1501530 2010
1501540 2008
1501550 2005
1501560 2005
1501570 2000
1501580 1998
1501590 1998
1501600 1998
1501610 1997
1501620 1997
1501630 1997
1501640 1996
1501650 1996
1501660 1994
1501670 1993
1501680 1993
1501690 1992
1501700 1989
1501710 1989
1501720 1989
1501730 1988
1501740 1986
1501750 1986
1501760 1986
1501770 1986
1501780 1986
1501790 1989
1501800 1987
1501810 1987
1501820 1985
1501830 1983
1501840 1983
1501850 1983
1501860 1983
1501870 1983
1501880 1983
1501890 1983
1501900 1983
1501910 1984
1501920 1982
1501930 1982
1501940 1976
1501950 1970
1501960 1970
1501970 1967
1501980 1963
1501990 1960
1502000 1960
1502010 1958
1502020 1956
1502030 1956
1502040 1952
1502050 1948
1502060 1948
1502070 1947
1502080 1945
1502090 1945
1502100 1945
1502110 1945
1502120 1945
1502130 1943
1502140 1941
1502150 1941
1502160 1936
1502170 1932
1502180 1932
1502190 1928
1502200 1923
1502210 1918
1502220 1918
1502230 1912
1502240 1906
1502250 1906
1502260 1903
1502270 1900
1502280 1900
1502290 1895
1502300 1891
1502310 1891
1502320 1888
1502330 1885
1502340 1885
1502350 1880
1502360 1876
1502370 1876
1502380 1872
1502390 1871
1502400 1871
1502410 1873
1502420 1873
1502430 1871
1502440 1871
1502450 1866
1502460 1863
1502470 1863
1502480 1862
1502490 1863
1502500 1863
1502510 1862
1502520 1857
1502530 1857
1502540 1852
1502550 1846
1502560 1846
1502570 1843
1502580 1844
1502590 1844
1502600 1848
1502610 1851
1502620 1851
1502630 1848
1502640 1842
1502650 1842
1502660 1835
1502670 1832
1502680 1831
1502690 1831
1502700 1830
1502710 1829
1502720 1829
1502730 1826
1502740 1822
1502750 1822
1502760 1819
1502770 1817
1502780 1817
1502790 1813
1502800 1811
1502810 1811
1502820 1810
1502830 1806
1502840 1806
1502850 1803
1502860 1801
1502870 1801
1502880 1798
1502890 1795
1502900 1792
1502910 1792
1502920 1790
1502930 1787
1502940 1787
1502950 1784
1502960 1781
1502970 1781
1502980 1779
1502990 1776
1503000 1776
1503010 1772
1503020 1768
1503030 1768
1503040 1762
1503050 1756
1503060 1756
1503070 1752
1503080 1749
1503090 1749
1503100 1745
1503110 1742
1503120 1739
1503130 1739
1503140 1737
1503150 1734
1503160 1734
1503170 1729
1503180 1723
1503190 1723
1503200 1717
1503210 1711
1503220 1711
1503230 1705
1503240 1700
1503250 1700
1503260 1696
1503270 1693
1503280 1693
1503290 1693
1503300 1692
1503310 1692
1503320 1691
1503330 1690
1503340 1690
1503350 1689
1503360 1687
1503370 1685
1503380 1685
1503390 1683
1503400 1682
1503410 1682
1503420 1679
1503430 1676
1503440 1676
1503450 1674
1503460 1671
1503470 1671
1503480 1669
1503490 1666
1503500 1666
1503510 1665
1503520 1662
1503530 1662
1503540 1659
1503550 1655
1503560 1655
1503570 1651
1503580 1646
1503590 1641
1503600 1641
1503610 1635
1503620 1630
1503630 1630
1503640 1627
1503650 1623
1503660 1623
1503670 1619
1503680 1615
1503690 1615
1503700 1611
1503710 1605
1503720 1605
1503730 1599
1503740 1594
1503750 1594
1503760 1589
1503770 1585
1503780 1585
1503790 1579
1503800 1573
1503810 1566
1503820 1566
1503830 1559
1503840 1551
1503850 1551
1503860 1545
1503870 1537
1503880 1537
1503890 1528
1503900 1518
1503910 1518
1503920 1509
1503930 1502
1503940 1502
1503950 1496
1503960 1488
1503970 1488
1503980 1485
1503990 1485
1504000 1485
1504010 1483
1504020 1479
1504030 1479
1504040 1474
1504050 1468
1504060 1463
1504070 1463
1504080 1457
1504090 1454
1504100 1454
1504110 1448
1504120 1440
1504130 1440
1504140 1433
1504150 1426
1504160 1426
1504170 1421
1504180 1416
1504190 1416
1504200 1411
1504210 1406
1504220 1406
1504230 1401
1504240 1394
1504250 1394
1504260 1388
1504270 1383
1504280 1378
1504290 1378
1504300 1375
1504310 1373
1504320 1373
1504330 1369
1504340 1366
1504350 1366
1504360 1363
1504370 1361
1504380 1361
1504390 1359
1504400 1356
1504410 1356
1504420 1353
1504430 1350
1504440 1350
1504450 1346
1504460 1343
1504470 1343
1504480 1341
1504490 1330
1504500 1315
1504510 1315
1504520 1304
1504530 1293
1504540 1293
1504550 1283
1504560 1272
1504570 1272
1504580 1260
1504590 1253
1504600 1253
1504610 1252
1504620 1257
1504630 1257
1504640 1263
1504650 1265
1504660 1265
1504670 1263
1504680 1264
1504690 1264
1504700 1263
1504710 1261
1504720 1261
1504730 1259
1504740 1257
1504750 1255
1504760 1255
1504770 1250
1504780 1242
1504790 1242
1504800 1236
1504810 1230
1504820 1230
1504830 1226
1504840 1223
1504850 1223
1504860 1219
1504870 1217
1504880 1217
1504890 1215
1504900 1213
1504910 1208
1504920 1204
1504930 1200
1504940 1200
1504950 1199
1504960 1199
1504970 1199
1504980 1199
1504990 1197
1505000 1197
1505010 1197
1505020 1198
1505030 1198
1505040 1198
1505050 1199
1505060 1201
1505070 1201
1505080 1202
1505090 1201
1505100 1201
1505110 1196
1505120 1191
1505130 1191
1505140 1192
1505150 1188
1505160 1188
1505170 1184
1505180 1178
1505190 1171
1505200 1171
1505210 1165
1505220 1165
1505230 1165
1505240 1164
1505250 1163
1505260 1163
1505270 1167
1505280 1175
1505290 1175
1505300 1177
1505310 1180
1505320 1180
1505330 1184
1505340 1189
1505350 1189
1505360 1193
1505370 1193
1505380 1193
1505390 1187
1505400 1178
1505410 1177
1505420 1177
1505430 1176
1505440 1176
1505450 1176
1505460 1176
1505470 1177
1505480 1177
1505490 1190
1505500 1201
1505510 1201
1505520 1204
1505530 1206
1505540 1206
1505550 1208
1505560 1210
1505570 1210
1505580 1214
1505590 1217
1505600 1217
1505610 1221
1505620 1224
1505630 1224
1505640 1227
1505650 1229
1505660 1232
1505670 1232
1505680 1233
1505690 1236
1505700 1236
1505710 1239
1505720 1242
1505730 1242
1505740 1244
1505750 1245
1505760 1245
1505770 1248
1505780 1251
1505790 1251
1505800 1253
1505810 1256
1505820 1256
1505830 1258
1505840 1260
1505850 1260
1505860 1261
1505870 1263
1505880 1266
1505890 1266
1505900 1268
1505910 1267
1505920 1267
1505930 1266
1505940 1266
1505950 1266
1505960 1268
1505970 1269
1505980 1269
1505990 1269
1506000 1268
1506010 1268
1506020 1265
1506030 1262
1506040 1262
1506050 1259
1506060 1257
1506070 1257
1506080 1255
1506090 1254
1506100 1253
1506110 1253
1506120 1252
1506130 1251
1506140 1251
1506150 1250
1506160 1250
1506170 1250
1506180 1250
1506190 1250
1506200 1250
1506210 1250
1506220 1250
1506230 1250
1506240 1247
1506250 1238
1506260 1238
1506270 1217
1506280 1209
1506290 1209
1506300 1210
1506310 1227
1506320 1227
1506330 1240
1506340 1251
1506350 1260
1506360 1260
1506370 1266
1506380 1270
1506390 1270
1506400 1274
1506410 1279
1506420 1279
1506430 1284
1506440 1290
1506450 1290
1506460 1297
1506470 1304
1506480 1304
1506490 1310
1506500 1315
1506510 1315
1506520 1320
1506530 1326
1506540 1326
1506550 1333
1506560 1340
1506570 1346
1506580 1346
1506590 1354
1506600 1361
1506610 1361
1506620 1369
1506630 1376
1506640 1376
1506650 1382
1506660 1386
1506670 1386
1506680 1387
1506690 1386
1506700 1386
1506710 1384
1506720 1383
1506730 1383
1506740 1383
1506750 1377
1506760 1377
1506770 1365
1506780 1356
1506790 1353
1506800 1353
1506810 1350
1506820 1345
1506830 1345
1506840 1339
1506850 1332
1506860 1332
1506870 1329
1506880 1333
1506890 1333
1506900 1335
1506910 1339
1506920 1339
1506930 1342
1506940 1345
1506950 1345
1506960 1350
1506970 1356
1506980 1356
1506990 1360
1507000 1365
1507010 1365
1507020 1372
1507030 1376
1507040 1382
1507050 1382
1507060 1388
1507070 1394
1507080 1394
1507090 1400
1507100 1407
1507110 1407
1507120 1413
1507130 1419
1507140 1419
1507150 1425
1507160 1433
1507170 1433
1507180 1442
1507190 1451
1507200 1451
1507210 1461
1507220 1471
1507230 1471
1507240 1481
1507250 1490
1507260 1496
1507270 1496
1507280 1498
1507290 1497
1507300 1497
1507310 1492
1507320 1484
1507330 1484
1507340 1480
1507350 1478
1507360 1478
1507370 1476
1507380 1474
1507390 1474
1507400 1472
1507410 1473
1507420 1473
1507430 1473
1507440 1474
1507450 1474
1507460 1477
1507470 1480
1507480 1480
1507490 1480
1507500 1485
1507510 1495
1507520 1495
1507530 1508
1507540 1521
1507550 1521
1507560 1526
1507570 1526
1507580 1526
1507590 1516
1507600 1506
1507610 1506
1507620 1501
1507630 1498
1507640 1498
1507650 1495
1507660 1490
1507670 1490
1507680 1485
1507690 1480
1507700 1480
1507710 1476
1507720 1472
1507730 1467
1507740 1467
1507750 1462
1507760 1457
1507770 1457
1507780 1452
1507790 1445
1507800 1445
1507810 1438
1507820 1432
1507830 1432
1507840 1426
1507850 1419
1507860 1419
1507870 1409
1507880 1397
1507890 1397
1507900 1386
1507910 1381
1507920 1381
1507930 1383
1507940 1377
1507950 1369
1507960 1369
1507970 1366
1507980 1369
1507990 1369
1508000 1376
1508010 1380
1508020 1380
1508030 1389
1508040 1400
1508050 1400
1508060 1408
1508070 1415
1508080 1415
1508090 1422
1508100 1428
1508110 1428
1508120 1435
1508130 1442
1508140 1442
1508150 1448
1508160 1455
1508170 1460
1508180 1460
1508190 1466
1508200 1473
1508210 1473
1508220 1480
1508230 1487
1508240 1487
1508250 1493
1508260 1500
1508270 1500
1508280 1506
1508290 1512
1508300 1512
1508310 1517
1508320 1520
1508330 1520
1508340 1524
1508350 1528
1508360 1528
1508370 1532
1508380 1536
1508390 1536
1508400 1540
1508410 1544
1508420 1548
1508430 1548
1508440 1552
1508450 1556
1508460 1556
1508470 1560
1508480 1565
1508490 1565
1508500 1570
1508510 1575
1508520 1575
1508530 1578
1508540 1582
1508550 1582
1508560 1586
1508570 1591
1508580 1591
1508590 1597
1508600 1601
1508610 1601
1508620 1603
1508630 1608
1508640 1612
1508650 1612
1508660 1615
1508670 1619
1508680 1619
1508690 1623
1508700 1626
1508710 1626
1508720 1630
1508730 1634
1508740 1634
1508750 1639
1508760 1644
1508770 1644
1508780 1647
1508790 1650
1508800 1650
1508810 1654
1508820 1658
1508830 1658
1508840 1661
1508850 1664
1508860 1668
1508870 1668
1508880 1672
1508890 1678
1508900 1678
1508910 1682
1508920 1687
1508930 1687
1508940 1691
1508950 1694
1508960 1694
1508970 1698
1508980 1701
1508990 1701
1509000 1705
1509010 1709
1509020 1709
1509030 1714
1509040 1719
1509050 1719
1509060 1724
1509070 1728
1509080 1728
1509090 1734
1509100 1739
1509110 1744
1509120 1744
1509130 1748
1509140 1752
1509150 1752
1509160 1754
1509170 1754
1509180 1754
1509190 1756
1509200 1758
1509210 1758
1509220 1760
1509230 1761
1509240 1761
1509250 1763
1509260 1764
1509270 1764
1509280 1765
1509290 1767
1509300 1767
1509310 1769
1509320 1771
1509330 1773
1509340 1773
1509350 1776
1509360 1779
1509370 1779
1509380 1783
1509390 1786
1509400 1786
1509410 1790
1509420 1794
1509430 1794
1509440 1799
1509450 1804
1509460 1804
1509470 1809
1509480 1815
1509490 1815
1509500 1821
1509510 1827
1509520 1827
1509530 1832
1509540 1838
1509550 1844
1509560 1844
1509570 1850
1509580 1856
1509590 1856
1509600 1862
1509610 1868
1509620 1868
1509630 1874
1509640 1881
1509650 1881
1509660 1887
1509670 1893
1509680 1893
1509690 1898
1509700 1903
1509710 1903
1509720 1906
1509730 1907
1509740 1907
1509750 1905
1509760 1900
1509770 1900
1509780 1894
1509790 1887
1509800 1878
1509810 1878
1509820 1870
1509830 1862
1509840 1862
1509850 1853
1509860 1844
1509870 1844
1509880 1836
1509890 1828
1509900 1828
1509910 1820
1509920 1811
1509930 1811
1509940 1802
1509950 1794
1509960 1794
1509970 1785
1509980 1775
1509990 1775
1510000 1766
1510010 1759
1510020 1756
1510030 1756
1510040 1753
1510050 1752
1510060 1752
1510070 1750
1510080 1748
1510090 1748
1510100 1746
1510110 1746
1510120 1746
1510130 1745
1510140 1742
1510150 1742
1510160 1739
1510170 1732
1510180 1732
1510190 1724
1510200 1716
1510210 1716
1510220 1708
1510230 1701
1510240 1694
1510250 1694
1510260 1687
1510270 1681
1510280 1681
1510290 1674
1510300 1666
1510310 1666
1510320 1662
1510330 1655
1510340 1655
1510350 1647
1510360 1641
1510370 1641
1510380 1633
1510390 1623
1510400 1623
1510410 1618
1510420 1615
1510430 1615
1510440 1614
1510450 1612
1510460 1612
1510470 1608
1510480 1605
1510490 1602
1510500 1602
1510510 1600
1510520 1600
1510530 1600
1510540 1601
1510550 1599
1510560 1599
1510570 1597
1510580 1594
1510590 1594
1510600 1589
1510610 1583
1510620 1583
1510630 1577
1510640 1572
1510650 1572
1510660 1568
1510670 1565
1510680 1565
1510690 1562
1510700 1558
1510710 1554
1510720 1554
1510730 1549
1510740 1546
1510750 1546
1510760 1541
1510770 1535
1510780 1535
1510790 1529
1510800 1523
1510810 1523
1510820 1518
1510830 1513
1510840 1513
1510850 1508
1510860 1502
1510870 1502
1510880 1495
1510890 1489
1510900 1489
1510910 1481
1510920 1474
1510930 1466
1510940 1466
1510950 1460
1510960 1455
1510970 1455
1510980 1450
1510990 1444
1511000 1444
1511010 1439
1511020 1432
1511030 1432
1511040 1425
1511050 1419
1511060 1419
1511070 1413
1511080 1410
1511090 1410
1511100 1415
1511110 1424
1511120 1424
1511130 1433
1511140 1442
1511150 1442
1511160 1449
1511170 1455
1511180 1462
1511190 1462
1511200 1471
1511210 1479
1511220 1479
1511230 1486
1511240 1495
1511250 1495
1511260 1503
1511270 1512
1511280 1512
1511290 1521
1511300 1527
1511310 1527
1511320 1532
1511330 1536
1511340 1536
1511350 1540
1511360 1543
1511370 1543
1511380 1546
1511390 1546
1511400 1544
1511410 1544
1511420 1542
1511430 1541
1511440 1541
1511450 1540
1511460 1541
1511470 1541
1511480 1540
1511490 1542
1511500 1542
1511510 1544
1511520 1545
1511530 1545
1511540 1545
1511550 1547
1511560 1547
1511570 1545
1511580 1544
1511590 1544
1511600 1545
1511610 1548
1511620 1553
1511630 1553
1511640 1554
1511650 1555
1511660 1555
1511670 1556
1511680 1558
1511690 1558
1511700 1558
1511710 1561
1511720 1561
1511730 1565
1511740 1571
1511750 1571
1511760 1580
1511770 1586
1511780 1586
1511790 1589
1511800 1592
1511810 1592
1511820 1595
1511830 1598
1511840 1598
1511850 1600
1511860 1600
1511870 1600
1511880 1600
1511890 1601
1511900 1603
1511910 1603
1511920 1608
1511930 1614
1511940 1614
1511950 1619
1511960 1624
1511970 1624
1511980 1629
1511990 1635
1512000 1635
1512010 1641
1512020 1648
1512030 1648
1512040 1655
1512050 1660
1512060 1660
1512070 1666
1512080 1672
1512090 1677
1512100 1677
1512110 1683
1512120 1688
1512130 1688
1512140 1693
1512150 1699
1512160 1699
1512170 1704
1512180 1710
1512190 1710
1512200 1716
1512210 1720
1512220 1720
1512230 1722
1512240 1726
1512250 1726
1512260 1729
1512270 1730
1512280 1730
1512290 1734
1512300 1734
1512310 1739
1512320 1739
1512330 1743
1512340 1745
1512350 1745
1512360 1748
1512370 1751
1512380 1751
1512390 1756
1512400 1759
1512410 1759
1512420 1763
1512430 1767
1512440 1767
1512450 1770
1512460 1773
1512470 1773
1512480 1774
1512490 1775
1512500 1775
1512510 1776
1512520 1775
1512530 1775
1512540 1777
1512550 1780
1512560 1779
1512570 1779
1512580 1781
1512590 1788
1512600 1788
1512610 1795
1512620 1800
1512630 1800
1512640 1806
1512650 1811
1512660 1811
1512670 1815
1512680 1819
1512690 1819
1512700 1824
1512710 1827
1512720 1827
1512730 1828
1512740 1830
1512750 1830
1512760 1835
1512770 1841
1512780 1848
1512790 1848
1512800 1850
1512810 1847
1512820 1847
1512830 1845
1512840 1848
1512850 1848
1512860 1851
1512870 1852
1512880 1852
1512890 1854
1512900 1856
1512910 1856
1512920 1858
1512930 1861
1512940 1861
1512950 1864
1512960 1867
1512970 1867
1512980 1869
1512990 1872
1513000 1874
1513010 1874
1513020 1876
1513030 1878
1513040 1878
1513050 1880
1513060 1882
1513070 1882
1513080 1885
1513090 1888
1513100 1888
1513110 1890
1513120 1894
1513130 1894
1513140 1896
1513150 1899
1513160 1899
1513170 1902
1513180 1905
1513190 1905
1513200 1905
1513210 1906
1513220 1906
1513230 1905
1513240 1906
1513250 1910
1513260 1910
1513270 1914
1513280 1916
1513290 1916
1513300 1918
1513310 1920
1513320 1920
1513330 1922
1513340 1924
1513350 1924
1513360 1927
1513370 1929
1513380 1929
1513390 1933
1513400 1937
1513410 1937
1513420 1943
1513430 1950
1513440 1950
1513450 1956
1513460 1961
1513470 1967
1513480 1967
1513490 1972
1513500 1977
1513510 1977
1513520 1982
1513530 1987
1513540 1987
1513550 1993
1513560 1998
1513570 1998
1513580 2003
1513590 2009
1513600 2009
1513610 2014
1513620 2020
1513630 2020
1513640 2025
1513650 2031
1513660 2031
1513670 2037
1513680 2044
1513690 2050
1513700 2050
1513710 2055
1513720 2061
1513730 2061
1513740 2066
1513750 2072
1513760 2072
1513770 2077
1513780 2082
1513790 2082
1513800 2087
1513810 2093
1513820 2093
1513830 2098
1513840 2103
1513850 2103
1513860 2108
1513870 2113
1513880 2113
1513890 2119
1513900 2125
1513910 2125
1513920 2131
1513930 2137
1513940 2143
1513950 2143
1513960 2149
1513970 2155
1513980 2155
1513990 2161
1514000 2166
1514010 2166
1514020 2172
1514030 2177
1514040 2177
1514050 2183
1514060 2189
1514070 2189
1514080 2195
1514090 2201
1514100 2201
1514110 2201
1514120 2194
1514130 2194
1514140 2188
1514150 2181
1514160 2174
1514170 2174
1514180 2167
1514190 2160
1514200 2160
1514210 2154
1514220 2147
1514230 2147
1514240 2140
1514250 2132
1514260 2132
1514270 2126
1514280 2121
1514290 2121
1514300 2116
1514310 2113
1514320 2113
1514330 2112
1514340 2111
1514350 2111
1514360 2109
1514370 2107
1514380 2105
1514390 2105
1514400 2105
1514410 2105
1514420 2105
1514430 2105
1514440 2107
1514450 2107
1514460 2113
1514470 2119
1514480 2119
1514490 2124
1514500 2128
1514510 2128
1514520 2132
1514530 2136
1514540 2136
1514550 2141
1514560 2145
1514570 2145
1514580 2150
1514590 2155
1514600 2155
1514610 2160
1514620 2165
1514630 2170
1514640 2170
1514650 2174
1514660 2182
1514670 2182
1514680 2190
1514690 2195
1514700 2195
1514710 2191
1514720 2186
1514730 2186
1514740 2181
1514750 2177
1514760 2177
1514770 2172
1514780 2168
1514790 2168
1514800 2165
1514810 2164
1514820 2164
1514830 2168
1514840 2169
1514850 2163
1514860 2163
1514870 2159
1514880 2164
1514890 2164
1514900 2169
1514910 2172
1514920 2172
1514930 2178
1514940 2186
1514950 2186
1514960 2183
1514970 2177
1514980 2177
1514990 2172
1515000 2175
1515010 2175
1515020 2181
1515030 2186
1515040 2186
1515050 2191
1515060 2198
1515070 2205
1515080 2205
1515090 2213
1515100 2220
1515110 2220
1515120 2227
1515130 2234
1515140 2234
1515150 2236
1515160 2232
1515170 2232
1515180 2228
1515190 2226
1515200 2226
1515210 2224
1515220 2223
1515230 2223
1515240 2223
1515250 2223
1515260 2223
1515270 2221
1515280 2219
1515290 2217
1515300 2217
1515310 2215
1515320 2212
1515330 2212
1515340 2211
1515350 2212
1515360 2212
1515370 2212
1515380 2213
1515390 2213
1515400 2213
1515410 2213
1515420 2213
1515430 2213
1515440 2214
1515450 2214
1515460 2215
1515470 2216
1515480 2216
1515490 2218
1515500 2223
1515510 2223
1515520 2226
1515530 2229
1515540 2234
1515550 2234
1515560 2236
1515570 2239
1515580 2239
1515590 2238
1515600 2239
1515610 2239
1515620 2236
1515630 2237
1515640 2237
1515650 2242
1515660 2246
1515670 2246
1515680 2240
1515690 2230
1515700 2230
1515710 2221
1515720 2216
1515730 2216
1515740 2219
1515750 2225
1515760 2232
1515770 2232
1515780 2242
1515790 2238
1515800 2238
1515810 2231
1515820 2223
1515830 2223
1515840 2221
1515850 2220
1515860 2220
1515870 2221
1515880 2223
1515890 2223
1515900 2226
1515910 2227
1515920 2227
1515930 2228
1515940 2231
1515950 2231
1515960 2234
1515970 2236
1515980 2238
1515990 2238
1516000 2241
1516010 2245
1516020 2245
1516030 2244
1516040 2249
1516050 2249
1516060 2250
1516070 2254
1516080 2254
1516090 2264
1516100 2274
1516110 2274
1516120 2272
1516130 2266
1516140 2266
1516150 2259
1516160 2251
1516170 2251
1516180 2245
1516190 2247
1516200 2247
1516210 2252
1516220 2246
1516230 2242
1516240 2242
1516250 2237
1516260 2232
1516270 2232
1516280 2232
1516290 2234
1516300 2234
1516310 2236
1516320 2235
1516330 2235
1516340 2235
1516350 2235
1516360 2235
1516370 2230
1516380 2224
1516390 2224
1516400 2221
1516410 2217
1516420 2217
1516430 2214
1516440 2213
1516450 2211
1516460 2211
1516470 2205
1516480 2202
1516490 2202
1516500 2200
1516510 2196
1516520 2196
1516530 2193
1516540 2193
1516550 2193
1516560 2190
1516570 2188
1516580 2188
1516590 2185
1516600 2181
1516610 2181
1516620 2177
1516630 2171
1516640 2171
1516650 2166
1516660 2165
1516670 2167
1516680 2167
1516690 2165
1516700 2161
1516710 2161
1516720 2157
1516730 2153
1516740 2153
1516750 2149
1516760 2140
1516770 2140
1516780 2132
1516790 2124
1516800 2124
1516810 2119
1516820 2116
1516830 2116
1516840 2111
1516850 2106
1516860 2106
1516870 2098
1516880 2091
1516890 2091
1516900 2086
1516910 2081
1516920 2075
1516930 2075
1516940 2068
1516950 2064
1516960 2064
1516970 2060
1516980 2057
1516990 2057
1517000 2054
1517010 2051
1517020 2051
1517030 2047
1517040 2042
1517050 2042
1517060 2038
1517070 2034
1517080 2034
1517090 2030
1517100 2026
1517110 2026
1517120 2021
1517130 2016
1517140 2011
1517150 2011
1517160 2007
1517170 2003
1517180 2003
1517190 1998
1517200 1994
1517210 1994
1517220 1989
1517230 1984
1517240 1984
1517250 1979
1517260 1973
1517270 1973
1517280 1968
1517290 1961
1517300 1961
1517310 1953
1517320 1946
1517330 1946
1517340 1940
1517350 1934
1517360 1929
1517370 1929
1517380 1924
1517390 1921
1517400 1921
1517410 1918
1517420 1915
1517430 1915
1517440 1910
1517450 1904
1517460 1904
1517470 1900
1517480 1895
1517490 1895
1517500 1891
1517510 1886
1517520 1886
1517530 1883
1517540 1879
1517550 1879
1517560 1875
1517570 1870
1517580 1870
1517590 1865
1517600 1861
1517610 1858
1517620 1858
1517630 1853
1517640 1849
1517650 1849
1517660 1846
1517670 1843
1517680 1843
1517690 1840
1517700 1836
1517710 1836
1517720 1833
1517730 1828
1517740 1828
1517750 1823
1517760 1814
1517770 1814
1517780 1804
1517790 1795
1517800 1795
1517810 1786
1517820 1776
1517830 1766
1517840 1766
1517850 1757
1517860 1749
1517870 1749
1517880 1742
1517890 1734
1517900 1734
1517910 1727
1517920 1720
1517930 1720
1517940 1714
1517950 1709
1517960 1709
1517970 1703
1517980 1698
1517990 1698
1518000 1693
1518010 1691
1518020 1691
1518030 1685
1518040 1677
1518050 1669
1518060 1669
1518070 1663
1518080 1659
1518090 1659
1518100 1654
1518110 1649
1518120 1649
1518130 1646
1518140 1642
1518150 1642
1518160 1639
1518170 1635
1518180 1635
1518190 1632
1518200 1629
1518210 1629
1518220 1625
1518230 1621
1518240 1621
1518250 1617
1518260 1614
1518270 1614
1518280 1610
1518290 1607
1518300 1604
1518310 1604
1518320 1601
1518330 1597
1518340 1597
1518350 1594
1518360 1590
1518370 1590
1518380 1586
1518390 1581
1518400 1581
1518410 1576
1518420 1571
1518430 1571
1518440 1566
1518450 1560
1518460 1560
1518470 1557
1518480 1551
1518490 1551
1518500 1546
1518510 1542
1518520 1539
1518530 1539
1518540 1538
1518550 1537
1518560 1537
1518570 1538
1518580 1537
1518590 1537
1518600 1535
1518610 1535
1518620 1535
1518630 1535
1518640 1535
1518650 1535
1518660 1535
1518670 1535
1518680 1535
1518690 1535
1518700 1535
1518710 1535
1518720 1534
1518730 1533
1518740 1531
1518750 1531
1518760 1529
1518770 1526
1518780 1526
1518790 1523
1518800 1518
1518810 1518
1518820 1511
1518830 1505
1518840 1505
1518850 1498
1518860 1493
1518870 1493
1518880 1492
1518890 1496
1518900 1496
1518910 1496
1518920 1492
1518930 1492
1518940 1488
1518950 1485
1518960 1485
1518970 1481
1518980 1475
1518990 1471
1519000 1471
1519010 1469
1519020 1469
1519030 1469
1519040 1468
1519050 1467
1519060 1467
1519070 1465
1519080 1465
1519090 1465
1519100 1465
1519110 1464
1519120 1464
1519130 1464
1519140 1462
1519150 1462
1519160 1460
1519170 1458
1519180 1458
1519190 1457
1519200 1455
1519210 1453
1519220 1453
1519230 1451
1519240 1449
1519250 1449
1519260 1447
1519270 1445
1519280 1445
1519290 1442
1519300 1439
1519310 1439
1519320 1436
1519330 1433
1519340 1433
1519350 1429
1519360 1425
1519370 1425
1519380 1421
1519390 1419
1519400 1419
1519410 1419
1519420 1419
1519430 1417
1519440 1417
1519450 1415
1519460 1412
1519470 1412
1519480 1408
1519490 1404
1519500 1404
1519510 1400
1519520 1397
1519530 1397
1519540 1392
1519550 1391
1519560 1391
1519570 1387
1519580 1383
1519590 1383
1519600 1379
1519610 1376
1519620 1376
1519630 1375
1519640 1372
1519650 1372
1519660 1370
1519670 1369
1519680 1368
1519690 1368
1519700 1366
1519710 1362
1519720 1362
1519730 1359
1519740 1357
1519750 1357
1519760 1354
1519770 1351
1519780 1351
1519790 1350
1519800 1349
1519810 1349
1519820 1346
1519830 1343
1519840 1343
1519850 1341
1519860 1340
1519870 1340
1519880 1339
1519890 1339
1519900 1340
1519910 1340
1519920 1340
1519930 1339
1519940 1339
1519950 1335
1519960 1330
1519970 1330
1519980 1325
1519990 1320
