1500000 1726
1500010 1726
1500020 1734
1500030 1749
1500040 1763
1500050 1763
1500060 1775
1500070 1778
1500080 1778
1500090 1776
1500100 1773
1500110 1773
1500120 1770
1500130 1767
1500140 1767
1500150 1763
1500160 1759
1500170 1759
1500180 1755
1500190 1750
1500200 1750
1500210 1745
1500220 1739
1500230 1739
1500240 1733
1500250 1726
1500260 1722
1500270 1722
1500280 1717
1500290 1711
1500300 1711
1500310 1706
1500320 1700
1500330 1700
1500340 1693
1500350 1686
1500360 1686
1500370 1678
1500380 1670
1500390 1670
1500400 1663
1500410 1656
1500420 1656
1500430 1648
1500440 1641
1500450 1641
1500460 1634
1500470 1626
1500480 1626
1500490 1620
1500500 1613
1500510 1607
1500520 1607
1500530 1599
1500540 1591
1500550 1591
1500560 1584
1500570 1575
1500580 1575
1500590 1567
1500600 1559
1500610 1559
1500620 1552
1500630 1545
1500640 1545
1500650 1538
1500660 1531
1500670 1531
1500680 1522
1500690 1511
1500700 1511
1500710 1499
1500720 1487
1500730 1475
1500740 1475
1500750 1476
1500760 1485
1500770 1485
1500780 1492
1500790 1496
1500800 1496
1500810 1500
1500820 1500
1500830 1500
1500840 1499
1500850 1500
1500860 1500
1500870 1503
1500880 1505
1500890 1505
1500900 1516
1500910 1526
1500920 1526
1500930 1523
1500940 1519
1500950 1522
1500960 1522
1500970 1534
1500980 1543
1500990 1543
1501000 1550
1501010 1558
1501020 1558
1501030 1566
1501040 1573
1501050 1573
1501060 1579
1501070 1584
1501080 1584
1501090 1589
1501100 1595
1501110 1595
1501120 1600
1501130 1604
1501140 1604
1501150 1606
1501160 1606
1501170 1606
1501180 1607
1501190 1609
1501200 1610
1501210 1610
1501220 1612
1501230 1611
1501240 1611
1501250 1604
1501260 1599
1501270 1599
1501280 1593
1501290 1588
1501300 1588
1501310 1582
1501320 1576
1501330 1576
1501340 1570
1501350 1565
1501360 1565
1501370 1562
1501380 1557
1501390 1557
1501400 1550
1501410 1548
1501420 1546
1501430 1546
1501440 1545
1501450 1544
1501460 1544
1501470 1542
1501480 1541
1501490 1541
1501500 1541
1501510 1539
1501520 1539
1501530 1528
1501540 1516
1501550 1516
1501560 1517
1501570 1517
1501580 1517
1501590 1514
1501600 1514
1501610 1514
1501620 1513
1501630 1509
1501640 1508
1501650 1508
1501660 1507
1501670 1505
1501680 1505
1501690 1503
1501700 1500
1501710 1500
1501720 1500
1501730 1499
1501740 1499
1501750 1498
1501760 1498
1501770 1498
1501780 1497
1501790 1496
1501800 1496
1501810 1494
1501820 1492
1501830 1492
1501840 1492
1501850 1490
1501860 1490
1501870 1487
1501880 1485
1501890 1483
1501900 1483
1501910 1480
1501920 1478
1501930 1478
1501940 1475
1501950 1475
1501960 1475
1501970 1472
1501980 1469
1501990 1469
1502000 1467
1502010 1466
1502020 1466
1502030 1464
1502040 1462
1502050 1462
1502060 1458
1502070 1448
1502080 1448
1502090 1451
1502100 1455
1502110 1446
1502120 1446
1502130 1444
1502140 1444
1502150 1444
1502160 1443
1502170 1444
1502180 1444
1502190 1445
1502200 1445
1502210 1445
1502220 1444
1502230 1442
1502240 1442
1502250 1440
1502260 1439
1502270 1439
1502280 1433
1502290 1431
1502300 1431
1502310 1433
1502320 1432
1502330 1432
1502340 1431
1502350 1432
1502360 1431
1502370 1431
1502380 1430
1502390 1427
1502400 1427
1502410 1424
1502420 1423
1502430 1423
1502440 1420
1502450 1418
1502460 1418
1502470 1415
1502480 1411
1502490 1411
1502500 1409
1502510 1409
1502520 1409
1502530 1410
1502540 1408
1502550 1408
1502560 1406
1502570 1405
1502580 1404
1502590 1404
1502600 1402
1502610 1401
1502620 1401
1502630 1399
1502640 1397
1502650 1397
1502660 1395
1502670 1392
1502680 1392
1502690 1389
1502700 1384
1502710 1384
1502720 1380
1502730 1378
1502740 1378
1502750 1376
1502760 1373
1502770 1373
1502780 1368
1502790 1365
1502800 1363
1502810 1363
1502820 1362
1502830 1363
1502840 1363
1502850 1364
1502860 1364
1502870 1364
1502880 1363
1502890 1364
1502900 1364
1502910 1366
1502920 1368
1502930 1368
1502940 1369
1502950 1366
1502960 1366
1502970 1361
1502980 1359
1502990 1359
1503000 1355
1503010 1352
1503020 1352
1503030 1348
1503040 1341
1503050 1334
1503060 1334
1503070 1330
1503080 1329
1503090 1329
1503100 1326
1503110 1324
1503120 1324
1503130 1321
1503140 1316
1503150 1316
1503160 1311
1503170 1306
1503180 1306
1503190 1302
1503200 1297
1503210 1297
1503220 1292
1503230 1288
1503240 1288
1503250 1284
1503260 1280
1503270 1276
1503280 1276
1503290 1271
1503300 1267
1503310 1267
1503320 1261
1503330 1256
1503340 1256
1503350 1251
1503360 1248
1503370 1248
1503380 1246
1503390 1244
1503400 1244
1503410 1243
1503420 1242
1503430 1242
1503440 1239
1503450 1235
1503460 1235
1503470 1229
1503480 1223
1503490 1217
1503500 1217
1503510 1212
1503520 1206
1503530 1206
1503540 1201
1503550 1200
1503560 1200
1503570 1200
1503580 1199
1503590 1199
1503600 1196
1503610 1191
1503620 1191
1503630 1189
1503640 1192
1503650 1192
1503660 1194
1503670 1196
1503680 1196
1503690 1197
1503700 1196
1503710 1196
1503720 1195
1503730 1193
1503740 1192
1503750 1192
1503760 1192
1503770 1192
1503780 1192
1503790 1192
1503800 1196
1503810 1196
1503820 1200
1503830 1207
1503840 1207
1503850 1211
1503860 1214
1503870 1214
1503880 1217
1503890 1218
1503900 1218
1503910 1217
1503920 1219
1503930 1219
1503940 1220
1503950 1223
1503960 1225
1503970 1225
1503980 1227
1503990 1229
1504000 1229
1504010 1229
1504020 1231
1504030 1231
1504040 1231
1504050 1232
1504060 1232
1504070 1232
1504080 1232
1504090 1232
1504100 1236
1504110 1240
1504120 1240
1504130 1243
1504140 1246
1504150 1246
1504160 1250
1504170 1253
1504180 1253
1504190 1257
1504200 1261
1504210 1266
1504220 1266
1504230 1271
1504240 1275
1504250 1275
1504260 1278
1504270 1282
1504280 1282
1504290 1285
1504300 1287
1504310 1287
1504320 1290
1504330 1294
1504340 1294
1504350 1297
1504360 1297
1504370 1297
1504380 1299
1504390 1301
1504400 1301
1504410 1302
1504420 1302
1504430 1303
1504440 1303
1504450 1304
1504460 1307
1504470 1307
1504480 1314
1504490 1331
1504500 1331
1504510 1344
1504520 1356
1504530 1356
1504540 1359
1504550 1359
1504560 1359
1504570 1357
1504580 1354
1504590 1354
1504600 1351
1504610 1349
1504620 1349
1504630 1347
1504640 1347
1504650 1344
1504660 1344
1504670 1340
1504680 1345
1504690 1345
1504700 1356
1504710 1366
1504720 1366
1504730 1373
1504740 1382
1504750 1382
1504760 1394
1504770 1412
1504780 1412
1504790 1425
1504800 1441
1504810 1441
1504820 1455
1504830 1465
1504840 1465
1504850 1473
1504860 1482
1504870 1482
1504880 1490
1504890 1495
1504900 1499
1504910 1499
1504920 1501
1504930 1501
1504940 1501
1504950 1500
1504960 1496
1504970 1496
1504980 1492
1504990 1488
1505000 1488
1505010 1484
1505020 1485
1505030 1485
1505040 1489
1505050 1494
1505060 1494
1505070 1499
1505080 1505
1505090 1505
1505100 1510
1505110 1516
1505120 1523
1505130 1523
1505140 1528
1505150 1533
1505160 1533
1505170 1539
1505180 1543
1505190 1543
1505200 1544
1505210 1547
1505220 1547
1505230 1549
1505240 1547
1505250 1547
1505260 1542
1505270 1537
1505280 1537
1505290 1531
1505300 1527
1505310 1527
1505320 1531
1505330 1537
1505340 1542
1505350 1542
1505360 1546
1505370 1553
1505380 1553
1505390 1562
1505400 1571
1505410 1571
1505420 1577
1505430 1581
1505440 1581
1505450 1584
1505460 1588
1505470 1588
1505480 1592
1505490 1595
1505500 1595
1505510 1597
1505520 1600
1505530 1600
1505540 1603
1505550 1608
1505560 1608
1505570 1613
1505580 1614
1505590 1612
1505600 1612
1505610 1616
1505620 1621
1505630 1621
1505640 1627
1505650 1633
1505660 1633
1505670 1640
1505680 1650
1505690 1650
1505700 1660
1505710 1671
1505720 1671
1505730 1682
1505740 1691
1505750 1691
1505760 1698
1505770 1704
1505780 1704
1505790 1711
1505800 1716
1505810 1722
1505820 1722
1505830 1728
1505840 1731
1505850 1731
1505860 1733
1505870 1734
1505880 1734
1505890 1734
1505900 1731
1505910 1731
1505920 1726
1505930 1719
1505940 1719
1505950 1715
1505960 1709
1505970 1709
1505980 1703
1505990 1697
1506000 1697
1506010 1693
1506020 1687
1506030 1687
1506040 1683
1506050 1679
1506060 1674
1506070 1674
1506080 1669
1506090 1663
1506100 1663
1506110 1657
1506120 1652
1506130 1652
1506140 1646
1506150 1640
1506160 1640
1506170 1635
1506180 1630
1506190 1630
1506200 1625
1506210 1619
1506220 1619
1506230 1614
1506240 1608
1506250 1608
1506260 1602
1506270 1599
1506280 1598
1506290 1598
1506300 1596
1506310 1592
1506320 1592
1506330 1588
1506340 1584
1506350 1584
1506360 1579
1506370 1574
1506380 1574
1506390 1569
1506400 1564
1506410 1564
1506420 1559
1506430 1556
1506440 1556
1506450 1552
1506460 1548
1506470 1548
1506480 1545
1506490 1541
1506500 1536
1506510 1536
1506520 1531
1506530 1526
1506540 1526
1506550 1520
1506560 1514
1506570 1514
1506580 1508
1506590 1503
1506600 1503
1506610 1497
1506620 1491
1506630 1491
1506640 1484
1506650 1478
1506660 1478
1506670 1471
1506680 1465
1506690 1465
1506700 1459
1506710 1454
1506720 1454
1506730 1451
1506740 1449
1506750 1447
1506760 1447
1506770 1446
1506780 1443
1506790 1443
1506800 1441
1506810 1438
1506820 1438
1506830 1435
1506840 1436
1506850 1436
1506860 1434
1506870 1429
1506880 1429
1506890 1424
1506900 1420
1506910 1420
1506920 1414
1506930 1408
1506940 1408
1506950 1399
1506960 1385
1506970 1383
1506980 1383
1506990 1397
1507000 1413
1507010 1413
1507020 1421
1507030 1427
1507040 1427
1507050 1431
1507060 1435
1507070 1435
1507080 1441
1507090 1449
1507100 1449
1507110 1457
1507120 1463
1507130 1463
1507140 1469
1507150 1477
1507160 1477
1507170 1484
1507180 1491
1507190 1491
1507200 1497
1507210 1503
1507220 1508
1507230 1508
1507240 1513
1507250 1518
1507260 1518
1507270 1523
1507280 1528
1507290 1528
1507300 1533
1507310 1538
1507320 1538
1507330 1544
1507340 1551
1507350 1551
1507360 1557
1507370 1561
1507380 1561
1507390 1568
1507400 1574
1507410 1574
1507420 1581
1507430 1588
1507440 1591
1507450 1591
1507460 1597
1507470 1604
1507480 1604
1507490 1611
1507500 1618
1507510 1618
1507520 1626
1507530 1634
1507540 1634
1507550 1640
1507560 1647
1507570 1647
1507580 1655
1507590 1662
1507600 1662
1507610 1669
1507620 1676
1507630 1676
1507640 1683
1507650 1690
1507660 1697
1507670 1697
1507680 1704
1507690 1712
1507700 1712
1507710 1720
1507720 1727
1507730 1727
1507740 1734
1507750 1741
1507760 1741
1507770 1748
1507780 1756
1507790 1756
1507800 1764
1507810 1771
1507820 1771
1507830 1778
1507840 1785
1507850 1785
1507860 1791
1507870 1797
1507880 1797
1507890 1802
1507900 1808
1507910 1813
1507920 1813
1507930 1817
1507940 1821
1507950 1821
1507960 1826
1507970 1830
1507980 1830
1507990 1834
1508000 1840
1508010 1840
1508020 1844
1508030 1844
1508040 1844
1508050 1846
1508060 1850
1508070 1850
1508080 1853
1508090 1853
1508100 1853
1508110 1854
1508120 1856
1508130 1858
1508140 1858
1508150 1862
1508160 1865
1508170 1865
1508180 1866
1508190 1868
1508200 1868
1508210 1871
1508220 1873
1508230 1873
1508240 1877
1508250 1881
1508260 1874
1508270 1877
1508280 1881
1508290 1881
1508300 1884
1508310 1889
1508320 1889
1508330 1892
1508340 1895
1508350 1898
1508360 1898
1508370 1900
1508380 1904
1508390 1904
1508400 1907
1508410 1910
1508420 1910
1508430 1913
1508440 1915
1508450 1915
1508460 1918
1508470 1923
1508480 1923
1508490 1927
1508500 1930
1508510 1930
1508520 1933
1508530 1937
1508540 1937
1508550 1940
1508560 1943
1508570 1943
1508580 1946
1508590 1948
1508600 1951
1508610 1951
1508620 1954
1508630 1957
1508640 1957
1508650 1960
1508660 1962
1508670 1962
1508680 1963
1508690 1965
1508700 1965
1508710 1967
1508720 1969
1508730 1969
1508740 1971
1508750 1974
1508760 1974
1508770 1976
1508780 1978
1508790 1978
1508800 1980
1508810 1982
1508820 1981
1508830 1981
1508840 1979
1508850 1976
1508860 1976
1508870 1970
1508880 1965
1508890 1965
1508900 1962
1508910 1960
1508920 1960
1508930 1960
1508940 1959
1508950 1959
1508960 1959
1508970 1959
1508980 1959
1508990 1960
1509000 1962
1509010 1962
1509020 1964
1509030 1966
1509040 1966
1509050 1967
1509060 1969
1509070 1971
1509080 1971
1509090 1972
1509100 1973
1509110 1973
1509120 1973
1509130 1973
1509140 1973
1509150 1974
1509160 1975
1509170 1975
1509180 1977
1509190 1977
1509200 1977
1509210 1976
1509220 1975
1509230 1975
1509240 1976
1509250 1977
1509260 1977
1509270 1978
1509280 1980
1509290 1982
1509300 1982
1509310 1984
1509320 1988
1509330 1988
1509340 1995
1509350 2000
1509360 2000
1509370 2001
1509380 2005
1509390 2005
1509400 2013
1509410 2018
1509420 2018
1509430 2016
1509440 2018
1509450 2018
1509460 2025
1509470 2033
1509480 2033
1509490 2040
1509500 2043
1509510 2045
1509520 2045
1509530 2049
1509540 2055
1509550 2055
1509560 2063
1509570 2071
1509580 2071
1509590 2079
1509600 2086
1509610 2086
1509620 2092
1509630 2099
1509640 2099
1509650 2107
1509660 2114
1509670 2114
1509680 2120
1509690 2127
1509700 2127
1509710 2134
1509720 2141
1509730 2141
1509740 2151
1509750 2160
1509760 2155
1509770 2155
1509780 2148
1509790 2141
1509800 2141
1509810 2134
1509820 2127
1509830 2127
1509840 2120
1509850 2113
1509860 2113
1509870 2107
1509880 2100
1509890 2100
1509900 2093
1509910 2087
1509920 2087
1509930 2080
1509940 2073
1509950 2073
1509960 2067
1509970 2060
1509980 2054
1509990 2054
1510000 2047
1510010 2041
1510020 2041
1510030 2034
1510040 2027
1510050 2027
1510060 2020
1510070 2014
1510080 2014
1510090 2008
1510100 2003
1510110 2003
1510120 1998
1510130 1992
1510140 1992
1510150 1986
1510160 1980
1510170 1980
1510180 1972
1510190 1966
1510200 1966
1510210 1959
1510220 1953
1510230 1946
1510240 1946
1510250 1939
1510260 1934
1510270 1934
1510280 1928
1510290 1921
1510300 1921
1510310 1915
1510320 1909
1510330 1909
1510340 1903
1510350 1897
1510360 1897
1510370 1892
1510380 1886
1510390 1886
1510400 1881
1510410 1876
1510420 1876
1510430 1870
1510440 1864
1510450 1859
1510460 1859
1510470 1854
1510480 1849
1510490 1849
1510500 1842
1510510 1835
1510520 1835
1510530 1829
1510540 1823
1510550 1823
1510560 1816
1510570 1810
1510580 1810
1510590 1804
1510600 1798
1510610 1798
1510620 1792
1510630 1787
1510640 1787
1510650 1783
1510660 1777
1510670 1768
1510680 1768
1510690 1758
1510700 1750
1510710 1750
1510720 1742
1510730 1736
1510740 1736
1510750 1730
1510760 1724
1510770 1724
1510780 1718
1510790 1712
1510800 1712
1510810 1704
1510820 1698
1510830 1698
1510840 1692
1510850 1687
1510860 1687
1510870 1681
1510880 1676
1510890 1676
1510900 1672
1510910 1667
1510920 1662
1510930 1662
1510940 1657
1510950 1653
1510960 1653
1510970 1652
1510980 1652
1510990 1652
1511000 1650
1511010 1650
1511020 1650
1511030 1649
1511040 1649
1511050 1649
1511060 1651
1511070 1650
1511080 1650
1511090 1646
1511100 1641
1511110 1641
1511120 1635
1511130 1628
1511140 1619
1511150 1619
1511160 1610
1511170 1602
1511180 1602
1511190 1595
1511200 1588
1511210 1588
1511220 1586
1511230 1587
1511240 1587
1511250 1593
1511260 1599
1511270 1599
1511280 1605
1511290 1610
1511300 1610
1511310 1616
1511320 1621
1511330 1621
1511340 1626
1511350 1630
1511360 1633
1511370 1633
1511380 1635
1511390 1633
1511400 1633
1511410 1630
1511420 1627
1511430 1627
1511440 1626
1511450 1621
1511460 1621
1511470 1615
1511480 1610
1511490 1610
1511500 1606
1511510 1606
1511520 1606
1511530 1606
1511540 1605
1511550 1605
1511560 1604
1511570 1602
1511580 1602
1511590 1599
1511600 1596
1511610 1592
1511620 1592
1511630 1588
1511640 1587
1511650 1587
1511660 1588
1511670 1592
1511680 1592
1511690 1596
1511700 1601
1511710 1601
1511720 1607
1511730 1613
1511740 1613
1511750 1618
1511760 1620
1511770 1620
1511780 1624
1511790 1628
1511800 1628
1511810 1632
1511820 1635
1511830 1639
1511840 1639
1511850 1642
1511860 1646
1511870 1646
1511880 1650
1511890 1652
1511900 1652
1511910 1656
1511920 1662
1511930 1662
1511940 1667
1511950 1671
1511960 1671
1511970 1675
1511980 1679
1511990 1679
1512000 1681
1512010 1684
1512020 1684
1512030 1688
1512040 1692
1512050 1692
1512060 1697
1512070 1701
1512080 1705
1512090 1705
1512100 1710
1512110 1715
1512120 1715
1512130 1719
1512140 1722
1512150 1722
1512160 1724
1512170 1726
1512180 1726
1512190 1727
1512200 1729
1512210 1729
1512220 1730
1512230 1732
1512240 1732
1512250 1733
1512260 1734
1512270 1734
1512280 1734
1512290 1735
1512300 1735
1512310 1735
1512320 1736
1512330 1736
1512340 1736
1512350 1735
1512360 1736
1512370 1736
1512380 1738
1512390 1739
1512400 1739
1512410 1741
1512420 1742
1512430 1742
1512440 1742
1512450 1744
1512460 1744
1512470 1747
1512480 1752
1512490 1752
1512500 1754
1512510 1754
1512520 1756
1512530 1756
1512540 1759
1512550 1762
1512560 1762
1512570 1763
1512580 1765
1512590 1765
1512600 1767
1512610 1768
1512620 1768
1512630 1768
1512640 1767
1512650 1767
1512660 1765
1512670 1767
1512680 1767
1512690 1770
1512700 1773
1512710 1773
1512720 1777
1512730 1781
1512740 1781
1512750 1787
1512760 1793
1512770 1797
1512780 1797
1512790 1803
1512800 1807
1512810 1807
1512820 1811
1512830 1816
1512840 1816
1512850 1820
1512860 1823
1512870 1823
1512880 1827
1512890 1831
1512900 1831
1512910 1835
1512920 1838
1512930 1838
1512940 1842
1512950 1844
1512960 1844
1512970 1844
1512980 1843
1512990 1844
1513000 1844
1513010 1846
1513020 1849
1513030 1849
1513040 1852
1513050 1854
1513060 1854
1513070 1859
1513080 1865
1513090 1865
1513100 1869
1513110 1874
1513120 1874
1513130 1883
1513140 1888
1513150 1888
1513160 1893
1513170 1897
1513180 1897
1513190 1902
1513200 1907
1513210 1907
1513220 1912
1513230 1917
1513240 1922
1513250 1922
1513260 1927
1513270 1932
1513280 1932
1513290 1937
1513300 1941
1513310 1941
1513320 1946
1513330 1952
1513340 1952
1513350 1957
1513360 1962
1513370 1962
1513380 1967
1513390 1972
1513400 1972
1513410 1976
1513420 1981
1513430 1981
1513440 1985
1513450 1990
1513460 1994
1513470 1994
1513480 1999
1513490 2004
1513500 2004
1513510 2008
1513520 2013
1513530 2013
1513540 2017
1513550 2021
1513560 2021
1513570 2026
1513580 2031
1513590 2031
1513600 2037
1513610 2042
1513620 2042
1513630 2047
1513640 2052
1513650 2052
1513660 2058
1513670 2063
1513680 2069
1513690 2069
1513700 2075
1513710 2080
1513720 2080
1513730 2086
1513740 2092
1513750 2092
1513760 2098
1513770 2103
1513780 2103
1513790 2109
1513800 2115
1513810 2115
1513820 2120
1513830 2126
1513840 2126
1513850 2132
1513860 2138
1513870 2138
1513880 2144
1513890 2150
1513900 2150
1513910 2156
1513920 2162
1513930 2168
1513940 2168
1513950 2174
1513960 2181
1513970 2181
1513980 2190
1513990 2198
1514000 2198
1514010 2204
1514020 2211
1514030 2211
1514040 2218
1514050 2225
1514060 2225
1514070 2231
1514080 2236
1514090 2236
1514100 2230
1514110 2222
1514120 2222
1514130 2215
1514140 2207
1514150 2197
1514160 2197
1514170 2190
1514180 2184
1514190 2184
1514200 2176
1514210 2169
1514220 2169
1514230 2163
1514240 2157
1514250 2157
1514260 2150
1514270 2143
1514280 2143
1514290 2135
1514300 2127
1514310 2127
1514320 2120
1514330 2113
1514340 2113
1514350 2108
1514360 2102
1514370 2098
1514380 2098
1514390 2094
1514400 2092
1514410 2092
1514420 2092
1514430 2092
1514440 2092
1514450 2091
1514460 2090
1514470 2090
1514480 2088
1514490 2087
1514500 2087
1514510 2085
1514520 2083
1514530 2083
1514540 2080
1514550 2077
1514560 2077
1514570 2074
1514580 2070
1514590 2070
1514600 2066
1514610 2062
1514620 2059
1514630 2059
1514640 2055
1514650 2052
1514660 2052
1514670 2050
1514680 2047
1514690 2047
1514700 2045
1514710 2044
1514720 2044
1514730 2043
1514740 2042
1514750 2042
1514760 2042
1514770 2040
1514780 2040
1514790 2042
1514800 2040
1514810 2040
1514820 2043
1514830 2044
1514840 2044
1514850 2044
1514860 2046
1514870 2048
1514880 2048
1514890 2049
1514900 2049
1514910 2049
1514920 2049
1514930 2046
1514940 2046
1514950 2044
1514960 2043
1514970 2043
1514980 2043
1514990 2043
1515000 2043
1515010 2039
1515020 2035
1515030 2035
1515040 2035
1515050 2038
1515060 2038
1515070 2039
1515080 2040
1515090 2044
1515100 2044
1515110 2046
1515120 2048
1515130 2048
1515140 2051
1515150 2053
1515160 2053
1515170 2054
1515180 2053
1515190 2053
1515200 2053
1515210 2053
1515220 2053
1515230 2054
1515240 2053
1515250 2053
1515260 2055
1515270 2057
1515280 2057
1515290 2058
1515300 2060
1515310 2062
1515320 2062
1515330 2065
1515340 2067
1515350 2067
1515360 2071
1515370 2074
1515380 2074
1515390 2079
1515400 2085
1515410 2085
1515420 2089
1515430 2093
1515440 2093
1515450 2098
1515460 2102
1515470 2102
1515480 2107
1515490 2112
1515500 2112
1515510 2120
1515520 2124
1515530 2127
1515540 2127
1515550 2125
1515560 2123
1515570 2123
1515580 2125
1515590 2132
1515600 2132
1515610 2139
1515620 2142
1515630 2142
1515640 2143
1515650 2153
1515660 2153
1515670 2159
1515680 2165
1515690 2165
1515700 2174
1515710 2185
1515720 2185
1515730 2200
1515740 2219
1515750 2219
1515760 2222
1515770 2221
1515780 2221
1515790 2221
1515800 2218
1515810 2215
1515820 2215
1515830 2212
1515840 2209
1515850 2209
1515860 2207
1515870 2204
1515880 2204
1515890 2201
1515900 2199
1515910 2199
1515920 2196
1515930 2193
1515940 2193
1515950 2190
1515960 2187
1515970 2187
1515980 2184
1515990 2181
1516000 2178
1516010 2178
1516020 2175
1516030 2171
1516040 2171
1516050 2168
1516060 2164
1516070 2164
1516080 2159
1516090 2155
1516100 2155
1516110 2150
1516120 2146
1516130 2146
1516140 2143
1516150 2139
1516160 2139
1516170 2135
1516180 2132
1516190 2132
1516200 2127
1516210 2123
1516220 2123
1516230 2119
1516240 2114
1516250 2110
1516260 2110
1516270 2107
1516280 2103
1516290 2103
1516300 2100
1516310 2097
1516320 2097
1516330 2093
1516340 2090
1516350 2090
1516360 2086
1516370 2082
1516380 2082
1516390 2078
1516400 2073
1516410 2073
1516420 2068
1516430 2063
1516440 2063
1516450 2056
1516460 2048
1516470 2040
1516480 2040
1516490 2032
1516500 2024
1516510 2024
1516520 2016
1516530 2007
1516540 2007
1516550 1999
1516560 1991
1516570 1991
1516580 1982
1516590 1974
1516600 1974
1516610 1965
1516620 1958
1516630 1958
1516640 1950
1516650 1939
1516660 1939
1516670 1930
1516680 1923
1516690 1916
1516700 1916
1516710 1909
1516720 1903
1516730 1903
1516740 1896
1516750 1890
1516760 1890
1516770 1886
1516780 1883
1516790 1883
1516800 1880
1516810 1877
1516820 1877
1516830 1874
1516840 1871
1516850 1871
1516860 1868
1516870 1865
1516880 1865
1516890 1863
1516900 1860
1516910 1860
1516920 1855
1516930 1855
1516940 1854
1516950 1854
1516960 1855
1516970 1854
1516980 1854
1516990 1853
1517000 1852
1517010 1852
1517020 1851
1517030 1851
1517040 1851
1517050 1853
1517060 1854
1517070 1854
1517080 1855
1517090 1855
1517100 1855
1517110 1855
1517120 1855
1517130 1855
1517140 1855
1517150 1856
1517160 1856
1517170 1856
1517180 1855
1517190 1853
1517200 1853
1517210 1850
1517220 1852
1517230 1852
1517240 1853
1517250 1852
1517260 1852
1517270 1852
1517280 1846
1517290 1846
1517300 1840
1517310 1838
1517320 1838
1517330 1838
1517340 1839
1517350 1839
1517360 1838
1517370 1839
1517380 1840
1517390 1840
1517400 1841
1517410 1840
1517420 1840
1517430 1839
1517440 1837
1517450 1837
1517460 1835
1517470 1833
1517480 1833
1517490 1831
1517500 1833
1517510 1833
1517520 1833
1517530 1832
1517540 1832
1517550 1830
1517560 1826
1517570 1826
1517580 1823
1517590 1818
1517600 1818
1517610 1814
1517620 1811
1517630 1808
1517640 1808
1517650 1806
1517660 1800
1517670 1800
1517680 1788
1517690 1772
1517700 1772
1517710 1753
1517720 1736
1517730 1736
1517740 1727
1517750 1715
1517760 1715
1517770 1699
1517780 1687
1517790 1687
1517800 1676
1517810 1669
1517820 1669
1517830 1662
1517840 1656
1517850 1650
1517860 1650
1517870 1644
1517880 1639
1517890 1639
1517900 1632
1517910 1629
1517920 1629
1517930 1629
1517940 1626
1517950 1626
1517960 1624
1517970 1621
1517980 1621
1517990 1616
1518000 1613
1518010 1613
1518020 1607
1518030 1601
1518040 1601
1518050 1597
1518060 1592
1518070 1592
1518080 1587
1518090 1581
1518100 1577
1518110 1577
1518120 1575
1518130 1568
1518140 1568
1518150 1562
1518160 1557
1518170 1557
1518180 1553
1518190 1551
1518200 1551
1518210 1550
1518220 1548
1518230 1548
1518240 1548
1518250 1547
1518260 1547
1518270 1546
1518280 1546
1518290 1546
1518300 1544
1518310 1545
1518320 1542
1518330 1542
1518340 1542
1518350 1542
1518360 1542
1518370 1540
1518380 1534
1518390 1534
1518400 1529
1518410 1525
1518420 1525
1518430 1523
1518440 1519
1518450 1519
1518460 1514
1518470 1508
1518480 1508
1518490 1502
1518500 1499
1518510 1499
1518520 1494
1518530 1488
1518540 1482
1518550 1482
1518560 1474
1518570 1467
1518580 1467
1518590 1456
1518600 1449
1518610 1449
1518620 1442
1518630 1441
1518640 1441
1518650 1442
1518660 1439
1518670 1439
1518680 1435
1518690 1431
1518700 1431
1518710 1428
1518720 1424
1518730 1424
1518740 1421
1518750 1417
1518760 1417
1518770 1414
1518780 1411
1518790 1409
1518800 1409
1518810 1406
1518820 1403
1518830 1403
1518840 1400
1518850 1397
1518860 1397
1518870 1392
1518880 1387
1518890 1387
1518900 1383
1518910 1377
1518920 1377
1518930 1371
1518940 1363
1518950 1363
1518960 1355
1518970 1348
1518980 1348
1518990 1340
1519000 1333
1519010 1327
1519020 1327
1519030 1323
1519040 1320
1519050 1320
1519060 1317
1519070 1314
1519080 1314
1519090 1312
1519100 1311
1519110 1311
1519120 1308
1519130 1305
1519140 1305
1519150 1303
1519160 1300
1519170 1300
1519180 1297
1519190 1293
1519200 1293
1519210 1290
1519220 1286
1519230 1286
1519240 1282
1519250 1277
1519260 1270
1519270 1270
1519280 1264
1519290 1261
1519300 1261
1519310 1261
1519320 1260
1519330 1260
1519340 1258
1519350 1258
1519360 1258
1519370 1257
1519380 1256
1519390 1256
1519400 1255
1519410 1252
1519420 1252
1519430 1249
1519440 1247
1519450 1247
1519460 1243
1519470 1239
1519480 1233
1519490 1233
1519500 1227
1519510 1219
1519520 1219
1519530 1214
1519540 1211
1519550 1211
1519560 1208
1519570 1203
1519580 1203
1519590 1199
1519600 1197
1519610 1197
1519620 1195
1519630 1190
1519640 1190
1519650 1186
1519660 1185
1519670 1185
1519680 1185
1519690 1185
1519700 1185
1519710 1185
1519720 1183
1519730 1180
1519740 1180
1519750 1179
1519760 1178
1519770 1178
1519780 1177
1519790 1175
1519800 1175
1519810 1173
1519820 1173
1519830 1173
1519840 1173
1519850 1174
1519860 1174
1519870 1175
1519880 1175
1519890 1175
1519900 1175
1519910 1175
1519920 1175
1519930 1175
1519940 1176
1519950 1177
1519960 1177
1519970 1177
1519980 1178
1519990 1178
