1500000 1231
1500010 1231
1500020 1231
1500030 1230
1500040 1230
1500050 1230
1500060 1230
1500070 1230
1500080 1230
1500090 1231
1500100 1231
1500110 1231
1500120 1231
1500130 1231
1500140 1230
1500150 1230
1500160 1230
1500170 1230
1500180 1230
1500190 1230
1500200 1229
1500210 1229
1500220 1230
1500230 1230
1500240 1231
1500250 1232
1500260 1232
1500270 1231
1500280 1231
1500290 1231
1500300 1231
1500310 1231
1500320 1231
1500330 1231
1500340 1230
1500350 1230
1500360 1230
1500370 1230
1500380 1230
1500390 1230
1500400 1231
1500410 1231
1500420 1232
1500430 1234
1500440 1236
1500450 1236
1500460 1238
1500470 1241
1500480 1241
1500490 1243
1500500 1245
1500510 1245
1500520 1248
1500530 1249
1500540 1249
1500550 1249
1500560 1249
1500570 1249
1500580 1250
1500590 1252
1500600 1252
1500610 1254
1500620 1257
1500630 1257
1500640 1266
1500650 1276
1500660 1276
1500670 1289
1500680 1290
1500690 1287
1500700 1287
1500710 1297
1500720 1311
1500730 1311
1500740 1317
1500750 1321
1500760 1321
1500770 1324
1500780 1327
1500790 1327
1500800 1331
1500810 1336
1500820 1336
1500830 1341
1500840 1345
1500850 1345
1500860 1349
1500870 1351
1500880 1351
1500890 1354
1500900 1357
1500910 1361
1500920 1361
1500930 1362
1500940 1361
1500950 1361
1500960 1364
1500970 1372
1500980 1372
1500990 1379
1501000 1385
1501010 1385
1501020 1389
1501030 1394
1501040 1394
1501050 1398
1501060 1403
1501070 1403
1501080 1407
1501090 1412
1501100 1412
1501110 1416
1501120 1420
1501130 1420
1501140 1425
1501150 1431
1501160 1437
1501170 1437
1501180 1442
1501190 1447
1501200 1447
1501210 1451
1501220 1454
1501230 1454
1501240 1458
1501250 1462
1501260 1462
1501270 1465
1501280 1467
1501290 1467
1501300 1470
1501310 1473
1501320 1473
1501330 1477
1501340 1482
1501350 1482
1501360 1488
1501370 1492
1501380 1491
1501390 1491
1501400 1486
1501410 1488
1501420 1488
1501430 1489
1501440 1490
1501450 1490
1501460 1492
1501470 1493
1501480 1493
1501490 1497
1501500 1502
1501510 1502
1501520 1508
1501530 1512
1501540 1512
1501550 1516
1501560 1520
1501570 1520
1501580 1520
1501590 1519
1501600 1519
1501610 1519
1501620 1516
1501630 1512
1501640 1512
1501650 1509
1501660 1502
1501670 1502
1501680 1496
1501690 1492
1501700 1492
1501710 1489
1501720 1486
1501730 1486
1501740 1482
1501750 1478
1501760 1478
1501770 1473
1501780 1469
1501790 1469
1501800 1467
1501810 1464
1501820 1464
1501830 1463
1501840 1471
1501850 1474
1501860 1474
1501870 1474
1501880 1473
1501890 1473
1501900 1471
1501910 1470
1501920 1470
1501930 1468
1501940 1466
1501950 1466
1501960 1465
1501970 1464
1501980 1464
1501990 1464
1502000 1463
1502010 1463
1502020 1461
1502030 1460
1502040 1460
1502050 1459
1502060 1458
1502070 1456
1502080 1456
1502090 1451
1502100 1443
1502110 1443
1502120 1435
1502130 1428
1502140 1428
1502150 1429
1502160 1438
1502170 1438
1502180 1449
1502190 1451
1502200 1451
1502210 1446
1502220 1440
1502230 1440
1502240 1432
1502250 1425
1502260 1425
1502270 1415
1502280 1407
1502290 1407
1502300 1399
1502310 1392
1502320 1384
1502330 1384
1502340 1374
1502350 1368
1502360 1368
1502370 1364
1502380 1374
1502390 1374
1502400 1383
1502410 1397
1502420 1397
1502430 1414
1502440 1426
1502450 1426
1502460 1436
1502470 1445
1502480 1445
1502490 1453
1502500 1461
1502510 1461
1502520 1469
1502530 1477
1502540 1485
1502550 1485
1502560 1492
1502570 1498
1502580 1498
1502590 1503
1502600 1508
1502610 1508
1502620 1515
1502630 1523
1502640 1523
1502650 1530
1502660 1537
1502670 1537
1502680 1543
1502690 1549
1502700 1549
1502710 1555
1502720 1560
1502730 1560
1502740 1566
1502750 1573
1502760 1573
1502770 1578
1502780 1582
1502790 1588
1502800 1588
1502810 1592
1502820 1596
1502830 1596
1502840 1599
1502850 1600
1502860 1600
1502870 1601
1502880 1601
1502890 1601
1502900 1603
1502910 1605
1502920 1605
1502930 1607
1502940 1611
1502950 1611
1502960 1613
1502970 1613
1502980 1613
1502990 1612
1503000 1612
1503010 1610
1503020 1610
1503030 1607
1503040 1602
1503050 1602
1503060 1599
1503070 1598
1503080 1598
1503090 1603
1503100 1611
1503110 1611
1503120 1616
1503130 1620
1503140 1620
1503150 1626
1503160 1632
1503170 1632
1503180 1637
1503190 1643
1503200 1643
1503210 1648
1503220 1652
1503230 1652
1503240 1655
1503250 1658
1503260 1661
1503270 1661
1503280 1664
1503290 1666
1503300 1666
1503310 1669
1503320 1671
1503330 1671
1503340 1673
1503350 1675
1503360 1675
1503370 1678
1503380 1680
1503390 1680
1503400 1684
1503410 1687
1503420 1687
1503430 1691
1503440 1695
1503450 1695
1503460 1699
1503470 1703
1503480 1707
1503490 1707
1503500 1711
1503510 1715
1503520 1715
1503530 1718
1503540 1720
1503550 1720
1503560 1723
1503570 1726
1503580 1726
1503590 1730
1503600 1733
1503610 1733
1503620 1735
1503630 1736
1503640 1736
1503650 1736
1503660 1737
1503670 1737
1503680 1738
1503690 1738
1503700 1738
1503710 1738
1503720 1739
1503730 1739
1503740 1739
1503750 1739
1503760 1740
1503770 1740
1503780 1739
1503790 1739
1503800 1739
1503810 1738
1503820 1738
1503830 1738
1503840 1737
1503850 1736
1503860 1736
1503870 1734
1503880 1731
1503890 1731
1503900 1729
1503910 1726
1503920 1726
1503930 1723
1503940 1720
1503950 1717
1503960 1717
1503970 1714
1503980 1711
1503990 1711
1504000 1708
1504010 1704
1504020 1704
1504030 1702
1504040 1699
1504050 1699
1504060 1696
1504070 1693
1504080 1693
1504090 1689
1504100 1685
1504110 1685
1504120 1681
1504130 1677
1504140 1677
1504150 1673
1504160 1669
1504170 1669
1504180 1665
1504190 1660
1504200 1656
1504210 1656
1504220 1649
1504230 1644
1504240 1644
1504250 1639
1504260 1635
1504270 1635
1504280 1629
1504290 1623
1504300 1623
1504310 1617
1504320 1610
1504330 1610
1504340 1604
1504350 1596
1504360 1596
1504370 1588
1504380 1581
1504390 1581
1504400 1575
1504410 1568
1504420 1558
1504430 1558
1504440 1548
1504450 1541
1504460 1541
1504470 1536
1504480 1536
1504490 1536
1504500 1541
1504510 1549
1504520 1549
1504530 1554
1504540 1560
1504550 1560
1504560 1565
1504570 1570
1504580 1570
1504590 1576
1504600 1583
1504610 1583
1504620 1590
1504630 1597
1504640 1597
1504650 1602
1504660 1606
1504670 1609
1504680 1609
1504690 1610
1504700 1609
1504710 1609
1504720 1607
1504730 1607
1504740 1607
1504750 1608
1504760 1609
1504770 1609
1504780 1610
1504790 1609
1504800 1609
1504810 1606
1504820 1603
1504830 1603
1504840 1603
1504850 1606
1504860 1606
1504870 1609
1504880 1613
1504890 1617
1504900 1617
1504910 1619
1504920 1622
1504930 1622
1504940 1624
1504950 1626
1504960 1626
1504970 1626
1504980 1623
1504990 1623
1505000 1621
1505010 1619
1505020 1624
1505030 1623
1505040 1622
1505050 1622
1505060 1621
1505070 1620
1505080 1620
1505090 1619
1505100 1617
1505110 1617
1505120 1615
1505130 1615
1505140 1614
1505150 1614
1505160 1611
1505170 1607
1505180 1607
1505190 1606
1505200 1609
1505210 1609
1505220 1609
1505230 1608
1505240 1608
1505250 1606
1505260 1604
1505270 1604
1505280 1603
1505290 1603
1505300 1603
1505310 1604
1505320 1608
1505330 1608
1505340 1615
1505350 1621
1505360 1628
1505370 1628
1505380 1635
1505390 1642
1505400 1642
1505410 1648
1505420 1652
1505430 1652
1505440 1657
1505450 1663
1505460 1663
1505470 1669
1505480 1674
1505490 1674
1505500 1680
1505510 1686
1505520 1686
1505530 1692
1505540 1698
1505550 1698
1505560 1704
1505570 1710
1505580 1710
1505590 1715
1505600 1718
1505610 1720
1505620 1720
1505630 1722
1505640 1725
1505650 1725
1505660 1728
1505670 1731
1505680 1731
1505690 1735
1505700 1740
1505710 1740
1505720 1743
1505730 1746
1505740 1746
1505750 1750
1505760 1755
1505770 1755
1505780 1760
1505790 1764
1505800 1764
1505810 1768
1505820 1772
1505830 1776
1505840 1776
1505850 1781
1505860 1785
1505870 1785
1505880 1789
1505890 1795
1505900 1795
1505910 1801
1505920 1805
1505930 1805
1505940 1809
1505950 1814
1505960 1814
1505970 1818
1505980 1822
1505990 1822
1506000 1826
1506010 1830
1506020 1830
1506030 1834
1506040 1838
1506050 1842
1506060 1842
1506070 1846
1506080 1851
1506090 1851
1506100 1856
1506110 1861
1506120 1861
1506130 1866
1506140 1871
1506150 1871
1506160 1875
1506170 1879
1506180 1879
1506190 1882
1506200 1885
1506210 1885
1506220 1888
1506230 1892
1506240 1892
1506250 1894
1506260 1897
1506270 1897
1506280 1900
1506290 1903
1506300 1905
1506310 1905
1506320 1908
1506330 1912
1506340 1912
1506350 1916
1506360 1920
1506370 1920
1506380 1923
1506390 1927
1506400 1927
1506410 1930
1506420 1933
1506430 1933
1506440 1937
1506450 1940
1506460 1940
1506470 1943
1506480 1946
1506490 1946
1506500 1948
1506510 1951
1506520 1955
1506530 1955
1506540 1957
1506550 1960
1506560 1960
1506570 1963
1506580 1965
1506590 1965
1506600 1968
1506610 1970
1506620 1970
1506630 1972
1506640 1973
1506650 1973
1506660 1975
1506670 1976
1506680 1976
1506690 1978
1506700 1980
1506710 1980
1506720 1980
1506730 1981
1506740 1981
1506750 1982
1506760 1982
1506770 1982
1506780 1982
1506790 1981
1506800 1980
1506810 1980
1506820 1978
1506830 1974
1506840 1974
1506850 1971
1506860 1968
1506870 1968
1506880 1966
1506890 1962
1506900 1962
1506910 1960
1506920 1956
1506930 1956
1506940 1952
1506950 1946
1506960 1946
1506970 1941
1506980 1936
1506990 1932
1507000 1932
1507010 1927
1507020 1920
1507030 1920
1507040 1913
1507050 1906
1507060 1906
1507070 1899
1507080 1892
1507090 1892
1507100 1886
1507110 1880
1507120 1880
1507130 1875
1507140 1870
1507150 1870
1507160 1866
1507170 1860
1507180 1860
1507190 1855
1507200 1849
1507210 1849
1507220 1845
1507230 1839
1507240 1834
1507250 1834
1507260 1829
1507270 1823
1507280 1823
1507290 1818
1507300 1811
1507310 1811
1507320 1805
1507330 1798
1507340 1798
1507350 1793
1507360 1787
1507370 1787
1507380 1779
1507390 1771
1507400 1771
1507410 1763
1507420 1757
1507430 1757
1507440 1753
1507450 1749
1507460 1745
1507470 1745
1507480 1740
1507490 1735
1507500 1735
1507510 1730
1507520 1726
1507530 1726
1507540 1723
1507550 1719
1507560 1719
1507570 1717
1507580 1714
1507590 1714
1507600 1714
1507610 1720
1507620 1720
1507630 1726
1507640 1730
1507650 1730
1507660 1736
1507670 1741
1507680 1741
1507690 1745
1507700 1749
1507710 1755
1507720 1755
1507730 1763
1507740 1770
1507750 1770
1507760 1774
1507770 1777
1507780 1777
1507790 1781
1507800 1786
1507810 1786
1507820 1792
1507830 1798
1507840 1798
1507850 1803
1507860 1809
1507870 1809
1507880 1815
1507890 1822
1507900 1822
1507910 1827
1507920 1832
1507930 1836
1507940 1836
1507950 1841
1507960 1847
1507970 1847
1507980 1854
1507990 1860
1508000 1860
1508010 1865
1508020 1870
1508030 1870
1508040 1874
1508050 1878
1508060 1878
1508070 1883
1508080 1887
1508090 1887
1508100 1892
1508110 1898
1508120 1898
1508130 1903
1508140 1909
1508150 1909
1508160 1914
1508170 1919
1508180 1924
1508190 1924
1508200 1930
1508210 1936
1508220 1936
1508230 1942
1508240 1948
1508250 1948
1508260 1955
1508270 1962
1508280 1962
1508290 1968
1508300 1976
1508310 1976
1508320 1983
1508330 1990
1508340 1990
1508350 1997
1508360 2006
1508370 2006
1508380 2014
1508390 2022
1508400 2029
1508410 2029
1508420 2035
1508430 2042
1508440 2042
1508450 2049
1508460 2055
1508470 2055
1508480 2061
1508490 2067
1508500 2067
1508510 2073
1508520 2077
1508530 2077
1508540 2081
1508550 2084
1508560 2084
1508570 2086
1508580 2087
1508590 2087
1508600 2087
1508610 2083
1508620 2083
1508630 2079
1508640 2074
1508650 2071
1508660 2071
1508670 2068
1508680 2064
1508690 2064
1508700 2060
1508710 2054
1508720 2054
1508730 2048
1508740 2042
1508750 2042
1508760 2037
1508770 2031
1508780 2031
1508790 2027
1508800 2023
1508810 2023
1508820 2019
1508830 2016
1508840 2016
1508850 2012
1508860 2008
1508870 2004
1508880 2004
1508890 2003
1508900 2003
1508910 2003
1508920 2003
1508930 2002
1508940 2002
1508950 2002
1508960 2002
1508970 2002
1508980 2001
1508990 1999
1509000 1999
1509010 1997
1509020 1995
1509030 1995
1509040 1994
1509050 1993
1509060 1993
1509070 1992
1509080 1993
1509090 1993
1509100 1992
1509110 1991
1509120 1989
1509130 1989
1509140 1990
1509150 1991
1509160 1991
1509170 1994
1509180 1996
1509190 1996
1509200 1998
1509210 2001
1509220 2001
1509230 2004
1509240 2006
1509250 2006
1509260 2008
1509270 2013
1509280 2013
1509290 2017
1509300 2022
1509310 2022
1509320 2027
1509330 2030
1509340 2032
1509350 2032
1509360 2035
1509370 2038
1509380 2038
1509390 2044
1509400 2049
1509410 2049
1509420 2052
1509430 2056
1509440 2056
1509450 2061
1509460 2066
1509470 2066
1509480 2071
1509490 2075
1509500 2075
1509510 2080
1509520 2085
1509530 2085
1509540 2090
1509550 2094
1509560 2094
1509570 2099
1509580 2104
1509590 2109
1509600 2109
1509610 2115
1509620 2120
1509630 2120
1509640 2126
1509650 2132
1509660 2132
1509670 2137
1509680 2143
1509690 2143
1509700 2148
1509710 2154
1509720 2154
1509730 2161
1509740 2169
1509750 2169
1509760 2174
1509770 2180
1509780 2180
1509790 2185
1509800 2192
1509810 2199
1509820 2199
1509830 2205
1509840 2210
1509850 2210
1509860 2216
1509870 2223
1509880 2223
1509890 2228
1509900 2233
1509910 2233
1509920 2238
1509930 2242
1509940 2242
1509950 2246
1509960 2248
1509970 2248
1509980 2250
1509990 2253
1510000 2253
1510010 2255
1510020 2257
1510030 2257
1510040 2257
1510050 2254
1510060 2248
1510070 2248
1510080 2242
1510090 2236
1510100 2236
1510110 2231
1510120 2227
1510130 2227
1510140 2221
1510150 2216
1510160 2216
1510170 2212
1510180 2207
1510190 2207
1510200 2200
1510210 2195
1510220 2195
1510230 2188
1510240 2183
1510250 2183
1510260 2178
1510270 2173
1510280 2168
1510290 2168
1510300 2164
1510310 2160
1510320 2160
1510330 2156
1510340 2151
1510350 2151
1510360 2146
1510370 2141
1510380 2141
1510390 2136
1510400 2131
1510410 2131
1510420 2127
1510430 2123
1510440 2123
1510450 2118
1510460 2112
1510470 2112
1510480 2107
1510490 2101
1510500 2093
1510510 2093
1510520 2089
1510530 2085
1510540 2085
1510550 2082
1510560 2078
1510570 2078
1510580 2075
1510590 2073
1510600 2073
1510610 2070
1510620 2067
1510630 2067
1510640 2065
1510650 2062
1510660 2062
1510670 2058
1510680 2055
1510690 2055
1510700 2053
1510710 2052
1510720 2052
1510730 2050
1510740 2049
1510750 2048
1510760 2048
1510770 2049
1510780 2049
1510790 2049
1510800 2048
1510810 2046
1510820 2046
1510830 2044
1510840 2039
1510850 2039
1510860 2034
1510870 2031
1510880 2031
1510890 2033
1510900 2038
1510910 2038
1510920 2042
1510930 2044
1510940 2044
1510950 2045
1510960 2045
1510970 2045
1510980 2045
1510990 2044
1511000 2044
1511010 2044
1511020 2045
1511030 2049
1511040 2049
1511050 2053
1511060 2059
1511070 2059
1511080 2065
1511090 2070
1511100 2070
1511110 2076
1511120 2082
1511130 2082
1511140 2088
1511150 2098
1511160 2098
1511170 2110
1511180 2116
1511190 2116
1511200 2122
1511210 2128
1511220 2134
1511230 2134
1511240 2139
1511250 2144
1511260 2144
1511270 2150
1511280 2156
1511290 2156
1511300 2162
1511310 2168
1511320 2168
1511330 2172
1511340 2177
1511350 2177
1511360 2181
1511370 2185
1511380 2185
1511390 2192
1511400 2198
1511410 2198
1511420 2199
1511430 2202
1511440 2206
1511450 2206
1511460 2209
1511470 2208
1511480 2208
1511490 2201
1511500 2193
1511510 2193
1511520 2185
1511530 2171
1511540 2171
1511550 2150
1511560 2139
1511570 2139
1511580 2133
1511590 2125
1511600 2125
1511610 2119
1511620 2114
1511630 2114
1511640 2111
1511650 2107
1511660 2107
1511670 2105
1511680 2104
1511690 2103
1511700 2103
1511710 2101
1511720 2098
1511730 2098
1511740 2095
1511750 2093
1511760 2093
1511770 2092
1511780 2090
1511790 2090
1511800 2089
1511810 2089
1511820 2089
1511830 2089
1511840 2089
1511850 2089
1511860 2090
1511870 2091
1511880 2091
1511890 2093
1511900 2095
1511910 2097
1511920 2097
1511930 2098
1511940 2099
1511950 2099
1511960 2101
1511970 2103
1511980 2103
1511990 2105
1512000 2108
1512010 2108
1512020 2111
1512030 2112
1512040 2112
1512050 2112
1512060 2111
1512070 2111
1512080 2110
1512090 2110
1512100 2110
1512110 2108
1512120 2104
1512130 2104
1512140 2100
1512150 2097
1512160 2094
1512170 2094
1512180 2091
1512190 2086
1512200 2086
1512210 2081
1512220 2077
1512230 2077
1512240 2074
1512250 2072
1512260 2072
1512270 2070
1512280 2069
1512290 2069
1512300 2067
1512310 2064
1512320 2064
1512330 2062
1512340 2060
1512350 2060
1512360 2058
1512370 2055
1512380 2051
1512390 2051
1512400 2048
1512410 2047
1512420 2047
1512430 2047
1512440 2049
1512450 2049
1512460 2049
1512470 2049
1512480 2049
1512490 2049
1512500 2049
1512510 2049
1512520 2049
1512530 2049
1512540 2049
1512550 2048
1512560 2047
1512570 2047
1512580 2046
1512590 2045
1512600 2045
1512610 2048
1512620 2052
1512630 2055
1512640 2055
1512650 2059
1512660 2062
1512670 2062
1512680 2063
1512690 2063
1512700 2063
1512710 2063
1512720 2065
1512730 2065
1512740 2067
1512750 2069
1512760 2069
1512770 2071
1512780 2073
1512790 2073
1512800 2074
1512810 2075
1512820 2075
1512830 2076
1512840 2078
1512850 2081
1512860 2081
1512870 2085
1512880 2087
1512890 2087
1512900 2088
1512910 2091
1512920 2091
1512930 2095
1512940 2099
1512950 2099
1512960 2105
1512970 2109
1512980 2109
1512990 2113
1513000 2122
1513010 2122
1513020 2132
1513030 2140
1513040 2140
1513050 2143
1513060 2148
1513070 2148
1513080 2154
1513090 2160
1513100 2167
1513110 2167
1513120 2173
1513130 2183
1513140 2183
1513150 2190
1513160 2192
1513170 2192
1513180 2195
1513190 2200
1513200 2200
1513210 2204
1513220 2209
1513230 2209
1513240 2213
1513250 2217
1513260 2217
1513270 2222
1513280 2226
1513290 2226
1513300 2231
1513310 2234
1513320 2239
1513330 2239
1513340 2243
1513350 2248
1513360 2248
1513370 2252
1513380 2257
1513390 2257
1513400 2261
1513410 2265
1513420 2265
1513430 2268
1513440 2272
1513450 2272
1513460 2275
1513470 2277
1513480 2277
1513490 2278
1513500 2279
1513510 2279
1513520 2279
1513530 2280
1513540 2280
1513550 2278
1513560 2276
1513570 2272
1513580 2272
1513590 2267
1513600 2263
1513610 2263
1513620 2258
1513630 2252
1513640 2252
1513650 2244
1513660 2238
1513670 2238
1513680 2233
1513690 2228
1513700 2228
1513710 2224
1513720 2220
1513730 2220
1513740 2217
1513750 2213
1513760 2213
1513770 2209
1513780 2205
1513790 2201
1513800 2201
1513810 2198
1513820 2195
1513830 2195
1513840 2194
1513850 2192
1513860 2192
1513870 2192
1513880 2191
1513890 2191
1513900 2191
1513910 2191
1513920 2191
1513930 2191
1513940 2191
1513950 2191
1513960 2191
1513970 2192
1513980 2192
1513990 2192
1514000 2192
1514010 2192
1514020 2190
1514030 2188
1514040 2186
1514050 2186
1514060 2184
1514070 2182
1514080 2182
1514090 2180
1514100 2179
1514110 2179
1514120 2176
1514130 2174
1514140 2174
1514150 2171
1514160 2167
1514170 2167
1514180 2164
1514190 2160
1514200 2160
1514210 2155
1514220 2151
1514230 2151
1514240 2147
1514250 2143
1514260 2140
1514270 2140
1514280 2136
1514290 2133
1514300 2133
1514310 2130
1514320 2126
1514330 2126
1514340 2123
1514350 2119
1514360 2119
1514370 2116
1514380 2113
1514390 2113
1514400 2111
1514410 2108
1514420 2108
1514430 2105
1514440 2101
1514450 2101
1514460 2098
1514470 2095
1514480 2095
1514490 2090
1514500 2087
1514510 2083
1514520 2083
1514530 2080
1514540 2076
1514550 2076
1514560 2073
1514570 2069
1514580 2069
1514590 2067
1514600 2063
1514610 2063
1514620 2060
1514630 2055
1514640 2055
1514650 2050
1514660 2045
1514670 2045
1514680 2039
1514690 2034
1514700 2034
1514710 2029
1514720 2022
1514730 2014
1514740 2014
1514750 2008
1514760 2003
1514770 2003
1514780 1998
1514790 1994
1514800 1994
1514810 1988
1514820 1982
1514830 1982
1514840 1976
1514850 1969
1514860 1969
1514870 1962
1514880 1954
1514890 1954
1514900 1947
1514910 1941
1514920 1941
1514930 1936
1514940 1929
1514950 1923
1514960 1923
1514970 1918
1514980 1913
1514990 1913
1515000 1908
1515010 1907
1515020 1907
1515030 1904
1515040 1904
1515050 1904
1515060 1899
1515070 1898
1515080 1898
1515090 1900
1515100 1898
1515110 1898
1515120 1893
1515130 1887
1515140 1887
1515150 1881
1515160 1875
1515170 1875
1515180 1868
1515190 1859
1515200 1849
1515210 1849
1515220 1840
1515230 1828
1515240 1828
1515250 1819
1515260 1810
1515270 1810
1515280 1805
1515290 1800
1515300 1800
1515310 1795
1515320 1791
1515330 1791
1515340 1786
1515350 1782
1515360 1782
1515370 1779
1515380 1775
1515390 1775
1515400 1771
1515410 1767
1515420 1763
1515430 1763
1515440 1760
1515450 1758
1515460 1758
1515470 1755
1515480 1752
1515490 1752
1515500 1751
1515510 1748
1515520 1748
1515530 1745
1515540 1741
1515550 1741
1515560 1738
1515570 1735
1515580 1735
1515590 1731
1515600 1728
1515610 1728
1515620 1724
1515630 1721
1515640 1721
1515650 1719
1515660 1717
1515670 1715
1515680 1715
1515690 1713
1515700 1711
1515710 1711
1515720 1710
1515730 1709
1515740 1709
1515750 1708
1515760 1708
1515770 1708
1515780 1707
1515790 1706
1515800 1706
1515810 1705
1515820 1704
1515830 1704
1515840 1703
1515850 1701
1515860 1701
1515870 1698
1515880 1695
1515890 1691
1515900 1691
1515910 1688
1515920 1686
1515930 1686
1515940 1684
1515950 1683
1515960 1683
1515970 1681
1515980 1679
1515990 1679
1516000 1676
1516010 1674
1516020 1674
1516030 1673
1516040 1670
1516050 1670
1516060 1668
1516070 1666
1516080 1666
1516090 1665
1516100 1663
1516110 1663
1516120 1662
1516130 1661
1516140 1659
1516150 1659
1516160 1658
1516170 1655
1516180 1655
1516190 1655
1516200 1654
1516210 1654
1516220 1653
1516230 1651
1516240 1651
1516250 1651
1516260 1650
1516270 1650
1516280 1648
1516290 1649
1516300 1649
1516310 1649
1516320 1648
1516330 1648
1516340 1646
1516350 1643
1516360 1640
1516370 1640
1516380 1636
1516390 1634
1516400 1634
1516410 1631
1516420 1629
1516430 1629
1516440 1627
1516450 1625
1516460 1625
1516470 1621
1516480 1616
1516490 1616
1516500 1610
1516510 1602
1516520 1602
1516530 1596
1516540 1591
1516550 1591
1516560 1585
1516570 1579
1516580 1579
1516590 1573
1516600 1569
1516610 1570
1516620 1570
1516630 1572
1516640 1575
1516650 1575
1516660 1577
1516670 1579
1516680 1579
1516690 1579
1516700 1580
1516710 1580
1516720 1581
1516730 1582
1516740 1582
1516750 1586
1516760 1589
1516770 1589
1516780 1592
1516790 1595
1516800 1595
1516810 1597
1516820 1599
1516830 1598
1516840 1598
1516850 1596
1516860 1594
1516870 1594
1516880 1591
1516890 1587
1516900 1587
1516910 1584
1516920 1581
1516930 1581
1516940 1579
1516950 1576
1516960 1576
1516970 1573
1516980 1571
1516990 1571
1517000 1568
1517010 1566
1517020 1566
1517030 1564
1517040 1562
1517050 1562
1517060 1559
1517070 1555
1517080 1552
1517090 1552
1517100 1551
1517110 1551
1517120 1551
1517130 1550
1517140 1550
1517150 1550
1517160 1548
1517170 1546
1517180 1546
1517190 1543
1517200 1538
1517210 1538
1517220 1532
1517230 1529
1517240 1529
1517250 1529
1517260 1529
1517270 1529
1517280 1529
1517290 1526
1517300 1524
1517310 1524
1517320 1524
1517330 1525
1517340 1525
1517350 1525
1517360 1526
1517370 1526
1517380 1525
1517390 1526
1517400 1526
1517410 1525
1517420 1523
1517430 1523
1517440 1522
1517450 1520
1517460 1520
1517470 1518
1517480 1517
1517490 1517
1517500 1516
1517510 1514
1517520 1514
1517530 1512
1517540 1508
1517550 1501
1517560 1501
1517570 1493
1517580 1488
1517590 1488
1517600 1483
1517610 1479
1517620 1479
1517630 1474
1517640 1470
1517650 1470
1517660 1467
1517670 1462
1517680 1462
1517690 1455
1517700 1449
1517710 1449
1517720 1443
1517730 1433
1517740 1433
1517750 1423
1517760 1415
1517770 1410
1517780 1410
1517790 1406
1517800 1402
1517810 1402
1517820 1398
1517830 1392
1517840 1392
1517850 1391
1517860 1386
1517870 1386
1517880 1383
1517890 1380
1517900 1380
1517910 1375
1517920 1368
1517930 1368
1517940 1359
1517950 1354
1517960 1354
1517970 1348
1517980 1342
1517990 1342
1518000 1337
1518010 1332
1518020 1328
1518030 1328
1518040 1323
1518050 1319
1518060 1319
1518070 1316
1518080 1311
1518090 1311
1518100 1308
1518110 1307
1518120 1307
1518130 1304
1518140 1300
1518150 1300
1518160 1294
1518170 1289
1518180 1289
1518190 1283
1518200 1277
1518210 1277
1518220 1273
1518230 1269
1518240 1264
1518250 1264
1518260 1259
1518270 1255
1518280 1255
1518290 1251
1518300 1246
1518310 1246
1518320 1241
1518330 1237
1518340 1237
1518350 1234
1518360 1230
1518370 1230
1518380 1227
1518390 1222
1518400 1222
1518410 1219
1518420 1216
1518430 1216
1518440 1215
1518450 1213
1518460 1213
1518470 1209
1518480 1205
1518490 1201
1518500 1201
1518510 1197
1518520 1194
1518530 1194
1518540 1190
1518550 1189
1518560 1189
1518570 1188
1518580 1187
1518590 1187
1518600 1187
1518610 1187
1518620 1187
1518630 1186
1518640 1186
1518650 1186
1518660 1186
1518670 1186
1518680 1186
1518690 1185
1518700 1185
1518710 1186
1518720 1186
1518730 1186
1518740 1185
1518750 1185
1518760 1185
1518770 1185
1518780 1185
1518790 1185
1518800 1185
1518810 1185
1518820 1185
1518830 1185
1518840 1185
1518850 1185
1518860 1184
1518870 1184
1518880 1184
1518890 1184
1518900 1184
1518910 1184
1518920 1184
1518930 1184
1518940 1184
1518950 1184
1518960 1184
1518970 1184
1518980 1184
1518990 1184
1519000 1184
1519010 1184
1519020 1184
1519030 1184
1519040 1183
1519050 1183
1519060 1183
1519070 1183
1519080 1183
1519090 1183
1519100 1184
1519110 1184
1519120 1184
1519130 1184
1519140 1184
1519150 1184
1519160 1184
1519170 1184
1519180 1184
1519190 1184
1519200 1184
1519210 1184
1519220 1184
1519230 1183
1519240 1183
1519250 1183
1519260 1183
1519270 1184
1519280 1184
1519290 1184
1519300 1184
1519310 1184
1519320 1185
1519330 1187
1519340 1187
1519350 1189
1519360 1189
1519370 1189
1519380 1190
1519390 1191
1519400 1193
1519410 1193
1519420 1195
1519430 1196
1519440 1196
1519450 1198
1519460 1199
1519470 1199
1519480 1201
1519490 1203
1519500 1203
1519510 1204
1519520 1206
1519530 1206
1519540 1208
1519550 1210
1519560 1210
1519570 1212
1519580 1214
1519590 1214
1519600 1216
1519610 1218
1519620 1218
1519630 1219
1519640 1220
1519650 1222
1519660 1222
1519670 1226
1519680 1228
1519690 1228
1519700 1233
1519710 1238
1519720 1238
1519730 1243
1519740 1248
1519750 1248
1519760 1253
1519770 1258
1519780 1258
1519790 1264
1519800 1269
1519810 1269
1519820 1274
1519830 1280
1519840 1280
1519850 1286
1519860 1292
1519870 1297
1519880 1297
1519890 1301
1519900 1307
1519910 1307
1519920 1314
1519930 1320
1519940 1320
1519950 1325
1519960 1330
1519970 1330
1519980 1335
1519990 1340
