1500000 1810
1500010 1815
1500020 1819
1500030 1819
1500040 1822
1500050 1823
1500060 1823
1500070 1825
1500080 1825
1500090 1825
1500100 1827
1500110 1829
1500120 1830
1500130 1830
1500140 1832
1500150 1833
1500160 1833
1500170 1833
1500180 1832
1500190 1832
1500200 1830
1500210 1830
1500220 1830
1500230 1829
1500240 1826
1500250 1826
1500260 1826
1500270 1829
1500280 1829
1500290 1831
1500300 1833
1500310 1833
1500320 1834
1500330 1835
1500340 1835
1500350 1840
1500360 1844
1500370 1848
1500380 1848
1500390 1852
1500400 1857
1500410 1857
1500420 1861
1500430 1866
1500440 1866
1500450 1870
1500460 1875
1500470 1875
1500480 1880
1500490 1885
1500500 1885
1500510 1891
1500520 1896
1500530 1896
1500540 1900
1500550 1905
1500560 1905
1500570 1910
1500580 1916
1500590 1921
1500600 1921
1500610 1926
1500620 1931
1500630 1931
1500640 1935
1500650 1937
1500660 1937
1500670 1937
1500680 1936
1500690 1936
1500700 1935
1500710 1934
1500720 1934
1500730 1932
1500740 1930
1500750 1930
1500760 1929
1500770 1928
1500780 1928
1500790 1927
1500800 1925
1500810 1925
1500820 1924
1500830 1924
1500840 1924
1500850 1924
1500860 1924
1500870 1924
1500880 1924
1500890 1923
1500900 1922
1500910 1922
1500920 1921
1500930 1919
1500940 1919
1500950 1917
1500960 1916
1500970 1916
1500980 1914
1500990 1913
1501000 1913
1501010 1913
1501020 1913
1501030 1913
1501040 1912
1501050 1911
1501060 1910
1501070 1910
1501080 1909
1501090 1907
1501100 1907
1501110 1906
1501120 1904
1501130 1904
1501140 1902
1501150 1900
1501160 1900
1501170 1898
1501180 1896
1501190 1896
1501200 1894
1501210 1892
1501220 1892
1501230 1890
1501240 1891
1501250 1891
1501260 1892
1501270 1891
1501280 1891
1501290 1887
1501300 1884
1501310 1881
1501320 1881
1501330 1881
1501340 1881
1501350 1881
1501360 1881
1501370 1881
1501380 1881
1501390 1881
1501400 1882
1501410 1882
1501420 1882
1501430 1882
1501440 1882
1501450 1882
1501460 1883
1501470 1883
1501480 1882
1501490 1882
1501500 1882
1501510 1884
1501520 1887
1501530 1891
1501540 1891
1501550 1893
1501560 1895
1501570 1895
1501580 1896
1501590 1898
1501600 1898
1501610 1901
1501620 1905
1501630 1905
1501640 1909
1501650 1917
1501660 1917
1501670 1922
1501680 1927
1501690 1927
1501700 1931
1501710 1935
1501720 1935
1501730 1938
1501740 1942
1501750 1942
1501760 1945
1501770 1948
1501780 1950
1501790 1950
1501800 1950
1501810 1948
1501820 1948
1501830 1945
1501840 1942
1501850 1942
1501860 1938
1501870 1935
1501880 1935
1501890 1931
1501900 1928
1501910 1928
1501920 1925
1501930 1922
1501940 1922
1501950 1919
1501960 1917
1501970 1917
1501980 1914
1501990 1911
1502000 1907
1502010 1907
1502020 1903
1502030 1899
1502040 1899
1502050 1894
1502060 1890
1502070 1890
1502080 1885
1502090 1881
1502100 1881
1502110 1877
1502120 1873
1502130 1873
1502140 1869
1502150 1865
1502160 1865
1502170 1861
1502180 1858
1502190 1858
1502200 1854
1502210 1850
1502220 1850
1502230 1846
1502240 1841
1502250 1838
1502260 1838
1502270 1835
1502280 1831
1502290 1831
1502300 1828
1502310 1825
1502320 1825
1502330 1821
1502340 1817
1502350 1817
1502360 1813
1502370 1809
1502380 1809
1502390 1805
1502400 1801
1502410 1801
1502420 1797
1502430 1793
1502440 1793
1502450 1787
1502460 1781
1502470 1777
1502480 1777
1502490 1774
1502500 1771
1502510 1771
1502520 1767
1502530 1763
1502540 1763
1502550 1759
1502560 1755
1502570 1755
1502580 1751
1502590 1747
1502600 1747
1502610 1743
1502620 1738
1502630 1738
1502640 1732
1502650 1727
1502660 1727
1502670 1721
1502680 1715
1502690 1715
1502700 1710
1502710 1703
1502720 1698
1502730 1698
1502740 1694
1502750 1693
1502760 1693
1502770 1693
1502780 1692
1502790 1692
1502800 1694
1502810 1695
1502820 1695
1502830 1694
1502840 1693
1502850 1693
1502860 1690
1502870 1687
1502880 1687
1502890 1683
1502900 1678
1502910 1678
1502920 1675
1502930 1675
1502940 1675
1502950 1679
1502960 1684
1502970 1688
1502980 1688
1502990 1693
1503000 1699
1503010 1699
1503020 1704
1503030 1708
1503040 1708
1503050 1712
1503060 1716
1503070 1716
1503080 1720
1503090 1724
1503100 1724
1503110 1729
1503120 1734
1503130 1734
1503140 1737
1503150 1742
1503160 1742
1503170 1747
1503180 1753
1503190 1759
1503200 1759
1503210 1765
1503220 1771
1503230 1771
1503240 1776
1503250 1781
1503260 1781
1503270 1785
1503280 1788
1503290 1788
1503300 1792
1503310 1795
1503320 1795
1503330 1800
1503340 1806
1503350 1806
1503360 1811
1503370 1816
1503380 1816
1503390 1822
1503400 1828
1503410 1828
1503420 1834
1503430 1840
1503440 1845
1503450 1845
1503460 1850
1503470 1855
1503480 1855
1503490 1860
1503500 1865
1503510 1865
1503520 1870
1503530 1875
1503540 1875
1503550 1879
1503560 1884
1503570 1884
1503580 1889
1503590 1894
1503600 1894
1503610 1900
1503620 1906
1503630 1906
1503640 1911
1503650 1916
1503660 1921
1503670 1921
1503680 1927
1503690 1932
1503700 1932
1503710 1938
1503720 1943
1503730 1943
1503740 1948
1503750 1954
1503760 1954
1503770 1961
1503780 1967
1503790 1967
1503800 1973
1503810 1980
1503820 1980
1503830 1986
1503840 1992
1503850 1992
1503860 1999
1503870 2005
1503880 2005
1503890 2012
1503900 2017
1503910 2024
1503920 2024
1503930 2030
1503940 2036
1503950 2036
1503960 2042
1503970 2048
1503980 2048
1503990 2054
1504000 2060
1504010 2060
1504020 2066
1504030 2071
1504040 2071
1504050 2076
1504060 2080
1504070 2080
1504080 2085
1504090 2085
1504100 2085
1504110 2084
1504120 2085
1504130 2085
1504140 2085
1504150 2085
1504160 2085
1504170 2085
1504180 2085
1504190 2085
1504200 2085
1504210 2083
1504220 2082
1504230 2082
1504240 2080
1504250 2077
1504260 2077
1504270 2075
1504280 2073
1504290 2073
1504300 2071
1504310 2068
1504320 2068
1504330 2065
1504340 2059
1504350 2059
1504360 2054
1504370 2052
1504380 2053
1504390 2053
1504400 2055
1504410 2056
1504420 2056
1504430 2056
1504440 2056
1504450 2056
1504460 2055
1504470 2053
1504480 2053
1504490 2056
1504500 2058
1504510 2058
1504520 2060
1504530 2062
1504540 2062
1504550 2062
1504560 2064
1504570 2064
1504580 2067
1504590 2070
1504600 2072
1504610 2072
1504620 2073
1504630 2074
1504640 2074
1504650 2074
1504660 2076
1504670 2076
1504680 2076
1504690 2076
1504700 2076
1504710 2077
1504720 2079
1504730 2079
1504740 2082
1504750 2084
1504760 2084
1504770 2087
1504780 2090
1504790 2090
1504800 2094
1504810 2100
1504820 2100
1504830 2108
1504840 2114
1504850 2120
1504860 2128
1504870 2132
1504880 2134
1504890 2134
1504900 2134
1504910 2132
1504920 2132
1504930 2131
1504940 2130
1504950 2130
1504960 2128
1504970 2124
1504980 2124
1504990 2120
1505000 2117
1505010 2117
1505020 2114
1505030 2110
1505040 2110
1505050 2106
1505060 2103
1505070 2098
1505080 2098
1505090 2089
1505100 2080
1505110 2080
1505120 2074
1505130 2066
1505140 2066
1505150 2055
1505160 2045
1505170 2045
1505180 2036
1505190 2028
1505200 2028
1505210 2020
1505220 2014
1505230 2014
1505240 2010
1505250 2004
1505260 2004
1505270 1999
1505280 1994
1505290 1994
1505300 1991
1505310 1986
1505320 1982
1505330 1982
1505340 1978
1505350 1975
1505360 1975
1505370 1972
1505380 1969
1505390 1969
1505400 1967
1505410 1965
1505420 1965
1505430 1963
1505440 1959
1505450 1959
1505460 1955
1505470 1952
1505480 1952
1505490 1950
1505500 1947
1505510 1947
1505520 1945
1505530 1944
1505540 1944
1505550 1943
1505560 1943
1505570 1942
1505580 1942
1505590 1941
1505600 1939
1505610 1939
1505620 1939
1505630 1940
1505640 1940
1505650 1942
1505660 1944
1505670 1944
1505680 1947
1505690 1949
1505700 1949
1505710 1952
1505720 1955
1505730 1955
1505740 1958
1505750 1961
1505760 1961
1505770 1964
1505780 1968
1505790 1971
1505800 1971
1505810 1974
1505820 1978
1505830 1978
1505840 1982
1505850 1987
1505860 1987
1505870 1991
1505880 1995
1505890 1995
1505900 2000
1505910 2006
1505920 2006
1505930 2013
1505940 2018
1505950 2018
1505960 2023
1505970 2028
1505980 2028
1505990 2033
1506000 2037
1506010 2037
1506020 2041
1506030 2047
1506040 2053
1506050 2053
1506060 2060
1506070 2065
1506080 2065
1506090 2071
1506100 2077
1506110 2077
1506120 2084
1506130 2090
1506140 2090
1506150 2097
1506160 2103
1506170 2103
1506180 2110
1506190 2116
1506200 2116
1506210 2121
1506220 2126
1506230 2126
1506240 2131
1506250 2135
1506260 2139
1506270 2139
1506280 2143
1506290 2146
1506300 2146
1506310 2148
1506320 2151
1506330 2151
1506340 2154
1506350 2157
1506360 2157
1506370 2159
1506380 2162
1506390 2162
1506400 2164
1506410 2167
1506420 2167
1506430 2170
1506440 2174
1506450 2174
1506460 2178
1506470 2182
1506480 2182
1506490 2186
1506500 2191
1506510 2196
1506520 2196
1506530 2202
1506540 2208
1506550 2208
1506560 2214
1506570 2220
1506580 2220
1506590 2227
1506600 2234
1506610 2234
1506620 2239
1506630 2241
1506640 2241
1506650 2244
1506660 2239
1506670 2239
1506680 2230
1506690 2221
1506700 2221
1506710 2213
1506720 2207
1506730 2203
1506740 2203
1506750 2197
1506760 2191
1506770 2191
1506780 2187
1506790 2185
1506800 2185
1506810 2186
1506820 2187
1506830 2187
1506840 2186
1506850 2185
1506860 2185
1506870 2184
1506880 2183
1506890 2183
1506900 2182
1506910 2179
1506920 2179
1506930 2177
1506940 2176
1506950 2176
1506960 2177
1506970 2178
1506980 2179
1506990 2179
1507000 2180
1507010 2180
1507020 2180
1507030 2180
1507040 2180
1507050 2180
1507060 2183
1507070 2185
1507080 2185
1507090 2188
1507100 2191
1507110 2191
1507120 2196
1507130 2201
1507140 2201
1507150 2207
1507160 2211
1507170 2211
1507180 2206
1507190 2198
1507200 2190
1507210 2190
1507220 2181
1507230 2173
1507240 2173
1507250 2166
1507260 2161
1507270 2161
1507280 2157
1507290 2152
1507300 2152
1507310 2147
1507320 2143
1507330 2143
1507340 2139
1507350 2135
1507360 2135
1507370 2130
1507380 2125
1507390 2125
1507400 2121
1507410 2118
1507420 2118
1507430 2115
1507440 2113
1507450 2110
1507460 2110
1507470 2108
1507480 2105
1507490 2105
1507500 2103
1507510 2100
1507520 2100
1507530 2098
1507540 2096
1507550 2096
1507560 2095
1507570 2093
1507580 2093
1507590 2092
1507600 2091
1507610 2091
1507620 2091
1507630 2091
1507640 2091
1507650 2091
1507660 2091
1507670 2090
1507680 2090
1507690 2089
1507700 2090
1507710 2090
1507720 2091
1507730 2093
1507740 2093
1507750 2094
1507760 2094
1507770 2094
1507780 2092
1507790 2090
1507800 2090
1507810 2088
1507820 2085
1507830 2085
1507840 2082
1507850 2081
1507860 2081
1507870 2079
1507880 2078
1507890 2078
1507900 2076
1507910 2074
1507920 2068
1507930 2068
1507940 2062
1507950 2056
1507960 2056
1507970 2051
1507980 2046
1507990 2046
1508000 2042
1508010 2038
1508020 2038
1508030 2036
1508040 2034
1508050 2034
1508060 2033
1508070 2033
1508080 2033
1508090 2032
1508100 2029
1508110 2029
1508120 2029
1508130 2028
1508140 2028
1508150 2028
1508160 2030
1508170 2031
1508180 2031
1508190 2032
1508200 2034
1508210 2034
1508220 2035
1508230 2037
1508240 2037
1508250 2039
1508260 2041
1508270 2041
1508280 2043
1508290 2045
1508300 2045
1508310 2046
1508320 2048
1508330 2048
1508340 2051
1508350 2053
1508360 2053
1508370 2056
1508380 2058
1508390 2061
1508400 2061
1508410 2064
1508420 2068
1508430 2068
1508440 2071
1508450 2075
1508460 2075
1508470 2078
1508480 2082
1508490 2082
1508500 2085
1508510 2089
1508520 2089
1508530 2093
1508540 2097
1508550 2097
1508560 2101
1508570 2105
1508580 2105
1508590 2109
1508600 2115
1508610 2115
1508620 2120
1508630 2126
1508640 2132
1508650 2132
1508660 2137
1508670 2143
1508680 2143
1508690 2148
1508700 2152
1508710 2152
1508720 2157
1508730 2164
1508740 2164
1508750 2171
1508760 2178
1508770 2178
1508780 2187
1508790 2196
1508800 2196
1508810 2205
1508820 2214
1508830 2214
1508840 2221
1508850 2227
1508860 2233
1508870 2233
1508880 2241
1508890 2250
1508900 2250
1508910 2260
1508920 2269
1508930 2269
1508940 2277
1508950 2285
1508960 2285
1508970 2293
1508980 2300
1508990 2300
1509000 2307
1509010 2315
1509020 2315
1509030 2323
1509040 2329
1509050 2329
1509060 2330
1509070 2330
1509080 2330
1509090 2330
1509100 2330
1509110 2330
1509120 2330
1509130 2332
1509140 2334
1509150 2334
1509160 2335
1509170 2337
1509180 2337
1509190 2339
1509200 2341
1509210 2341
1509220 2343
1509230 2344
1509240 2344
1509250 2346
1509260 2349
1509270 2349
1509280 2352
1509290 2358
1509300 2358
1509310 2365
1509320 2368
1509330 2370
1509340 2370
1509350 2370
1509360 2369
1509370 2369
1509380 2370
1509390 2372
1509400 2372
1509410 2375
1509420 2379
1509430 2379
1509440 2384
1509450 2388
1509460 2388
1509470 2393
1509480 2399
1509490 2399
1509500 2405
1509510 2412
1509520 2412
1509530 2419
1509540 2427
1509550 2427
1509560 2435
1509570 2444
1509580 2454
1509590 2454
1509600 2463
1509610 2471
1509620 2471
1509630 2478
1509640 2485
1509650 2485
1509660 2492
1509670 2499
1509680 2499
1509690 2505
1509700 2511
1509710 2511
1509720 2515
1509730 2519
1509740 2519
1509750 2517
1509760 2509
1509770 2509
1509780 2502
1509790 2494
1509800 2487
1509810 2487
1509820 2481
1509830 2477
1509840 2477
1509850 2472
1509860 2470
1509870 2470
1509880 2460
1509890 2450
1509900 2450
1509910 2446
1509920 2442
1509930 2442
1509940 2437
1509950 2435
1509960 2435
1509970 2434
1509980 2432
1509990 2432
1510000 2429
1510010 2424
1510020 2424
1510030 2421
1510040 2416
1510050 2410
1510060 2410
1510070 2404
1510080 2399
1510090 2399
1510100 2394
1510110 2390
1510120 2390
1510130 2387
1510140 2384
1510150 2384
1510160 2379
1510170 2374
1510180 2374
1510190 2370
1510200 2366
1510210 2366
1510220 2362
1510230 2358
1510240 2358
1510250 2354
1510260 2353
1510270 2351
1510280 2351
1510290 2350
1510300 2351
1510310 2351
1510320 2354
1510330 2355
1510340 2355
1510350 2357
1510360 2370
1510370 2370
1510380 2368
1510390 2366
1510400 2366
1510410 2364
1510420 2363
1510430 2363
1510440 2362
1510450 2360
1510460 2360
1510470 2358
1510480 2356
1510490 2356
1510500 2356
1510510 2356
1510520 2355
1510530 2355
1510540 2353
1510550 2350
1510560 2350
1510570 2345
1510580 2343
1510590 2343
1510600 2341
1510610 2337
1510620 2337
1510630 2334
1510640 2331
1510650 2331
1510660 2327
1510670 2323
1510680 2323
1510690 2318
1510700 2315
1510710 2315
1510720 2313
1510730 2314
1510740 2314
1510750 2312
1510760 2311
1510770 2310
1510780 2310
1510790 2306
1510800 2299
1510810 2299
1510820 2295
1510830 2293
1510840 2293
1510850 2290
1510860 2286
1510870 2286
1510880 2281
1510890 2277
1510900 2277
1510910 2274
1510920 2269
1510930 2269
1510940 2265
1510950 2261
1510960 2261
1510970 2258
1510980 2254
1510990 2252
1511000 2252
1511010 2251
1511020 2251
1511030 2251
1511040 2248
1511050 2245
1511060 2245
1511070 2244
1511080 2245
1511090 2245
1511100 2246
1511110 2243
1511120 2243
1511130 2240
1511140 2237
1511150 2237
1511160 2235
1511170 2233
1511180 2233
1511190 2229
1511200 2225
1511210 2225
1511220 2220
1511230 2216
1511240 2215
1511250 2215
1511260 2212
1511270 2209
1511280 2209
1511290 2204
1511300 2198
1511310 2198
1511320 2192
1511330 2188
1511340 2188
1511350 2187
1511360 2185
1511370 2185
1511380 2184
1511390 2184
1511400 2184
1511410 2185
1511420 2186
1511430 2186
1511440 2185
1511450 2185
1511460 2185
1511470 2185
1511480 2181
1511490 2175
1511500 2175
1511510 2172
1511520 2168
1511530 2168
1511540 2165
1511550 2162
1511560 2162
1511570 2159
1511580 2158
1511590 2158
1511600 2156
1511610 2154
1511620 2154
1511630 2153
1511640 2151
1511650 2151
1511660 2149
1511670 2147
1511680 2147
1511690 2146
1511700 2144
1511710 2142
1511720 2142
1511730 2141
1511740 2140
1511750 2140
1511760 2140
1511770 2140
1511780 2140
1511790 2138
1511800 2135
1511810 2135
1511820 2132
1511830 2129
1511840 2129
1511850 2128
1511860 2126
1511870 2126
1511880 2124
1511890 2120
1511900 2120
1511910 2115
1511920 2111
1511930 2106
1511940 2106
1511950 2102
1511960 2100
1511970 2100
1511980 2100
1511990 2097
1512000 2097
1512010 2094
1512020 2092
1512030 2092
1512040 2089
1512050 2086
1512060 2086
1512070 2083
1512080 2079
1512090 2079
1512100 2073
1512110 2067
1512120 2067
1512130 2061
1512140 2055
1512150 2055
1512160 2050
1512170 2045
1512180 2042
1512190 2042
1512200 2041
1512210 2036
1512220 2036
1512230 2032
1512240 2026
1512250 2026
1512260 2020
1512270 2016
1512280 2016
1512290 2012
1512300 2008
1512310 2008
1512320 2004
1512330 2001
1512340 2001
1512350 2002
1512360 2003
1512370 2003
1512380 2003
1512390 2002
1512400 1998
1512410 1998
1512420 1991
1512430 1992
1512440 1992
1512450 1994
1512460 1993
1512470 1993
1512480 1990
1512490 1988
1512500 1988
1512510 1987
1512520 1985
1512530 1985
1512540 1983
1512550 1980
1512560 1980
1512570 1978
1512580 1975
1512590 1975
1512600 1972
1512610 1968
1512620 1968
1512630 1965
1512640 1963
1512650 1961
1512660 1961
1512670 1960
1512680 1957
1512690 1957
1512700 1954
1512710 1953
1512720 1953
1512730 1951
1512740 1950
1512750 1950
1512760 1950
1512770 1950
1512780 1950
1512790 1949
1512800 1951
1512810 1951
1512820 1953
1512830 1950
1512840 1950
1512850 1944
1512860 1942
1512870 1942
1512880 1942
1512890 1946
1512900 1956
1512910 1956
1512920 1950
1512930 1949
1512940 1949
1512950 1965
1512960 1961
1512970 1961
1512980 1959
1512990 1959
1513000 1959
1513010 1955
1513020 1961
1513030 1961
1513040 1976
1513050 1980
1513060 1980
1513070 1986
1513080 1989
1513090 1989
1513100 1998
1513110 2005
1513120 2008
1513130 2008
1513140 2006
1513150 2008
1513160 2008
1513170 2008
1513180 2010
1513190 2010
1513200 2014
1513210 2015
1513220 2015
1513230 2018
1513240 2021
1513250 2021
1513260 2024
1513270 2027
1513280 2027
1513290 2030
1513300 2033
1513310 2033
1513320 2037
1513330 2039
1513340 2039
1513350 2041
1513360 2042
1513370 2042
1513380 2042
1513390 2042
1513400 2039
1513410 2039
1513420 2037
1513430 2035
1513440 2035
1513450 2033
1513460 2025
1513470 2025
1513480 2020
1513490 2016
1513500 2016
1513510 2013
1513520 2010
1513530 2010
1513540 2006
1513550 2003
1513560 2003
1513570 2000
1513580 1995
1513590 1993
1513600 1993
1513610 1991
1513620 1987
1513630 1987
1513640 1984
1513650 1982
1513660 1982
1513670 1978
1513680 1975
1513690 1975
1513700 1973
1513710 1974
1513720 1974
1513730 1974
1513740 1973
1513750 1973
1513760 1970
1513770 1966
1513780 1966
1513790 1961
1513800 1956
1513810 1956
1513820 1952
1513830 1946
1513840 1939
1513850 1939
1513860 1930
1513870 1923
1513880 1923
1513890 1918
1513900 1913
1513910 1913
1513920 1908
1513930 1904
1513940 1904
1513950 1901
1513960 1898
1513970 1898
1513980 1894
1513990 1889
1514000 1889
1514010 1886
1514020 1883
1514030 1883
1514040 1883
1514050 1882
1514060 1881
1514070 1881
1514080 1880
1514090 1881
1514100 1881
1514110 1880
1514120 1879
1514130 1879
1514140 1877
1514150 1871
1514160 1871
1514170 1865
1514180 1859
1514190 1859
1514200 1854
1514210 1852
1514220 1852
1514230 1848
1514240 1842
1514250 1842
1514260 1835
1514270 1835
1514280 1835
1514290 1835
1514300 1833
1514310 1831
1514320 1831
1514330 1828
1514340 1824
1514350 1824
1514360 1820
1514370 1815
1514380 1815
1514390 1811
1514400 1806
1514410 1806
1514420 1799
1514430 1794
1514440 1794
1514450 1787
1514460 1781
1514470 1781
1514480 1774
1514490 1773
1514500 1773
1514510 1772
1514520 1769
1514530 1766
1514540 1766
1514550 1763
1514560 1759
1514570 1759
1514580 1752
1514590 1745
1514600 1745
1514610 1738
1514620 1732
1514630 1732
1514640 1728
1514650 1722
1514660 1722
1514670 1716
1514680 1710
1514690 1710
1514700 1703
1514710 1695
1514720 1695
1514730 1687
1514740 1681
1514750 1681
1514760 1676
1514770 1672
1514780 1668
1514790 1668
1514800 1665
1514810 1664
1514820 1664
1514830 1662
1514840 1659
1514850 1659
1514860 1658
1514870 1657
1514880 1657
1514890 1655
1514900 1646
1514910 1646
1514920 1639
1514930 1643
1514940 1643
1514950 1649
1514960 1653
1514970 1653
1514980 1654
1514990 1655
1515000 1655
1515010 1655
1515020 1652
1515030 1648
1515040 1648
1515050 1645
1515060 1642
1515070 1642
1515080 1641
1515090 1638
1515100 1638
1515110 1635
1515120 1631
1515130 1631
1515140 1627
1515150 1625
1515160 1625
1515170 1623
1515180 1622
1515190 1622
1515200 1622
1515210 1622
1515220 1622
1515230 1618
1515240 1613
1515250 1609
1515260 1609
1515270 1605
1515280 1602
1515290 1602
1515300 1599
1515310 1596
1515320 1596
1515330 1593
1515340 1593
1515350 1593
1515360 1592
1515370 1590
1515380 1590
1515390 1588
1515400 1586
1515410 1586
1515420 1585
1515430 1583
1515440 1583
1515450 1581
1515460 1581
1515470 1581
1515480 1580
1515490 1577
1515500 1574
1515510 1574
1515520 1570
1515530 1568
1515540 1568
1515550 1566
1515560 1565
1515570 1565
1515580 1564
1515590 1562
1515600 1562
1515610 1561
1515620 1559
1515630 1559
1515640 1558
1515650 1557
1515660 1557
1515670 1556
1515680 1556
1515690 1556
1515700 1554
1515710 1551
1515720 1548
1515730 1548
1515740 1545
1515750 1542
1515760 1542
1515770 1538
1515780 1534
1515790 1534
1515800 1531
1515810 1528
1515820 1528
1515830 1526
1515840 1522
1515850 1522
1515860 1517
1515870 1513
1515880 1513
1515890 1509
1515900 1506
1515910 1506
1515920 1502
1515930 1497
1515940 1497
1515950 1493
1515960 1488
1515970 1481
1515980 1481
1515990 1473
1516000 1465
1516010 1465
1516020 1458
1516030 1452
1516040 1452
1516050 1447
1516060 1441
1516070 1441
1516080 1433
1516090 1425
1516100 1425
1516110 1417
1516120 1408
1516130 1408
1516140 1399
1516150 1393
1516160 1393
1516170 1388
1516180 1382
1516190 1374
1516200 1374
1516210 1363
1516220 1353
1516230 1353
1516240 1344
1516250 1336
1516260 1336
1516270 1328
1516280 1321
1516290 1321
1516300 1314
1516310 1306
1516320 1306
1516330 1299
1516340 1293
1516350 1293
1516360 1287
1516370 1284
1516380 1284
1516390 1280
1516400 1277
1516410 1277
1516420 1274
1516430 1271
1516440 1267
1516450 1267
1516460 1262
1516470 1259
1516480 1259
1516490 1255
1516500 1252
1516510 1252
1516520 1249
1516530 1246
1516540 1246
1516550 1243
1516560 1240
1516570 1240
1516580 1237
1516590 1235
1516600 1235
1516610 1232
1516620 1230
1516630 1230
1516640 1227
1516650 1225
1516660 1222
1516670 1222
1516680 1220
1516690 1217
1516700 1217
1516710 1215
1516720 1213
1516730 1213
1516740 1211
1516750 1209
1516760 1209
1516770 1206
1516780 1204
1516790 1204
1516800 1203
1516810 1203
1516820 1203
1516830 1203
1516840 1203
1516850 1203
1516860 1202
1516870 1202
1516880 1202
1516890 1202
1516900 1202
1516910 1202
1516920 1202
1516930 1202
1516940 1202
1516950 1202
1516960 1202
1516970 1202
1516980 1202
1516990 1202
1517000 1201
1517010 1201
1517020 1201
1517030 1201
1517040 1201
1517050 1201
1517060 1201
1517070 1201
1517080 1201
1517090 1201
1517100 1201
1517110 1201
1517120 1201
1517130 1201
1517140 1201
1517150 1201
1517160 1201
1517170 1201
1517180 1200
1517190 1200
1517200 1200
1517210 1200
1517220 1200
1517230 1200
1517240 1199
1517250 1199
1517260 1199
1517270 1199
1517280 1199
1517290 1199
1517300 1199
1517310 1199
1517320 1199
1517330 1199
1517340 1199
1517350 1199
1517360 1200
1517370 1201
1517380 1201
1517390 1201
1517400 1201
1517410 1201
1517420 1201
1517430 1201
1517440 1202
1517450 1202
1517460 1202
1517470 1202
1517480 1202
1517490 1202
1517500 1202
1517510 1202
1517520 1202
1517530 1202
1517540 1202
1517550 1202
1517560 1201
1517570 1201
1517580 1202
1517590 1206
1517600 1208
1517610 1208
1517620 1211
1517630 1214
1517640 1214
1517650 1217
1517660 1219
1517670 1219
1517680 1221
1517690 1223
1517700 1223
1517710 1225
1517720 1227
1517730 1227
1517740 1228
1517750 1230
1517760 1230
1517770 1233
1517780 1235
1517790 1235
1517800 1236
1517810 1238
1517820 1238
1517830 1243
1517840 1248
1517850 1252
1517860 1252
1517870 1258
1517880 1264
1517890 1264
1517900 1270
1517910 1278
1517920 1278
1517930 1283
1517940 1287
1517950 1287
1517960 1292
1517970 1297
1517980 1297
1517990 1301
1518000 1306
1518010 1306
1518020 1309
1518030 1312
1518040 1312
1518050 1308
1518060 1310
1518070 1310
1518080 1326
1518090 1341
1518100 1356
1518110 1356
1518120 1367
1518130 1380
1518140 1380
1518150 1392
1518160 1397
1518170 1397
1518180 1403
1518190 1409
1518200 1409
1518210 1415
1518220 1422
1518230 1422
1518240 1428
1518250 1435
1518260 1435
1518270 1446
1518280 1461
1518290 1461
1518300 1469
1518310 1479
1518320 1485
1518330 1485
1518340 1490
1518350 1494
1518360 1494
1518370 1500
1518380 1508
1518390 1508
1518400 1510
1518410 1513
1518420 1513
1518430 1517
1518440 1520
1518450 1520
1518460 1522
1518470 1525
1518480 1525
1518490 1528
1518500 1531
1518510 1531
1518520 1534
1518530 1538
1518540 1538
1518550 1541
1518560 1543
1518570 1541
1518580 1541
1518590 1541
1518600 1544
1518610 1544
1518620 1547
1518630 1551
1518640 1551
1518650 1556
1518660 1565
1518670 1565
1518680 1573
1518690 1575
1518700 1575
1518710 1575
1518720 1573
1518730 1573
1518740 1570
1518750 1570
1518760 1570
1518770 1571
1518780 1575
1518790 1577
1518800 1577
1518810 1580
1518820 1582
1518830 1582
1518840 1585
1518850 1593
1518860 1593
1518870 1598
1518880 1602
1518890 1602
1518900 1604
1518910 1607
1518920 1607
1518930 1610
1518940 1611
1518950 1611
1518960 1614
1518970 1619
1518980 1619
1518990 1624
1519000 1628
1519010 1628
1519020 1632
1519030 1637
1519040 1641
1519050 1641
1519060 1644
1519070 1647
1519080 1647
1519090 1650
1519100 1654
1519110 1654
1519120 1658
1519130 1663
1519140 1663
1519150 1669
1519160 1678
1519170 1678
1519180 1683
1519190 1690
1519200 1690
1519210 1698
1519220 1704
1519230 1704
1519240 1715
1519250 1729
1519260 1738
1519270 1738
1519280 1743
1519290 1749
1519300 1749
1519310 1755
1519320 1762
1519330 1762
1519340 1769
1519350 1776
1519360 1776
1519370 1782
1519380 1788
1519390 1788
1519400 1797
1519410 1804
1519420 1804
1519430 1810
1519440 1817
1519450 1817
1519460 1822
1519470 1825
1519480 1825
1519490 1827
1519500 1830
1519510 1835
1519520 1835
1519530 1839
1519540 1841
1519550 1841
1519560 1844
1519570 1843
1519580 1843
1519590 1840
1519600 1837
1519610 1837
1519620 1835
1519630 1834
1519640 1834
1519650 1833
1519660 1839
1519670 1839
1519680 1847
1519690 1854
1519700 1854
1519710 1861
1519720 1871
1519730 1876
1519740 1876
1519750 1879
1519760 1883
1519770 1883
1519780 1890
1519790 1897
1519800 1897
1519810 1904
1519820 1911
1519830 1911
1519840 1917
1519850 1920
1519860 1920
1519870 1919
1519880 1916
1519890 1916
1519900 1915
1519910 1913
1519920 1913
1519930 1913
1519940 1912
1519950 1912
1519960 1912
1519970 1912
1519980 1913
1519990 1913
