1500000 1937
1500010 1941
1500020 1944
1500030 1944
1500040 1948
1500050 1951
1500060 1951
1500070 1956
1500080 1959
1500090 1959
1500100 1963
1500110 1964
1500120 1964
1500130 1964
1500140 1970
1500150 1970
1500160 1980
1500170 1987
1500180 1987
1500190 1994
1500200 2000
1500210 2006
1500220 2006
1500230 2013
1500240 2020
1500250 2020
1500260 2027
1500270 2034
1500280 2034
1500290 2042
1500300 2049
1500310 2049
1500320 2055
1500330 2061
1500340 2061
1500350 2067
1500360 2076
1500370 2076
1500380 2090
1500390 2106
1500400 2106
1500410 2113
1500420 2122
1500430 2122
1500440 2132
1500450 2139
1500460 2148
1500470 2148
1500480 2156
1500490 2165
1500500 2165
1500510 2174
1500520 2183
1500530 2183
1500540 2193
1500550 2205
1500560 2205
1500570 2215
1500580 2223
1500590 2223
1500600 2230
1500610 2240
1500620 2240
1500630 2247
1500640 2253
1500650 2253
1500660 2258
1500670 2265
1500680 2272
1500690 2272
1500700 2279
1500710 2286
1500720 2286
1500730 2293
1500740 2300
1500750 2300
1500760 2307
1500770 2313
1500780 2313
1500790 2319
1500800 2324
1500810 2324
1500820 2325
1500830 2324
1500840 2324
1500850 2322
1500860 2320
1500870 2320
1500880 2315
1500890 2309
1500900 2309
1500910 2301
1500920 2293
1500930 2284
1500940 2284
1500950 2276
1500960 2269
1500970 2269
1500980 2262
1500990 2253
1501000 2253
1501010 2242
1501020 2232
1501030 2232
1501040 2222
1501050 2212
1501060 2212
1501070 2204
1501080 2196
1501090 2196
1501100 2189
1501110 2183
1501120 2183
1501130 2178
1501140 2173
1501150 2169
1501160 2169
1501170 2164
1501180 2160
1501190 2160
1501200 2157
1501210 2154
1501220 2154
1501230 2150
1501240 2147
1501250 2147
1501260 2144
1501270 2140
1501280 2140
1501290 2138
1501300 2136
1501310 2136
1501320 2135
1501330 2134
1501340 2134
1501350 2132
1501360 2133
1501370 2133
1501380 2135
1501390 2137
1501400 2140
1501410 2140
1501420 2142
1501430 2145
1501440 2145
1501450 2149
1501460 2152
1501470 2152
1501480 2155
1501490 2159
1501500 2159
1501510 2166
1501520 2173
1501530 2173
1501540 2179
1501550 2186
1501560 2186
1501570 2198
1501580 2210
1501590 2210
1501600 2223
1501610 2224
1501620 2224
1501630 2235
1501640 2248
1501650 2267
1501660 2267
1501670 2277
1501680 2287
1501690 2287
1501700 2298
1501710 2301
1501720 2301
1501730 2300
1501740 2307
1501750 2307
1501760 2322
1501770 2334
1501780 2334
1501790 2347
1501800 2360
1501810 2360
1501820 2371
1501830 2364
1501840 2364
1501850 2352
1501860 2344
1501870 2338
1501880 2338
1501890 2332
1501900 2335
1501910 2335
1501920 2328
1501930 2320
1501940 2320
1501950 2311
1501960 2305
1501970 2305
1501980 2298
1501990 2294
1502000 2294
1502010 2290
1502020 2285
1502030 2285
1502040 2280
1502050 2275
1502060 2275
1502070 2270
1502080 2264
1502090 2264
1502100 2259
1502110 2254
1502120 2250
1502130 2250
1502140 2245
1502150 2241
1502160 2241
1502170 2236
1502180 2230
1502190 2230
1502200 2222
1502210 2216
1502220 2216
1502230 2213
1502240 2208
1502250 2208
1502260 2203
1502270 2199
1502280 2199
1502290 2195
1502300 2190
1502310 2190
1502320 2183
1502330 2175
1502340 2172
1502350 2172
1502360 2173
1502370 2179
1502380 2179
1502390 2183
1502400 2181
1502410 2181
1502420 2181
1502430 2185
1502440 2185
1502450 2189
1502460 2195
1502470 2195
1502480 2201
1502490 2196
1502500 2196
1502510 2188
1502520 2180
1502530 2180
1502540 2171
1502550 2160
1502560 2160
1502570 2154
1502580 2148
1502590 2140
1502600 2140
1502610 2132
1502620 2125
1502630 2125
1502640 2119
1502650 2113
1502660 2113
1502670 2107
1502680 2101
1502690 2101
1502700 2096
1502710 2090
1502720 2090
1502730 2085
1502740 2080
1502750 2080
1502760 2075
1502770 2070
1502780 2070
1502790 2065
1502800 2058
1502810 2058
1502820 2058
1502830 2061
1502840 2059
1502850 2059
1502860 2056
1502870 2055
1502880 2055
1502890 2057
1502900 2054
1502910 2054
1502920 2051
1502930 2052
1502940 2052
1502950 2052
1502960 2053
1502970 2053
1502980 2055
1502990 2060
1503000 2060
1503010 2067
1503020 2073
1503030 2073
1503040 2074
1503050 2075
1503060 2079
1503070 2079
1503080 2082
1503090 2081
1503100 2081
1503110 2079
1503120 2071
1503130 2071
1503140 2061
1503150 2054
1503160 2054
1503170 2050
1503180 2058
1503190 2058
1503200 2058
1503210 2055
1503220 2055
1503230 2055
1503240 2049
1503250 2049
1503260 2043
1503270 2043
1503280 2043
1503290 2044
1503300 2045
1503310 2045
1503320 2045
1503330 2045
1503340 2044
1503350 2044
1503360 2044
1503370 2043
1503380 2043
1503390 2041
1503400 2042
1503410 2042
1503420 2040
1503430 2039
1503440 2039
1503450 2037
1503460 2036
1503470 2036
1503480 2037
1503490 2038
1503500 2038
1503510 2041
1503520 2044
1503530 2048
1503540 2048
1503550 2052
1503560 2058
1503570 2058
1503580 2061
1503590 2063
1503600 2063
1503610 2067
1503620 2070
1503630 2070
1503640 2073
1503650 2077
1503660 2077
1503670 2082
1503680 2088
1503690 2088
1503700 2092
1503710 2094
1503720 2094
1503730 2095
1503740 2097
1503750 2097
1503760 2101
1503770 2103
1503780 2106
1503790 2106
1503800 2110
1503810 2114
1503820 2114
1503830 2118
1503840 2122
1503850 2122
1503860 2124
1503870 2126
1503880 2126
1503890 2128
1503900 2131
1503910 2131
1503920 2135
1503930 2138
1503940 2138
1503950 2141
1503960 2142
1503970 2142
1503980 2145
1503990 2149
1504000 2149
1504010 2153
1504020 2157
1504030 2161
1504040 2161
1504050 2166
1504060 2170
1504070 2170
1504080 2175
1504090 2180
1504100 2180
1504110 2186
1504120 2194
1504130 2194
1504140 2210
1504150 2224
1504160 2224
1504170 2231
1504180 2241
1504190 2241
1504200 2252
1504210 2259
1504220 2259
1504230 2265
1504240 2271
1504250 2284
1504260 2284
1504270 2296
1504280 2305
1504290 2305
1504300 2312
1504310 2319
1504320 2319
1504330 2326
1504340 2337
1504350 2337
1504360 2347
1504370 2355
1504380 2355
1504390 2366
1504400 2376
1504410 2376
1504420 2384
1504430 2389
1504440 2389
1504450 2394
1504460 2400
1504470 2400
1504480 2409
1504490 2417
1504500 2425
1504510 2425
1504520 2433
1504530 2441
1504540 2441
1504550 2453
1504560 2461
1504570 2461
1504580 2469
1504590 2478
1504600 2478
1504610 2487
1504620 2494
1504630 2494
1504640 2497
1504650 2500
1504660 2500
1504670 2506
1504680 2507
1504690 2507
1504700 2499
1504710 2490
1504720 2477
1504730 2477
1504740 2463
1504750 2448
1504760 2448
1504770 2433
1504780 2413
1504790 2413
1504800 2389
1504810 2374
1504820 2374
1504830 2364
1504840 2354
1504850 2354
1504860 2346
1504870 2340
1504880 2340
1504890 2335
1504900 2330
1504910 2330
1504920 2326
1504930 2321
1504940 2321
1504950 2317
1504960 2313
1504970 2310
1504980 2310
1504990 2307
1505000 2304
1505010 2304
1505020 2301
1505030 2297
1505040 2297
1505050 2294
1505060 2290
1505070 2290
1505080 2288
1505090 2289
1505100 2289
1505110 2289
1505120 2288
1505130 2288
1505140 2288
1505150 2287
1505160 2287
1505170 2286
1505180 2287
1505190 2287
1505200 2287
1505210 2287
1505220 2288
1505230 2288
1505240 2286
1505250 2285
1505260 2285
1505270 2282
1505280 2279
1505290 2279
1505300 2275
1505310 2269
1505320 2269
1505330 2263
1505340 2258
1505350 2258
1505360 2256
1505370 2254
1505380 2254
1505390 2253
1505400 2252
1505410 2252
1505420 2248
1505430 2246
1505440 2244
1505450 2244
1505460 2242
1505470 2242
1505480 2242
1505490 2242
1505500 2241
1505510 2241
1505520 2239
1505530 2237
1505540 2237
1505550 2236
1505560 2235
1505570 2235
1505580 2235
1505590 2236
1505600 2236
1505610 2238
1505620 2241
1505630 2241
1505640 2242
1505650 2243
1505660 2243
1505670 2243
1505680 2243
1505690 2243
1505700 2243
1505710 2242
1505720 2241
1505730 2241
1505740 2238
1505750 2235
1505760 2235
1505770 2235
1505780 2235
1505790 2235
1505800 2235
1505810 2234
1505820 2234
1505830 2233
1505840 2232
1505850 2232
1505860 2231
1505870 2230
1505880 2230
1505890 2230
1505900 2229
1505910 2228
1505920 2228
1505930 2228
1505940 2227
1505950 2227
1505960 2227
1505970 2227
1505980 2227
1505990 2227
1506000 2227
1506010 2227
1506020 2226
1506030 2226
1506040 2226
1506050 2227
1506060 2228
1506070 2228
1506080 2231
1506090 2234
1506100 2234
1506110 2240
1506120 2243
1506130 2243
1506140 2247
1506150 2253
1506160 2259
1506170 2259
1506180 2263
1506190 2266
1506200 2266
1506210 2270
1506220 2278
1506230 2278
1506240 2287
1506250 2291
1506260 2291
1506270 2295
1506280 2300
1506290 2300
1506300 2305
1506310 2310
1506320 2310
1506330 2316
1506340 2324
1506350 2324
1506360 2335
1506370 2343
1506380 2350
1506390 2350
1506400 2356
1506410 2362
1506420 2362
1506430 2368
1506440 2373
1506450 2373
1506460 2379
1506470 2385
1506480 2385
1506490 2390
1506500 2396
1506510 2396
1506520 2402
1506530 2408
1506540 2408
1506550 2414
1506560 2420
1506570 2420
1506580 2425
1506590 2431
1506600 2431
1506610 2436
1506620 2442
1506630 2448
1506640 2448
1506650 2452
1506660 2457
1506670 2457
1506680 2459
1506690 2456
1506700 2456
1506710 2451
1506720 2446
1506730 2446
1506740 2440
1506750 2434
1506760 2434
1506770 2426
1506780 2420
1506790 2420
1506800 2413
1506810 2406
1506820 2406
1506830 2399
1506840 2390
1506850 2390
1506860 2380
1506870 2372
1506880 2362
1506890 2362
1506900 2355
1506910 2349
1506920 2349
1506930 2344
1506940 2339
1506950 2339
1506960 2335
1506970 2331
1506980 2331
1506990 2327
1507000 2322
1507010 2322
1507020 2318
1507030 2314
1507040 2314
1507050 2310
1507060 2308
1507070 2308
1507080 2306
1507090 2304
1507100 2302
1507110 2302
1507120 2299
1507130 2293
1507140 2293
1507150 2285
1507160 2279
1507170 2279
1507180 2274
1507190 2268
1507200 2268
1507210 2262
1507220 2257
1507230 2257
1507240 2253
1507250 2250
1507260 2250
1507270 2247
1507280 2243
1507290 2243
1507300 2241
1507310 2241
1507320 2241
1507330 2241
1507340 2241
1507350 2241
1507360 2241
1507370 2241
1507380 2240
1507390 2240
1507400 2238
1507410 2237
1507420 2237
1507430 2236
1507440 2234
1507450 2234
1507460 2233
1507470 2233
1507480 2233
1507490 2236
1507500 2238
1507510 2238
1507520 2239
1507530 2236
1507540 2236
1507550 2233
1507560 2233
1507570 2232
1507580 2232
1507590 2232
1507600 2232
1507610 2232
1507620 2232
1507630 2233
1507640 2233
1507650 2234
1507660 2234
1507670 2234
1507680 2234
1507690 2234
1507700 2234
1507710 2234
1507720 2237
1507730 2237
1507740 2237
1507750 2238
1507760 2238
1507770 2238
1507780 2240
1507790 2240
1507800 2241
1507810 2243
1507820 2247
1507830 2247
1507840 2250
1507850 2253
1507860 2253
1507870 2256
1507880 2259
1507890 2259
1507900 2261
1507910 2263
1507920 2263
1507930 2265
1507940 2268
1507950 2268
1507960 2271
1507970 2276
1507980 2276
1507990 2282
1508000 2288
1508010 2288
1508020 2295
1508030 2304
1508040 2304
1508050 2324
1508060 2342
1508070 2354
1508080 2354
1508090 2354
1508100 2352
1508110 2352
1508120 2346
1508130 2347
1508140 2347
1508150 2360
1508160 2363
1508170 2363
1508180 2367
1508190 2383
1508200 2383
1508210 2394
1508220 2412
1508230 2412
1508240 2416
1508250 2418
1508260 2418
1508270 2416
1508280 2409
1508290 2403
1508300 2403
1508310 2394
1508320 2385
1508330 2385
1508340 2373
1508350 2361
1508360 2361
1508370 2352
1508380 2344
1508390 2344
1508400 2333
1508410 2324
1508420 2324
1508430 2317
1508440 2310
1508450 2310
1508460 2303
1508470 2297
1508480 2297
1508490 2292
1508500 2285
1508510 2285
1508520 2279
1508530 2273
1508540 2268
1508550 2268
1508560 2264
1508570 2261
1508580 2261
1508590 2258
1508600 2253
1508610 2253
1508620 2248
1508630 2243
1508640 2243
1508650 2239
1508660 2235
1508670 2235
1508680 2229
1508690 2224
1508700 2224
1508710 2218
1508720 2214
1508730 2214
1508740 2211
1508750 2208
1508760 2207
1508770 2207
1508780 2206
1508790 2205
1508800 2205
1508810 2205
1508820 2205
1508830 2205
1508840 2206
1508850 2206
1508860 2206
1508870 2207
1508880 2207
1508890 2207
1508900 2206
1508910 2202
1508920 2202
1508930 2197
1508940 2192
1508950 2192
1508960 2188
1508970 2183
1508980 2183
1508990 2180
1509000 2177
1509010 2174
1509020 2174
1509030 2172
1509040 2171
1509050 2171
1509060 2171
1509070 2171
1509080 2171
1509090 2174
1509100 2177
1509110 2177
1509120 2178
1509130 2178
1509140 2178
1509150 2179
1509160 2181
1509170 2181
1509180 2181
1509190 2178
1509200 2178
1509210 2175
1509220 2172
1509230 2172
1509240 2172
1509250 2174
1509260 2175
1509270 2175
1509280 2173
1509290 2170
1509300 2170
1509310 2172
1509320 2173
1509330 2173
1509340 2173
1509350 2173
1509360 2173
1509370 2175
1509380 2174
1509390 2174
1509400 2169
1509410 2164
1509420 2164
1509430 2164
1509440 2165
1509450 2165
1509460 2163
1509470 2160
1509480 2161
1509490 2161
1509500 2161
1509510 2161
1509520 2161
1509530 2162
1509540 2163
1509550 2163
1509560 2160
1509570 2158
1509580 2158
1509590 2157
1509600 2158
1509610 2158
1509620 2159
1509630 2161
1509640 2161
1509650 2160
1509660 2158
1509670 2158
1509680 2156
1509690 2153
1509700 2153
1509710 2152
1509720 2150
1509730 2149
1509740 2149
1509750 2149
1509760 2146
1509770 2146
1509780 2142
1509790 2138
1509800 2138
1509810 2133
1509820 2129
1509830 2129
1509840 2126
1509850 2123
1509860 2123
1509870 2123
1509880 2126
1509890 2126
1509900 2130
1509910 2136
1509920 2136
1509930 2146
1509940 2154
1509950 2157
1509960 2157
1509970 2155
1509980 2152
1509990 2152
1510000 2148
1510010 2141
1510020 2141
1510030 2137
1510040 2134
1510050 2134
1510060 2132
1510070 2130
1510080 2130
1510090 2127
1510100 2125
1510110 2125
1510120 2122
1510130 2120
1510140 2120
1510150 2117
1510160 2116
1510170 2116
1510180 2114
1510190 2113
1510200 2115
1510210 2115
1510220 2116
1510230 2117
1510240 2117
1510250 2122
1510260 2129
1510270 2129
1510280 2135
1510290 2137
1510300 2137
1510310 2139
1510320 2143
1510330 2143
1510340 2144
1510350 2145
1510360 2145
1510370 2148
1510380 2149
1510390 2149
1510400 2148
1510410 2146
1510420 2142
1510430 2142
1510440 2135
1510450 2127
1510460 2127
1510470 2125
1510480 2128
1510490 2128
1510500 2122
1510510 2116
1510520 2116
1510530 2106
1510540 2095
1510550 2095
1510560 2091
1510570 2082
1510580 2082
1510590 2073
1510600 2068
1510610 2068
1510620 2063
1510630 2059
1510640 2059
1510650 2056
1510660 2050
1510670 2043
1510680 2043
1510690 2038
1510700 2036
1510710 2036
1510720 2035
1510730 2034
1510740 2034
1510750 2032
1510760 2030
1510770 2030
1510780 2028
1510790 2028
1510800 2028
1510810 2028
1510820 2026
1510830 2026
1510840 2024
1510850 2023
1510860 2023
1510870 2020
1510880 2017
1510890 2017
1510900 2013
1510910 2010
1510920 2008
1510930 2008
1510940 2005
1510950 2003
1510960 2003
1510970 2002
1510980 2001
1510990 2001
1511000 1999
1511010 1997
1511020 1997
1511030 1996
1511040 1995
1511050 1995
1511060 1996
1511070 1998
1511080 1998
1511090 1999
1511100 1998
1511110 1998
1511120 1999
1511130 1998
1511140 2000
1511150 2000
1511160 2002
1511170 2005
1511180 2005
1511190 2007
1511200 2009
1511210 2009
1511220 2010
1511230 2011
1511240 2011
1511250 2012
1511260 2016
1511270 2016
1511280 2021
1511290 2018
1511300 2018
1511310 2015
1511320 2018
1511330 2018
1511340 2019
1511350 2020
1511360 2020
1511370 2023
1511380 2021
1511390 2022
1511400 2022
1511410 2024
1511420 2021
1511430 2021
1511440 2017
1511450 2012
1511460 2012
1511470 2009
1511480 2017
1511490 2017
1511500 2022
1511510 2028
1511520 2028
1511530 2028
1511540 2030
1511550 2030
1511560 2030
1511570 2030
1511580 2030
1511590 2031
1511600 2028
1511610 2029
1511620 2029
1511630 2033
1511640 2035
1511650 2035
1511660 2037
1511670 2035
1511680 2035
1511690 2032
1511700 2029
1511710 2029
1511720 2026
1511730 2019
1511740 2019
1511750 2015
1511760 2025
1511770 2025
1511780 2039
1511790 2038
1511800 2038
1511810 2037
1511820 2036
1511830 2036
1511840 2031
1511850 2025
1511860 2023
1511870 2023
1511880 2020
1511890 2016
1511900 2016
1511910 2010
1511920 2003
1511930 2003
1511940 1996
1511950 1989
1511960 1989
1511970 1982
1511980 1975
1511990 1975
1512000 1968
1512010 1961
1512020 1961
1512030 1952
1512040 1943
1512050 1943
1512060 1934
1512070 1925
1512080 1925
1512090 1918
1512100 1911
1512110 1902
1512120 1902
1512130 1891
1512140 1878
1512150 1878
1512160 1866
1512170 1857
1512180 1857
1512190 1851
1512200 1845
1512210 1845
1512220 1839
1512230 1834
1512240 1834
1512250 1829
1512260 1824
1512270 1824
1512280 1820
1512290 1816
1512300 1816
1512310 1812
1512320 1807
1512330 1804
1512340 1804
1512350 1801
1512360 1800
1512370 1800
1512380 1800
1512390 1800
1512400 1800
1512410 1799
1512420 1795
1512430 1795
1512440 1791
1512450 1786
1512460 1786
1512470 1782
1512480 1778
1512490 1778
1512500 1772
1512510 1765
1512520 1765
1512530 1758
1512540 1750
1512550 1750
1512560 1744
1512570 1739
1512580 1735
1512590 1735
1512600 1729
1512610 1723
1512620 1723
1512630 1716
1512640 1708
1512650 1708
1512660 1697
1512670 1685
1512680 1685
1512690 1675
1512700 1668
1512710 1668
1512720 1662
1512730 1658
1512740 1658
1512750 1653
1512760 1650
1512770 1650
1512780 1647
1512790 1645
1512800 1642
1512810 1642
1512820 1640
1512830 1637
1512840 1637
1512850 1634
1512860 1632
1512870 1632
1512880 1630
1512890 1627
1512900 1627
1512910 1625
1512920 1623
1512930 1623
1512940 1622
1512950 1622
1512960 1622
1512970 1622
1512980 1622
1512990 1622
1513000 1621
1513010 1621
1513020 1621
1513030 1620
1513040 1620
1513050 1620
1513060 1620
1513070 1619
1513080 1616
1513090 1616
1513100 1617
1513110 1616
1513120 1616
1513130 1614
1513140 1614
1513150 1614
1513160 1615
1513170 1617
1513180 1617
1513190 1619
1513200 1619
1513210 1619
1513220 1619
1513230 1619
1513240 1619
1513250 1618
1513260 1618
1513270 1618
1513280 1617
1513290 1616
1513300 1615
1513310 1615
1513320 1614
1513330 1614
1513340 1614
1513350 1613
1513360 1613
1513370 1613
1513380 1613
1513390 1612
1513400 1612
1513410 1611
1513420 1607
1513430 1607
1513440 1604
1513450 1602
1513460 1602
1513470 1600
1513480 1597
1513490 1597
1513500 1596
1513510 1593
1513520 1590
1513530 1590
1513540 1587
1513550 1586
1513560 1586
1513570 1583
1513580 1581
1513590 1581
1513600 1580
1513610 1579
1513620 1579
1513630 1576
1513640 1575
1513650 1575
1513660 1573
1513670 1572
1513680 1572
1513690 1572
1513700 1572
1513710 1572
1513720 1572
1513730 1571
1513740 1571
1513750 1569
1513760 1567
1513770 1565
1513780 1565
1513790 1563
1513800 1552
1513810 1552
1513820 1548
1513830 1545
1513840 1545
1513850 1543
1513860 1541
1513870 1541
1513880 1538
1513890 1534
1513900 1534
1513910 1530
1513920 1526
1513930 1526
1513940 1523
1513950 1520
1513960 1520
1513970 1518
1513980 1516
1513990 1513
1514000 1513
1514010 1511
1514020 1507
1514030 1507
1514040 1503
1514050 1499
1514060 1499
1514070 1495
1514080 1494
1514090 1494
1514100 1493
1514110 1491
1514120 1491
1514130 1490
1514140 1487
1514150 1487
1514160 1485
1514170 1482
1514180 1482
1514190 1479
1514200 1476
1514210 1476
1514220 1473
1514230 1470
1514240 1466
1514250 1466
1514260 1462
1514270 1460
1514280 1460
1514290 1457
1514300 1454
1514310 1454
1514320 1452
1514330 1449
1514340 1449
1514350 1445
1514360 1443
1514370 1443
1514380 1439
1514390 1434
1514400 1434
1514410 1430
1514420 1427
1514430 1427
1514440 1425
1514450 1423
1514460 1423
1514470 1422
1514480 1421
1514490 1419
1514500 1419
1514510 1416
1514520 1415
1514530 1415
1514540 1414
1514550 1412
1514560 1412
1514570 1410
1514580 1407
1514590 1407
1514600 1406
1514610 1407
1514620 1407
1514630 1406
1514640 1404
1514650 1404
1514660 1399
1514670 1390
1514680 1390
1514690 1384
1514700 1383
1514710 1385
1514720 1385
1514730 1386
1514740 1385
1514750 1385
1514760 1383
1514770 1382
1514780 1382
1514790 1380
1514800 1379
1514810 1379
1514820 1378
1514830 1376
1514840 1376
1514850 1375
1514860 1372
1514870 1372
1514880 1370
1514890 1367
1514900 1367
1514910 1366
1514920 1364
1514930 1364
1514940 1362
1514950 1359
1514960 1356
1514970 1356
1514980 1352
1514990 1351
1515000 1351
1515010 1349
1515020 1346
1515030 1346
1515040 1343
1515050 1340
1515060 1340
1515070 1336
1515080 1332
1515090 1332
1515100 1328
1515110 1325
1515120 1325
1515130 1323
1515140 1321
1515150 1321
1515160 1321
1515170 1321
1515180 1320
1515190 1320
1515200 1319
1515210 1315
1515220 1315
1515230 1313
1515240 1310
1515250 1310
1515260 1308
1515270 1305
1515280 1305
1515290 1303
1515300 1299
1515310 1299
1515320 1297
1515330 1295
1515340 1295
1515350 1293
1515360 1295
1515370 1295
1515380 1293
1515390 1292
1515400 1292
1515410 1290
1515420 1287
1515430 1278
1515440 1278
1515450 1268
1515460 1273
1515470 1273
1515480 1276
1515490 1274
1515500 1274
1515510 1271
1515520 1269
1515530 1269
1515540 1267
1515550 1265
1515560 1265
1515570 1263
1515580 1262
1515590 1262
1515600 1261
1515610 1259
1515620 1259
1515630 1258
1515640 1256
1515650 1256
1515660 1252
1515670 1248
1515680 1246
1515690 1246
1515700 1244
1515710 1241
1515720 1241
1515730 1238
1515740 1235
1515750 1235
1515760 1233
1515770 1231
1515780 1231
1515790 1229
1515800 1225
1515810 1225
1515820 1224
1515830 1223
1515840 1223
1515850 1221
1515860 1220
1515870 1220
1515880 1218
1515890 1216
1515900 1214
1515910 1214
1515920 1213
1515930 1212
1515940 1212
1515950 1212
1515960 1212
1515970 1212
1515980 1212
1515990 1212
1516000 1212
1516010 1212
1516020 1212
1516030 1212
1516040 1211
1516050 1211
1516060 1211
1516070 1212
1516080 1212
1516090 1212
1516100 1211
1516110 1211
1516120 1211
1516130 1211
1516140 1213
1516150 1214
1516160 1214
1516170 1215
1516180 1216
1516190 1216
1516200 1217
1516210 1217
1516220 1217
1516230 1218
1516240 1219
1516250 1219
1516260 1220
1516270 1221
1516280 1221
1516290 1222
1516300 1223
1516310 1223
1516320 1223
1516330 1223
1516340 1223
1516350 1224
1516360 1226
1516370 1227
1516380 1227
1516390 1228
1516400 1229
1516410 1229
1516420 1230
1516430 1231
1516440 1231
1516450 1231
1516460 1232
1516470 1232
1516480 1233
1516490 1234
1516500 1234
1516510 1235
1516520 1236
1516530 1236
1516540 1238
1516550 1239
1516560 1239
1516570 1240
1516580 1241
1516590 1241
1516600 1242
1516610 1243
1516620 1243
1516630 1243
1516640 1244
1516650 1244
1516660 1244
1516670 1244
1516680 1246
1516690 1246
1516700 1247
1516710 1247
1516720 1247
1516730 1248
1516740 1249
1516750 1249
1516760 1248
1516770 1249
1516780 1249
1516790 1249
1516800 1249
1516810 1249
1516820 1249
1516830 1249
1516840 1249
1516850 1249
1516860 1249
1516870 1250
1516880 1250
1516890 1251
1516900 1252
1516910 1252
1516920 1251
1516930 1252
1516940 1252
1516950 1252
1516960 1252
1516970 1252
1516980 1252
1516990 1252
1517000 1252
1517010 1249
1517020 1245
1517030 1245
1517040 1246
1517050 1251
1517060 1251
1517070 1259
1517080 1264
1517090 1267
1517100 1267
1517110 1268
1517120 1270
1517130 1270
1517140 1274
1517150 1281
1517160 1281
1517170 1287
1517180 1295
1517190 1295
1517200 1303
1517210 1311
1517220 1311
1517230 1316
1517240 1325
1517250 1325
1517260 1338
1517270 1358
1517280 1358
1517290 1378
1517300 1388
1517310 1388
1517320 1390
1517330 1392
1517340 1394
1517350 1394
1517360 1405
1517370 1408
1517380 1408
1517390 1408
1517400 1410
1517410 1410
1517420 1416
1517430 1426
1517440 1426
1517450 1437
1517460 1440
1517470 1440
1517480 1442
1517490 1452
1517500 1452
1517510 1458
1517520 1465
1517530 1465
1517540 1470
1517550 1475
1517560 1481
1517570 1481
1517580 1484
1517590 1486
1517600 1486
1517610 1490
1517620 1504
1517630 1504
1517640 1509
1517650 1510
1517660 1510
1517670 1517
1517680 1525
1517690 1525
1517700 1528
1517710 1530
1517720 1530
1517730 1534
1517740 1538
1517750 1538
1517760 1540
1517770 1545
1517780 1545
1517790 1554
1517800 1563
1517810 1572
1517820 1572
1517830 1582
1517840 1587
1517850 1587
1517860 1590
1517870 1593
1517880 1593
1517890 1603
1517900 1608
1517910 1608
1517920 1613
1517930 1616
1517940 1616
1517950 1620
1517960 1624
1517970 1624
1517980 1627
1517990 1629
1518000 1629
1518010 1632
1518020 1635
1518030 1637
1518040 1637
1518050 1639
1518060 1640
1518070 1640
1518080 1639
1518090 1640
1518100 1640
1518110 1640
1518120 1639
1518130 1639
1518140 1634
1518150 1637
1518160 1637
1518170 1643
1518180 1650
1518190 1650
1518200 1660
1518210 1670
1518220 1670
1518230 1678
1518240 1689
1518250 1689
1518260 1696
1518270 1701
1518280 1701
1518290 1701
1518300 1699
1518310 1698
1518320 1698
1518330 1700
1518340 1704
1518350 1704
1518360 1705
1518370 1710
1518380 1710
1518390 1729
1518400 1736
1518410 1736
1518420 1740
1518430 1742
1518440 1742
1518450 1745
1518460 1748
1518470 1748
1518480 1750
1518490 1753
1518500 1753
1518510 1758
1518520 1763
1518530 1766
1518540 1766
1518550 1770
1518560 1773
1518570 1773
1518580 1776
1518590 1781
1518600 1781
1518610 1785
1518620 1789
1518630 1789
1518640 1793
1518650 1798
1518660 1798
1518670 1803
1518680 1806
1518690 1806
1518700 1810
1518710 1815
1518720 1815
1518730 1818
1518740 1821
1518750 1824
1518760 1824
1518770 1828
1518780 1832
1518790 1832
1518800 1835
1518810 1839
1518820 1839
1518830 1843
1518840 1846
1518850 1846
1518860 1849
1518870 1852
1518880 1852
1518890 1854
1518900 1857
1518910 1857
1518920 1860
1518930 1862
1518940 1862
1518950 1864
1518960 1866
1518970 1866
1518980 1868
1518990 1870
1519000 1872
1519010 1872
1519020 1873
1519030 1874
1519040 1874
1519050 1874
1519060 1876
1519070 1876
1519080 1877
1519090 1882
1519100 1882
1519110 1886
1519120 1889
1519130 1889
1519140 1890
1519150 1893
1519160 1893
1519170 1897
1519180 1905
1519190 1905
1519200 1912
1519210 1916
1519220 1921
1519230 1921
1519240 1926
1519250 1931
1519260 1931
1519270 1938
1519280 1944
1519290 1944
1519300 1951
1519310 1957
1519320 1957
1519330 1963
1519340 1971
1519350 1971
1519360 1977
1519370 1983
1519380 1983
1519390 1988
1519400 1993
1519410 1993
1519420 1998
1519430 2003
1519440 2003
1519450 2008
1519460 2014
1519470 2020
1519480 2020
1519490 2026
1519500 2031
1519510 2031
1519520 2036
1519530 2041
1519540 2041
1519550 2046
1519560 2050
1519570 2050
1519580 2051
1519590 2052
1519600 2052
1519610 2053
1519620 2051
1519630 2051
1519640 2046
1519650 2041
1519660 2041
1519670 2037
1519680 2033
1519690 2033
1519700 2029
1519710 2024
1519720 2020
1519730 2020
1519740 2015
1519750 2012
1519760 2012
1519770 2009
1519780 2007
1519790 2007
1519800 2005
1519810 2004
1519820 2004
1519830 2004
1519840 2001
1519850 2001
1519860 1996
1519870 1993
1519880 1993
1519890 1993
1519900 1993
1519910 1993
1519920 1992
1519930 1990
1519940 1988
1519950 1988
1519960 1985
1519970 1984
1519980 1984
1519990 1983
