1500000 2122
1500010 2125
1500020 2132
1500030 2132
1500040 2138
1500050 2144
1500060 2144
1500070 2150
1500080 2155
1500090 2155
1500100 2164
1500110 2184
1500120 2184
1500130 2193
1500140 2203
1500150 2203
1500160 2215
1500170 2222
1500180 2222
1500190 2229
1500200 2235
1500210 2235
1500220 2241
1500230 2247
1500240 2247
1500250 2252
1500260 2256
1500270 2258
1500280 2258
1500290 2257
1500300 2257
1500310 2257
1500320 2259
1500330 2266
1500340 2266
1500350 2271
1500360 2275
1500370 2275
1500380 2280
1500390 2288
1500400 2288
1500410 2293
1500420 2300
1500430 2300
1500440 2314
1500450 2320
1500460 2320
1500470 2326
1500480 2332
1500490 2338
1500500 2338
1500510 2344
1500520 2352
1500530 2352
1500540 2358
1500550 2368
1500560 2368
1500570 2376
1500580 2382
1500590 2382
1500600 2389
1500610 2396
1500620 2396
1500630 2404
1500640 2410
1500650 2410
1500660 2417
1500670 2423
1500680 2423
1500690 2429
1500700 2436
1500710 2436
1500720 2443
1500730 2449
1500740 2456
1500750 2456
1500760 2462
1500770 2469
1500780 2469
1500790 2475
1500800 2480
1500810 2480
1500820 2486
1500830 2490
1500840 2490
1500850 2493
1500860 2496
1500870 2496
1500880 2500
1500890 2504
1500900 2504
1500910 2507
1500920 2510
1500930 2510
1500940 2514
1500950 2519
1500960 2519
1500970 2525
1500980 2531
1500990 2539
1501000 2539
1501010 2549
1501020 2560
1501030 2560
1501040 2561
1501050 2557
1501060 2557
1501070 2551
1501080 2544
1501090 2544
1501100 2539
1501110 2535
1501120 2535
1501130 2530
1501140 2525
1501150 2525
1501160 2520
1501170 2517
1501180 2517
1501190 2513
1501200 2507
1501210 2500
1501220 2500
1501230 2492
1501240 2485
1501250 2485
1501260 2477
1501270 2470
1501280 2470
1501290 2463
1501300 2456
1501310 2456
1501320 2449
1501330 2442
1501340 2442
1501350 2433
1501360 2424
1501370 2424
1501380 2415
1501390 2402
1501400 2402
1501410 2386
1501420 2374
1501430 2374
1501440 2361
1501450 2339
1501460 2327
1501470 2327
1501480 2321
1501490 2316
1501500 2316
1501510 2310
1501520 2305
1501530 2305
1501540 2301
1501550 2297
1501560 2297
1501570 2294
1501580 2294
1501590 2294
1501600 2294
1501610 2294
1501620 2294
1501630 2295
1501640 2298
1501650 2298
1501660 2301
1501670 2304
1501680 2304
1501690 2307
1501700 2310
1501710 2313
1501720 2313
1501730 2317
1501740 2322
1501750 2322
1501760 2335
1501770 2364
1501780 2364
1501790 2377
1501800 2395
1501810 2395
1501820 2402
1501830 2401
1501840 2401
1501850 2398
1501860 2403
1501870 2403
1501880 2414
1501890 2432
1501900 2432
1501910 2447
1501920 2492
1501930 2507
1501940 2507
1501950 2522
1501960 2538
1501970 2538
1501980 2547
1501990 2544
1502000 2544
1502010 2544
1502020 2550
1502030 2550
1502040 2558
1502050 2573
1502060 2573
1502070 2578
1502080 2582
1502090 2582
1502100 2577
1502110 2571
1502120 2571
1502130 2566
1502140 2562
1502150 2562
1502160 2560
1502170 2562
1502180 2560
1502190 2560
1502200 2551
1502210 2542
1502220 2542
1502230 2533
1502240 2524
1502250 2524
1502260 2515
1502270 2506
1502280 2506
1502290 2496
1502300 2485
1502310 2485
1502320 2474
1502330 2466
1502340 2466
1502350 2459
1502360 2453
1502370 2453
1502380 2445
1502390 2435
1502400 2429
1502410 2429
1502420 2424
1502430 2419
1502440 2419
1502450 2413
1502460 2406
1502470 2406
1502480 2399
1502490 2392
1502500 2392
1502510 2387
1502520 2385
1502530 2385
1502540 2383
1502550 2381
1502560 2381
1502570 2376
1502580 2377
1502590 2377
1502600 2381
1502610 2379
1502620 2379
1502630 2371
1502640 2368
1502650 2376
1502660 2376
1502670 2376
1502680 2375
1502690 2375
1502700 2372
1502710 2372
1502720 2372
1502730 2373
1502740 2373
1502750 2373
1502760 2372
1502770 2371
1502780 2371
1502790 2368
1502800 2371
1502810 2371
1502820 2374
1502830 2377
1502840 2377
1502850 2378
1502860 2376
1502870 2376
1502880 2388
1502890 2398
1502900 2406
1502910 2406
1502920 2413
1502930 2422
1502940 2422
1502950 2428
1502960 2433
1502970 2433
1502980 2431
1502990 2431
1503000 2431
1503010 2433
1503020 2435
1503030 2435
1503040 2432
1503050 2422
1503060 2422
1503070 2405
1503080 2394
1503090 2394
1503100 2387
1503110 2377
1503120 2371
1503130 2371
1503140 2366
1503150 2362
1503160 2362
1503170 2358
1503180 2354
1503190 2354
1503200 2351
1503210 2347
1503220 2347
1503230 2340
1503240 2328
1503250 2328
1503260 2323
1503270 2318
1503280 2318
1503290 2313
1503300 2310
1503310 2310
1503320 2307
1503330 2300
1503340 2300
1503350 2295
1503360 2292
1503370 2288
1503380 2288
1503390 2290
1503400 2291
1503410 2291
1503420 2291
1503430 2290
1503440 2290
1503450 2289
1503460 2290
1503470 2290
1503480 2290
1503490 2289
1503500 2289
1503510 2288
1503520 2287
1503530 2287
1503540 2288
1503550 2291
1503560 2291
1503570 2294
1503580 2298
1503590 2300
1503600 2300
1503610 2300
1503620 2300
1503630 2300
1503640 2301
1503650 2300
1503660 2300
1503670 2299
1503680 2299
1503690 2299
1503700 2301
1503710 2306
1503720 2306
1503730 2309
1503740 2309
1503750 2309
1503760 2310
1503770 2307
1503780 2307
1503790 2300
1503800 2296
1503810 2296
1503820 2296
1503830 2293
1503840 2291
1503850 2291
1503860 2292
1503870 2291
1503880 2291
1503890 2290
1503900 2289
1503910 2289
1503920 2287
1503930 2281
1503940 2281
1503950 2275
1503960 2271
1503970 2271
1503980 2269
1503990 2267
1504000 2267
1504010 2264
1504020 2263
1504030 2263
1504040 2264
1504050 2265
1504060 2265
1504070 2266
1504080 2266
1504090 2268
1504100 2268
1504110 2272
1504120 2277
1504130 2277
1504140 2281
1504150 2284
1504160 2284
1504170 2289
1504180 2299
1504190 2299
1504200 2304
1504210 2309
1504220 2309
1504230 2315
1504240 2332
1504250 2332
1504260 2349
1504270 2356
1504280 2356
1504290 2373
1504300 2388
1504310 2397
1504320 2397
1504330 2406
1504340 2413
1504350 2413
1504360 2417
1504370 2422
1504380 2422
1504390 2428
1504400 2435
1504410 2435
1504420 2443
1504430 2450
1504440 2450
1504450 2456
1504460 2463
1504470 2463
1504480 2470
1504490 2476
1504500 2476
1504510 2483
1504520 2489
1504530 2489
1504540 2496
1504550 2503
1504560 2510
1504570 2510
1504580 2517
1504590 2525
1504600 2525
1504610 2532
1504620 2539
1504630 2539
1504640 2546
1504650 2554
1504660 2554
1504670 2562
1504680 2570
1504690 2570
1504700 2578
1504710 2586
1504720 2586
1504730 2593
1504740 2600
1504750 2600
1504760 2608
1504770 2620
1504780 2620
1504790 2627
1504800 2632
1504810 2634
1504820 2634
1504830 2632
1504840 2627
1504850 2627
1504860 2623
1504870 2617
1504880 2617
1504890 2610
1504900 2604
1504910 2604
1504920 2598
1504930 2592
1504940 2592
1504950 2584
1504960 2575
1504970 2575
1504980 2571
1504990 2566
1505000 2566
1505010 2560
1505020 2551
1505030 2539
1505040 2539
1505050 2516
1505060 2509
1505070 2509
1505080 2503
1505090 2497
1505100 2497
1505110 2492
1505120 2486
1505130 2486
1505140 2478
1505150 2472
1505160 2472
1505170 2466
1505180 2459
1505190 2459
1505200 2453
1505210 2446
1505220 2446
1505230 2440
1505240 2433
1505250 2433
1505260 2426
1505270 2419
1505280 2412
1505290 2412
1505300 2405
1505310 2400
1505320 2400
1505330 2394
1505340 2390
1505350 2390
1505360 2384
1505370 2379
1505380 2379
1505390 2376
1505400 2372
1505410 2372
1505420 2367
1505430 2362
1505440 2362
1505450 2359
1505460 2356
1505470 2356
1505480 2352
1505490 2346
1505500 2338
1505510 2338
1505520 2332
1505530 2327
1505540 2327
1505550 2321
1505560 2314
1505570 2314
1505580 2309
1505590 2307
1505600 2307
1505610 2301
1505620 2294
1505630 2294
1505640 2278
1505650 2266
1505660 2266
1505670 2262
1505680 2262
1505690 2262
1505700 2261
1505710 2260
1505720 2260
1505730 2259
1505740 2258
1505750 2256
1505760 2256
1505770 2255
1505780 2254
1505790 2254
1505800 2254
1505810 2256
1505820 2256
1505830 2257
1505840 2257
1505850 2257
1505860 2257
1505870 2258
1505880 2258
1505890 2258
1505900 2258
1505910 2258
1505920 2259
1505930 2259
1505940 2259
1505950 2258
1505960 2257
1505970 2257
1505980 2257
1505990 2256
1506000 2255
1506010 2255
1506020 2255
1506030 2255
1506040 2255
1506050 2254
1506060 2254
1506070 2254
1506080 2253
1506090 2253
1506100 2253
1506110 2252
1506120 2251
1506130 2251
1506140 2251
1506150 2253
1506160 2253
1506170 2254
1506180 2254
1506190 2254
1506200 2254
1506210 2254
1506220 2254
1506230 2254
1506240 2255
1506250 2256
1506260 2256
1506270 2257
1506280 2258
1506290 2258
1506300 2259
1506310 2261
1506320 2261
1506330 2263
1506340 2265
1506350 2265
1506360 2266
1506370 2268
1506380 2268
1506390 2270
1506400 2272
1506410 2272
1506420 2272
1506430 2273
1506440 2273
1506450 2275
1506460 2278
1506470 2281
1506480 2281
1506490 2283
1506500 2285
1506510 2285
1506520 2286
1506530 2287
1506540 2287
1506550 2287
1506560 2287
1506570 2287
1506580 2287
1506590 2284
1506600 2284
1506610 2281
1506620 2278
1506630 2278
1506640 2274
1506650 2272
1506660 2272
1506670 2268
1506680 2263
1506690 2259
1506700 2259
1506710 2256
1506720 2253
1506730 2253
1506740 2248
1506750 2244
1506760 2244
1506770 2242
1506780 2239
1506790 2239
1506800 2237
1506810 2237
1506820 2237
1506830 2236
1506840 2236
1506850 2236
1506860 2234
1506870 2232
1506880 2232
1506890 2230
1506900 2226
1506910 2226
1506920 2223
1506930 2220
1506940 2219
1506950 2219
1506960 2217
1506970 2217
1506980 2217
1506990 2217
1507000 2215
1507010 2215
1507020 2213
1507030 2214
1507040 2214
1507050 2213
1507060 2213
1507070 2213
1507080 2211
1507090 2211
1507100 2211
1507110 2212
1507120 2213
1507130 2213
1507140 2215
1507150 2216
1507160 2216
1507170 2217
1507180 2217
1507190 2219
1507200 2219
1507210 2220
1507220 2221
1507230 2221
1507240 2223
1507250 2224
1507260 2224
1507270 2225
1507280 2228
1507290 2228
1507300 2230
1507310 2232
1507320 2232
1507330 2233
1507340 2234
1507350 2234
1507360 2244
1507370 2254
1507380 2254
1507390 2258
1507400 2271
1507410 2291
1507420 2291
1507430 2302
1507440 2307
1507450 2307
1507460 2308
1507470 2309
1507480 2309
1507490 2311
1507500 2312
1507510 2312
1507520 2312
1507530 2313
1507540 2313
1507550 2316
1507560 2319
1507570 2319
1507580 2321
1507590 2323
1507600 2323
1507610 2326
1507620 2328
1507630 2328
1507640 2329
1507650 2330
1507660 2332
1507670 2332
1507680 2333
1507690 2334
1507700 2334
1507710 2336
1507720 2340
1507730 2340
1507740 2343
1507750 2345
1507760 2345
1507770 2344
1507780 2345
1507790 2345
1507800 2345
1507810 2343
1507820 2343
1507830 2336
1507840 2328
1507850 2328
1507860 2321
1507870 2314
1507880 2314
1507890 2302
1507900 2295
1507910 2290
1507920 2290
1507930 2283
1507940 2275
1507950 2275
1507960 2268
1507970 2264
1507980 2264
1507990 2259
1508000 2252
1508010 2252
1508020 2244
1508030 2234
1508040 2234
1508050 2225
1508060 2217
1508070 2217
1508080 2210
1508090 2204
1508100 2204
1508110 2199
1508120 2195
1508130 2189
1508140 2189
1508150 2184
1508160 2182
1508170 2182
1508180 2179
1508190 2174
1508200 2174
1508210 2170
1508220 2168
1508230 2168
1508240 2168
1508250 2167
1508260 2167
1508270 2165
1508280 2161
1508290 2161
1508300 2157
1508310 2157
1508320 2157
1508330 2157
1508340 2158
1508350 2158
1508360 2159
1508370 2161
1508380 2163
1508390 2163
1508400 2162
1508410 2163
1508420 2163
1508430 2166
1508440 2167
1508450 2167
1508460 2167
1508470 2165
1508480 2165
1508490 2164
1508500 2162
1508510 2162
1508520 2160
1508530 2159
1508540 2159
1508550 2156
1508560 2154
1508570 2154
1508580 2152
1508590 2151
1508600 2150
1508610 2150
1508620 2150
1508630 2149
1508640 2149
1508650 2149
1508660 2146
1508670 2146
1508680 2146
1508690 2148
1508700 2148
1508710 2149
1508720 2152
1508730 2152
1508740 2156
1508750 2160
1508760 2160
1508770 2164
1508780 2167
1508790 2167
1508800 2170
1508810 2174
1508820 2174
1508830 2182
1508840 2192
1508850 2199
1508860 2199
1508870 2209
1508880 2216
1508890 2216
1508900 2223
1508910 2231
1508920 2231
1508930 2228
1508940 2220
1508950 2220
1508960 2212
1508970 2205
1508980 2205
1508990 2198
1509000 2190
1509010 2190
1509020 2183
1509030 2174
1509040 2174
1509050 2166
1509060 2159
1509070 2159
1509080 2152
1509090 2144
1509100 2137
1509110 2137
1509120 2131
1509130 2125
1509140 2125
1509150 2121
1509160 2117
1509170 2117
1509180 2116
1509190 2115
1509200 2115
1509210 2115
1509220 2114
1509230 2114
1509240 2114
1509250 2112
1509260 2112
1509270 2112
1509280 2113
1509290 2113
1509300 2112
1509310 2109
1509320 2105
1509330 2105
1509340 2101
1509350 2097
1509360 2097
1509370 2093
1509380 2090
1509390 2090
1509400 2086
1509410 2082
1509420 2082
1509430 2075
1509440 2071
1509450 2071
1509460 2067
1509470 2062
1509480 2062
1509490 2056
1509500 2049
1509510 2049
1509520 2045
1509530 2041
1509540 2041
1509550 2039
1509560 2036
1509570 2034
1509580 2034
1509590 2028
1509600 2022
1509610 2022
1509620 2017
1509630 2011
1509640 2011
1509650 2006
1509660 2002
1509670 2002
1509680 2000
1509690 1998
1509700 1998
1509710 1997
1509720 1995
1509730 1995
1509740 1995
1509750 1994
1509760 1994
1509770 1990
1509780 1984
1509790 1978
1509800 1978
1509810 1972
1509820 1970
1509830 1970
1509840 1969
1509850 1970
1509860 1970
1509870 1974
1509880 1976
1509890 1976
1509900 1975
1509910 1974
1509920 1974
1509930 1974
1509940 1974
1509950 1974
1509960 1974
1509970 1974
1509980 1974
1509990 1974
1510000 1976
1510010 1976
1510020 1979
1510030 1983
1510040 1984
1510050 1984
1510060 1984
1510070 1984
1510080 1984
1510090 1984
1510100 1984
1510110 1984
1510120 1985
1510130 1986
1510140 1986
1510150 1986
1510160 1986
1510170 1986
1510180 1987
1510190 1990
1510200 1990
1510210 1992
1510220 1993
1510230 1993
1510240 1992
1510250 1992
1510260 1992
1510270 1992
1510280 1995
1510290 1997
1510300 1997
1510310 1999
1510320 1998
1510330 1998
1510340 1998
1510350 2000
1510360 2000
1510370 2001
1510380 2001
1510390 2001
1510400 2001
1510410 2001
1510420 2001
1510430 2000
1510440 2002
1510450 2002
1510460 2000
1510470 1999
1510480 1999
1510490 2000
1510500 1997
1510510 1986
1510520 1986
1510530 1977
1510540 1969
1510550 1969
1510560 1961
1510570 1954
1510580 1954
1510590 1947
1510600 1941
1510610 1941
1510620 1936
1510630 1933
1510640 1933
1510650 1929
1510660 1926
1510670 1926
1510680 1923
1510690 1921
1510700 1921
1510710 1919
1510720 1916
1510730 1916
1510740 1913
1510750 1911
1510760 1909
1510770 1909
1510780 1908
1510790 1906
1510800 1906
1510810 1902
1510820 1897
1510830 1897
1510840 1895
1510850 1896
1510860 1896
1510870 1895
1510880 1892
1510890 1892
1510900 1889
1510910 1887
1510920 1887
1510930 1884
1510940 1881
1510950 1881
1510960 1879
1510970 1878
1510980 1878
1510990 1876
1511000 1874
1511010 1872
1511020 1872
1511030 1870
1511040 1868
1511050 1868
1511060 1866
1511070 1864
1511080 1864
1511090 1862
1511100 1860
1511110 1860
1511120 1857
1511130 1854
1511140 1854
1511150 1851
1511160 1848
1511170 1848
1511180 1846
1511190 1844
1511200 1844
1511210 1842
1511220 1839
1511230 1834
1511240 1834
1511250 1831
1511260 1827
1511270 1827
1511280 1823
1511290 1819
1511300 1819
1511310 1815
1511320 1812
1511330 1812
1511340 1808
1511350 1804
1511360 1804
1511370 1801
1511380 1798
1511390 1798
1511400 1796
1511410 1792
1511420 1792
1511430 1787
1511440 1784
1511450 1784
1511460 1782
1511470 1781
1511480 1780
1511490 1780
1511500 1779
1511510 1777
1511520 1777
1511530 1776
1511540 1776
1511550 1776
1511560 1775
1511570 1774
1511580 1774
1511590 1773
1511600 1773
1511610 1773
1511620 1772
1511630 1771
1511640 1771
1511650 1769
1511660 1767
1511670 1767
1511680 1764
1511690 1761
1511700 1757
1511710 1757
1511720 1753
1511730 1750
1511740 1750
1511750 1749
1511760 1750
1511770 1750
1511780 1749
1511790 1750
1511800 1750
1511810 1750
1511820 1749
1511830 1749
1511840 1749
1511850 1749
1511860 1749
1511870 1748
1511880 1748
1511890 1748
1511900 1747
1511910 1746
1511920 1746
1511930 1746
1511940 1746
1511950 1747
1511960 1747
1511970 1748
1511980 1749
1511990 1749
1512000 1750
1512010 1752
1512020 1752
1512030 1753
1512040 1754
1512050 1754
1512060 1755
1512070 1757
1512080 1757
1512090 1758
1512100 1761
1512110 1761
1512120 1763
1512130 1764
1512140 1764
1512150 1766
1512160 1766
1512170 1766
1512180 1767
1512190 1767
1512200 1766
1512210 1766
1512220 1766
1512230 1767
1512240 1767
1512250 1767
1512260 1765
1512270 1765
1512280 1764
1512290 1763
1512300 1763
1512310 1761
1512320 1758
1512330 1758
1512340 1754
1512350 1750
1512360 1750
1512370 1745
1512380 1741
1512390 1741
1512400 1738
1512410 1735
1512420 1734
1512430 1734
1512440 1732
1512450 1728
1512460 1728
1512470 1723
1512480 1718
1512490 1718
1512500 1714
1512510 1710
1512520 1710
1512530 1705
1512540 1700
1512550 1700
1512560 1695
1512570 1691
1512580 1691
1512590 1685
1512600 1679
1512610 1679
1512620 1675
1512630 1669
1512640 1669
1512650 1665
1512660 1661
1512670 1657
1512680 1657
1512690 1654
1512700 1651
1512710 1651
1512720 1648
1512730 1646
1512740 1646
1512750 1643
1512760 1641
1512770 1641
1512780 1640
1512790 1638
1512800 1638
1512810 1637
1512820 1635
1512830 1635
1512840 1633
1512850 1631
1512860 1631
1512870 1629
1512880 1626
1512890 1626
1512900 1624
1512910 1621
1512920 1619
1512930 1619
1512940 1617
1512950 1614
1512960 1614
1512970 1610
1512980 1605
1512990 1605
1513000 1599
1513010 1592
1513020 1592
1513030 1587
1513040 1582
1513050 1582
1513060 1578
1513070 1573
1513080 1573
1513090 1568
1513100 1563
1513110 1563
1513120 1558
1513130 1551
1513140 1545
1513150 1545
1513160 1538
1513170 1531
1513180 1531
1513190 1524
1513200 1519
1513210 1519
1513220 1513
1513230 1507
1513240 1507
1513250 1502
1513260 1495
1513270 1495
1513280 1489
1513290 1485
1513300 1485
1513310 1481
1513320 1476
1513330 1476
1513340 1470
1513350 1465
1513360 1465
1513370 1457
1513380 1447
1513390 1446
1513400 1446
1513410 1449
1513420 1451
1513430 1451
1513440 1451
1513450 1450
1513460 1450
1513470 1449
1513480 1447
1513490 1447
1513500 1445
1513510 1442
1513520 1442
1513530 1438
1513540 1436
1513550 1436
1513560 1436
1513570 1435
1513580 1435
1513590 1432
1513600 1428
1513610 1424
1513620 1424
1513630 1422
1513640 1418
1513650 1418
1513660 1414
1513670 1410
1513680 1410
1513690 1406
1513700 1402
1513710 1402
1513720 1399
1513730 1394
1513740 1394
1513750 1390
1513760 1392
1513770 1392
1513780 1395
1513790 1396
1513800 1396
1513810 1396
1513820 1394
1513830 1394
1513840 1392
1513850 1389
1513860 1387
1513870 1387
1513880 1386
1513890 1383
1513900 1383
1513910 1380
1513920 1376
1513930 1376
1513940 1375
1513950 1374
1513960 1374
1513970 1374
1513980 1373
1513990 1373
1514000 1371
1514010 1367
1514020 1367
1514030 1364
1514040 1361
1514050 1361
1514060 1358
1514070 1356
1514080 1356
1514090 1354
1514100 1351
1514110 1347
1514120 1347
1514130 1343
1514140 1340
1514150 1340
1514160 1336
1514170 1333
1514180 1333
1514190 1332
1514200 1331
1514210 1331
1514220 1328
1514230 1325
1514240 1325
1514250 1322
1514260 1319
1514270 1319
1514280 1317
1514290 1313
1514300 1313
1514310 1307
1514320 1301
1514330 1296
1514340 1296
1514350 1291
1514360 1287
1514370 1287
1514380 1282
1514390 1277
1514400 1277
1514410 1271
1514420 1266
1514430 1266
1514440 1260
1514450 1254
1514460 1254
1514470 1250
1514480 1246
1514490 1246
1514500 1245
1514510 1244
1514520 1244
1514530 1240
1514540 1237
1514550 1237
1514560 1236
1514570 1234
1514580 1232
1514590 1232
1514600 1231
1514610 1230
1514620 1230
1514630 1229
1514640 1229
1514650 1229
1514660 1230
1514670 1231
1514680 1231
1514690 1230
1514700 1228
1514710 1228
1514720 1228
1514730 1228
1514740 1228
1514750 1227
1514760 1227
1514770 1227
1514780 1227
1514790 1226
1514800 1226
1514810 1225
1514820 1224
1514830 1223
1514840 1223
1514850 1222
1514860 1222
1514870 1222
1514880 1222
1514890 1221
1514900 1221
1514910 1221
1514920 1221
1514930 1221
1514940 1220
1514950 1221
1514960 1221
1514970 1221
1514980 1221
1514990 1221
1515000 1220
1515010 1220
1515020 1220
1515030 1220
1515040 1219
1515050 1219
1515060 1219
1515070 1220
1515080 1220
1515090 1220
1515100 1219
1515110 1219
1515120 1219
1515130 1219
1515140 1219
1515150 1219
1515160 1219
1515170 1219
1515180 1219
1515190 1219
1515200 1218
1515210 1218
1515220 1218
1515230 1218
1515240 1218
1515250 1218
1515260 1218
1515270 1218
1515280 1218
1515290 1218
1515300 1218
1515310 1218
1515320 1219
1515330 1219
1515340 1219
1515350 1219
1515360 1218
1515370 1218
1515380 1218
1515390 1218
1515400 1218
1515410 1218
1515420 1218
1515430 1218
1515440 1218
1515450 1218
1515460 1218
1515470 1218
1515480 1218
1515490 1218
1515500 1218
1515510 1218
1515520 1219
1515530 1219
1515540 1219
1515550 1220
1515560 1220
1515570 1220
1515580 1221
1515590 1221
1515600 1221
1515610 1222
1515620 1222
1515630 1223
1515640 1225
1515650 1225
1515660 1227
1515670 1228
1515680 1228
1515690 1230
1515700 1232
1515710 1232
1515720 1234
1515730 1235
1515740 1235
1515750 1238
1515760 1241
1515770 1241
1515780 1241
1515790 1244
1515800 1247
1515810 1247
1515820 1250
1515830 1253
1515840 1253
1515850 1255
1515860 1257
1515870 1257
1515880 1259
1515890 1261
1515900 1261
1515910 1263
1515920 1266
1515930 1266
1515940 1269
1515950 1271
1515960 1271
1515970 1274
1515980 1276
1515990 1276
1516000 1277
1516010 1279
1516020 1280
1516030 1280
1516040 1278
1516050 1280
1516060 1280
1516070 1279
1516080 1280
1516090 1280
1516100 1282
1516110 1286
1516120 1286
1516130 1290
1516140 1295
1516150 1295
1516160 1300
1516170 1304
1516180 1304
1516190 1308
1516200 1310
1516210 1310
1516220 1312
1516230 1312
1516240 1312
1516250 1312
1516260 1312
1516270 1313
1516280 1313
1516290 1315
1516300 1317
1516310 1317
1516320 1319
1516330 1322
1516340 1322
1516350 1328
1516360 1335
1516370 1335
1516380 1339
1516390 1339
1516400 1339
1516410 1340
1516420 1341
1516430 1341
1516440 1344
1516450 1347
1516460 1347
1516470 1350
1516480 1353
1516490 1353
1516500 1353
1516510 1354
1516520 1355
1516530 1355
1516540 1355
1516550 1356
1516560 1356
1516570 1357
1516580 1360
1516590 1360
1516600 1361
1516610 1361
1516620 1361
1516630 1359
1516640 1359
1516650 1359
1516660 1359
1516670 1360
1516680 1360
1516690 1362
1516700 1363
1516710 1363
1516720 1364
1516730 1365
1516740 1366
1516750 1366
1516760 1369
1516770 1371
1516780 1371
1516790 1374
1516800 1377
1516810 1377
1516820 1380
1516830 1382
1516840 1382
1516850 1384
1516860 1388
1516870 1388
1516880 1391
1516890 1394
1516900 1394
1516910 1396
1516920 1390
1516930 1390
1516940 1381
1516950 1375
1516960 1369
1516970 1369
1516980 1368
1516990 1369
1517000 1369
1517010 1371
1517020 1374
1517030 1374
1517040 1381
1517050 1387
1517060 1387
1517070 1393
1517080 1405
1517090 1405
1517100 1427
1517110 1439
1517120 1439
1517130 1452
1517140 1463
1517150 1463
1517160 1470
1517170 1480
1517180 1480
1517190 1495
1517200 1505
1517210 1510
1517220 1510
1517230 1515
1517240 1520
1517250 1520
1517260 1526
1517270 1531
1517280 1531
1517290 1536
1517300 1539
1517310 1539
1517320 1542
1517330 1545
1517340 1545
1517350 1548
1517360 1551
1517370 1551
1517380 1556
1517390 1563
1517400 1563
1517410 1570
1517420 1577
1517430 1584
1517440 1584
1517450 1591
1517460 1599
1517470 1599
1517480 1606
1517490 1612
1517500 1612
1517510 1619
1517520 1625
1517530 1625
1517540 1631
1517550 1640
1517560 1640
1517570 1647
1517580 1654
1517590 1654
1517600 1663
1517610 1670
1517620 1670
1517630 1677
1517640 1683
1517650 1683
1517660 1689
1517670 1695
1517680 1697
1517690 1697
1517700 1700
1517710 1704
1517720 1704
1517730 1706
1517740 1708
1517750 1708
1517760 1712
1517770 1719
1517780 1719
1517790 1723
1517800 1726
1517810 1726
1517820 1729
1517830 1732
1517840 1732
1517850 1736
1517860 1741
1517870 1741
1517880 1745
1517890 1750
1517900 1750
1517910 1756
1517920 1762
1517930 1768
1517940 1768
1517950 1775
1517960 1783
1517970 1783
1517980 1787
1517990 1791
1518000 1791
1518010 1794
1518020 1798
1518030 1798
1518040 1802
1518050 1806
1518060 1806
1518070 1810
1518080 1815
1518090 1815
1518100 1819
1518110 1824
1518120 1824
1518130 1828
1518140 1833
1518150 1837
1518160 1837
1518170 1841
1518180 1845
1518190 1845
1518200 1849
1518210 1854
1518220 1854
1518230 1859
1518240 1863
1518250 1863
1518260 1867
1518270 1872
1518280 1872
1518290 1876
1518300 1879
1518310 1879
1518320 1882
1518330 1885
1518340 1885
1518350 1889
1518360 1892
1518370 1892
1518380 1895
1518390 1897
1518400 1899
1518410 1899
1518420 1901
1518430 1902
1518440 1902
1518450 1903
1518460 1905
1518470 1905
1518480 1907
1518490 1910
1518500 1910
1518510 1912
1518520 1915
1518530 1915
1518540 1919
1518550 1923
1518560 1923
1518570 1926
1518580 1929
1518590 1929
1518600 1934
1518610 1939
1518620 1943
1518630 1943
1518640 1948
1518650 1952
1518660 1952
1518670 1956
1518680 1960
1518690 1960
1518700 1965
1518710 1970
1518720 1970
1518730 1976
1518740 1980
1518750 1980
1518760 1984
1518770 1988
1518780 1988
1518790 1992
1518800 1996
1518810 1996
1518820 2000
1518830 2004
1518840 2004
1518850 2008
1518860 2012
1518870 2017
1518880 2017
1518890 2022
1518900 2027
1518910 2027
1518920 2032
1518930 2036
1518940 2036
1518950 2040
1518960 2047
1518970 2047
1518980 2051
1518990 2054
1519000 2054
1519010 2058
1519020 2062
1519030 2062
1519040 2065
1519050 2068
1519060 2068
1519070 2070
1519080 2072
1519090 2072
1519100 2075
1519110 2078
1519120 2081
1519130 2081
1519140 2083
1519150 2086
1519160 2086
1519170 2086
1519180 2083
1519190 2083
1519200 2083
1519210 2082
1519220 2082
1519230 2080
1519240 2076
1519250 2076
1519260 2072
1519270 2068
1519280 2068
1519290 2062
1519300 2057
1519310 2057
1519320 2053
1519330 2050
1519340 2046
1519350 2046
1519360 2040
1519370 2034
1519380 2034
1519390 2025
1519400 2017
1519410 2017
1519420 2009
1519430 2002
1519440 2002
1519450 1995
1519460 1989
1519470 1989
1519480 1984
1519490 1982
1519500 1982
1519510 1982
1519520 1980
1519530 1980
1519540 1976
1519550 1971
1519560 1971
1519570 1968
1519580 1967
1519590 1965
1519600 1965
1519610 1964
1519620 1962
1519630 1962
1519640 1960
1519650 1958
1519660 1958
1519670 1956
1519680 1955
1519690 1955
1519700 1954
1519710 1952
1519720 1952
1519730 1950
1519740 1948
1519750 1948
1519760 1946
1519770 1943
1519780 1943
1519790 1941
1519800 1940
1519810 1937
1519820 1937
1519830 1934
1519840 1934
1519850 1934
1519860 1932
1519870 1930
1519880 1930
1519890 1929
1519900 1928
1519910 1928
1519920 1927
1519930 1926
1519940 1926
1519950 1925
1519960 1924
1519970 1924
1519980 1922
1519990 1922
