1500000 2059
1500010 2059
1500020 2056
1500030 2053
1500040 2051
1500050 2051
1500060 2048
1500070 2045
1500080 2045
1500090 2042
1500100 2039
1500110 2039
1500120 2038
1500130 2035
1500140 2035
1500150 2032
1500160 2031
1500170 2031
1500180 2029
1500190 2027
1500200 2027
1500210 2025
1500220 2024
1500230 2024
1500240 2024
1500250 2019
1500260 2019
1500270 2011
1500280 2002
1500290 1994
1500300 1994
1500310 1988
1500320 1983
1500330 1983
1500340 1978
1500350 1974
1500360 1974
1500370 1971
1500380 1969
1500390 1969
1500400 1967
1500410 1967
1500420 1967
1500430 1966
1500440 1965
1500450 1965
1500460 1967
1500470 1967
1500480 1967
1500490 1967
1500500 1968
1500510 1968
1500520 1969
1500530 1972
1500540 1976
1500550 1976
1500560 1979
1500570 1985
1500580 1985
1500590 1991
1500600 1993
1500610 1993
1500620 1990
1500630 1990
1500640 1990
1500650 1989
1500660 1992
1500670 1992
1500680 1994
1500690 1999
1500700 1999
1500710 2008
1500720 2013
1500730 2013
1500740 2014
1500750 2014
1500760 2014
1500770 2014
1500780 2013
1500790 2011
1500800 2011
1500810 2011
1500820 2012
1500830 2012
1500840 2014
1500850 2018
1500860 2018
1500870 2021
1500880 2024
1500890 2024
1500900 2025
1500910 2026
1500920 2026
1500930 2026
1500940 2025
1500950 2025
1500960 2024
1500970 2022
1500980 2022
1500990 2020
1501000 2017
1501010 2016
1501020 2016
1501030 2016
1501040 2017
1501050 2017
1501060 2018
1501070 2022
1501080 2022
1501090 2027
1501100 2028
1501110 2028
1501120 2029
1501130 2030
1501140 2030
1501150 2031
1501160 2029
1501170 2029
1501180 2029
1501190 2033
1501200 2033
1501210 2036
1501220 2037
1501230 2037
1501240 2032
1501250 2026
1501260 2023
1501270 2023
1501280 2025
1501290 2029
1501300 2029
1501310 2029
1501320 2030
1501330 2030
1501340 2032
1501350 2031
1501360 2031
1501370 2032
1501380 2031
1501390 2031
1501400 2028
1501410 2015
1501420 2015
1501430 2002
1501440 1992
1501450 1992
1501460 1985
1501470 1978
1501480 1978
1501490 1971
1501500 1962
1501510 1955
1501520 1955
1501530 1948
1501540 1940
1501550 1940
1501560 1929
1501570 1922
1501580 1922
1501590 1915
1501600 1909
1501610 1909
1501620 1904
1501630 1899
1501640 1899
1501650 1896
1501660 1893
1501670 1893
1501680 1891
1501690 1894
1501700 1894
1501710 1899
1501720 1901
1501730 1901
1501740 1900
1501750 1900
1501760 1902
1501770 1902
1501780 1903
1501790 1903
1501800 1903
1501810 1905
1501820 1907
1501830 1907
1501840 1908
1501850 1909
1501860 1909
1501870 1910
1501880 1910
1501890 1910
1501900 1911
1501910 1912
1501920 1912
1501930 1911
1501940 1911
1501950 1911
1501960 1911
1501970 1910
1501980 1910
1501990 1910
1502000 1909
1502010 1909
1502020 1909
1502030 1908
1502040 1907
1502050 1907
1502060 1906
1502070 1906
1502080 1906
1502090 1905
1502100 1904
1502110 1904
1502120 1903
1502130 1903
1502140 1903
1502150 1902
1502160 1900
1502170 1900
1502180 1899
1502190 1897
1502200 1897
1502210 1894
1502220 1892
1502230 1889
1502240 1889
1502250 1885
1502260 1884
1502270 1884
1502280 1885
1502290 1886
1502300 1886
1502310 1888
1502320 1890
1502330 1890
1502340 1891
1502350 1890
1502360 1890
1502370 1888
1502380 1885
1502390 1885
1502400 1883
1502410 1881
1502420 1881
1502430 1878
1502440 1875
1502450 1875
1502460 1872
1502470 1870
1502480 1867
1502490 1867
1502500 1865
1502510 1864
1502520 1864
1502530 1864
1502540 1863
1502550 1863
1502560 1862
1502570 1861
1502580 1861
1502590 1859
1502600 1858
1502610 1858
1502620 1858
1502630 1859
1502640 1859
1502650 1860
1502660 1861
1502670 1861
1502680 1861
1502690 1861
1502700 1861
1502710 1860
1502720 1859
1502730 1859
1502740 1859
1502750 1857
1502760 1855
1502770 1855
1502780 1855
1502790 1855
1502800 1855
1502810 1853
1502820 1851
1502830 1851
1502840 1849
1502850 1848
1502860 1848
1502870 1847
1502880 1847
1502890 1847
1502900 1847
1502910 1848
1502920 1848
1502930 1849
1502940 1849
1502950 1852
1502960 1852
1502970 1855
1502980 1859
1502990 1859
1503000 1863
1503010 1869
1503020 1869
1503030 1877
1503040 1884
1503050 1884
1503060 1893
1503070 1904
1503080 1904
1503090 1917
1503100 1935
1503110 1935
1503120 1951
1503130 1962
1503140 1962
1503150 1971
1503160 1978
1503170 1978
1503180 1986
1503190 1993
1503200 1997
1503210 1997
1503220 2001
1503230 2006
1503240 2006
1503250 2011
1503260 2014
1503270 2014
1503280 2018
1503290 2019
1503300 2019
1503310 2020
1503320 2020
1503330 2020
1503340 2021
1503350 2022
1503360 2022
1503370 2024
1503380 2024
1503390 2024
1503400 2024
1503410 2023
1503420 2023
1503430 2023
1503440 2026
1503450 2026
1503460 2026
1503470 2025
1503480 2027
1503490 2027
1503500 2031
1503510 2035
1503520 2035
1503530 2042
1503540 2044
1503550 2044
1503560 2045
1503570 2050
1503580 2050
1503590 2052
1503600 2052
1503610 2052
1503620 2055
1503630 2057
1503640 2057
1503650 2059
1503660 2063
1503670 2063
1503680 2068
1503690 2072
1503700 2077
1503710 2077
1503720 2082
1503730 2088
1503740 2088
1503750 2095
1503760 2099
1503770 2099
1503780 2104
1503790 2116
1503800 2116
1503810 2122
1503820 2125
1503830 2125
1503840 2131
1503850 2138
1503860 2138
1503870 2137
1503880 2130
1503890 2130
1503900 2124
1503910 2119
1503920 2115
1503930 2115
1503940 2113
1503950 2111
1503960 2111
1503970 2104
1503980 2096
1503990 2096
1504000 2088
1504010 2083
1504020 2083
1504030 2077
1504040 2071
1504050 2071
1504060 2063
1504070 2060
1504080 2060
1504090 2056
1504100 2053
1504110 2053
1504120 2049
1504130 2045
1504140 2045
1504150 2040
1504160 2037
1504170 2033
1504180 2033
1504190 2029
1504200 2026
1504210 2026
1504220 2021
1504230 2016
1504240 2016
1504250 2010
1504260 2004
1504270 2004
1504280 1993
1504290 1984
1504300 1984
1504310 1981
1504320 1980
1504330 1980
1504340 1975
1504350 1971
1504360 1971
1504370 1967
1504380 1964
1504390 1964
1504400 1962
1504410 1959
1504420 1957
1504430 1957
1504440 1956
1504450 1959
1504460 1959
1504470 1961
1504480 1962
1504490 1962
1504500 1962
1504510 1963
1504520 1963
1504530 1963
1504540 1964
1504550 1964
1504560 1965
1504570 1966
1504580 1966
1504590 1967
1504600 1969
1504610 1969
1504620 1973
1504630 1980
1504640 1980
1504650 1989
1504660 1995
1504670 1996
1504680 1996
1504690 1995
1504700 1995
1504710 1995
1504720 1997
1504730 1999
1504740 1999
1504750 2002
1504760 1997
1504770 1997
1504780 1992
1504790 1988
1504800 1988
1504810 1983
1504820 1977
1504830 1977
1504840 1970
1504850 1964
1504860 1964
1504870 1963
1504880 1960
1504890 1957
1504900 1957
1504910 1951
1504920 1945
1504930 1945
1504940 1939
1504950 1933
1504960 1933
1504970 1928
1504980 1922
1504990 1922
1505000 1914
1505010 1912
1505020 1912
1505030 1913
1505040 1907
1505050 1907
1505060 1902
1505070 1905
1505080 1905
1505090 1905
1505100 1905
1505110 1905
1505120 1903
1505130 1902
1505140 1900
1505150 1900
1505160 1901
1505170 1901
1505180 1901
1505190 1901
1505200 1900
1505210 1900
1505220 1898
1505230 1891
1505240 1891
1505250 1886
1505260 1887
1505270 1887
1505280 1889
1505290 1889
1505300 1889
1505310 1890
1505320 1889
1505330 1889
1505340 1886
1505350 1881
1505360 1881
1505370 1879
1505380 1879
1505390 1881
1505400 1881
1505410 1883
1505420 1887
1505430 1887
1505440 1891
1505450 1896
1505460 1896
1505470 1901
1505480 1906
1505490 1906
1505500 1911
1505510 1917
1505520 1917
1505530 1923
1505540 1927
1505550 1920
1505560 1931
1505570 1962
1505580 1962
1505590 1967
1505600 1973
1505610 1973
1505620 1980
1505630 1984
1505640 1989
1505650 1989
1505660 1993
1505670 1999
1505680 1999
1505690 2009
1505700 2015
1505710 2015
1505720 2033
1505730 2053
1505740 2053
1505750 2068
1505760 2079
1505770 2079
1505780 2088
1505790 2096
1505800 2096
1505810 2099
1505820 2098
1505830 2098
1505840 2096
1505850 2095
1505860 2095
1505870 2095
1505880 2095
1505890 2094
1505900 2094
1505910 2093
1505920 2093
1505930 2093
1505940 2091
1505950 2087
1505960 2087
1505970 2084
1505980 2080
1505990 2080
1506000 2078
1506010 2074
1506020 2074
1506030 2068
1506040 2062
1506050 2062
1506060 2055
1506070 2047
1506080 2047
1506090 2037
1506100 2026
1506110 2019
1506120 2019
1506130 2012
1506140 2006
1506150 2006
1506160 1999
1506170 1994
1506180 1994
1506190 1992
1506200 1991
1506210 1991
1506220 1988
1506230 1983
1506240 1983
1506250 1979
1506260 1976
1506270 1976
1506280 1975
1506290 1971
1506300 1971
1506310 1959
1506320 1947
1506330 1947
1506340 1940
1506350 1935
1506360 1930
1506370 1930
1506380 1924
1506390 1921
1506400 1921
1506410 1920
1506420 1919
1506430 1919
1506440 1916
1506450 1914
1506460 1914
1506470 1914
1506480 1914
1506490 1914
1506500 1915
1506510 1917
1506520 1917
1506530 1919
1506540 1921
1506550 1921
1506560 1921
1506570 1916
1506580 1916
1506590 1913
1506600 1913
1506610 1917
1506620 1917
1506630 1918
1506640 1918
1506650 1918
1506660 1917
1506670 1916
1506680 1916
1506690 1913
1506700 1914
1506710 1914
1506720 1917
1506730 1920
1506740 1920
1506750 1922
1506760 1922
1506770 1922
1506780 1924
1506790 1925
1506800 1925
1506810 1926
1506820 1928
1506830 1928
1506840 1928
1506850 1932
1506860 1936
1506870 1936
1506880 1942
1506890 1947
1506900 1947
1506910 1950
1506920 1984
1506930 1984
1506940 2016
1506950 2020
1506960 2020
1506970 2021
1506980 2021
1506990 2021
1507000 2019
1507010 2017
1507020 2017
1507030 2016
1507040 2016
1507050 2016
1507060 2016
1507070 2016
1507080 2015
1507090 2015
1507100 2012
1507110 2008
1507120 2008
1507130 2003
1507140 1995
1507150 1995
1507160 1985
1507170 1975
1507180 1975
1507190 1965
1507200 1952
1507210 1952
1507220 1932
1507230 1919
1507240 1919
1507250 1912
1507260 1903
1507270 1903
1507280 1893
1507290 1885
1507300 1885
1507310 1875
1507320 1866
1507330 1858
1507340 1858
1507350 1850
1507360 1845
1507370 1845
1507380 1839
1507390 1834
1507400 1834
1507410 1829
1507420 1825
1507430 1825
1507440 1824
1507450 1822
1507460 1822
1507470 1820
1507480 1815
1507490 1815
1507500 1810
1507510 1804
1507520 1804
1507530 1796
1507540 1788
1507550 1788
1507560 1782
1507570 1775
1507580 1766
1507590 1766
1507600 1756
1507610 1746
1507620 1746
1507630 1739
1507640 1737
1507650 1737
1507660 1731
1507670 1717
1507680 1717
1507690 1709
1507700 1699
1507710 1699
1507720 1689
1507730 1686
1507740 1686
1507750 1682
1507760 1679
1507770 1679
1507780 1677
1507790 1676
1507800 1676
1507810 1673
1507820 1667
1507830 1659
1507840 1659
1507850 1653
1507860 1646
1507870 1646
1507880 1639
1507890 1633
1507900 1633
1507910 1624
1507920 1618
1507930 1618
1507940 1613
1507950 1608
1507960 1608
1507970 1602
1507980 1598
1507990 1598
1508000 1593
1508010 1587
1508020 1587
1508030 1582
1508040 1584
1508050 1586
1508060 1586
1508070 1586
1508080 1587
1508090 1587
1508100 1588
1508110 1589
1508120 1589
1508130 1590
1508140 1592
1508150 1592
1508160 1591
1508170 1586
1508180 1586
1508190 1579
1508200 1571
1508210 1571
1508220 1565
1508230 1560
1508240 1560
1508250 1561
1508260 1573
1508270 1573
1508280 1583
1508290 1586
1508300 1586
1508310 1586
1508320 1585
1508330 1585
1508340 1585
1508350 1581
1508360 1579
1508370 1579
1508380 1578
1508390 1578
1508400 1578
1508410 1581
1508420 1580
1508430 1580
1508440 1577
1508450 1576
1508460 1576
1508470 1575
1508480 1573
1508490 1573
1508500 1572
1508510 1574
1508520 1574
1508530 1578
1508540 1584
1508550 1592
1508560 1592
1508570 1599
1508580 1603
1508590 1603
1508600 1608
1508610 1612
1508620 1612
1508630 1616
1508640 1620
1508650 1620
1508660 1623
1508670 1625
1508680 1625
1508690 1625
1508700 1626
1508710 1626
1508720 1626
1508730 1626
1508740 1626
1508750 1626
1508760 1627
1508770 1627
1508780 1628
1508790 1628
1508800 1629
1508810 1629
1508820 1629
1508830 1629
1508840 1629
1508850 1629
1508860 1629
1508870 1629
1508880 1629
1508890 1629
1508900 1629
1508910 1629
1508920 1629
1508930 1629
1508940 1628
1508950 1628
1508960 1628
1508970 1627
1508980 1626
1508990 1626
1509000 1625
1509010 1624
1509020 1623
1509030 1623
1509040 1621
1509050 1619
1509060 1619
1509070 1616
1509080 1612
1509090 1612
1509100 1609
1509110 1609
1509120 1609
1509130 1608
1509140 1607
1509150 1607
1509160 1606
1509170 1605
1509180 1605
1509190 1604
1509200 1603
1509210 1603
1509220 1601
1509230 1599
1509240 1599
1509250 1597
1509260 1596
1509270 1595
1509280 1595
1509290 1593
1509300 1593
1509310 1593
1509320 1592
1509330 1590
1509340 1590
1509350 1589
1509360 1589
1509370 1589
1509380 1588
1509390 1587
1509400 1587
1509410 1586
1509420 1584
1509430 1584
1509440 1583
1509450 1581
1509460 1581
1509470 1580
1509480 1580
1509490 1580
1509500 1581
1509510 1581
1509520 1582
1509530 1582
1509540 1583
1509550 1583
1509560 1583
1509570 1584
1509580 1583
1509590 1583
1509600 1583
1509610 1582
1509620 1582
1509630 1581
1509640 1580
1509650 1580
1509660 1579
1509670 1576
1509680 1576
1509690 1572
1509700 1568
1509710 1568
1509720 1563
1509730 1557
1509740 1557
1509750 1553
1509760 1548
1509770 1542
1509780 1542
1509790 1538
1509800 1534
1509810 1534
1509820 1530
1509830 1527
1509840 1527
1509850 1524
1509860 1521
1509870 1521
1509880 1519
1509890 1516
1509900 1516
1509910 1514
1509920 1512
1509930 1512
1509940 1509
1509950 1507
1509960 1507
1509970 1504
1509980 1502
1509990 1499
1510000 1499
1510010 1497
1510020 1495
1510030 1495
1510040 1491
1510050 1486
1510060 1486
1510070 1481
1510080 1475
1510090 1475
1510100 1470
1510110 1468
1510120 1468
1510130 1467
1510140 1465
1510150 1465
1510160 1463
1510170 1461
1510180 1461
1510190 1459
1510200 1458
1510210 1458
1510220 1456
1510230 1454
1510240 1451
1510250 1451
1510260 1447
1510270 1443
1510280 1443
1510290 1440
1510300 1438
1510310 1438
1510320 1434
1510330 1432
1510340 1432
1510350 1429
1510360 1425
1510370 1425
1510380 1422
1510390 1419
1510400 1419
1510410 1416
1510420 1411
1510430 1411
1510440 1406
1510450 1403
1510460 1403
1510470 1399
1510480 1395
1510490 1392
1510500 1392
1510510 1390
1510520 1388
1510530 1388
1510540 1385
1510550 1382
1510560 1382
1510570 1381
1510580 1379
1510590 1379
1510600 1377
1510610 1373
1510620 1373
1510630 1368
1510640 1365
1510650 1365
1510660 1362
1510670 1359
1510680 1359
1510690 1356
1510700 1351
1510710 1351
1510720 1346
1510730 1342
1510740 1338
1510750 1338
1510760 1336
1510770 1333
1510780 1333
1510790 1331
1510800 1329
1510810 1329
1510820 1328
1510830 1326
1510840 1326
1510850 1324
1510860 1323
1510870 1323
1510880 1322
1510890 1321
1510900 1317
1510910 1315
1510920 1314
1510930 1314
1510940 1313
1510950 1313
1510960 1312
1510970 1312
1510980 1311
1510990 1310
1511000 1310
1511010 1310
1511020 1309
1511030 1309
1511040 1308
1511050 1307
1511060 1307
1511070 1309
1511080 1305
1511090 1305
1511100 1301
1511110 1301
1511120 1301
1511130 1305
1511140 1308
1511150 1308
1511160 1309
1511170 1308
1511180 1308
1511190 1308
1511200 1306
1511210 1304
1511220 1304
1511230 1303
1511240 1302
1511250 1302
1511260 1301
1511270 1301
1511280 1301
1511290 1301
1511300 1300
1511310 1300
1511320 1298
1511330 1299
1511340 1299
1511350 1298
1511360 1297
1511370 1297
1511380 1296
1511390 1296
1511400 1296
1511410 1295
1511420 1295
1511430 1295
1511440 1294
1511450 1293
1511460 1291
1511470 1291
1511480 1290
1511490 1289
1511500 1289
1511510 1289
1511520 1288
1511530 1288
1511540 1287
1511550 1286
1511560 1286
1511570 1285
1511580 1282
1511590 1282
1511600 1280
1511610 1276
1511620 1276
1511630 1273
1511640 1268
1511650 1268
1511660 1267
1511670 1267
1511680 1267
1511690 1267
1511700 1266
1511710 1265
1511720 1265
1511730 1265
1511740 1265
1511750 1265
1511760 1266
1511770 1266
1511780 1266
1511790 1266
1511800 1265
1511810 1265
1511820 1265
1511830 1268
1511840 1268
1511850 1268
1511860 1268
1511870 1268
1511880 1267
1511890 1267
1511900 1267
1511910 1267
1511920 1267
1511930 1268
1511940 1268
1511950 1268
1511960 1269
1511970 1269
1511980 1274
1511990 1275
1512000 1275
1512010 1278
1512020 1281
1512030 1281
1512040 1286
1512050 1290
1512060 1290
1512070 1294
1512080 1297
1512090 1297
1512100 1300
1512110 1304
1512120 1304
1512130 1314
1512140 1324
1512150 1324
1512160 1326
1512170 1326
1512180 1323
1512190 1323
1512200 1321
1512210 1320
1512220 1320
1512230 1319
1512240 1319
1512250 1319
1512260 1320
1512270 1320
1512280 1320
1512290 1322
1512300 1325
1512310 1325
1512320 1324
1512330 1325
1512340 1325
1512350 1327
1512360 1331
1512370 1331
1512380 1333
1512390 1332
1512400 1332
1512410 1333
1512420 1336
1512430 1337
1512440 1337
1512450 1338
1512460 1338
1512470 1338
1512480 1343
1512490 1346
1512500 1346
1512510 1349
1512520 1351
1512530 1351
1512540 1354
1512550 1358
1512560 1358
1512570 1362
1512580 1366
1512590 1366
1512600 1371
1512610 1376
1512620 1376
1512630 1381
1512640 1385
1512650 1385
1512660 1389
1512670 1394
1512680 1397
1512690 1397
1512700 1401
1512710 1406
1512720 1406
1512730 1411
1512740 1417
1512750 1417
1512760 1422
1512770 1430
1512780 1430
1512790 1438
1512800 1445
1512810 1445
1512820 1453
1512830 1460
1512840 1460
1512850 1468
1512860 1476
1512870 1476
1512880 1486
1512890 1501
1512900 1507
1512910 1507
1512920 1506
1512930 1508
1512940 1508
1512950 1514
1512960 1523
1512970 1523
1512980 1532
1512990 1543
1513000 1543
1513010 1573
1513020 1623
1513030 1623
1513040 1633
1513050 1639
1513060 1639
1513070 1640
1513080 1643
1513090 1643
1513100 1642
1513110 1645
1513120 1645
1513130 1653
1513140 1656
1513150 1662
1513160 1662
1513170 1671
1513180 1681
1513190 1681
1513200 1693
1513210 1701
1513220 1701
1513230 1707
1513240 1714
1513250 1714
1513260 1727
1513270 1733
1513280 1733
1513290 1734
1513300 1735
1513310 1735
1513320 1738
1513330 1742
1513340 1742
1513350 1750
1513360 1757
1513370 1757
1513380 1760
1513390 1764
1513400 1771
1513410 1771
1513420 1780
1513430 1785
1513440 1785
1513450 1790
1513460 1792
1513470 1792
1513480 1789
1513490 1788
1513500 1788
1513510 1792
1513520 1804
1513530 1804
1513540 1816
1513550 1822
1513560 1822
1513570 1831
1513580 1840
1513590 1840
1513600 1850
1513610 1857
1513620 1857
1513630 1862
1513640 1867
1513650 1869
1513660 1869
1513670 1870
1513680 1871
1513690 1871
1513700 1878
1513710 1886
1513720 1886
1513730 1892
1513740 1896
1513750 1896
1513760 1900
1513770 1905
1513780 1905
1513790 1911
1513800 1918
1513810 1918
1513820 1926
1513830 1935
1513840 1935
1513850 1944
1513860 1951
1513870 1958
1513880 1958
1513890 1965
1513900 1970
1513910 1970
1513920 1975
1513930 1980
1513940 1980
1513950 1984
1513960 1988
1513970 1988
1513980 1991
1513990 1993
1514000 1993
1514010 1993
1514020 1993
1514030 1993
1514040 1992
1514050 1991
1514060 1991
1514070 1988
1514080 1986
1514090 1986
1514100 1983
1514110 1981
1514120 1979
1514130 1979
1514140 1976
1514150 1971
1514160 1971
1514170 1966
1514180 1959
1514190 1959
1514200 1951
1514210 1943
1514220 1943
1514230 1937
1514240 1932
1514250 1932
1514260 1928
1514270 1924
1514280 1924
1514290 1920
1514300 1919
1514310 1919
1514320 1918
1514330 1916
1514340 1916
1514350 1914
1514360 1913
1514370 1912
1514380 1912
1514390 1912
1514400 1912
1514410 1912
1514420 1910
1514430 1909
1514440 1909
1514450 1909
1514460 1910
1514470 1910
1514480 1910
1514490 1912
1514500 1912
1514510 1912
1514520 1913
1514530 1913
1514540 1915
1514550 1918
1514560 1918
1514570 1920
1514580 1921
1514590 1921
1514600 1923
1514610 1924
1514620 1925
1514630 1925
1514640 1925
1514650 1925
1514660 1925
1514670 1926
1514680 1927
1514690 1927
1514700 1929
1514710 1930
1514720 1930
1514730 1930
1514740 1929
1514750 1929
1514760 1930
1514770 1931
1514780 1931
1514790 1932
1514800 1932
1514810 1932
1514820 1932
1514830 1932
1514840 1932
1514850 1934
1514860 1934
1514870 1935
1514880 1935
1514890 1936
1514900 1937
1514910 1937
1514920 1935
1514930 1934
1514940 1934
1514950 1938
1514960 1945
1514970 1945
1514980 1951
1514990 1954
1515000 1954
1515010 1957
1515020 1959
1515030 1959
1515040 1960
1515050 1960
1515060 1960
1515070 1962
1515080 1964
1515090 1967
1515100 1967
1515110 1968
1515120 1966
1515130 1966
1515140 1968
1515150 1973
1515160 1973
1515170 1978
1515180 1981
1515190 1981
1515200 1983
1515210 1988
1515220 1988
1515230 1991
1515240 1994
1515250 1994
1515260 2000
1515270 2005
1515280 2005
1515290 2009
1515300 2013
1515310 2013
1515320 2017
1515330 2021
1515340 2025
1515350 2025
1515360 2029
1515370 2033
1515380 2038
1515390 2042
1515400 2047
1515410 2047
1515420 2051
1515430 2055
1515440 2055
1515450 2059
1515460 2063
1515470 2063
1515480 2065
1515490 2067
1515500 2067
1515510 2068
1515520 2069
1515530 2069
1515540 2074
1515550 2079
1515560 2079
1515570 2086
1515580 2093
1515590 2101
1515600 2101
1515610 2113
1515620 2123
1515630 2123
1515640 2130
1515650 2137
1515660 2137
1515670 2143
1515680 2149
1515690 2149
1515700 2155
1515710 2160
1515720 2160
1515730 2166
1515740 2171
1515750 2171
1515760 2176
1515770 2182
1515780 2182
1515790 2187
1515800 2193
1515810 2193
1515820 2198
1515830 2203
1515840 2208
1515850 2208
1515860 2213
1515870 2218
1515880 2218
1515890 2223
1515900 2228
1515910 2228
1515920 2233
1515930 2238
1515940 2238
1515950 2243
1515960 2249
1515970 2249
1515980 2254
1515990 2259
1516000 2259
1516010 2264
1516020 2268
1516030 2268
1516040 2272
1516050 2277
1516060 2281
1516070 2281
1516080 2285
1516090 2290
1516100 2290
1516110 2294
1516120 2299
1516130 2299
1516140 2303
1516150 2307
1516160 2307
1516170 2309
1516180 2309
1516190 2309
1516200 2310
1516210 2310
1516220 2310
1516230 2311
1516240 2310
1516250 2310
1516260 2308
1516270 2309
1516280 2309
1516290 2310
1516300 2309
1516310 2307
1516320 2307
1516330 2303
1516340 2301
1516350 2301
1516360 2299
1516370 2297
1516380 2297
1516390 2294
1516400 2292
1516410 2292
1516420 2290
1516430 2287
1516440 2287
1516450 2285
1516460 2282
1516470 2282
1516480 2279
1516490 2276
1516500 2276
1516510 2274
1516520 2272
1516530 2272
1516540 2270
1516550 2266
1516560 2262
1516570 2262
1516580 2258
1516590 2254
1516600 2254
1516610 2250
1516620 2246
1516630 2246
1516640 2242
1516650 2237
1516660 2237
1516670 2232
1516680 2227
1516690 2227
1516700 2222
1516710 2217
1516720 2217
1516730 2211
1516740 2205
1516750 2205
1516760 2199
1516770 2194
1516780 2194
1516790 2188
1516800 2182
1516810 2176
1516820 2176
1516830 2169
1516840 2160
1516850 2160
1516860 2151
1516870 2144
1516880 2144
1516890 2138
1516900 2131
1516910 2131
1516920 2126
1516930 2120
1516940 2120
1516950 2113
1516960 2108
1516970 2108
1516980 2102
1516990 2096
1517000 2096
1517010 2091
1517020 2086
1517030 2082
1517040 2082
1517050 2076
1517060 2071
1517070 2071
1517080 2065
1517090 2059
1517100 2059
1517110 2053
1517120 2048
1517130 2048
1517140 2044
1517150 2039
1517160 2039
1517170 2033
1517180 2024
1517190 2024
1517200 2016
1517210 2011
1517220 2011
1517230 2005
1517240 1997
1517250 1997
1517260 1992
1517270 1984
1517280 1978
1517290 1978
1517300 1972
1517310 1968
1517320 1968
1517330 1960
1517340 1951
1517350 1951
1517360 1944
1517370 1937
1517380 1937
1517390 1931
1517400 1923
1517410 1923
1517420 1916
1517430 1908
1517440 1908
1517450 1902
1517460 1895
1517470 1895
1517480 1889
1517490 1884
1517500 1884
1517510 1881
1517520 1878
1517530 1874
1517540 1874
1517550 1870
1517560 1865
1517570 1865
1517580 1862
1517590 1860
1517600 1860
1517610 1858
1517620 1857
1517630 1857
1517640 1855
1517650 1853
1517660 1853
1517670 1851
1517680 1849
1517690 1849
1517700 1848
1517710 1847
1517720 1847
1517730 1846
1517740 1845
1517750 1845
1517760 1844
1517770 1843
1517780 1841
1517790 1841
1517800 1840
1517810 1837
1517820 1837
1517830 1835
1517840 1832
1517850 1832
1517860 1829
1517870 1825
1517880 1825
1517890 1822
1517900 1820
1517910 1820
1517920 1818
1517930 1816
1517940 1816
1517950 1814
1517960 1811
1517970 1811
1517980 1809
1517990 1806
1518000 1804
1518010 1804
1518020 1801
1518030 1798
1518040 1798
1518050 1796
1518060 1793
1518070 1793
1518080 1789
1518090 1786
1518100 1786
1518110 1783
1518120 1781
1518130 1781
1518140 1778
1518150 1775
1518160 1775
1518170 1771
1518180 1768
1518190 1768
1518200 1768
1518210 1765
1518220 1765
1518230 1764
1518240 1765
1518250 1765
1518260 1765
1518270 1762
1518280 1759
1518290 1759
1518300 1755
1518310 1749
1518320 1749
1518330 1745
1518340 1745
1518350 1745
1518360 1746
1518370 1745
1518380 1745
1518390 1742
1518400 1738
1518410 1738
1518420 1735
1518430 1734
1518440 1734
1518450 1732
1518460 1730
1518470 1730
1518480 1729
1518490 1727
1518500 1725
1518510 1725
1518520 1724
1518530 1722
1518540 1722
1518550 1721
1518560 1720
1518570 1720
1518580 1718
1518590 1719
1518600 1719
1518610 1719
1518620 1720
1518630 1720
1518640 1720
1518650 1718
1518660 1718
1518670 1715
1518680 1709
1518690 1709
1518700 1704
1518710 1701
1518720 1701
1518730 1699
1518740 1697
1518750 1695
1518760 1695
1518770 1691
1518780 1688
1518790 1688
1518800 1685
1518810 1681
1518820 1681
1518830 1677
1518840 1674
1518850 1674
1518860 1671
1518870 1668
1518880 1668
1518890 1666
1518900 1663
1518910 1663
1518920 1661
1518930 1658
1518940 1658
1518950 1658
1518960 1657
1518970 1655
1518980 1655
1518990 1654
1519000 1652
1519010 1652
1519020 1651
1519030 1650
1519040 1650
1519050 1649
1519060 1648
1519070 1648
1519080 1648
1519090 1647
1519100 1647
1519110 1646
1519120 1643
1519130 1643
1519140 1640
1519150 1640
1519160 1640
1519170 1639
1519180 1636
1519190 1636
1519200 1633
1519210 1631
1519220 1630
1519230 1630
1519240 1629
1519250 1629
1519260 1629
1519270 1622
1519280 1623
1519290 1623
1519300 1623
1519310 1622
1519320 1622
1519330 1621
1519340 1619
1519350 1619
1519360 1617
1519370 1616
1519380 1616
1519390 1617
1519400 1617
1519410 1617
1519420 1616
1519430 1616
1519440 1616
1519450 1616
1519460 1614
1519470 1613
1519480 1613
1519490 1612
1519500 1610
1519510 1610
1519520 1607
1519530 1604
1519540 1604
1519550 1600
1519560 1595
1519570 1595
1519580 1591
1519590 1588
1519600 1588
1519610 1584
1519620 1580
1519630 1580
1519640 1577
1519650 1573
1519660 1573
1519670 1569
1519680 1566
1519690 1566
1519700 1563
1519710 1558
1519720 1554
1519730 1554
1519740 1549
1519750 1546
1519760 1546
1519770 1544
1519780 1542
1519790 1542
1519800 1539
1519810 1537
1519820 1537
1519830 1536
1519840 1535
1519850 1535
1519860 1533
1519870 1529
1519880 1529
1519890 1527
1519900 1524
1519910 1524
1519920 1521
1519930 1518
1519940 1515
1519950 1515
1519960 1511
1519970 1507
1519980 1507
1519990 1503
