1500000 1827
1500010 1827
1500020 1826
1500030 1823
1500040 1823
1500050 1820
1500060 1817
1500070 1817
1500080 1813
1500090 1809
1500100 1809
1500110 1805
1500120 1802
1500130 1802
1500140 1801
1500150 1799
1500160 1799
1500170 1794
1500180 1788
1500190 1789
1500200 1789
1500210 1787
1500220 1786
1500230 1786
1500240 1785
1500250 1781
1500260 1781
1500270 1778
1500280 1774
1500290 1774
1500300 1770
1500310 1767
1500320 1767
1500330 1767
1500340 1766
1500350 1766
1500360 1764
1500370 1762
1500380 1762
1500390 1760
1500400 1759
1500410 1759
1500420 1757
1500430 1755
1500440 1752
1500450 1752
1500460 1751
1500470 1752
1500480 1752
1500490 1751
1500500 1750
1500510 1750
1500520 1749
1500530 1748
1500540 1748
1500550 1746
1500560 1744
1500570 1744
1500580 1740
1500590 1736
1500600 1736
1500610 1733
1500620 1729
1500630 1729
1500640 1723
1500650 1715
1500660 1713
1500670 1713
1500680 1710
1500690 1706
1500700 1706
1500710 1700
1500720 1698
1500730 1698
1500740 1699
1500750 1698
1500760 1698
1500770 1698
1500780 1697
1500790 1697
1500800 1697
1500810 1697
1500820 1697
1500830 1697
1500840 1697
1500850 1697
1500860 1696
1500870 1695
1500880 1695
1500890 1695
1500900 1695
1500910 1696
1500920 1696
1500930 1697
1500940 1697
1500950 1697
1500960 1698
1500970 1699
1500980 1699
1500990 1699
1501000 1697
1501010 1697
1501020 1697
1501030 1698
1501040 1698
1501050 1698
1501060 1697
1501070 1697
1501080 1697
1501090 1696
1501100 1696
1501110 1696
1501120 1696
1501130 1696
1501140 1696
1501150 1696
1501160 1695
1501170 1695
1501180 1695
1501190 1696
1501200 1696
1501210 1695
1501220 1694
1501230 1694
1501240 1693
1501250 1692
1501260 1692
1501270 1691
1501280 1691
1501290 1691
1501300 1690
1501310 1689
1501320 1689
1501330 1688
1501340 1687
1501350 1687
1501360 1686
1501370 1685
1501380 1685
1501390 1684
1501400 1682
1501410 1681
1501420 1681
1501430 1679
1501440 1678
1501450 1678
1501460 1676
1501470 1675
1501480 1675
1501490 1674
1501500 1673
1501510 1673
1501520 1671
1501530 1669
1501540 1669
1501550 1668
1501560 1667
1501570 1667
1501580 1665
1501590 1663
1501600 1663
1501610 1662
1501620 1661
1501630 1661
1501640 1659
1501650 1656
1501660 1655
1501670 1655
1501680 1653
1501690 1652
1501700 1652
1501710 1651
1501720 1649
1501730 1649
1501740 1648
1501750 1648
1501760 1648
1501770 1647
1501780 1646
1501790 1646
1501800 1646
1501810 1645
1501820 1645
1501830 1645
1501840 1645
1501850 1645
1501860 1644
1501870 1644
1501880 1644
1501890 1644
1501900 1643
1501910 1643
1501920 1643
1501930 1643
1501940 1642
1501950 1642
1501960 1642
1501970 1642
1501980 1642
1501990 1643
1502000 1643
1502010 1643
1502020 1643
1502030 1644
1502040 1644
1502050 1646
1502060 1647
1502070 1647
1502080 1648
1502090 1648
1502100 1648
1502110 1648
1502120 1647
1502130 1646
1502140 1646
1502150 1646
1502160 1646
1502170 1646
1502180 1645
1502190 1644
1502200 1644
1502210 1642
1502220 1639
1502230 1639
1502240 1638
1502250 1636
1502260 1636
1502270 1635
1502280 1635
1502290 1635
1502300 1635
1502310 1636
1502320 1636
1502330 1637
1502340 1637
1502350 1637
1502360 1637
1502370 1637
1502380 1637
1502390 1637
1502400 1636
1502410 1636
1502420 1636
1502430 1635
1502440 1635
1502450 1635
1502460 1634
1502470 1633
1502480 1633
1502490 1632
1502500 1631
1502510 1631
1502520 1630
1502530 1628
1502540 1628
1502550 1626
1502560 1625
1502570 1625
1502580 1623
1502590 1621
1502600 1621
1502610 1620
1502620 1617
1502630 1615
1502640 1615
1502650 1613
1502660 1612
1502670 1612
1502680 1610
1502690 1609
1502700 1609
1502710 1608
1502720 1606
1502730 1606
1502740 1605
1502750 1602
1502760 1602
1502770 1599
1502780 1594
1502790 1594
1502800 1589
1502810 1583
1502820 1583
1502830 1580
1502840 1579
1502850 1579
1502860 1575
1502870 1570
1502880 1566
1502890 1566
1502900 1561
1502910 1560
1502920 1560
1502930 1559
1502940 1556
1502950 1556
1502960 1556
1502970 1555
1502980 1555
1502990 1553
1503000 1552
1503010 1552
1503020 1551
1503030 1554
1503040 1554
1503050 1556
1503060 1556
1503070 1556
1503080 1557
1503090 1557
1503100 1557
1503110 1558
1503120 1560
1503130 1562
1503140 1562
1503150 1563
1503160 1564
1503170 1564
1503180 1565
1503190 1566
1503200 1566
1503210 1567
1503220 1568
1503230 1568
1503240 1570
1503250 1571
1503260 1571
1503270 1574
1503280 1576
1503290 1576
1503300 1578
1503310 1581
1503320 1581
1503330 1583
1503340 1585
1503350 1588
1503360 1588
1503370 1590
1503380 1592
1503390 1592
1503400 1595
1503410 1598
1503420 1598
1503430 1601
1503440 1604
1503450 1604
1503460 1607
1503470 1609
1503480 1609
1503490 1611
1503500 1614
1503510 1614
1503520 1617
1503530 1621
1503540 1621
1503550 1626
1503560 1630
1503570 1630
1503580 1634
1503590 1639
1503600 1642
1503610 1642
1503620 1646
1503630 1650
1503640 1650
1503650 1654
1503660 1658
1503670 1658
1503680 1665
1503690 1670
1503700 1670
1503710 1676
1503720 1683
1503730 1683
1503740 1688
1503750 1688
1503760 1688
1503770 1685
1503780 1685
1503790 1685
1503800 1685
1503810 1687
1503820 1687
1503830 1689
1503840 1691
1503850 1692
1503860 1692
1503870 1694
1503880 1696
1503890 1696
1503900 1699
1503910 1703
1503920 1703
1503930 1707
1503940 1710
1503950 1710
1503960 1713
1503970 1716
1503980 1716
1503990 1719
1504000 1721
1504010 1721
1504020 1726
1504030 1732
1504040 1732
1504050 1737
1504060 1743
1504070 1743
1504080 1747
1504090 1752
1504100 1757
1504110 1757
1504120 1760
1504130 1762
1504140 1762
1504150 1764
1504160 1767
1504170 1767
1504180 1769
1504190 1771
1504200 1771
1504210 1774
1504220 1776
1504230 1776
1504240 1779
1504250 1781
1504260 1781
1504270 1782
1504280 1783
1504290 1783
1504300 1784
1504310 1785
1504320 1785
1504330 1786
1504340 1789
1504350 1791
1504360 1791
1504370 1790
1504380 1787
1504390 1787
1504400 1785
1504410 1783
1504420 1783
1504430 1781
1504440 1779
1504450 1779
1504460 1777
1504470 1775
1504480 1775
1504490 1773
1504500 1770
1504510 1770
1504520 1768
1504530 1765
1504540 1765
1504550 1762
1504560 1761
1504570 1761
1504580 1760
1504590 1760
1504600 1760
1504610 1760
1504620 1760
1504630 1760
1504640 1760
1504650 1758
1504660 1755
1504670 1755
1504680 1753
1504690 1751
1504700 1751
1504710 1747
1504720 1740
1504730 1740
1504740 1733
1504750 1727
1504760 1727
1504770 1723
1504780 1721
1504790 1721
1504800 1717
1504810 1713
1504820 1707
1504830 1707
1504840 1699
1504850 1691
1504860 1691
1504870 1686
1504880 1680
1504890 1680
1504900 1674
1504910 1670
1504920 1670
1504930 1665
1504940 1661
1504950 1661
1504960 1657
1504970 1653
1504980 1653
1504990 1651
1505000 1648
1505010 1648
1505020 1646
1505030 1644
1505040 1644
1505050 1643
1505060 1642
1505070 1642
1505080 1642
1505090 1643
1505100 1643
1505110 1643
1505120 1644
1505130 1644
1505140 1644
1505150 1645
1505160 1645
1505170 1645
1505180 1645
1505190 1640
1505200 1640
1505210 1639
1505220 1634
1505230 1634
1505240 1628
1505250 1627
1505260 1627
1505270 1634
1505280 1640
1505290 1640
1505300 1647
1505310 1654
1505320 1657
1505330 1657
1505340 1661
1505350 1664
1505360 1664
1505370 1665
1505380 1666
1505390 1666
1505400 1668
1505410 1671
1505420 1671
1505430 1675
1505440 1678
1505450 1678
1505460 1679
1505470 1679
1505480 1679
1505490 1679
1505500 1679
1505510 1679
1505520 1679
1505530 1680
1505540 1680
1505550 1680
1505560 1681
1505570 1681
1505580 1681
1505590 1681
1505600 1680
1505610 1680
1505620 1679
1505630 1679
1505640 1679
1505650 1679
1505660 1678
1505670 1678
1505680 1678
1505690 1677
1505700 1677
1505710 1674
1505720 1673
1505730 1673
1505740 1672
1505750 1672
1505760 1672
1505770 1672
1505780 1672
1505790 1672
1505800 1674
1505810 1676
1505820 1678
1505830 1678
1505840 1680
1505850 1680
1505860 1680
1505870 1679
1505880 1678
1505890 1678
1505900 1676
1505910 1673
1505920 1673
1505930 1672
1505940 1671
1505950 1671
1505960 1670
1505970 1669
1505980 1669
1505990 1669
1506000 1668
1506010 1668
1506020 1667
1506030 1666
1506040 1666
1506050 1666
1506060 1665
1506070 1665
1506080 1665
1506090 1664
1506100 1664
1506110 1664
1506120 1664
1506130 1664
1506140 1664
1506150 1664
1506160 1664
1506170 1664
1506180 1663
1506190 1663
1506200 1663
1506210 1664
1506220 1663
1506230 1663
1506240 1663
1506250 1663
1506260 1663
1506270 1663
1506280 1663
1506290 1663
1506300 1663
1506310 1663
1506320 1663
1506330 1663
1506340 1663
1506350 1663
1506360 1663
1506370 1663
1506380 1663
1506390 1663
1506400 1663
1506410 1663
1506420 1663
1506430 1664
1506440 1664
1506450 1664
1506460 1666
1506470 1667
1506480 1667
1506490 1669
1506500 1671
1506510 1671
1506520 1672
1506530 1673
1506540 1673
1506550 1673
1506560 1673
1506570 1672
1506580 1672
1506590 1671
1506600 1671
1506610 1671
1506620 1671
1506630 1672
1506640 1672
1506650 1672
1506660 1673
1506670 1673
1506680 1672
1506690 1671
1506700 1671
1506710 1670
1506720 1669
1506730 1669
1506740 1669
1506750 1668
1506760 1668
1506770 1668
1506780 1667
1506790 1665
1506800 1665
1506810 1664
1506820 1663
1506830 1663
1506840 1662
1506850 1662
1506860 1662
1506870 1662
1506880 1662
1506890 1662
1506900 1663
1506910 1662
1506920 1662
1506930 1661
1506940 1658
1506950 1658
1506960 1655
1506970 1653
1506980 1653
1506990 1650
1507000 1644
1507010 1644
1507020 1637
1507030 1628
1507040 1617
1507050 1617
1507060 1608
1507070 1601
1507080 1601
1507090 1595
1507100 1590
1507110 1590
1507120 1584
1507130 1578
1507140 1578
1507150 1574
1507160 1569
1507170 1569
1507180 1565
1507190 1562
1507200 1562
1507210 1559
1507220 1556
1507230 1556
1507240 1551
1507250 1545
1507260 1545
1507270 1537
1507280 1526
1507290 1516
1507300 1516
1507310 1509
1507320 1503
1507330 1503
1507340 1496
1507350 1490
1507360 1490
1507370 1485
1507380 1479
1507390 1479
1507400 1474
1507410 1469
1507420 1469
1507430 1464
1507440 1460
1507450 1460
1507460 1456
1507470 1452
1507480 1452
1507490 1447
1507500 1442
1507510 1442
1507520 1437
1507530 1432
1507540 1427
1507550 1427
1507560 1424
1507570 1420
1507580 1420
1507590 1416
1507600 1412
1507610 1412
1507620 1408
1507630 1403
1507640 1403
1507650 1399
1507660 1395
1507670 1395
1507680 1393
1507690 1390
1507700 1390
1507710 1387
1507720 1385
1507730 1385
1507740 1383
1507750 1381
1507760 1380
1507770 1380
1507780 1378
1507790 1375
1507800 1375
1507810 1374
1507820 1371
1507830 1371
1507840 1368
1507850 1366
1507860 1366
1507870 1364
1507880 1361
1507890 1361
1507900 1359
1507910 1357
1507920 1357
1507930 1356
1507940 1353
1507950 1353
1507960 1351
1507970 1350
1507980 1350
1507990 1348
1508000 1347
1508010 1345
1508020 1345
1508030 1344
1508040 1343
1508050 1343
1508060 1341
1508070 1340
1508080 1340
1508090 1340
1508100 1339
1508110 1339
1508120 1339
1508130 1339
1508140 1339
1508150 1337
1508160 1335
1508170 1335
1508180 1333
1508190 1332
1508200 1332
1508210 1331
1508220 1330
1508230 1330
1508240 1331
1508250 1331
1508260 1331
1508270 1331
1508280 1329
1508290 1326
1508300 1326
1508310 1325
1508320 1327
1508330 1327
1508340 1329
1508350 1331
1508360 1331
1508370 1333
1508380 1334
1508390 1334
1508400 1335
1508410 1337
1508420 1337
1508430 1338
1508440 1340
1508450 1340
1508460 1342
1508470 1345
1508480 1345
1508490 1347
1508500 1350
1508510 1352
1508520 1352
1508530 1354
1508540 1356
1508550 1356
1508560 1357
1508570 1357
1508580 1357
1508590 1356
1508600 1355
1508610 1355
1508620 1354
1508630 1356
1508640 1356
1508650 1358
1508660 1359
1508670 1359
1508680 1360
1508690 1362
1508700 1362
1508710 1364
1508720 1366
1508730 1366
1508740 1366
1508750 1367
1508760 1368
1508770 1368
1508780 1369
1508790 1370
1508800 1370
1508810 1371
1508820 1373
1508830 1373
1508840 1372
1508850 1364
1508860 1364
1508870 1362
1508880 1370
1508890 1370
1508900 1377
1508910 1382
1508920 1382
1508930 1386
1508940 1387
1508950 1387
1508960 1386
1508970 1388
1508980 1388
1508990 1392
1509000 1396
1509010 1398
1509020 1398
1509030 1396
1509040 1391
1509050 1391
1509060 1396
1509070 1398
1509080 1398
1509090 1401
1509100 1404
1509110 1404
1509120 1405
1509130 1403
1509140 1403
1509150 1404
1509160 1404
1509170 1404
1509180 1403
1509190 1406
1509200 1406
1509210 1409
1509220 1408
1509230 1411
1509240 1411
1509250 1416
1509260 1421
1509270 1421
1509280 1421
1509290 1420
1509300 1420
1509310 1420
1509320 1423
1509330 1423
1509340 1424
1509350 1425
1509360 1425
1509370 1425
1509380 1425
1509390 1425
1509400 1425
1509410 1427
1509420 1427
1509430 1430
1509440 1428
1509450 1428
1509460 1427
1509470 1425
1509480 1428
1509490 1428
1509500 1435
1509510 1443
1509520 1443
1509530 1449
1509540 1451
1509550 1451
1509560 1449
1509570 1449
1509580 1449
1509590 1456
1509600 1464
1509610 1464
1509620 1469
1509630 1477
1509640 1477
1509650 1483
1509660 1481
1509670 1481
1509680 1475
1509690 1475
1509700 1475
1509710 1474
1509720 1470
1509730 1481
1509740 1481
1509750 1493
1509760 1504
1509770 1504
1509780 1514
1509790 1517
1509800 1517
1509810 1520
1509820 1525
1509830 1525
1509840 1528
1509850 1532
1509860 1532
1509870 1536
1509880 1536
1509890 1536
1509900 1533
1509910 1532
1509920 1532
1509930 1535
1509940 1541
1509950 1541
1509960 1546
1509970 1542
1509980 1540
1509990 1540
1510000 1540
1510010 1541
1510020 1541
1510030 1546
1510040 1552
1510050 1552
1510060 1555
1510070 1562
1510080 1562
1510090 1567
1510100 1570
1510110 1570
1510120 1572
1510130 1571
1510140 1571
1510150 1571
1510160 1569
1510170 1569
1510180 1566
1510190 1565
1510200 1565
1510210 1566
1510220 1567
1510230 1571
1510240 1571
1510250 1573
1510260 1576
1510270 1576
1510280 1581
1510290 1583
1510300 1583
1510310 1587
1510320 1595
1510330 1595
1510340 1598
1510350 1608
1510360 1608
1510370 1621
1510380 1627
1510390 1627
1510400 1630
1510410 1631
1510420 1631
1510430 1632
1510440 1635
1510450 1638
1510460 1638
1510470 1641
1510480 1645
1510490 1645
1510500 1647
1510510 1648
1510520 1648
1510530 1651
1510540 1656
1510550 1656
1510560 1658
1510570 1661
1510580 1661
1510590 1664
1510600 1669
1510610 1669
1510620 1687
1510630 1689
1510640 1689
1510650 1688
1510660 1697
1510670 1697
1510680 1706
1510690 1714
1510700 1720
1510710 1720
1510720 1723
1510730 1726
1510740 1726
1510750 1729
1510760 1732
1510770 1732
1510780 1734
1510790 1738
1510800 1738
1510810 1743
1510820 1747
1510830 1747
1510840 1747
1510850 1751
1510860 1751
1510870 1757
1510880 1761
1510890 1761
1510900 1764
1510910 1767
1510920 1767
1510930 1769
1510940 1773
1510950 1776
1510960 1776
1510970 1782
1510980 1791
1510990 1791
1511000 1813
1511010 1832
1511020 1832
1511030 1835
1511040 1838
1511050 1838
1511060 1841
1511070 1840
1511080 1840
1511090 1838
1511100 1834
1511110 1834
1511120 1830
1511130 1830
1511140 1830
1511150 1834
1511160 1836
1511170 1836
1511180 1835
1511190 1834
1511200 1832
1511210 1832
1511220 1828
1511230 1824
1511240 1824
1511250 1820
1511260 1818
1511270 1818
1511280 1814
1511290 1812
1511300 1812
1511310 1812
1511320 1808
1511330 1808
1511340 1802
1511350 1797
1511360 1797
1511370 1791
1511380 1784
1511390 1784
1511400 1775
1511410 1767
1511420 1767
1511430 1760
1511440 1751
1511450 1743
1511460 1743
1511470 1735
1511480 1727
1511490 1727
1511500 1711
1511510 1699
1511520 1699
1511530 1687
1511540 1674
1511550 1674
1511560 1663
1511570 1652
1511580 1652
1511590 1643
1511600 1635
1511610 1635
1511620 1627
1511630 1618
1511640 1618
1511650 1611
1511660 1604
1511670 1604
1511680 1599
1511690 1594
1511700 1589
1511710 1589
1511720 1581
1511730 1573
1511740 1573
1511750 1566
1511760 1557
1511770 1557
1511780 1549
1511790 1539
1511800 1539
1511810 1529
1511820 1522
1511830 1522
1511840 1517
1511850 1512
1511860 1512
1511870 1507
1511880 1501
1511890 1501
1511900 1494
1511910 1488
1511920 1482
1511930 1482
1511940 1476
1511950 1470
1511960 1470
1511970 1463
1511980 1456
1511990 1456
1512000 1449
1512010 1442
1512020 1442
1512030 1435
1512040 1430
1512050 1430
1512060 1425
1512070 1421
1512080 1421
1512090 1419
1512100 1416
1512110 1416
1512120 1412
1512130 1411
1512140 1411
1512150 1411
1512160 1407
1512170 1403
1512180 1403
1512190 1402
1512200 1404
1512210 1404
1512220 1407
1512230 1410
1512240 1410
1512250 1414
1512260 1419
1512270 1419
1512280 1425
1512290 1430
1512300 1430
1512310 1436
1512320 1442
1512330 1442
1512340 1448
1512350 1454
1512360 1454
1512370 1460
1512380 1466
1512390 1466
1512400 1472
1512410 1477
1512420 1484
1512430 1484
1512440 1491
1512450 1498
1512460 1498
1512470 1505
1512480 1512
1512490 1512
1512500 1519
1512510 1525
1512520 1525
1512530 1532
1512540 1540
1512550 1540
1512560 1547
1512570 1555
1512580 1555
1512590 1563
1512600 1570
1512610 1570
1512620 1578
1512630 1587
1512640 1587
1512650 1601
1512660 1628
1512670 1658
1512680 1658
1512690 1688
1512700 1709
1512710 1709
1512720 1730
1512730 1754
1512740 1754
1512750 1763
1512760 1766
1512770 1766
1512780 1770
1512790 1776
1512800 1776
1512810 1782
1512820 1787
1512830 1787
1512840 1793
1512850 1798
1512860 1798
1512870 1802
1512880 1813
1512890 1813
1512900 1830
1512910 1842
1512920 1846
1512930 1846
1512940 1852
1512950 1859
1512960 1859
1512970 1861
1512980 1863
1512990 1863
1513000 1865
1513010 1867
1513020 1867
1513030 1870
1513040 1873
1513050 1873
1513060 1875
1513070 1877
1513080 1877
1513090 1879
1513100 1881
1513110 1881
1513120 1880
1513130 1878
1513140 1878
1513150 1878
1513160 1880
1513170 1883
1513180 1883
1513190 1886
1513200 1889
1513210 1889
1513220 1892
1513230 1894
1513240 1894
1513250 1897
1513260 1902
1513270 1902
1513280 1906
1513290 1910
1513300 1910
1513310 1914
1513320 1919
1513330 1919
1513340 1923
1513350 1929
1513360 1929
1513370 1935
1513380 1939
1513390 1944
1513400 1944
1513410 1947
1513420 1950
1513430 1950
1513440 1952
1513450 1956
1513460 1956
1513470 1958
1513480 1959
1513490 1959
1513500 1960
1513510 1961
1513520 1961
1513530 1963
1513540 1966
1513550 1966
1513560 1967
1513570 1966
1513580 1966
1513590 1964
1513600 1961
1513610 1961
1513620 1959
1513630 1960
1513640 1960
1513650 1960
1513660 1960
1513670 1961
1513680 1961
1513690 1962
1513700 1963
1513710 1963
1513720 1964
1513730 1966
1513740 1966
1513750 1969
1513760 1972
1513770 1972
1513780 1976
1513790 1982
1513800 1982
1513810 1989
1513820 1995
1513830 1995
1513840 2001
1513850 2006
1513860 2006
1513870 2013
1513880 2024
1513890 2035
1513900 2035
1513910 2043
1513920 2049
1513930 2049
1513940 2057
1513950 2064
1513960 2064
1513970 2072
1513980 2078
1513990 2078
1514000 2082
1514010 2086
1514020 2086
1514030 2091
1514040 2096
1514050 2096
1514060 2100
1514070 2103
1514080 2103
1514090 2108
1514100 2114
1514110 2114
1514120 2122
1514130 2138
1514140 2152
1514150 2152
1514160 2150
1514170 2150
1514180 2150
1514190 2158
1514200 2163
1514210 2163
1514220 2168
1514230 2175
1514240 2175
1514250 2182
1514260 2190
1514270 2190
1514280 2204
1514290 2218
1514300 2218
1514310 2222
1514320 2218
1514330 2218
1514340 2220
1514350 2231
1514360 2231
1514370 2230
1514380 2235
1514390 2243
1514400 2243
1514410 2251
1514420 2259
1514430 2259
1514440 2270
1514450 2284
1514460 2284
1514470 2293
1514480 2299
1514490 2299
1514500 2305
1514510 2311
1514520 2311
1514530 2318
1514540 2326
1514550 2326
1514560 2334
1514570 2340
1514580 2340
1514590 2349
1514600 2357
1514610 2364
1514620 2364
1514630 2371
1514640 2370
1514650 2370
1514660 2364
1514670 2353
1514680 2353
1514690 2349
1514700 2357
1514710 2357
1514720 2360
1514730 2367
1514740 2367
1514750 2377
1514760 2383
1514770 2383
1514780 2395
1514790 2403
1514800 2403
1514810 2412
1514820 2422
1514830 2422
1514840 2427
1514850 2429
1514860 2429
1514870 2429
1514880 2429
1514890 2427
1514900 2427
1514910 2425
1514920 2425
1514930 2425
1514940 2425
1514950 2425
1514960 2425
1514970 2424
1514980 2423
1514990 2423
1515000 2421
1515010 2418
1515020 2418
1515030 2414
1515040 2414
1515050 2414
1515060 2412
1515070 2411
1515080 2411
1515090 2410
1515100 2411
1515110 2412
1515120 2412
1515130 2407
1515140 2411
1515150 2411
1515160 2414
1515170 2415
1515180 2415
1515190 2419
1515200 2423
1515210 2423
1515220 2426
1515230 2427
1515240 2427
1515250 2433
1515260 2438
1515270 2438
1515280 2443
1515290 2452
1515300 2452
1515310 2450
1515320 2444
1515330 2444
1515340 2443
1515350 2449
1515360 2454
1515370 2454
1515380 2454
1515390 2452
1515400 2452
1515410 2448
1515420 2442
1515430 2442
1515440 2437
1515450 2433
1515460 2433
1515470 2428
1515480 2423
1515490 2423
1515500 2418
1515510 2412
1515520 2412
1515530 2407
1515540 2402
1515550 2402
1515560 2398
1515570 2394
1515580 2394
1515590 2389
1515600 2385
1515610 2381
1515620 2381
1515630 2378
1515640 2377
1515650 2377
1515660 2376
1515670 2373
1515680 2373
1515690 2369
1515700 2367
1515710 2367
1515720 2364
1515730 2362
1515740 2362
1515750 2357
1515760 2350
1515770 2350
1515780 2338
1515790 2328
1515800 2328
1515810 2320
1515820 2316
1515830 2316
1515840 2314
1515850 2309
1515860 2303
1515870 2303
1515880 2299
1515890 2294
1515900 2294
1515910 2290
1515920 2285
1515930 2285
1515940 2280
1515950 2274
1515960 2274
1515970 2270
1515980 2268
1515990 2268
1516000 2264
1516010 2259
1516020 2259
1516030 2253
1516040 2249
1516050 2249
1516060 2245
1516070 2240
1516080 2234
1516090 2234
1516100 2229
1516110 2225
1516120 2225
1516130 2221
1516140 2218
1516150 2218
1516160 2213
1516170 2209
1516180 2209
1516190 2205
1516200 2202
1516210 2202
1516220 2199
1516230 2198
1516240 2198
1516250 2196
1516260 2194
1516270 2194
1516280 2194
1516290 2194
1516300 2194
1516310 2195
1516320 2194
1516330 2194
1516340 2194
1516350 2194
1516360 2194
1516370 2194
1516380 2196
1516390 2197
1516400 2197
1516410 2196
1516420 2196
1516430 2196
1516440 2196
1516450 2196
1516460 2196
1516470 2196
1516480 2195
1516490 2195
1516500 2195
1516510 2194
1516520 2194
1516530 2194
1516540 2193
1516550 2193
1516560 2191
1516570 2193
1516580 2192
1516590 2192
1516600 2193
1516610 2190
1516620 2190
1516630 2189
1516640 2186
1516650 2186
1516660 2185
1516670 2184
1516680 2184
1516690 2186
1516700 2188
1516710 2188
1516720 2192
1516730 2197
1516740 2197
1516750 2202
1516760 2207
1516770 2207
1516780 2212
1516790 2218
1516800 2218
1516810 2217
1516820 2214
1516830 2215
1516840 2215
1516850 2216
1516860 2218
1516870 2218
1516880 2219
1516890 2220
1516900 2220
1516910 2218
1516920 2214
1516930 2214
1516940 2211
1516950 2208
1516960 2208
1516970 2208
1516980 2211
1516990 2211
1517000 2216
1517010 2215
1517020 2215
1517030 2217
1517040 2220
1517050 2220
1517060 2223
1517070 2225
1517080 2229
1517090 2229
1517100 2237
1517110 2253
1517120 2253
1517130 2263
1517140 2266
1517150 2266
1517160 2264
1517170 2262
1517180 2262
1517190 2264
1517200 2263
1517210 2263
1517220 2263
1517230 2261
1517240 2261
1517250 2259
1517260 2256
1517270 2256
1517280 2255
1517290 2253
1517300 2253
1517310 2251
1517320 2249
1517330 2244
1517340 2244
1517350 2240
1517360 2238
1517370 2238
1517380 2235
1517390 2233
1517400 2233
1517410 2230
1517420 2221
1517430 2221
1517440 2199
1517450 2188
1517460 2188
1517470 2188
1517480 2202
1517490 2202
1517500 2205
1517510 2203
1517520 2203
1517530 2201
1517540 2197
1517550 2193
1517560 2193
1517570 2186
1517580 2175
1517590 2175
1517600 2159
1517610 2140
1517620 2140
1517630 2130
1517640 2122
1517650 2122
1517660 2114
1517670 2104
1517680 2104
1517690 2088
1517700 2079
1517710 2079
1517720 2073
1517730 2067
1517740 2067
1517750 2063
1517760 2059
1517770 2059
1517780 2056
1517790 2053
1517800 2050
1517810 2050
1517820 2050
1517830 2050
1517840 2050
1517850 2045
1517860 2043
1517870 2043
1517880 2044
1517890 2045
1517900 2045
1517910 2046
1517920 2046
1517930 2046
1517940 2046
1517950 2046
1517960 2046
1517970 2049
1517980 2056
1517990 2056
1518000 2065
1518010 2067
1518020 2067
1518030 2061
1518040 2051
1518050 2047
1518060 2047
1518070 2043
1518080 2035
1518090 2035
1518100 2027
1518110 2021
1518120 2021
1518130 2015
1518140 2010
1518150 2010
1518160 2007
1518170 2007
1518180 2007
1518190 2008
1518200 2007
1518210 2007
1518220 2005
1518230 2001
1518240 2001
1518250 1995
1518260 1989
1518270 1989
1518280 1983
1518290 1978
1518300 1974
1518310 1974
1518320 1972
1518330 1969
1518340 1969
1518350 1966
1518360 1963
1518370 1963
1518380 1962
1518390 1960
1518400 1960
1518410 1957
1518420 1954
1518430 1954
1518440 1952
1518450 1948
1518460 1948
1518470 1946
1518480 1945
1518490 1945
1518500 1944
1518510 1942
1518520 1942
1518530 1940
1518540 1943
1518550 1941
1518560 1941
1518570 1936
1518580 1953
1518590 1953
1518600 1959
1518610 1955
1518620 1955
1518630 1952
1518640 1947
1518650 1947
1518660 1943
1518670 1938
1518680 1938
1518690 1932
1518700 1927
1518710 1927
1518720 1921
1518730 1916
1518740 1916
1518750 1910
1518760 1903
1518770 1903
1518780 1895
1518790 1886
1518800 1876
1518810 1876
1518820 1867
1518830 1860
1518840 1860
1518850 1853
1518860 1847
1518870 1847
1518880 1841
1518890 1837
1518900 1837
1518910 1833
1518920 1829
1518930 1829
1518940 1826
1518950 1823
1518960 1823
1518970 1819
1518980 1816
1518990 1816
1519000 1813
1519010 1810
1519020 1807
1519030 1807
1519040 1802
1519050 1797
1519060 1800
1519070 1796
1519080 1791
1519090 1791
1519100 1785
1519110 1778
1519120 1778
1519130 1771
1519140 1766
1519150 1766
1519160 1761
1519170 1756
1519180 1756
1519190 1753
1519200 1750
1519210 1750
1519220 1745
1519230 1740
1519240 1740
1519250 1735
1519260 1731
1519270 1726
1519280 1726
1519290 1722
1519300 1717
1519310 1717
1519320 1713
1519330 1707
1519340 1707
1519350 1700
1519360 1694
1519370 1694
1519380 1687
1519390 1674
1519400 1674
1519410 1657
1519420 1638
1519430 1638
1519440 1626
1519450 1619
1519460 1619
1519470 1612
1519480 1606
1519490 1606
1519500 1600
1519510 1594
1519520 1588
1519530 1588
1519540 1582
1519550 1574
1519560 1574
1519570 1565
1519580 1558
1519590 1558
1519600 1549
1519610 1540
1519620 1540
1519630 1533
1519640 1525
1519650 1525
1519660 1518
1519670 1510
1519680 1510
1519690 1501
1519700 1494
1519710 1494
1519720 1486
1519730 1479
1519740 1479
1519750 1472
1519760 1458
1519770 1447
1519780 1447
1519790 1439
1519800 1430
1519810 1430
1519820 1422
1519830 1415
1519840 1415
1519850 1408
1519860 1401
1519870 1401
1519880 1393
1519890 1386
1519900 1386
1519910 1378
1519920 1370
1519930 1370
1519940 1362
1519950 1355
1519960 1355
1519970 1347
1519980 1341
1519990 1341
