1500000 1791
1500010 1791
1500020 1785
1500030 1781
1500040 1781
1500050 1778
1500060 1776
1500070 1776
1500080 1777
1500090 1778
1500100 1778
1500110 1779
1500120 1779
1500130 1779
1500140 1779
1500150 1778
1500160 1778
1500170 1777
1500180 1775
1500190 1775
1500200 1777
1500210 1777
1500220 1777
1500230 1777
1500240 1777
1500250 1776
1500260 1776
1500270 1774
1500280 1773
1500290 1773
1500300 1775
1500310 1773
1500320 1773
1500330 1770
1500340 1774
1500350 1774
1500360 1777
1500370 1778
1500380 1778
1500390 1779
1500400 1780
1500410 1780
1500420 1781
1500430 1783
1500440 1783
1500450 1784
1500460 1786
1500470 1787
1500480 1787
1500490 1787
1500500 1788
1500510 1788
1500520 1789
1500530 1790
1500540 1790
1500550 1791
1500560 1794
1500570 1794
1500580 1796
1500590 1798
1500600 1798
1500610 1799
1500620 1800
1500630 1800
1500640 1800
1500650 1803
1500660 1803
1500670 1805
1500680 1807
1500690 1807
1500700 1808
1500710 1808
1500720 1809
1500730 1809
1500740 1813
1500750 1816
1500760 1816
1500770 1819
1500780 1819
1500790 1819
1500800 1819
1500810 1822
1500820 1822
1500830 1823
1500840 1824
1500850 1824
1500860 1826
1500870 1829
1500880 1829
1500890 1831
1500900 1832
1500910 1832
1500920 1835
1500930 1836
1500940 1836
1500950 1837
1500960 1838
1500970 1839
1500980 1839
1500990 1840
1501000 1842
1501010 1842
1501020 1843
1501030 1844
1501040 1844
1501050 1845
1501060 1845
1501070 1845
1501080 1845
1501090 1847
1501100 1847
1501110 1849
1501120 1850
1501130 1850
1501140 1851
1501150 1852
1501160 1852
1501170 1853
1501180 1854
1501190 1856
1501200 1856
1501210 1858
1501220 1860
1501230 1860
1501240 1862
1501250 1864
1501260 1864
1501270 1865
1501280 1866
1501290 1866
1501300 1867
1501310 1867
1501320 1867
1501330 1867
1501340 1865
1501350 1865
1501360 1863
1501370 1861
1501380 1861
1501390 1860
1501400 1859
1501410 1859
1501420 1858
1501430 1858
1501440 1858
1501450 1858
1501460 1858
1501470 1857
1501480 1857
1501490 1856
1501500 1855
1501510 1855
1501520 1854
1501530 1853
1501540 1853
1501550 1852
1501560 1851
1501570 1851
1501580 1850
1501590 1849
1501600 1849
1501610 1848
1501620 1847
1501630 1847
1501640 1845
1501650 1845
1501660 1845
1501670 1841
1501680 1831
1501690 1824
1501700 1824
1501710 1818
1501720 1814
1501730 1814
1501740 1808
1501750 1804
1501760 1804
1501770 1802
1501780 1802
1501790 1802
1501800 1800
1501810 1798
1501820 1798
1501830 1795
1501840 1793
1501850 1793
1501860 1792
1501870 1790
1501880 1790
1501890 1786
1501900 1779
1501910 1779
1501920 1773
1501930 1770
1501940 1768
1501950 1768
1501960 1767
1501970 1769
1501980 1769
1501990 1772
1502000 1773
1502010 1773
1502020 1772
1502030 1771
1502040 1771
1502050 1771
1502060 1770
1502070 1770
1502080 1770
1502090 1771
1502100 1771
1502110 1772
1502120 1770
1502130 1770
1502140 1767
1502150 1765
1502160 1765
1502170 1763
1502180 1760
1502190 1757
1502200 1757
1502210 1752
1502220 1750
1502230 1750
1502240 1747
1502250 1744
1502260 1744
1502270 1742
1502280 1738
1502290 1738
1502300 1735
1502310 1731
1502320 1731
1502330 1728
1502340 1726
1502350 1726
1502360 1723
1502370 1722
1502380 1722
1502390 1721
1502400 1719
1502410 1719
1502420 1716
1502430 1713
1502440 1710
1502450 1710
1502460 1708
1502470 1705
1502480 1705
1502490 1704
1502500 1706
1502510 1706
1502520 1707
1502530 1702
1502540 1702
1502550 1694
1502560 1690
1502570 1690
1502580 1687
1502590 1683
1502600 1683
1502610 1680
1502620 1675
1502630 1675
1502640 1668
1502650 1663
1502660 1663
1502670 1663
1502680 1659
1502690 1649
1502700 1649
1502710 1643
1502720 1636
1502730 1636
1502740 1631
1502750 1631
1502760 1631
1502770 1631
1502780 1629
1502790 1629
1502800 1626
1502810 1622
1502820 1622
1502830 1618
1502840 1611
1502850 1611
1502860 1606
1502870 1604
1502880 1604
1502890 1599
1502900 1593
1502910 1588
1502920 1588
1502930 1584
1502940 1580
1502950 1580
1502960 1577
1502970 1573
1502980 1573
1502990 1571
1503000 1568
1503010 1568
1503020 1566
1503030 1563
1503040 1563
1503050 1561
1503060 1558
1503070 1558
1503080 1556
1503090 1554
1503100 1554
1503110 1554
1503120 1552
1503130 1552
1503140 1550
1503150 1547
1503160 1543
1503170 1543
1503180 1540
1503190 1537
1503200 1537
1503210 1533
1503220 1529
1503230 1529
1503240 1526
1503250 1523
1503260 1523
1503270 1520
1503280 1518
1503290 1518
1503300 1515
1503310 1513
1503320 1513
1503330 1511
1503340 1510
1503350 1510
1503360 1509
1503370 1508
1503380 1508
1503390 1508
1503400 1507
1503410 1507
1503420 1507
1503430 1507
1503440 1506
1503450 1506
1503460 1505
1503470 1504
1503480 1504
1503490 1503
1503500 1502
1503510 1502
1503520 1501
1503530 1501
1503540 1501
1503550 1500
1503560 1500
1503570 1500
1503580 1499
1503590 1499
1503600 1499
1503610 1499
1503620 1499
1503630 1499
1503640 1499
1503650 1499
1503660 1500
1503670 1500
1503680 1501
1503690 1502
1503700 1502
1503710 1504
1503720 1506
1503730 1506
1503740 1508
1503750 1511
1503760 1511
1503770 1513
1503780 1515
1503790 1515
1503800 1517
1503810 1520
1503820 1520
1503830 1522
1503840 1524
1503850 1524
1503860 1525
1503870 1527
1503880 1527
1503890 1529
1503900 1530
1503910 1533
1503920 1533
1503930 1535
1503940 1538
1503950 1538
1503960 1540
1503970 1541
1503980 1541
1503990 1542
1504000 1544
1504010 1544
1504020 1546
1504030 1549
1504040 1549
1504050 1551
1504060 1553
1504070 1553
1504080 1555
1504090 1557
1504100 1557
1504110 1559
1504120 1561
1504130 1561
1504140 1562
1504150 1564
1504160 1566
1504170 1566
1504180 1568
1504190 1569
1504200 1569
1504210 1570
1504220 1570
1504230 1570
1504240 1572
1504250 1574
1504260 1574
1504270 1575
1504280 1576
1504290 1576
1504300 1578
1504310 1579
1504320 1579
1504330 1581
1504340 1582
1504350 1582
1504360 1583
1504370 1584
1504380 1585
1504390 1585
1504400 1585
1504410 1584
1504420 1584
1504430 1583
1504440 1583
1504450 1583
1504460 1584
1504470 1585
1504480 1585
1504490 1585
1504500 1585
1504510 1585
1504520 1586
1504530 1586
1504540 1586
1504550 1586
1504560 1584
1504570 1584
1504580 1583
1504590 1582
1504600 1582
1504610 1582
1504620 1581
1504630 1580
1504640 1580
1504650 1579
1504660 1578
1504670 1578
1504680 1578
1504690 1577
1504700 1577
1504710 1576
1504720 1576
1504730 1576
1504740 1575
1504750 1573
1504760 1573
1504770 1573
1504780 1572
1504790 1572
1504800 1572
1504810 1571
1504820 1571
1504830 1570
1504840 1569
1504850 1569
1504860 1568
1504870 1568
1504880 1567
1504890 1567
1504900 1565
1504910 1564
1504920 1564
1504930 1562
1504940 1560
1504950 1560
1504960 1559
1504970 1559
1504980 1559
1504990 1558
1505000 1557
1505010 1557
1505020 1555
1505030 1555
1505040 1555
1505050 1555
1505060 1553
1505070 1553
1505080 1551
1505090 1548
1505100 1548
1505110 1545
1505120 1543
1505130 1541
1505140 1541
1505150 1538
1505160 1535
1505170 1535
1505180 1533
1505190 1533
1505200 1533
1505210 1533
1505220 1531
1505230 1531
1505240 1529
1505250 1528
1505260 1528
1505270 1529
1505280 1530
1505290 1530
1505300 1530
1505310 1531
1505320 1531
1505330 1530
1505340 1523
1505350 1523
1505360 1512
1505370 1502
1505380 1500
1505390 1500
1505400 1502
1505410 1500
1505420 1500
1505430 1497
1505440 1501
1505450 1501
1505460 1507
1505470 1509
1505480 1509
1505490 1510
1505500 1513
1505510 1513
1505520 1519
1505530 1526
1505540 1526
1505550 1533
1505560 1539
1505570 1539
1505580 1543
1505590 1543
1505600 1543
1505610 1544
1505620 1546
1505630 1548
1505640 1548
1505650 1549
1505660 1551
1505670 1551
1505680 1551
1505690 1552
1505700 1552
1505710 1553
1505720 1553
1505730 1553
1505740 1555
1505750 1556
1505760 1556
1505770 1557
1505780 1558
1505790 1558
1505800 1559
1505810 1560
1505820 1560
1505830 1560
1505840 1561
1505850 1561
1505860 1562
1505870 1564
1505880 1564
1505890 1564
1505900 1565
1505910 1567
1505920 1567
1505930 1568
1505940 1571
1505950 1571
1505960 1574
1505970 1576
1505980 1576
1505990 1578
1506000 1579
1506010 1579
1506020 1580
1506030 1580
1506040 1580
1506050 1581
1506060 1580
1506070 1580
1506080 1580
1506090 1580
1506100 1580
1506110 1580
1506120 1580
1506130 1580
1506140 1580
1506150 1579
1506160 1572
1506170 1572
1506180 1571
1506190 1569
1506200 1569
1506210 1565
1506220 1560
1506230 1560
1506240 1558
1506250 1563
1506260 1563
1506270 1567
1506280 1573
1506290 1573
1506300 1577
1506310 1583
1506320 1583
1506330 1582
1506340 1583
1506350 1585
1506360 1585
1506370 1586
1506380 1588
1506390 1588
1506400 1587
1506410 1584
1506420 1584
1506430 1580
1506440 1576
1506450 1576
1506460 1571
1506470 1569
1506480 1569
1506490 1570
1506500 1572
1506510 1572
1506520 1573
1506530 1572
1506540 1572
1506550 1571
1506560 1571
1506570 1571
1506580 1572
1506590 1572
1506600 1571
1506610 1571
1506620 1570
1506630 1569
1506640 1569
1506650 1569
1506660 1569
1506670 1569
1506680 1569
1506690 1567
1506700 1567
1506710 1566
1506720 1567
1506730 1567
1506740 1566
1506750 1565
1506760 1565
1506770 1563
1506780 1562
1506790 1562
1506800 1560
1506810 1559
1506820 1559
1506830 1556
1506840 1553
1506850 1550
1506860 1550
1506870 1545
1506880 1540
1506890 1540
1506900 1536
1506910 1533
1506920 1533
1506930 1530
1506940 1528
1506950 1528
1506960 1525
1506970 1521
1506980 1521
1506990 1514
1507000 1508
1507010 1508
1507020 1507
1507030 1507
1507040 1507
1507050 1504
1507060 1501
1507070 1501
1507080 1498
1507090 1496
1507100 1493
1507110 1493
1507120 1491
1507130 1487
1507140 1487
1507150 1486
1507160 1486
1507170 1486
1507180 1485
1507190 1482
1507200 1482
1507210 1479
1507220 1475
1507230 1475
1507240 1470
1507250 1465
1507260 1465
1507270 1460
1507280 1455
1507290 1455
1507300 1450
1507310 1444
1507320 1444
1507330 1438
1507340 1433
1507350 1427
1507360 1427
1507370 1421
1507380 1414
1507390 1414
1507400 1407
1507410 1401
1507420 1401
1507430 1394
1507440 1388
1507450 1388
1507460 1383
1507470 1378
1507480 1378
1507490 1373
1507500 1368
1507510 1368
1507520 1364
1507530 1360
1507540 1360
1507550 1358
1507560 1356
1507570 1356
1507580 1354
1507590 1353
1507600 1351
1507610 1351
1507620 1349
1507630 1348
1507640 1348
1507650 1348
1507660 1348
1507670 1348
1507680 1348
1507690 1349
1507700 1349
1507710 1350
1507720 1350
1507730 1350
1507740 1350
1507750 1350
1507760 1350
1507770 1351
1507780 1353
1507790 1353
1507800 1357
1507810 1359
1507820 1361
1507830 1361
1507840 1362
1507850 1364
1507860 1364
1507870 1365
1507880 1366
1507890 1366
1507900 1366
1507910 1366
1507920 1366
1507930 1367
1507940 1370
1507950 1370
1507960 1373
1507970 1376
1507980 1376
1507990 1379
1508000 1382
1508010 1382
1508020 1386
1508030 1389
1508040 1389
1508050 1391
1508060 1392
1508070 1398
1508080 1398
1508090 1403
1508100 1407
1508110 1407
1508120 1410
1508130 1412
1508140 1412
1508150 1414
1508160 1418
1508170 1418
1508180 1423
1508190 1426
1508200 1426
1508210 1428
1508220 1428
1508230 1428
1508240 1427
1508250 1432
1508260 1432
1508270 1438
1508280 1445
1508290 1445
1508300 1451
1508310 1456
1508320 1460
1508330 1460
1508340 1462
1508350 1464
1508360 1464
1508370 1463
1508380 1467
1508390 1467
1508400 1473
1508410 1480
1508420 1480
1508430 1487
1508440 1494
1508450 1494
1508460 1500
1508470 1506
1508480 1506
1508490 1512
1508500 1516
1508510 1516
1508520 1521
1508530 1525
1508540 1525
1508550 1528
1508560 1532
1508570 1535
1508580 1535
1508590 1538
1508600 1540
1508610 1540
1508620 1542
1508630 1543
1508640 1543
1508650 1545
1508660 1546
1508670 1546
1508680 1547
1508690 1547
1508700 1547
1508710 1548
1508720 1550
1508730 1550
1508740 1551
1508750 1552
1508760 1552
1508770 1553
1508780 1554
1508790 1554
1508800 1556
1508810 1557
1508820 1557
1508830 1557
1508840 1558
1508850 1559
1508860 1559
1508870 1560
1508880 1561
1508890 1561
1508900 1562
1508910 1564
1508920 1564
1508930 1565
1508940 1564
1508950 1564
1508960 1561
1508970 1563
1508980 1563
1508990 1564
1509000 1564
1509010 1564
1509020 1568
1509030 1571
1509040 1571
1509050 1572
1509060 1574
1509070 1575
1509080 1575
1509090 1576
1509100 1577
1509110 1577
1509120 1579
1509130 1580
1509140 1580
1509150 1582
1509160 1584
1509170 1584
1509180 1586
1509190 1588
1509200 1588
1509210 1591
1509220 1593
1509230 1593
1509240 1596
1509250 1599
1509260 1599
1509270 1602
1509280 1605
1509290 1609
1509300 1609
1509310 1613
1509320 1617
1509330 1617
1509340 1622
1509350 1626
1509360 1626
1509370 1627
1509380 1630
1509390 1630
1509400 1632
1509410 1635
1509420 1635
1509430 1638
1509440 1641
1509450 1641
1509460 1643
1509470 1646
1509480 1646
1509490 1648
1509500 1648
1509510 1648
1509520 1649
1509530 1651
1509540 1653
1509550 1653
1509560 1655
1509570 1659
1509580 1659
1509590 1662
1509600 1665
1509610 1665
1509620 1666
1509630 1667
1509640 1667
1509650 1671
1509660 1674
1509670 1674
1509680 1676
1509690 1678
1509700 1678
1509710 1682
1509720 1686
1509730 1686
1509740 1689
1509750 1692
1509760 1692
1509770 1695
1509780 1698
1509790 1700
1509800 1700
1509810 1702
1509820 1705
1509830 1705
1509840 1708
1509850 1715
1509860 1715
1509870 1719
1509880 1721
1509890 1721
1509900 1724
1509910 1726
1509920 1726
1509930 1729
1509940 1732
1509950 1732
1509960 1736
1509970 1738
1509980 1738
1509990 1740
1510000 1743
1510010 1743
1510020 1745
1510030 1747
1510040 1749
1510050 1749
1510060 1753
1510070 1757
1510080 1757
1510090 1760
1510100 1763
1510110 1763
1510120 1767
1510130 1770
1510140 1770
1510150 1774
1510160 1777
1510170 1777
1510180 1780
1510190 1783
1510200 1783
1510210 1786
1510220 1792
1510230 1792
1510240 1799
1510250 1808
1510260 1808
1510270 1822
1510280 1824
1510290 1822
1510300 1822
1510310 1822
1510320 1832
1510330 1832
1510340 1845
1510350 1849
1510360 1849
1510370 1853
1510380 1858
1510390 1858
1510400 1863
1510410 1870
1510420 1870
1510430 1878
1510440 1891
1510450 1891
1510460 1899
1510470 1900
1510480 1900
1510490 1898
1510500 1898
1510510 1898
1510520 1898
1510530 1898
1510540 1897
1510550 1897
1510560 1897
1510570 1898
1510580 1898
1510590 1894
1510600 1892
1510610 1892
1510620 1889
1510630 1885
1510640 1885
1510650 1882
1510660 1879
1510670 1879
1510680 1876
1510690 1873
1510700 1873
1510710 1872
1510720 1870
1510730 1870
1510740 1869
1510750 1865
1510760 1861
1510770 1861
1510780 1858
1510790 1856
1510800 1856
1510810 1854
1510820 1850
1510830 1850
1510840 1846
1510850 1841
1510860 1841
1510870 1838
1510880 1833
1510890 1833
1510900 1830
1510910 1825
1510920 1825
1510930 1820
1510940 1815
1510950 1815
1510960 1811
1510970 1807
1510980 1807
1510990 1802
1511000 1797
1511010 1793
1511020 1793
1511030 1788
1511040 1783
1511050 1783
1511060 1780
1511070 1776
1511080 1776
1511090 1769
1511100 1762
1511110 1762
1511120 1757
1511130 1751
1511140 1751
1511150 1746
1511160 1741
1511170 1741
1511180 1737
1511190 1734
1511200 1734
1511210 1732
1511220 1730
1511230 1730
1511240 1729
1511250 1728
1511260 1726
1511270 1726
1511280 1723
1511290 1720
1511300 1720
1511310 1717
1511320 1713
1511330 1713
1511340 1711
1511350 1705
1511360 1705
1511370 1698
1511380 1689
1511390 1689
1511400 1661
1511410 1652
1511420 1652
1511430 1644
1511440 1637
1511450 1637
1511460 1630
1511470 1623
1511480 1623
1511490 1617
1511500 1609
1511510 1604
1511520 1604
1511530 1594
1511540 1584
1511550 1584
1511560 1575
1511570 1566
1511580 1566
1511590 1557
1511600 1549
1511610 1549
1511620 1541
1511630 1533
1511640 1533
1511650 1526
1511660 1518
1511670 1518
1511680 1511
1511690 1503
1511700 1503
1511710 1496
1511720 1489
1511730 1489
1511740 1482
1511750 1475
1511760 1467
1511770 1467
1511780 1461
1511790 1454
1511800 1454
1511810 1447
1511820 1441
1511830 1441
1511840 1436
1511850 1431
1511860 1431
1511870 1427
1511880 1424
1511890 1424
1511900 1422
1511910 1420
1511920 1420
1511930 1418
1511940 1414
1511950 1414
1511960 1412
1511970 1412
1511980 1412
1511990 1412
1512000 1412
1512010 1412
1512020 1412
1512030 1414
1512040 1417
1512050 1417
1512060 1417
1512070 1420
1512080 1420
1512090 1421
1512100 1423
1512110 1423
1512120 1425
1512130 1426
1512140 1426
1512150 1427
1512160 1429
1512170 1429
1512180 1433
1512190 1436
1512200 1436
1512210 1441
1512220 1448
1512230 1448
1512240 1458
1512250 1466
1512260 1472
1512270 1472
1512280 1477
1512290 1479
1512300 1479
1512310 1485
1512320 1491
1512330 1491
1512340 1495
1512350 1502
1512360 1502
1512370 1513
1512380 1528
1512390 1528
1512400 1543
1512410 1556
1512420 1556
1512430 1574
1512440 1599
1512450 1599
1512460 1615
1512470 1639
1512480 1659
1512490 1659
1512500 1671
1512510 1683
1512520 1683
1512530 1700
1512540 1728
1512550 1728
1512560 1753
1512570 1769
1512580 1769
1512590 1777
1512600 1780
1512610 1780
1512620 1779
1512630 1779
1512640 1779
1512650 1780
1512660 1786
1512670 1786
1512680 1794
1512690 1807
1512700 1807
1512710 1813
1512720 1818
1512730 1823
1512740 1823
1512750 1827
1512760 1834
1512770 1834
1512780 1840
1512790 1845
1512800 1845
1512810 1850
1512820 1855
1512830 1855
1512840 1859
1512850 1863
1512860 1863
1512870 1869
1512880 1875
1512890 1875
1512900 1881
1512910 1889
1512920 1889
1512930 1896
1512940 1904
1512950 1904
1512960 1917
1512970 1931
1512980 1942
1512990 1942
1513000 1953
1513010 1963
1513020 1963
1513030 1965
1513040 1973
1513050 1973
1513060 1981
1513070 1979
1513080 1979
1513090 1980
1513100 1986
1513110 1986
1513120 1987
1513130 1987
1513140 1987
1513150 1988
1513160 1988
1513170 1988
1513180 1988
1513190 1989
1513200 1989
1513210 1992
1513220 1995
1513230 1997
1513240 1997
1513250 1999
1513260 2001
1513270 2001
1513280 2003
1513290 2003
1513300 2003
1513310 2003
1513320 2003
1513330 2003
1513340 2002
1513350 2002
1513360 2002
1513370 2004
1513380 2005
1513390 2005
1513400 2007
1513410 2010
1513420 2010
1513430 2012
1513440 2015
1513450 2015
1513460 2018
1513470 2021
1513480 2022
1513490 2022
1513500 2023
1513510 2024
1513520 2024
1513530 2025
1513540 2028
1513550 2028
1513560 2033
1513570 2036
1513580 2036
1513590 2037
1513600 2039
1513610 2039
1513620 2041
1513630 2041
1513640 2041
1513650 2044
1513660 2045
1513670 2045
1513680 2045
1513690 2044
1513700 2044
1513710 2040
1513720 2038
1513730 2037
1513740 2037
1513750 2036
1513760 2035
1513770 2035
1513780 2034
1513790 2033
1513800 2033
1513810 2033
1513820 2031
1513830 2031
1513840 2031
1513850 2031
1513860 2031
1513870 2031
1513880 2031
1513890 2031
1513900 2032
1513910 2034
1513920 2034
1513930 2037
1513940 2039
1513950 2042
1513960 2042
1513970 2043
1513980 2044
1513990 2044
1514000 2045
1514010 2047
1514020 2047
1514030 2051
1514040 2055
1514050 2055
1514060 2058
1514070 2061
1514080 2061
1514090 2063
1514100 2068
1514110 2068
1514120 2075
1514130 2080
1514140 2080
1514150 2085
1514160 2089
1514170 2089
1514180 2095
1514190 2101
1514200 2109
1514210 2109
1514220 2117
1514230 2126
1514240 2126
1514250 2136
1514260 2149
1514270 2149
1514280 2146
1514290 2145
1514300 2145
1514310 2145
1514320 2148
1514330 2148
1514340 2153
1514350 2158
1514360 2158
1514370 2163
1514380 2168
1514390 2168
1514400 2174
1514410 2180
1514420 2180
1514430 2187
1514440 2193
1514450 2200
1514460 2200
1514470 2206
1514480 2213
1514490 2213
1514500 2219
1514510 2232
1514520 2232
1514530 2242
1514540 2249
1514550 2249
1514560 2261
1514570 2277
1514580 2277
1514590 2292
1514600 2306
1514610 2306
1514620 2320
1514630 2330
1514640 2330
1514650 2338
1514660 2348
1514670 2348
1514680 2357
1514690 2365
1514700 2373
1514710 2373
1514720 2380
1514730 2388
1514740 2388
1514750 2391
1514760 2390
1514770 2390
1514780 2391
1514790 2389
1514800 2389
1514810 2388
1514820 2387
1514830 2387
1514840 2387
1514850 2386
1514860 2386
1514870 2384
1514880 2381
1514890 2381
1514900 2379
1514910 2377
1514920 2377
1514930 2373
1514940 2369
1514950 2367
1514960 2367
1514970 2365
1514980 2363
1514990 2363
1515000 2362
1515010 2359
1515020 2359
1515030 2353
1515040 2343
1515050 2343
1515060 2336
1515070 2330
1515080 2330
1515090 2324
1515100 2320
1515110 2320
1515120 2314
1515130 2307
1515140 2307
1515150 2303
1515160 2298
1515170 2298
1515180 2293
1515190 2289
1515200 2285
1515210 2285
1515220 2282
1515230 2278
1515240 2278
1515250 2273
1515260 2269
1515270 2269
1515280 2266
1515290 2264
1515300 2264
1515310 2261
1515320 2260
1515330 2260
1515340 2259
1515350 2257
1515360 2257
1515370 2256
1515380 2256
1515390 2256
1515400 2255
1515410 2255
1515420 2255
1515430 2257
1515440 2260
1515450 2261
1515460 2261
1515470 2261
1515480 2261
1515490 2261
1515500 2261
1515510 2264
1515520 2264
1515530 2268
1515540 2273
1515550 2273
1515560 2280
1515570 2290
1515580 2290
1515590 2300
1515600 2308
1515610 2308
1515620 2312
1515630 2314
1515640 2314
1515650 2314
1515660 2316
1515670 2318
1515680 2318
1515690 2318
1515700 2316
1515710 2316
1515720 2314
1515730 2311
1515740 2311
1515750 2312
1515760 2309
1515770 2309
1515780 2300
1515790 2292
1515800 2290
1515810 2283
1515820 2278
1515830 2278
1515840 2274
1515850 2270
1515860 2270
1515870 2265
1515880 2259
1515890 2259
1515900 2255
1515910 2251
1515920 2247
1515930 2247
1515940 2242
1515950 2239
1515960 2239
1515970 2233
1515980 2228
1515990 2228
1516000 2224
1516010 2221
1516020 2221
1516030 2217
1516040 2215
1516050 2215
1516060 2211
1516070 2210
1516080 2210
1516090 2208
1516100 2206
1516110 2206
1516120 2206
1516130 2205
1516140 2205
1516150 2202
1516160 2199
1516170 2196
1516180 2196
1516190 2192
1516200 2191
1516210 2191
1516220 2191
1516230 2192
1516240 2192
1516250 2193
1516260 2194
1516270 2194
1516280 2194
1516290 2192
1516300 2192
1516310 2189
1516320 2188
1516330 2188
1516340 2185
1516350 2183
1516360 2183
1516370 2181
1516380 2179
1516390 2179
1516400 2177
1516410 2173
1516420 2169
1516430 2169
1516440 2166
1516450 2163
1516460 2163
1516470 2160
1516480 2156
1516490 2156
1516500 2152
1516510 2148
1516520 2148
1516530 2145
1516540 2143
1516550 2143
1516560 2140
1516570 2135
1516580 2135
1516590 2131
1516600 2125
1516610 2125
1516620 2121
1516630 2118
1516640 2118
1516650 2116
1516660 2115
1516670 2115
1516680 2115
1516690 2116
1516700 2115
1516710 2115
1516720 2114
1516730 2110
1516740 2110
1516750 2105
1516760 2103
1516770 2103
1516780 2102
1516790 2100
1516800 2100
1516810 2100
1516820 2099
1516830 2099
1516840 2099
1516850 2098
1516860 2098
1516870 2095
1516880 2094
1516890 2094
1516900 2091
1516910 2088
1516920 2086
1516930 2086
1516940 2083
1516950 2079
1516960 2079
1516970 2074
1516980 2064
1516990 2064
1517000 2056
1517010 2053
1517020 2053
1517030 2046
1517040 2037
1517050 2037
1517060 2032
1517070 2028
1517080 2028
1517090 2024
1517100 2020
1517110 2020
1517120 2016
1517130 2013
1517140 2013
1517150 2013
1517160 2014
1517170 2015
1517180 2015
1517190 2017
1517200 2019
1517210 2019
1517220 2021
1517230 2023
1517240 2023
1517250 2026
1517260 2030
1517270 2030
1517280 2034
1517290 2038
1517300 2038
1517310 2043
1517320 2047
1517330 2047
1517340 2052
1517350 2056
1517360 2056
1517370 2061
1517380 2064
1517390 2068
1517400 2068
1517410 2071
1517420 2075
1517430 2075
1517440 2078
1517450 2082
1517460 2082
1517470 2086
1517480 2092
1517490 2092
1517500 2103
1517510 2125
1517520 2125
1517530 2164
1517540 2185
1517550 2185
1517560 2205
1517570 2226
1517580 2226
1517590 2252
1517600 2266
1517610 2266
1517620 2268
1517630 2274
1517640 2274
1517650 2274
1517660 2272
1517670 2268
1517680 2268
1517690 2265
1517700 2262
1517710 2262
1517720 2258
1517730 2258
1517740 2258
1517750 2268
1517760 2270
1517770 2270
1517780 2275
1517790 2278
1517800 2278
1517810 2281
1517820 2284
1517830 2284
1517840 2286
1517850 2289
1517860 2289
1517870 2291
1517880 2295
1517890 2307
1517900 2307
1517910 2333
1517920 2346
1517930 2346
1517940 2355
1517950 2374
1517960 2374
1517970 2377
1517980 2370
1517990 2370
1518000 2352
1518010 2339
1518020 2339
1518030 2332
1518040 2328
1518050 2328
1518060 2326
1518070 2329
1518080 2329
1518090 2335
1518100 2330
1518110 2330
1518120 2325
1518130 2322
1518140 2318
1518150 2318
1518160 2315
1518170 2310
1518180 2310
1518190 2304
1518200 2300
1518210 2300
1518220 2294
1518230 2289
1518240 2289
1518250 2283
1518260 2276
1518270 2276
1518280 2272
1518290 2272
1518300 2272
1518310 2271
1518320 2267
1518330 2267
1518340 2262
1518350 2258
1518360 2258
1518370 2254
1518380 2245
1518390 2238
1518400 2238
1518410 2229
1518420 2218
1518430 2218
1518440 2208
1518450 2201
1518460 2201
1518470 2195
1518480 2186
1518490 2186
1518500 2179
1518510 2171
1518520 2171
1518530 2162
1518540 2156
1518550 2156
1518560 2150
1518570 2144
1518580 2144
1518590 2140
1518600 2131
1518610 2131
1518620 2130
1518630 2124
1518640 2122
1518650 2122
1518660 2117
1518670 2111
1518680 2111
1518690 2106
1518700 2101
1518710 2101
1518720 2094
1518730 2082
1518740 2082
1518750 2073
1518760 2065
1518770 2065
1518780 2053
1518790 2043
1518800 2043
1518810 2036
1518820 2034
1518830 2034
1518840 2028
1518850 2020
1518860 2012
1518870 2012
1518880 2006
1518890 1999
1518900 1999
1518910 1991
1518920 1982
1518930 1982
1518940 1970
1518950 1960
1518960 1960
1518970 1952
1518980 1944
1518990 1944
1519000 1935
1519010 1923
1519020 1923
1519030 1911
1519040 1901
1519050 1901
1519060 1896
1519070 1889
1519080 1889
1519090 1881
1519100 1874
1519110 1867
1519120 1867
1519130 1859
1519140 1852
1519150 1852
1519160 1844
1519170 1836
1519180 1836
1519190 1828
1519200 1821
1519210 1821
1519220 1814
1519230 1807
1519240 1807
1519250 1800
1519260 1790
1519270 1790
1519280 1778
1519290 1767
1519300 1767
1519310 1758
1519320 1753
1519330 1753
1519340 1749
1519350 1742
1519360 1734
1519370 1734
1519380 1728
1519390 1721
1519400 1721
1519410 1709
1519420 1701
1519430 1701
1519440 1691
1519450 1680
1519460 1680
1519470 1669
1519480 1661
1519490 1661
1519500 1654
1519510 1647
1519520 1647
1519530 1639
1519540 1630
1519550 1630
1519560 1621
1519570 1609
1519580 1609
1519590 1592
1519600 1577
1519610 1568
1519620 1568
1519630 1559
1519640 1550
1519650 1561
1519660 1554
1519670 1536
1519680 1536
1519690 1518
1519700 1509
1519710 1509
1519720 1501
1519730 1490
1519740 1490
1519750 1483
1519760 1477
1519770 1477
1519780 1471
1519790 1462
1519800 1462
1519810 1452
1519820 1441
1519830 1441
1519840 1429
1519850 1418
1519860 1404
1519870 1404
1519880 1395
1519890 1389
1519900 1389
1519910 1383
1519920 1365
1519930 1365
1519940 1346
1519950 1339
1519960 1339
1519970 1331
1519980 1322
1519990 1322
