1500000 2085
1500010 2083
1500020 2082
1500030 2082
1500040 2078
1500050 2075
1500060 2073
1500070 2073
1500080 2074
1500090 2076
1500100 2076
1500110 2075
1500120 2069
1500130 2069
1500140 2068
1500150 2068
1500160 2068
1500170 2068
1500180 2067
1500190 2067
1500200 2070
1500210 2073
1500220 2073
1500230 2076
1500240 2078
1500250 2078
1500260 2081
1500270 2085
1500280 2085
1500290 2089
1500300 2094
1500310 2099
1500320 2099
1500330 2104
1500340 2109
1500350 2109
1500360 2114
1500370 2118
1500380 2118
1500390 2121
1500400 2124
1500410 2124
1500420 2126
1500430 2128
1500440 2128
1500450 2129
1500460 2130
1500470 2130
1500480 2132
1500490 2132
1500500 2132
1500510 2133
1500520 2134
1500530 2134
1500540 2135
1500550 2135
1500560 2136
1500570 2136
1500580 2137
1500590 2138
1500600 2138
1500610 2139
1500620 2139
1500630 2139
1500640 2137
1500650 2133
1500660 2133
1500670 2131
1500680 2130
1500690 2130
1500700 2128
1500710 2126
1500720 2126
1500730 2123
1500740 2120
1500750 2120
1500760 2115
1500770 2110
1500780 2110
1500790 2104
1500800 2097
1500810 2092
1500820 2092
1500830 2086
1500840 2081
1500850 2081
1500860 2076
1500870 2072
1500880 2072
1500890 2068
1500900 2064
1500910 2064
1500920 2059
1500930 2056
1500940 2056
1500950 2052
1500960 2048
1500970 2048
1500980 2043
1500990 2038
1501000 2038
1501010 2033
1501020 2028
1501030 2028
1501040 2024
1501050 2020
1501060 2017
1501070 2017
1501080 2016
1501090 2015
1501100 2015
1501110 2017
1501120 2019
1501130 2019
1501140 2018
1501150 2016
1501160 2016
1501170 2015
1501180 2015
1501190 2015
1501200 2015
1501210 2014
1501220 2014
1501230 2014
1501240 2014
1501250 2014
1501260 2014
1501270 2014
1501280 2014
1501290 2015
1501300 2016
1501310 2016
1501320 2016
1501330 2018
1501340 2022
1501350 2022
1501360 2025
1501370 2029
1501380 2029
1501390 2032
1501400 2036
1501410 2036
1501420 2040
1501430 2042
1501440 2042
1501450 2045
1501460 2047
1501470 2047
1501480 2053
1501490 2059
1501500 2059
1501510 2065
1501520 2071
1501530 2071
1501540 2077
1501550 2081
1501560 2084
1501570 2084
1501580 2086
1501590 2087
1501600 2087
1501610 2088
1501620 2088
1501630 2088
1501640 2089
1501650 2090
1501660 2090
1501670 2092
1501680 2096
1501690 2096
1501700 2102
1501710 2114
1501720 2114
1501730 2121
1501740 2122
1501750 2122
1501760 2121
1501770 2117
1501780 2117
1501790 2113
1501800 2114
1501810 2118
1501820 2118
1501830 2115
1501840 2097
1501850 2097
1501860 2085
1501870 2076
1501880 2076
1501890 2069
1501900 2063
1501910 2063
1501920 2056
1501930 2051
1501940 2051
1501950 2046
1501960 2042
1501970 2042
1501980 2039
1501990 2038
1502000 2038
1502010 2038
1502020 2037
1502030 2035
1502040 2035
1502050 2030
1502060 2024
1502070 2024
1502080 2016
1502090 2010
1502100 2010
1502110 2003
1502120 1996
1502130 1996
1502140 1990
1502150 1983
1502160 1983
1502170 1977
1502180 1970
1502190 1970
1502200 1964
1502210 1957
1502220 1957
1502230 1952
1502240 1950
1502250 1950
1502260 1946
1502270 1943
1502280 1941
1502290 1941
1502300 1940
1502310 1939
1502320 1939
1502330 1938
1502340 1938
1502350 1938
1502360 1937
1502370 1938
1502380 1938
1502390 1937
1502400 1935
1502410 1935
1502420 1933
1502430 1932
1502440 1932
1502450 1931
1502460 1927
1502470 1927
1502480 1923
1502490 1919
1502500 1919
1502510 1918
1502520 1917
1502530 1916
1502540 1916
1502550 1915
1502560 1915
1502570 1915
1502580 1914
1502590 1914
1502600 1914
1502610 1914
1502620 1913
1502630 1913
1502640 1914
1502650 1913
1502660 1913
1502670 1913
1502680 1913
1502690 1913
1502700 1911
1502710 1909
1502720 1909
1502730 1908
1502740 1906
1502750 1906
1502760 1904
1502770 1904
1502780 1903
1502790 1903
1502800 1901
1502810 1899
1502820 1899
1502830 1897
1502840 1895
1502850 1895
1502860 1894
1502870 1893
1502880 1893
1502890 1893
1502900 1891
1502910 1891
1502920 1888
1502930 1884
1502940 1884
1502950 1881
1502960 1875
1502970 1875
1502980 1863
1502990 1855
1503000 1855
1503010 1849
1503020 1844
1503030 1840
1503040 1840
1503050 1835
1503060 1830
1503070 1830
1503080 1825
1503090 1821
1503100 1821
1503110 1816
1503120 1812
1503130 1812
1503140 1807
1503150 1804
1503160 1804
1503170 1800
1503180 1797
1503190 1797
1503200 1794
1503210 1792
1503220 1792
1503230 1789
1503240 1786
1503250 1786
1503260 1782
1503270 1779
1503280 1775
1503290 1775
1503300 1772
1503310 1769
1503320 1769
1503330 1766
1503340 1763
1503350 1763
1503360 1760
1503370 1755
1503380 1755
1503390 1748
1503400 1744
1503410 1744
1503420 1746
1503430 1746
1503440 1746
1503450 1745
1503460 1743
1503470 1743
1503480 1742
1503490 1740
1503500 1740
1503510 1737
1503520 1738
1503530 1738
1503540 1738
1503550 1738
1503560 1739
1503570 1739
1503580 1737
1503590 1736
1503600 1736
1503610 1736
1503620 1734
1503630 1734
1503640 1729
1503650 1725
1503660 1725
1503670 1721
1503680 1719
1503690 1719
1503700 1716
1503710 1711
1503720 1711
1503730 1712
1503740 1719
1503750 1719
1503760 1726
1503770 1734
1503780 1741
1503790 1741
1503800 1749
1503810 1751
1503820 1751
1503830 1751
1503840 1750
1503850 1750
1503860 1750
1503870 1751
1503880 1751
1503890 1750
1503900 1749
1503910 1749
1503920 1749
1503930 1749
1503940 1749
1503950 1748
1503960 1748
1503970 1748
1503980 1746
1503990 1740
1504000 1740
1504010 1736
1504020 1733
1504030 1729
1504040 1729
1504050 1727
1504060 1723
1504070 1723
1504080 1721
1504090 1719
1504100 1719
1504110 1716
1504120 1714
1504130 1714
1504140 1711
1504150 1709
1504160 1709
1504170 1707
1504180 1705
1504190 1705
1504200 1700
1504210 1691
1504220 1691
1504230 1685
1504240 1685
1504250 1685
1504260 1687
1504270 1685
1504280 1680
1504290 1680
1504300 1674
1504310 1669
1504320 1669
1504330 1664
1504340 1671
1504350 1671
1504360 1683
1504370 1686
1504380 1686
1504390 1686
1504400 1684
1504410 1684
1504420 1682
1504430 1679
1504440 1679
1504450 1677
1504460 1674
1504470 1674
1504480 1672
1504490 1669
1504500 1667
1504510 1667
1504520 1665
1504530 1663
1504540 1663
1504550 1659
1504560 1654
1504570 1654
1504580 1648
1504590 1644
1504600 1644
1504610 1641
1504620 1638
1504630 1638
1504640 1634
1504650 1635
1504660 1635
1504670 1636
1504680 1632
1504690 1632
1504700 1632
1504710 1634
1504720 1634
1504730 1637
1504740 1636
1504750 1630
1504760 1630
1504770 1625
1504780 1624
1504790 1624
1504800 1624
1504810 1627
1504820 1627
1504830 1629
1504840 1631
1504850 1631
1504860 1631
1504870 1631
1504880 1631
1504890 1630
1504900 1629
1504910 1629
1504920 1628
1504930 1626
1504940 1626
1504950 1625
1504960 1624
1504970 1624
1504980 1625
1504990 1625
1505000 1626
1505010 1626
1505020 1623
1505030 1620
1505040 1620
1505050 1614
1505060 1604
1505070 1604
1505080 1602
1505090 1607
1505100 1607
1505110 1610
1505120 1613
1505130 1613
1505140 1616
1505150 1616
1505160 1616
1505170 1616
1505180 1616
1505190 1616
1505200 1614
1505210 1614
1505220 1614
1505230 1615
1505240 1615
1505250 1616
1505260 1616
1505270 1618
1505280 1618
1505290 1618
1505300 1618
1505310 1616
1505320 1616
1505330 1614
1505340 1611
1505350 1611
1505360 1608
1505370 1605
1505380 1605
1505390 1602
1505400 1601
1505410 1601
1505420 1601
1505430 1600
1505440 1600
1505450 1599
1505460 1598
1505470 1598
1505480 1596
1505490 1594
1505500 1593
1505510 1593
1505520 1591
1505530 1590
1505540 1590
1505550 1590
1505560 1588
1505570 1588
1505580 1587
1505590 1586
1505600 1586
1505610 1584
1505620 1582
1505630 1582
1505640 1581
1505650 1580
1505660 1580
1505670 1580
1505680 1581
1505690 1581
1505700 1582
1505710 1582
1505720 1582
1505730 1582
1505740 1582
1505750 1581
1505760 1581
1505770 1581
1505780 1579
1505790 1579
1505800 1578
1505810 1578
1505820 1578
1505830 1579
1505840 1579
1505850 1579
1505860 1580
1505870 1580
1505880 1580
1505890 1582
1505900 1583
1505910 1583
1505920 1581
1505930 1580
1505940 1580
1505950 1580
1505960 1582
1505970 1582
1505980 1583
1505990 1584
1506000 1584
1506010 1584
1506020 1584
1506030 1583
1506040 1583
1506050 1584
1506060 1585
1506070 1585
1506080 1586
1506090 1587
1506100 1587
1506110 1587
1506120 1587
1506130 1587
1506140 1585
1506150 1581
1506160 1581
1506170 1575
1506180 1573
1506190 1573
1506200 1576
1506210 1575
1506220 1575
1506230 1571
1506240 1568
1506250 1566
1506260 1566
1506270 1563
1506280 1561
1506290 1561
1506300 1558
1506310 1556
1506320 1556
1506330 1553
1506340 1551
1506350 1551
1506360 1549
1506370 1546
1506380 1546
1506390 1544
1506400 1542
1506410 1542
1506420 1541
1506430 1541
1506440 1541
1506450 1541
1506460 1539
1506470 1539
1506480 1531
1506490 1522
1506500 1515
1506510 1515
1506520 1517
1506530 1521
1506540 1521
1506550 1521
1506560 1518
1506570 1518
1506580 1517
1506590 1524
1506600 1524
1506610 1524
1506620 1524
1506630 1524
1506640 1516
1506650 1510
1506660 1510
1506670 1505
1506680 1508
1506690 1508
1506700 1513
1506710 1516
1506720 1516
1506730 1516
1506740 1515
1506750 1511
1506760 1511
1506770 1509
1506780 1509
1506790 1509
1506800 1509
1506810 1508
1506820 1508
1506830 1507
1506840 1506
1506850 1506
1506860 1504
1506870 1503
1506880 1503
1506890 1502
1506900 1503
1506910 1503
1506920 1503
1506930 1502
1506940 1502
1506950 1504
1506960 1506
1506970 1505
1506980 1505
1506990 1504
1507000 1505
1507010 1505
1507020 1509
1507030 1513
1507040 1513
1507050 1514
1507060 1515
1507070 1515
1507080 1516
1507090 1517
1507100 1517
1507110 1516
1507120 1517
1507130 1517
1507140 1519
1507150 1519
1507160 1519
1507170 1518
1507180 1517
1507190 1517
1507200 1515
1507210 1511
1507220 1511
1507230 1511
1507240 1513
1507250 1515
1507260 1515
1507270 1517
1507280 1520
1507290 1520
1507300 1521
1507310 1522
1507320 1522
1507330 1523
1507340 1524
1507350 1524
1507360 1524
1507370 1523
1507380 1523
1507390 1524
1507400 1527
1507410 1527
1507420 1530
1507430 1534
1507440 1534
1507450 1537
1507460 1540
1507470 1543
1507480 1543
1507490 1546
1507500 1549
1507510 1549
1507520 1552
1507530 1555
1507540 1555
1507550 1559
1507560 1563
1507570 1563
1507580 1568
1507590 1572
1507600 1572
1507610 1576
1507620 1578
1507630 1578
1507640 1573
1507650 1569
1507660 1569
1507670 1566
1507680 1564
1507690 1564
1507700 1564
1507710 1566
1507720 1572
1507730 1572
1507740 1577
1507750 1581
1507760 1581
1507770 1586
1507780 1590
1507790 1590
1507800 1595
1507810 1600
1507820 1600
1507830 1603
1507840 1607
1507850 1607
1507860 1609
1507870 1606
1507880 1606
1507890 1603
1507900 1605
1507910 1605
1507920 1611
1507930 1619
1507940 1619
1507950 1628
1507960 1633
1507970 1637
1507980 1637
1507990 1641
1508000 1644
1508010 1644
1508020 1647
1508030 1649
1508040 1649
1508050 1654
1508060 1657
1508070 1657
1508080 1661
1508090 1666
1508100 1666
1508110 1671
1508120 1676
1508130 1676
1508140 1682
1508150 1687
1508160 1687
1508170 1692
1508180 1698
1508190 1698
1508200 1703
1508210 1708
1508220 1708
1508230 1708
1508240 1710
1508250 1717
1508260 1717
1508270 1726
1508280 1733
1508290 1733
1508300 1738
1508310 1743
1508320 1743
1508330 1749
1508340 1754
1508350 1754
1508360 1760
1508370 1766
1508380 1766
1508390 1771
1508400 1776
1508410 1776
1508420 1782
1508430 1787
1508440 1787
1508450 1793
1508460 1797
1508470 1803
1508480 1803
1508490 1810
1508500 1817
1508510 1817
1508520 1821
1508530 1826
1508540 1826
1508550 1831
1508560 1837
1508570 1837
1508580 1841
1508590 1845
1508600 1845
1508610 1849
1508620 1853
1508630 1853
1508640 1857
1508650 1862
1508660 1862
1508670 1868
1508680 1873
1508690 1873
1508700 1877
1508710 1881
1508720 1886
1508730 1886
1508740 1891
1508750 1896
1508760 1896
1508770 1902
1508780 1908
1508790 1908
1508800 1919
1508810 1926
1508820 1926
1508830 1930
1508840 1935
1508850 1935
1508860 1940
1508870 1945
1508880 1945
1508890 1952
1508900 1959
1508910 1959
1508920 1965
1508930 1971
1508940 1971
1508950 1977
1508960 1983
1508970 1990
1508980 1990
1508990 1996
1509000 2001
1509010 2001
1509020 2007
1509030 2013
1509040 2013
1509050 2018
1509060 2021
1509070 2021
1509080 2025
1509090 2030
1509100 2030
1509110 2033
1509120 2037
1509130 2037
1509140 2040
1509150 2041
1509160 2041
1509170 2041
1509180 2042
1509190 2042
1509200 2042
1509210 2043
1509220 2044
1509230 2044
1509240 2045
1509250 2046
1509260 2046
1509270 2047
1509280 2049
1509290 2049
1509300 2050
1509310 2049
1509320 2049
1509330 2048
1509340 2049
1509350 2049
1509360 2051
1509370 2052
1509380 2052
1509390 2050
1509400 2048
1509410 2048
1509420 2044
1509430 2038
1509440 2031
1509450 2031
1509460 2025
1509470 2018
1509480 2018
1509490 2012
1509500 2006
1509510 2006
1509520 1999
1509530 1993
1509540 1993
1509550 1987
1509560 1982
1509570 1982
1509580 1976
1509590 1970
1509600 1970
1509610 1964
1509620 1958
1509630 1958
1509640 1952
1509650 1948
1509660 1948
1509670 1945
1509680 1943
1509690 1940
1509700 1940
1509710 1937
1509720 1934
1509730 1934
1509740 1930
1509750 1927
1509760 1927
1509770 1924
1509780 1921
1509790 1921
1509800 1918
1509810 1916
1509820 1916
1509830 1916
1509840 1916
1509850 1916
1509860 1916
1509870 1916
1509880 1916
1509890 1916
1509900 1916
1509910 1916
1509920 1915
1509930 1914
1509940 1913
1509950 1913
1509960 1912
1509970 1912
1509980 1912
1509990 1913
1510000 1912
1510010 1912
1510020 1910
1510030 1909
1510040 1909
1510050 1908
1510060 1906
1510070 1906
1510080 1904
1510090 1902
1510100 1902
1510110 1899
1510120 1897
1510130 1897
1510140 1894
1510150 1891
1510160 1891
1510170 1888
1510180 1885
1510190 1882
1510200 1882
1510210 1880
1510220 1878
1510230 1878
1510240 1876
1510250 1874
1510260 1874
1510270 1873
1510280 1873
1510290 1873
1510300 1873
1510310 1871
1510320 1871
1510330 1870
1510340 1867
1510350 1867
1510360 1864
1510370 1861
1510380 1861
1510390 1858
1510400 1855
1510410 1855
1510420 1852
1510430 1848
1510440 1844
1510450 1844
1510460 1841
1510470 1838
1510480 1838
1510490 1835
1510500 1831
1510510 1831
1510520 1828
1510530 1825
1510540 1825
1510550 1822
1510560 1818
1510570 1818
1510580 1814
1510590 1810
1510600 1810
1510610 1806
1510620 1801
1510630 1801
1510640 1797
1510650 1791
1510660 1791
1510670 1785
1510680 1778
1510690 1773
1510700 1773
1510710 1767
1510720 1761
1510730 1761
1510740 1755
1510750 1750
1510760 1750
1510770 1746
1510780 1741
1510790 1741
1510800 1737
1510810 1733
1510820 1733
1510830 1731
1510840 1728
1510850 1728
1510860 1726
1510870 1723
1510880 1723
1510890 1721
1510900 1717
1510910 1717
1510920 1713
1510930 1707
1510940 1702
1510950 1702
1510960 1697
1510970 1691
1510980 1691
1510990 1686
1511000 1679
1511010 1679
1511020 1672
1511030 1664
1511040 1664
1511050 1657
1511060 1650
1511070 1650
1511080 1643
1511090 1636
1511100 1636
1511110 1629
1511120 1625
1511130 1625
1511140 1619
1511150 1611
1511160 1611
1511170 1604
1511180 1597
1511190 1590
1511200 1590
1511210 1585
1511220 1580
1511230 1580
1511240 1576
1511250 1569
1511260 1569
1511270 1563
1511280 1561
1511290 1561
1511300 1557
1511310 1554
1511320 1554
1511330 1549
1511340 1543
1511350 1543
1511360 1538
1511370 1532
1511380 1532
1511390 1526
1511400 1518
1511410 1518
1511420 1509
1511430 1503
1511440 1499
1511450 1499
1511460 1496
1511470 1489
1511480 1489
1511490 1481
1511500 1474
1511510 1474
1511520 1467
1511530 1464
1511540 1464
1511550 1460
1511560 1457
1511570 1457
1511580 1454
1511590 1451
1511600 1451
1511610 1449
1511620 1446
1511630 1446
1511640 1444
1511650 1441
1511660 1439
1511670 1439
1511680 1435
1511690 1434
1511700 1434
1511710 1433
1511720 1433
1511730 1433
1511740 1433
1511750 1433
1511760 1433
1511770 1433
1511780 1433
1511790 1433
1511800 1432
1511810 1436
1511820 1436
1511830 1439
1511840 1440
1511850 1440
1511860 1442
1511870 1444
1511880 1444
1511890 1448
1511900 1454
1511910 1454
1511920 1454
1511930 1459
1511940 1462
1511950 1462
1511960 1465
1511970 1469
1511980 1469
1511990 1473
1512000 1477
1512010 1477
1512020 1481
1512030 1485
1512040 1485
1512050 1488
1512060 1492
1512070 1492
1512080 1497
1512090 1502
1512100 1502
1512110 1507
1512120 1513
1512130 1513
1512140 1519
1512150 1526
1512160 1534
1512170 1534
1512180 1542
1512190 1550
1512200 1550
1512210 1559
1512220 1568
1512230 1568
1512240 1577
1512250 1585
1512260 1585
1512270 1594
1512280 1611
1512290 1611
1512300 1637
1512310 1648
1512320 1648
1512330 1655
1512340 1663
1512350 1663
1512360 1672
1512370 1684
1512380 1684
1512390 1694
1512400 1702
1512410 1710
1512420 1710
1512430 1719
1512440 1726
1512450 1726
1512460 1733
1512470 1741
1512480 1741
1512490 1749
1512500 1758
1512510 1758
1512520 1765
1512530 1771
1512540 1771
1512550 1777
1512560 1782
1512570 1782
1512580 1787
1512590 1792
1512600 1792
1512610 1797
1512620 1802
1512630 1802
1512640 1807
1512650 1812
1512660 1817
1512670 1817
1512680 1824
1512690 1830
1512700 1830
1512710 1837
1512720 1843
1512730 1843
1512740 1851
1512750 1859
1512760 1859
1512770 1865
1512780 1872
1512790 1872
1512800 1881
1512810 1887
1512820 1887
1512830 1892
1512840 1896
1512850 1896
1512860 1902
1512870 1906
1512880 1906
1512890 1911
1512900 1919
1512910 1926
1512920 1926
1512930 1933
1512940 1940
1512950 1940
1512960 1947
1512970 1954
1512980 1954
1512990 1962
1513000 1969
1513010 1969
1513020 1969
1513030 1968
1513040 1968
1513050 1969
1513060 1970
1513070 1970
1513080 1971
1513090 1973
1513100 1973
1513110 1974
1513120 1974
1513130 1974
1513140 1974
1513150 1975
1513160 1976
1513170 1976
1513180 1976
1513190 1975
1513200 1975
1513210 1976
1513220 1978
1513230 1978
1513240 1979
1513250 1981
1513260 1981
1513270 1982
1513280 1984
1513290 1984
1513300 1987
1513310 1990
1513320 1990
1513330 1993
1513340 1996
1513350 1996
1513360 2000
1513370 2005
1513380 2005
1513390 2009
1513400 2014
1513410 2018
1513420 2018
1513430 2022
1513440 2027
1513450 2027
1513460 2032
1513470 2037
1513480 2037
1513490 2042
1513500 2047
1513510 2047
1513520 2050
1513530 2052
1513540 2052
1513550 2054
1513560 2057
1513570 2057
1513580 2060
1513590 2070
1513600 2070
1513610 2077
1513620 2090
1513630 2090
1513640 2096
1513650 2102
1513660 2106
1513670 2106
1513680 2110
1513690 2122
1513700 2122
1513710 2132
1513720 2131
1513730 2131
1513740 2131
1513750 2142
1513760 2142
1513770 2153
1513780 2158
1513790 2158
1513800 2163
1513810 2168
1513820 2168
1513830 2172
1513840 2175
1513850 2175
1513860 2174
1513870 2170
1513880 2170
1513890 2167
1513900 2166
1513910 2163
1513920 2163
1513930 2160
1513940 2159
1513950 2159
1513960 2158
1513970 2158
1513980 2158
1513990 2159
1514000 2160
1514010 2160
1514020 2165
1514030 2166
1514040 2166
1514050 2170
1514060 2181
1514070 2181
1514080 2196
1514090 2205
1514100 2205
1514110 2207
1514120 2207
1514130 2207
1514140 2207
1514150 2206
1514160 2204
1514170 2204
1514180 2203
1514190 2204
1514200 2204
1514210 2204
1514220 2206
1514230 2206
1514240 2206
1514250 2202
1514260 2202
1514270 2195
1514280 2189
1514290 2189
1514300 2185
1514310 2183
1514320 2183
1514330 2181
1514340 2178
1514350 2178
1514360 2175
1514370 2172
1514380 2168
1514390 2168
1514400 2165
1514410 2161
1514420 2161
1514430 2156
1514440 2151
1514450 2151
1514460 2147
1514470 2142
1514480 2142
1514490 2137
1514500 2131
1514510 2131
1514520 2125
1514530 2120
1514540 2120
1514550 2117
1514560 2112
1514570 2112
1514580 2106
1514590 2101
1514600 2101
1514610 2100
1514620 2098
1514630 2096
1514640 2096
1514650 2093
1514660 2091
1514670 2091
1514680 2088
1514690 2084
1514700 2084
1514710 2079
1514720 2074
1514730 2074
1514740 2068
1514750 2062
1514760 2062
1514770 2057
1514780 2053
1514790 2053
1514800 2047
1514810 2042
1514820 2042
1514830 2037
1514840 2033
1514850 2033
1514860 2030
1514870 2026
1514880 2024
1514890 2024
1514900 2020
1514910 2018
1514920 2018
1514930 2012
1514940 2010
1514950 2010
1514960 2011
1514970 2011
1514980 2011
1514990 2010
1515000 2009
1515010 2009
1515020 2009
1515030 2010
1515040 2010
1515050 2011
1515060 2011
1515070 2011
1515080 2008
1515090 2007
1515100 2007
1515110 2006
1515120 2005
1515130 2004
1515140 2004
1515150 2003
1515160 2002
1515170 2002
1515180 2003
1515190 2004
1515200 2004
1515210 2008
1515220 2007
1515230 2007
1515240 2008
1515250 2007
1515260 2007
1515270 2004
1515280 2000
1515290 2000
1515300 1993
1515310 1986
1515320 1986
1515330 1983
1515340 1980
1515350 1980
1515360 1978
1515370 1975
1515380 1972
1515390 1972
1515400 1971
1515410 1969
1515420 1969
1515430 1967
1515440 1966
1515450 1966
1515460 1964
1515470 1963
1515480 1963
1515490 1960
1515500 1959
1515510 1959
1515520 1957
1515530 1956
1515540 1956
1515550 1955
1515560 1953
1515570 1953
1515580 1950
1515590 1949
1515600 1949
1515610 1946
1515620 1941
1515630 1938
1515640 1938
1515650 1937
1515660 1937
1515670 1937
1515680 1937
1515690 1938
1515700 1938
1515710 1940
1515720 1940
1515730 1940
1515740 1942
1515750 1943
1515760 1943
1515770 1945
1515780 1948
1515790 1948
1515800 1952
1515810 1954
1515820 1954
1515830 1958
1515840 1961
1515850 1961
1515860 1964
1515870 1968
1515880 1971
1515890 1971
1515900 1974
1515910 1979
1515920 1979
1515930 1985
1515940 1992
1515950 1992
1515960 1998
1515970 2007
1515980 2007
1515990 2027
1516000 2038
1516010 2038
1516020 2045
1516030 2087
1516040 2087
1516050 2100
1516060 2102
1516070 2102
1516080 2105
1516090 2106
1516100 2106
1516110 2108
1516120 2108
1516130 2111
1516140 2111
1516150 2112
1516160 2112
1516170 2112
1516180 2111
1516190 2109
1516200 2109
1516210 2109
1516220 2111
1516230 2111
1516240 2113
1516250 2113
1516260 2113
1516270 2119
1516280 2126
1516290 2126
1516300 2127
1516310 2125
1516320 2125
1516330 2132
1516340 2150
1516350 2155
1516360 2155
1516370 2159
1516380 2166
1516390 2166
1516400 2167
1516410 2168
1516420 2168
1516430 2168
1516440 2182
1516450 2182
1516460 2186
1516470 2190
1516480 2190
1516490 2193
1516500 2194
1516510 2194
1516520 2197
1516530 2201
1516540 2201
1516550 2207
1516560 2219
1516570 2219
1516580 2218
1516590 2208
1516600 2192
1516610 2192
1516620 2182
1516630 2174
1516640 2174
1516650 2164
1516660 2155
1516670 2155
1516680 2149
1516690 2141
1516700 2141
1516710 2138
1516720 2135
1516730 2135
1516740 2133
1516750 2128
1516760 2128
1516770 2119
1516780 2109
1516790 2109
1516800 2107
1516810 2105
1516820 2105
1516830 2103
1516840 2100
1516850 2094
1516860 2094
1516870 2086
1516880 2079
1516890 2079
1516900 2070
1516910 2061
1516920 2061
1516930 2053
1516940 2044
1516950 2044
1516960 2037
1516970 2029
1516980 2029
1516990 2022
1517000 2015
1517010 2015
1517020 2008
1517030 1996
1517040 1996
1517050 1987
1517060 1983
1517070 1983
1517080 1977
1517090 1970
1517100 1962
1517110 1962
1517120 1956
1517130 1949
1517140 1949
1517150 1941
1517160 1935
1517170 1935
1517180 1930
1517190 1928
1517200 1928
1517210 1925
1517220 1924
1517230 1924
1517240 1920
1517250 1914
1517260 1914
1517270 1907
1517280 1898
1517290 1898
1517300 1889
1517310 1884
1517320 1884
1517330 1881
1517340 1881
1517350 1880
1517360 1880
1517370 1878
1517380 1876
1517390 1876
1517400 1875
1517410 1872
1517420 1872
1517430 1859
1517440 1853
1517450 1853
1517460 1851
1517470 1843
1517480 1843
1517490 1838
1517500 1832
1517510 1832
1517520 1827
1517530 1823
1517540 1823
1517550 1819
1517560 1811
1517570 1811
1517580 1803
1517590 1796
1517600 1790
1517610 1790
1517620 1786
1517630 1783
1517640 1783
1517650 1781
1517660 1781
1517670 1781
1517680 1780
1517690 1780
1517700 1776
1517710 1777
1517720 1779
1517730 1779
1517740 1780
1517750 1780
1517760 1780
1517770 1777
1517780 1773
1517790 1773
1517800 1769
1517810 1767
1517820 1767
1517830 1770
1517840 1775
1517850 1779
1517860 1779
1517870 1781
1517880 1781
1517890 1781
1517900 1781
1517910 1780
1517920 1780
1517930 1779
1517940 1778
1517950 1778
1517960 1777
1517970 1777
1517980 1777
1517990 1775
1518000 1775
1518010 1775
1518020 1773
1518030 1773
1518040 1773
1518050 1772
1518060 1770
1518070 1770
1518080 1768
1518090 1767
1518100 1766
1518110 1766
1518120 1764
1518130 1764
1518140 1764
1518150 1762
1518160 1760
1518170 1760
1518180 1757
1518190 1756
1518200 1756
1518210 1754
1518220 1754
1518230 1754
1518240 1753
1518250 1752
1518260 1752
1518270 1751
1518280 1751
1518290 1751
1518300 1753
1518310 1753
1518320 1753
1518330 1753
1518340 1753
1518350 1752
1518360 1752
1518370 1754
1518380 1756
1518390 1756
1518400 1768
1518410 1772
1518420 1772
1518430 1773
1518440 1773
1518450 1773
1518460 1774
1518470 1776
1518480 1776
1518490 1777
1518500 1778
1518510 1778
1518520 1778
1518530 1774
1518540 1774
1518550 1769
1518560 1766
1518570 1766
1518580 1763
1518590 1759
1518600 1759
1518610 1759
1518620 1760
1518630 1759
1518640 1759
1518650 1756
1518660 1757
1518670 1757
1518680 1755
1518690 1754
1518700 1754
1518710 1753
1518720 1751
1518730 1751
1518740 1749
1518750 1747
1518760 1747
1518770 1745
1518780 1742
1518790 1742
1518800 1741
1518810 1740
1518820 1739
1518830 1739
1518840 1736
1518850 1734
1518860 1734
1518870 1732
1518880 1728
1518890 1728
1518900 1725
1518910 1721
1518920 1721
1518930 1715
1518940 1708
1518950 1708
1518960 1702
1518970 1696
1518980 1696
1518990 1689
1519000 1684
1519010 1684
1519020 1680
1519030 1673
1519040 1673
1519050 1666
1519060 1661
1519070 1654
1519080 1654
1519090 1637
1519100 1625
1519110 1625
1519120 1617
1519130 1609
1519140 1609
1519150 1602
1519160 1592
1519170 1592
1519180 1582
1519190 1581
1519200 1581
1519210 1582
1519220 1580
1519230 1580
1519240 1576
1519250 1574
1519260 1574
1519270 1571
1519280 1569
1519290 1569
1519300 1567
1519310 1565
1519320 1562
1519330 1562
1519340 1558
1519350 1553
1519360 1553
1519370 1550
1519380 1545
1519390 1545
1519400 1540
1519410 1539
1519420 1539
1519430 1537
1519440 1534
1519450 1534
1519460 1532
1519470 1527
1519480 1527
1519490 1523
1519500 1519
1519510 1519
1519520 1515
1519530 1512
1519540 1512
1519550 1510
1519560 1506
1519570 1503
1519580 1503
1519590 1492
1519600 1483
1519610 1483
1519620 1474
1519630 1468
1519640 1468
1519650 1462
1519660 1455
1519670 1455
1519680 1448
1519690 1443
1519700 1443
1519710 1438
1519720 1435
1519730 1435
1519740 1432
1519750 1428
1519760 1428
1519770 1424
1519780 1422
1519790 1422
1519800 1420
1519810 1417
1519820 1412
1519830 1412
1519840 1408
1519850 1405
1519860 1405
1519870 1402
1519880 1399
1519890 1399
1519900 1397
1519910 1394
1519920 1394
1519930 1392
1519940 1387
1519950 1387
1519960 1381
1519970 1375
1519980 1375
1519990 1371
