1500000 2127
1500010 2134
1500020 2143
1500030 2143
1500040 2150
1500050 2157
1500060 2157
1500070 2162
1500080 2165
1500090 2165
1500100 2165
1500110 2164
1500120 2164
1500130 2168
1500140 2171
1500150 2171
1500160 2177
1500170 2185
1500180 2185
1500190 2192
1500200 2198
1500210 2198
1500220 2200
1500230 2202
1500240 2202
1500250 2202
1500260 2199
1500270 2197
1500280 2197
1500290 2194
1500300 2192
1500310 2192
1500320 2191
1500330 2188
1500340 2188
1500350 2185
1500360 2183
1500370 2183
1500380 2182
1500390 2182
1500400 2182
1500410 2187
1500420 2189
1500430 2189
1500440 2189
1500450 2187
1500460 2187
1500470 2183
1500480 2181
1500490 2181
1500500 2181
1500510 2183
1500520 2184
1500530 2184
1500540 2184
1500550 2183
1500560 2183
1500570 2184
1500580 2187
1500590 2187
1500600 2188
1500610 2185
1500620 2185
1500630 2183
1500640 2181
1500650 2181
1500660 2180
1500670 2182
1500680 2182
1500690 2185
1500700 2188
1500710 2188
1500720 2188
1500730 2186
1500740 2180
1500750 2180
1500760 2175
1500770 2169
1500780 2169
1500790 2164
1500800 2161
1500810 2161
1500820 2160
1500830 2162
1500840 2162
1500850 2164
1500860 2165
1500870 2165
1500880 2164
1500890 2164
1500900 2164
1500910 2163
1500920 2162
1500930 2162
1500940 2163
1500950 2165
1500960 2165
1500970 2164
1500980 2164
1500990 2164
1501000 2164
1501010 2161
1501020 2159
1501030 2159
1501040 2159
1501050 2157
1501060 2157
1501070 2153
1501080 2149
1501090 2149
1501100 2146
1501110 2142
1501120 2142
1501130 2140
1501140 2138
1501150 2138
1501160 2135
1501170 2135
1501180 2135
1501190 2135
1501200 2135
1501210 2135
1501220 2134
1501230 2133
1501240 2131
1501250 2131
1501260 2132
1501270 2134
1501280 2134
1501290 2135
1501300 2134
1501310 2134
1501320 2132
1501330 2131
1501340 2131
1501350 2131
1501360 2132
1501370 2132
1501380 2132
1501390 2133
1501400 2133
1501410 2135
1501420 2138
1501430 2138
1501440 2141
1501450 2145
1501460 2145
1501470 2149
1501480 2152
1501490 2153
1501500 2153
1501510 2155
1501520 2156
1501530 2156
1501540 2156
1501550 2156
1501560 2156
1501570 2156
1501580 2154
1501590 2154
1501600 2152
1501610 2153
1501620 2153
1501630 2150
1501640 2149
1501650 2149
1501660 2149
1501670 2149
1501680 2149
1501690 2151
1501700 2152
1501710 2154
1501720 2154
1501730 2155
1501740 2157
1501750 2157
1501760 2158
1501770 2157
1501780 2157
1501790 2154
1501800 2154
1501810 2154
1501820 2155
1501830 2156
1501840 2156
1501850 2157
1501860 2158
1501870 2158
1501880 2158
1501890 2158
1501900 2158
1501910 2158
1501920 2158
1501930 2158
1501940 2160
1501950 2159
1501960 2158
1501970 2158
1501980 2157
1501990 2156
1502000 2156
1502010 2155
1502020 2154
1502030 2154
1502040 2154
1502050 2156
1502060 2156
1502070 2156
1502080 2155
1502090 2155
1502100 2156
1502110 2156
1502120 2156
1502130 2157
1502140 2158
1502150 2158
1502160 2158
1502170 2157
1502180 2157
1502190 2157
1502200 2156
1502210 2155
1502220 2155
1502230 2155
1502240 2155
1502250 2155
1502260 2156
1502270 2157
1502280 2157
1502290 2159
1502300 2160
1502310 2160
1502320 2161
1502330 2162
1502340 2162
1502350 2164
1502360 2169
1502370 2169
1502380 2175
1502390 2180
1502400 2180
1502410 2187
1502420 2193
1502430 2193
1502440 2197
1502450 2200
1502460 2205
1502470 2205
1502480 2211
1502490 2213
1502500 2213
1502510 2217
1502520 2226
1502530 2226
1502540 2232
1502550 2233
1502560 2233
1502570 2233
1502580 2236
1502590 2236
1502600 2240
1502610 2243
1502620 2243
1502630 2247
1502640 2250
1502650 2250
1502660 2251
1502670 2253
1502680 2253
1502690 2255
1502700 2255
1502710 2258
1502720 2258
1502730 2260
1502740 2261
1502750 2261
1502760 2264
1502770 2266
1502780 2266
1502790 2271
1502800 2277
1502810 2277
1502820 2281
1502830 2283
1502840 2283
1502850 2285
1502860 2289
1502870 2289
1502880 2292
1502890 2297
1502900 2297
1502910 2303
1502920 2310
1502930 2310
1502940 2317
1502950 2328
1502960 2336
1502970 2336
1502980 2347
1502990 2361
1503000 2361
1503010 2372
1503020 2377
1503030 2377
1503040 2383
1503050 2391
1503060 2391
1503070 2399
1503080 2402
1503090 2402
1503100 2397
1503110 2393
1503120 2393
1503130 2388
1503140 2384
1503150 2384
1503160 2375
1503170 2367
1503180 2367
1503190 2361
1503200 2358
1503210 2352
1503220 2352
1503230 2344
1503240 2330
1503250 2330
1503260 2321
1503270 2311
1503280 2311
1503290 2296
1503300 2278
1503310 2278
1503320 2262
1503330 2256
1503340 2256
1503350 2255
1503360 2253
1503370 2253
1503380 2238
1503390 2223
1503400 2223
1503410 2210
1503420 2200
1503430 2200
1503440 2193
1503450 2188
1503460 2184
1503470 2184
1503480 2180
1503490 2177
1503500 2177
1503510 2174
1503520 2171
1503530 2171
1503540 2169
1503550 2166
1503560 2166
1503570 2163
1503580 2161
1503590 2161
1503600 2159
1503610 2157
1503620 2157
1503630 2156
1503640 2154
1503650 2154
1503660 2153
1503670 2155
1503680 2155
1503690 2159
1503700 2163
1503710 2166
1503720 2166
1503730 2170
1503740 2173
1503750 2173
1503760 2177
1503770 2181
1503780 2181
1503790 2184
1503800 2193
1503810 2193
1503820 2202
1503830 2209
1503840 2209
1503850 2230
1503860 2241
1503870 2241
1503880 2238
1503890 2231
1503900 2231
1503910 2231
1503920 2241
1503930 2241
1503940 2242
1503950 2248
1503960 2253
1503970 2253
1503980 2248
1503990 2236
1504000 2236
1504010 2227
1504020 2224
1504030 2224
1504040 2239
1504050 2256
1504060 2256
1504070 2266
1504080 2271
1504090 2271
1504100 2273
1504110 2272
1504120 2272
1504130 2272
1504140 2273
1504150 2273
1504160 2275
1504170 2279
1504180 2279
1504190 2278
1504200 2277
1504210 2279
1504220 2279
1504230 2278
1504240 2281
1504250 2281
1504260 2283
1504270 2286
1504280 2286
1504290 2287
1504300 2288
1504310 2288
1504320 2289
1504330 2290
1504340 2290
1504350 2289
1504360 2289
1504370 2289
1504380 2289
1504390 2289
1504400 2289
1504410 2288
1504420 2287
1504430 2287
1504440 2285
1504450 2284
1504460 2283
1504470 2283
1504480 2281
1504490 2280
1504500 2280
1504510 2279
1504520 2278
1504530 2278
1504540 2277
1504550 2276
1504560 2276
1504570 2275
1504580 2274
1504590 2274
1504600 2274
1504610 2273
1504620 2273
1504630 2272
1504640 2271
1504650 2271
1504660 2269
1504670 2267
1504680 2267
1504690 2264
1504700 2262
1504710 2264
1504720 2264
1504730 2270
1504740 2267
1504750 2267
1504760 2263
1504770 2262
1504780 2262
1504790 2264
1504800 2263
1504810 2263
1504820 2262
1504830 2262
1504840 2262
1504850 2265
1504860 2270
1504870 2270
1504880 2274
1504890 2275
1504900 2275
1504910 2273
1504920 2274
1504930 2274
1504940 2271
1504950 2267
1504960 2263
1504970 2263
1504980 2271
1504990 2278
1505000 2278
1505010 2279
1505020 2277
1505030 2277
1505040 2278
1505050 2290
1505060 2290
1505070 2291
1505080 2301
1505090 2301
1505100 2317
1505110 2285
1505120 2285
1505130 2287
1505140 2285
1505150 2285
1505160 2286
1505170 2285
1505180 2285
1505190 2289
1505200 2289
1505210 2290
1505220 2290
1505230 2289
1505240 2292
1505250 2292
1505260 2296
1505270 2303
1505280 2303
1505290 2313
1505300 2316
1505310 2316
1505320 2316
1505330 2313
1505340 2313
1505350 2293
1505360 2277
1505370 2277
1505380 2253
1505390 2234
1505400 2234
1505410 2226
1505420 2221
1505430 2221
1505440 2217
1505450 2212
1505460 2207
1505470 2207
1505480 2202
1505490 2197
1505500 2197
1505510 2193
1505520 2189
1505530 2189
1505540 2187
1505550 2184
1505560 2184
1505570 2181
1505580 2179
1505590 2179
1505600 2176
1505610 2174
1505620 2174
1505630 2171
1505640 2168
1505650 2168
1505660 2166
1505670 2165
1505680 2165
1505690 2164
1505700 2163
1505710 2161
1505720 2161
1505730 2160
1505740 2158
1505750 2158
1505760 2157
1505770 2158
1505780 2158
1505790 2159
1505800 2161
1505810 2161
1505820 2163
1505830 2167
1505840 2167
1505850 2170
1505860 2174
1505870 2174
1505880 2177
1505890 2179
1505900 2179
1505910 2180
1505920 2180
1505930 2180
1505940 2175
1505950 2171
1505960 2170
1505970 2170
1505980 2167
1505990 2162
1506000 2162
1506010 2159
1506020 2157
1506030 2157
1506040 2153
1506050 2151
1506060 2151
1506070 2151
1506080 2154
1506090 2154
1506100 2157
1506110 2160
1506120 2160
1506130 2162
1506140 2163
1506150 2163
1506160 2163
1506170 2164
1506180 2164
1506190 2164
1506200 2163
1506210 2162
1506220 2162
1506230 2162
1506240 2162
1506250 2162
1506260 2161
1506270 2158
1506280 2158
1506290 2159
1506300 2160
1506310 2160
1506320 2162
1506330 2164
1506340 2164
1506350 2167
1506360 2172
1506370 2172
1506380 2174
1506390 2176
1506400 2176
1506410 2178
1506420 2181
1506430 2181
1506440 2184
1506450 2188
1506460 2191
1506470 2191
1506480 2193
1506490 2193
1506500 2193
1506510 2194
1506520 2194
1506530 2194
1506540 2194
1506550 2192
1506560 2192
1506570 2189
1506580 2185
1506590 2185
1506600 2180
1506610 2175
1506620 2175
1506630 2169
1506640 2162
1506650 2162
1506660 2156
1506670 2151
1506680 2151
1506690 2144
1506700 2138
1506710 2132
1506720 2132
1506730 2126
1506740 2120
1506750 2120
1506760 2115
1506770 2109
1506780 2109
1506790 2105
1506800 2101
1506810 2101
1506820 2096
1506830 2089
1506840 2089
1506850 2084
1506860 2083
1506870 2083
1506880 2081
1506890 2077
1506900 2077
1506910 2067
1506920 2060
1506930 2060
1506940 2057
1506950 2056
1506960 2054
1506970 2054
1506980 2053
1506990 2052
1507000 2052
1507010 2050
1507020 2048
1507030 2048
1507040 2045
1507050 2043
1507060 2043
1507070 2041
1507080 2040
1507090 2040
1507100 2037
1507110 2035
1507120 2035
1507130 2032
1507140 2028
1507150 2028
1507160 2023
1507170 2019
1507180 2019
1507190 2015
1507200 2012
1507210 2013
1507220 2013
1507230 2013
1507240 2012
1507250 2012
1507260 2009
1507270 2006
1507280 2006
1507290 2004
1507300 2002
1507310 2002
1507320 2002
1507330 2004
1507340 2004
1507350 2006
1507360 2006
1507370 2006
1507380 2007
1507390 2007
1507400 2007
1507410 2005
1507420 2003
1507430 2003
1507440 2001
1507450 1997
1507460 1997
1507470 1997
1507480 1997
1507490 1995
1507500 1995
1507510 1992
1507520 1986
1507530 1986
1507540 1981
1507550 1981
1507560 1981
1507570 1980
1507580 1977
1507590 1977
1507600 1975
1507610 1974
1507620 1974
1507630 1973
1507640 1973
1507650 1973
1507660 1976
1507670 1978
1507680 1978
1507690 1984
1507700 1993
1507710 1992
1507720 1992
1507730 1989
1507740 1987
1507750 1987
1507760 1984
1507770 1983
1507780 1983
1507790 1984
1507800 1984
1507810 1984
1507820 1983
1507830 1982
1507840 1982
1507850 1980
1507860 1976
1507870 1976
1507880 1974
1507890 1971
1507900 1971
1507910 1969
1507920 1968
1507930 1968
1507940 1966
1507950 1962
1507960 1959
1507970 1959
1507980 1957
1507990 1954
1508000 1954
1508010 1952
1508020 1949
1508030 1949
1508040 1949
1508050 1950
1508060 1950
1508070 1952
1508080 1954
1508090 1954
1508100 1958
1508110 1963
1508120 1963
1508130 1967
1508140 1970
1508150 1970
1508160 1975
1508170 1979
1508180 1979
1508190 1984
1508200 1989
1508210 1993
1508220 1993
1508230 1998
1508240 2003
1508250 2003
1508260 2010
1508270 2017
1508280 2017
1508290 2021
1508300 2027
1508310 2027
1508320 2031
1508330 2035
1508340 2035
1508350 2039
1508360 2043
1508370 2043
1508380 2049
1508390 2055
1508400 2055
1508410 2062
1508420 2076
1508430 2076
1508440 2084
1508450 2095
1508460 2109
1508470 2109
1508480 2120
1508490 2120
1508500 2120
1508510 2126
1508520 2155
1508530 2155
1508540 2163
1508550 2160
1508560 2160
1508570 2153
1508580 2152
1508590 2152
1508600 2154
1508610 2158
1508620 2158
1508630 2168
1508640 2177
1508650 2177
1508660 2186
1508670 2195
1508680 2195
1508690 2200
1508700 2204
1508710 2212
1508720 2212
1508730 2221
1508740 2225
1508750 2225
1508760 2235
1508770 2244
1508780 2244
1508790 2247
1508800 2255
1508810 2255
1508820 2260
1508830 2266
1508840 2266
1508850 2278
1508860 2288
1508870 2288
1508880 2294
1508890 2306
1508900 2306
1508910 2320
1508920 2324
1508930 2324
1508940 2328
1508950 2328
1508960 2323
1508970 2323
1508980 2318
1508990 2313
1509000 2313
1509010 2311
1509020 2314
1509030 2314
1509040 2312
1509050 2309
1509060 2309
1509070 2309
1509080 2306
1509090 2306
1509100 2304
1509110 2303
1509120 2303
1509130 2302
1509140 2301
1509150 2301
1509160 2298
1509170 2292
1509180 2292
1509190 2285
1509200 2278
1509210 2273
1509220 2273
1509230 2269
1509240 2265
1509250 2265
1509260 2261
1509270 2257
1509280 2257
1509290 2253
1509300 2250
1509310 2250
1509320 2248
1509330 2247
1509340 2247
1509350 2246
1509360 2245
1509370 2245
1509380 2240
1509390 2235
1509400 2235
1509410 2228
1509420 2221
1509430 2221
1509440 2215
1509450 2210
1509460 2206
1509470 2206
1509480 2201
1509490 2197
1509500 2197
1509510 2191
1509520 2187
1509530 2187
1509540 2183
1509550 2178
1509560 2178
1509570 2174
1509580 2169
1509590 2169
1509600 2164
1509610 2158
1509620 2158
1509630 2150
1509640 2140
1509650 2140
1509660 2133
1509670 2126
1509680 2126
1509690 2121
1509700 2117
1509710 2114
1509720 2114
1509730 2108
1509740 2100
1509750 2100
1509760 2093
1509770 2086
1509780 2086
1509790 2079
1509800 2073
1509810 2073
1509820 2068
1509830 2062
1509840 2062
1509850 2056
1509860 2050
1509870 2050
1509880 2044
1509890 2039
1509900 2039
1509910 2034
1509920 2026
1509930 2026
1509940 2016
1509950 2009
1509960 2003
1509970 2003
1509980 1999
1509990 1997
1510000 1997
1510010 1992
1510020 1987
1510030 1987
1510040 1980
1510050 1973
1510060 1973
1510070 1968
1510080 1961
1510090 1961
1510100 1952
1510110 1945
1510120 1945
1510130 1938
1510140 1931
1510150 1931
1510160 1925
1510170 1920
1510180 1920
1510190 1914
1510200 1908
1510210 1903
1510220 1903
1510230 1898
1510240 1894
1510250 1894
1510260 1891
1510270 1887
1510280 1887
1510290 1882
1510300 1878
1510310 1878
1510320 1873
1510330 1870
1510340 1870
1510350 1864
1510360 1858
1510370 1858
1510380 1850
1510390 1840
1510400 1840
1510410 1831
1510420 1822
1510430 1822
1510440 1814
1510450 1806
1510460 1799
1510470 1799
1510480 1797
1510490 1794
1510500 1794
1510510 1790
1510520 1787
1510530 1787
1510540 1783
1510550 1779
1510560 1779
1510570 1774
1510580 1769
1510590 1768
1510600 1762
1510610 1756
1510620 1756
1510630 1749
1510640 1743
1510650 1743
1510660 1736
1510670 1731
1510680 1731
1510690 1727
1510700 1722
1510710 1716
1510720 1716
1510730 1710
1510740 1704
1510750 1704
1510760 1698
1510770 1692
1510780 1692
1510790 1685
1510800 1679
1510810 1679
1510820 1672
1510830 1666
1510840 1666
1510850 1660
1510860 1654
1510870 1654
1510880 1648
1510890 1641
1510900 1641
1510910 1635
1510920 1628
1510930 1628
1510940 1623
1510950 1619
1510960 1617
1510970 1617
1510980 1615
1510990 1614
1511000 1614
1511010 1616
1511020 1621
1511030 1621
1511040 1629
1511050 1633
1511060 1633
1511070 1635
1511080 1638
1511090 1638
1511100 1639
1511110 1635
1511120 1635
1511130 1632
1511140 1627
1511150 1627
1511160 1619
1511170 1613
1511180 1613
1511190 1609
1511200 1607
1511210 1606
1511220 1606
1511230 1602
1511240 1599
1511250 1599
1511260 1597
1511270 1596
1511280 1596
1511290 1590
1511300 1586
1511310 1586
1511320 1583
1511330 1579
1511340 1579
1511350 1575
1511360 1572
1511370 1572
1511380 1571
1511390 1573
1511400 1573
1511410 1572
1511420 1572
1511430 1572
1511440 1576
1511450 1582
1511460 1581
1511470 1581
1511480 1581
1511490 1581
1511500 1581
1511510 1583
1511520 1583
1511530 1583
1511540 1586
1511550 1589
1511560 1589
1511570 1592
1511580 1596
1511590 1596
1511600 1599
1511610 1603
1511620 1603
1511630 1606
1511640 1609
1511650 1609
1511660 1613
1511670 1617
1511680 1617
1511690 1627
1511700 1634
1511710 1644
1511720 1644
1511730 1653
1511740 1658
1511750 1658
1511760 1662
1511770 1668
1511780 1668
1511790 1676
1511800 1685
1511810 1685
1511820 1693
1511830 1701
1511840 1701
1511850 1709
1511860 1717
1511870 1717
1511880 1724
1511890 1734
1511900 1734
1511910 1743
1511920 1752
1511930 1752
1511940 1760
1511950 1768
1511960 1776
1511970 1776
1511980 1782
1511990 1787
1512000 1787
1512010 1791
1512020 1796
1512030 1796
1512040 1800
1512050 1804
1512060 1804
1512070 1808
1512080 1813
1512090 1813
1512100 1818
1512110 1824
1512120 1824
1512130 1830
1512140 1833
1512150 1833
1512160 1836
1512170 1840
1512180 1840
1512190 1844
1512200 1848
1512210 1851
1512220 1851
1512230 1854
1512240 1858
1512250 1858
1512260 1862
1512270 1867
1512280 1867
1512290 1872
1512300 1876
1512310 1876
1512320 1878
1512330 1881
1512340 1881
1512350 1883
1512360 1886
1512370 1886
1512380 1888
1512390 1889
1512400 1889
1512410 1891
1512420 1894
1512430 1894
1512440 1899
1512450 1905
1512460 1910
1512470 1910
1512480 1916
1512490 1923
1512500 1923
1512510 1929
1512520 1936
1512530 1936
1512540 1944
1512550 1951
1512560 1951
1512570 1956
1512580 1960
1512590 1960
1512600 1961
1512610 1963
1512620 1963
1512630 1963
1512640 1962
1512650 1962
1512660 1962
1512670 1961
1512680 1961
1512690 1963
1512700 1968
1512710 1973
1512720 1973
1512730 1978
1512740 1983
1512750 1983
1512760 1988
1512770 1992
1512780 1992
1512790 1996
1512800 2000
1512810 2000
1512820 2004
1512830 2008
1512840 2008
1512850 2013
1512860 2019
1512870 2019
1512880 2025
1512890 2031
1512900 2031
1512910 2038
1512920 2046
1512930 2046
1512940 2054
1512950 2062
1512960 2070
1512970 2070
1512980 2078
1512990 2087
1513000 2087
1513010 2099
1513020 2113
1513030 2113
1513040 2127
1513050 2141
1513060 2141
1513070 2151
1513080 2161
1513090 2161
1513100 2170
1513110 2178
1513120 2178
1513130 2186
1513140 2195
1513150 2195
1513160 2203
1513170 2211
1513180 2211
1513190 2218
1513200 2225
1513210 2232
1513220 2232
1513230 2239
1513240 2246
1513250 2246
1513260 2253
1513270 2261
1513280 2261
1513290 2269
1513300 2277
1513310 2277
1513320 2280
1513330 2275
1513340 2275
1513350 2268
1513360 2259
1513370 2259
1513380 2248
1513390 2240
1513400 2240
1513410 2232
1513420 2224
1513430 2224
1513440 2217
1513450 2209
1513460 2201
1513470 2201
1513480 2193
1513490 2186
1513500 2186
1513510 2179
1513520 2172
1513530 2172
1513540 2167
1513550 2162
1513560 2162
1513570 2156
1513580 2152
1513590 2152
1513600 2148
1513610 2141
1513620 2141
1513630 2137
1513640 2131
1513650 2131
1513660 2123
1513670 2116
1513680 2116
1513690 2110
1513700 2105
1513710 2101
1513720 2101
1513730 2097
1513740 2092
1513750 2092
1513760 2089
1513770 2086
1513780 2086
1513790 2084
1513800 2084
1513810 2084
1513820 2084
1513830 2084
1513840 2084
1513850 2084
1513860 2085
1513870 2085
1513880 2086
1513890 2085
1513900 2085
1513910 2084
1513920 2084
1513930 2084
1513940 2084
1513950 2084
1513960 2084
1513970 2084
1513980 2084
1513990 2084
1514000 2084
1514010 2084
1514020 2084
1514030 2084
1514040 2084
1514050 2087
1514060 2087
1514070 2089
1514080 2091
1514090 2091
1514100 2092
1514110 2092
1514120 2092
1514130 2090
1514140 2088
1514150 2088
1514160 2084
1514170 2080
1514180 2080
1514190 2076
1514200 2071
1514210 2067
1514220 2067
1514230 2062
1514240 2056
1514250 2056
1514260 2048
1514270 2033
1514280 2033
1514290 2024
1514300 2015
1514310 2015
1514320 2007
1514330 1996
1514340 1996
1514350 1982
1514360 1973
1514370 1973
1514380 1966
1514390 1961
1514400 1961
1514410 1956
1514420 1952
1514430 1952
1514440 1947
1514450 1936
1514460 1915
1514470 1915
1514480 1903
1514490 1893
1514500 1893
1514510 1885
1514520 1877
1514530 1877
1514540 1870
1514550 1863
1514560 1863
1514570 1857
1514580 1851
1514590 1851
1514600 1846
1514610 1840
1514620 1840
1514630 1836
1514640 1833
1514650 1833
1514660 1830
1514670 1826
1514680 1826
1514690 1820
1514700 1812
1514710 1806
1514720 1806
1514730 1801
1514740 1796
1514750 1796
1514760 1790
1514770 1784
1514780 1784
1514790 1779
1514800 1776
1514810 1776
1514820 1773
1514830 1770
1514840 1770
1514850 1767
1514860 1766
1514870 1766
1514880 1765
1514890 1770
1514900 1770
1514910 1777
1514920 1781
1514930 1781
1514940 1780
1514950 1777
1514960 1774
1514970 1774
1514980 1769
1514990 1764
1515000 1764
1515010 1762
1515020 1763
1515030 1763
1515040 1762
1515050 1759
1515060 1759
1515070 1758
1515080 1758
1515090 1758
1515100 1759
1515110 1755
1515120 1755
1515130 1758
1515140 1761
1515150 1761
1515160 1766
1515170 1771
1515180 1771
1515190 1772
1515200 1773
1515210 1773
1515220 1773
1515230 1774
1515240 1774
1515250 1774
1515260 1773
1515270 1771
1515280 1771
1515290 1769
1515300 1769
1515310 1769
1515320 1772
1515330 1774
1515340 1774
1515350 1773
1515360 1772
1515370 1772
1515380 1770
1515390 1768
1515400 1768
1515410 1768
1515420 1767
1515430 1764
1515440 1764
1515450 1763
1515460 1762
1515470 1762
1515480 1762
1515490 1761
1515500 1761
1515510 1763
1515520 1765
1515530 1765
1515540 1765
1515550 1765
1515560 1765
1515570 1770
1515580 1775
1515590 1775
1515600 1775
1515610 1774
1515620 1774
1515630 1774
1515640 1773
1515650 1773
1515660 1773
1515670 1773
1515680 1772
1515690 1772
1515700 1771
1515710 1770
1515720 1770
1515730 1769
1515740 1767
1515750 1767
1515760 1766
1515770 1767
1515780 1767
1515790 1767
1515800 1765
1515810 1765
1515820 1762
1515830 1759
1515840 1759
1515850 1757
1515860 1753
1515870 1753
1515880 1748
1515890 1743
1515900 1743
1515910 1740
1515920 1737
1515930 1735
1515940 1735
1515950 1734
1515960 1732
1515970 1732
1515980 1730
1515990 1726
1516000 1726
1516010 1722
1516020 1720
1516030 1720
1516040 1716
1516050 1714
1516060 1714
1516070 1713
1516080 1712
1516090 1712
1516100 1709
1516110 1706
1516120 1706
1516130 1703
1516140 1701
1516150 1701
1516160 1698
1516170 1695
1516180 1693
1516190 1693
1516200 1691
1516210 1689
1516220 1689
1516230 1687
1516240 1686
1516250 1686
1516260 1686
1516270 1684
1516280 1684
1516290 1684
1516300 1681
1516310 1681
1516320 1678
1516330 1675
1516340 1675
1516350 1672
1516360 1668
1516370 1668
1516380 1664
1516390 1661
1516400 1661
1516410 1658
1516420 1655
1516430 1651
1516440 1651
1516450 1645
1516460 1640
1516470 1640
1516480 1636
1516490 1634
1516500 1634
1516510 1629
1516520 1625
1516530 1625
1516540 1620
1516550 1612
1516560 1612
1516570 1605
1516580 1602
1516590 1602
1516600 1604
1516610 1607
1516620 1607
1516630 1611
1516640 1616
1516650 1616
1516660 1614
1516670 1612
1516680 1611
1516690 1611
1516700 1608
1516710 1608
1516720 1608
1516730 1607
1516740 1605
1516750 1605
1516760 1604
1516770 1605
1516780 1605
1516790 1606
1516800 1610
1516810 1610
1516820 1611
1516830 1610
1516840 1610
1516850 1611
1516860 1613
1516870 1613
1516880 1614
1516890 1615
1516900 1615
1516910 1615
1516920 1617
1516930 1617
1516940 1617
1516950 1617
1516960 1617
1516970 1617
1516980 1616
1516990 1615
1517000 1615
1517010 1613
1517020 1611
1517030 1611
1517040 1607
1517050 1601
1517060 1601
1517070 1596
1517080 1593
1517090 1593
1517100 1593
1517110 1590
1517120 1590
1517130 1587
1517140 1585
1517150 1585
1517160 1583
1517170 1580
1517180 1578
1517190 1578
1517200 1576
1517210 1574
1517220 1574
1517230 1572
1517240 1569
1517250 1569
1517260 1567
1517270 1565
1517280 1565
1517290 1565
1517300 1564
1517310 1564
1517320 1561
1517330 1556
1517340 1556
1517350 1555
1517360 1553
1517370 1553
1517380 1552
1517390 1550
1517400 1550
1517410 1546
1517420 1543
1517430 1541
1517440 1541
1517450 1538
1517460 1535
1517470 1535
1517480 1533
1517490 1531
1517500 1531
1517510 1528
1517520 1527
1517530 1527
1517540 1526
1517550 1525
1517560 1525
1517570 1524
1517580 1523
1517590 1523
1517600 1523
1517610 1521
1517620 1521
1517630 1519
1517640 1516
1517650 1516
1517660 1513
1517670 1510
1517680 1508
1517690 1508
1517700 1506
1517710 1504
1517720 1504
1517730 1502
1517740 1500
1517750 1500
1517760 1497
1517770 1493
1517780 1493
1517790 1489
1517800 1485
1517810 1485
1517820 1483
1517830 1480
1517840 1480
1517850 1478
1517860 1475
1517870 1475
1517880 1473
1517890 1470
1517900 1470
1517910 1467
1517920 1464
1517930 1460
1517940 1460
1517950 1457
1517960 1455
1517970 1455
1517980 1452
1517990 1449
1518000 1449
1518010 1446
1518020 1442
1518030 1442
1518040 1438
1518050 1434
1518060 1434
1518070 1433
1518080 1432
1518090 1432
1518100 1431
1518110 1429
1518120 1429
1518130 1426
1518140 1423
1518150 1423
1518160 1420
1518170 1417
1518180 1414
1518190 1414
1518200 1409
1518210 1405
1518220 1405
1518230 1400
1518240 1397
1518250 1397
1518260 1395
1518270 1391
1518280 1391
1518290 1387
1518300 1383
1518310 1383
1518320 1380
1518330 1376
1518340 1376
1518350 1370
1518360 1362
1518370 1362
1518380 1361
1518390 1358
1518400 1358
1518410 1351
1518420 1347
1518430 1342
1518440 1342
1518450 1338
1518460 1333
1518470 1333
1518480 1328
1518490 1323
1518500 1323
1518510 1319
1518520 1314
1518530 1314
1518540 1310
1518550 1307
1518560 1307
1518570 1306
1518580 1304
1518590 1304
1518600 1302
1518610 1301
1518620 1301
1518630 1299
1518640 1298
1518650 1298
1518660 1296
1518670 1295
1518680 1294
1518690 1294
1518700 1293
1518710 1293
1518720 1293
1518730 1293
1518740 1293
1518750 1293
1518760 1292
1518770 1292
1518780 1292
1518790 1292
1518800 1291
1518810 1291
1518820 1291
1518830 1291
1518840 1291
1518850 1291
1518860 1290
1518870 1290
1518880 1287
1518890 1285
1518900 1285
1518910 1284
1518920 1283
1518930 1283
1518940 1283
1518950 1283
1518960 1283
1518970 1283
1518980 1283
1518990 1283
1519000 1283
1519010 1283
1519020 1283
1519030 1283
1519040 1283
1519050 1284
1519060 1284
1519070 1286
1519080 1287
1519090 1287
1519100 1286
1519110 1286
1519120 1286
1519130 1286
1519140 1284
1519150 1284
1519160 1282
1519170 1283
1519180 1284
1519190 1284
1519200 1280
1519210 1278
1519220 1278
1519230 1278
1519240 1278
1519250 1278
1519260 1278
1519270 1278
1519280 1278
1519290 1278
1519300 1277
1519310 1277
1519320 1277
1519330 1277
1519340 1277
1519350 1277
1519360 1277
1519370 1277
1519380 1277
1519390 1277
1519400 1277
1519410 1277
1519420 1277
1519430 1277
1519440 1277
1519450 1277
1519460 1277
1519470 1277
1519480 1278
1519490 1278
1519500 1278
1519510 1277
1519520 1277
1519530 1277
1519540 1277
1519550 1278
1519560 1278
1519570 1280
1519580 1286
1519590 1286
1519600 1291
1519610 1291
1519620 1291
1519630 1291
1519640 1291
1519650 1291
1519660 1289
1519670 1287
1519680 1286
1519690 1286
1519700 1286
1519710 1286
1519720 1286
1519730 1287
1519740 1287
1519750 1287
1519760 1287
1519770 1287
1519780 1287
1519790 1288
1519800 1288
1519810 1288
1519820 1288
1519830 1288
1519840 1288
1519850 1288
1519860 1290
1519870 1290
1519880 1290
1519890 1289
1519900 1289
1519910 1290
1519920 1291
1519930 1291
1519940 1291
1519950 1291
1519960 1292
1519970 1292
1519980 1292
1519990 1292
