1500000 1719
1500010 1719
1500020 1717
1500030 1717
1500040 1717
1500050 1717
1500060 1715
1500070 1713
1500080 1713
1500090 1713
1500100 1713
1500110 1713
1500120 1712
1500130 1711
1500140 1711
1500150 1709
1500160 1705
1500170 1705
1500180 1701
1500190 1698
1500200 1698
1500210 1696
1500220 1694
1500230 1694
1500240 1692
1500250 1690
1500260 1690
1500270 1688
1500280 1685
1500290 1685
1500300 1684
1500310 1681
1500320 1681
1500330 1679
1500340 1676
1500350 1674
1500360 1674
1500370 1671
1500380 1668
1500390 1668
1500400 1665
1500410 1662
1500420 1662
1500430 1660
1500440 1657
1500450 1657
1500460 1654
1500470 1652
1500480 1652
1500490 1651
1500500 1651
1500510 1651
1500520 1650
1500530 1647
1500540 1647
1500550 1645
1500560 1642
1500570 1642
1500580 1638
1500590 1635
1500600 1632
1500610 1632
1500620 1628
1500630 1624
1500640 1624
1500650 1619
1500660 1613
1500670 1613
1500680 1607
1500690 1602
1500700 1602
1500710 1598
1500720 1592
1500730 1592
1500740 1587
1500750 1582
1500760 1582
1500770 1577
1500780 1572
1500790 1572
1500800 1567
1500810 1562
1500820 1562
1500830 1556
1500840 1550
1500850 1544
1500860 1544
1500870 1537
1500880 1530
1500890 1530
1500900 1523
1500910 1516
1500920 1516
1500930 1510
1500940 1504
1500950 1504
1500960 1497
1500970 1490
1500980 1490
1500990 1483
1501000 1476
1501010 1476
1501020 1469
1501030 1462
1501040 1462
1501050 1456
1501060 1449
1501070 1449
1501080 1442
1501090 1435
1501100 1428
1501110 1428
1501120 1422
1501130 1415
1501140 1415
1501150 1407
1501160 1400
1501170 1400
1501180 1392
1501190 1384
1501200 1384
1501210 1379
1501220 1374
1501230 1374
1501240 1370
1501250 1368
1501260 1368
1501270 1366
1501280 1364
1501290 1364
1501300 1360
1501310 1356
1501320 1356
1501330 1352
1501340 1349
1501350 1347
1501360 1347
1501370 1345
1501380 1343
1501390 1343
1501400 1341
1501410 1340
1501420 1340
1501430 1338
1501440 1336
1501450 1336
1501460 1334
1501470 1333
1501480 1333
1501490 1332
1501500 1331
1501510 1331
1501520 1329
1501530 1328
1501540 1328
1501550 1328
1501560 1327
1501570 1327
1501580 1326
1501590 1325
1501600 1324
1501610 1324
1501620 1324
1501630 1323
1501640 1323
1501650 1322
1501660 1321
1501670 1321
1501680 1321
1501690 1320
1501700 1320
1501710 1320
1501720 1319
1501730 1319
1501740 1319
1501750 1318
1501760 1318
1501770 1318
1501780 1317
1501790 1317
1501800 1316
1501810 1316
1501820 1316
1501830 1315
1501840 1314
1501850 1314
1501860 1313
1501870 1312
1501880 1313
1501890 1313
1501900 1313
1501910 1313
1501920 1313
1501930 1313
1501940 1312
1501950 1312
1501960 1312
1501970 1311
1501980 1311
1501990 1310
1502000 1310
1502010 1310
1502020 1309
1502030 1309
1502040 1309
1502050 1308
1502060 1308
1502070 1308
1502080 1307
1502090 1307
1502100 1307
1502110 1306
1502120 1306
1502130 1305
1502140 1305
1502150 1305
1502160 1305
1502170 1305
1502180 1305
1502190 1304
1502200 1304
1502210 1303
1502220 1303
1502230 1303
1502240 1304
1502250 1304
1502260 1304
1502270 1304
1502280 1304
1502290 1304
1502300 1304
1502310 1304
1502320 1304
1502330 1305
1502340 1305
1502350 1305
1502360 1304
1502370 1305
1502380 1305
1502390 1305
1502400 1305
1502410 1306
1502420 1306
1502430 1307
1502440 1307
1502450 1307
1502460 1308
1502470 1308
1502480 1308
1502490 1308
1502500 1309
1502510 1309
1502520 1312
1502530 1315
1502540 1315
1502550 1316
1502560 1317
1502570 1317
1502580 1318
1502590 1319
1502600 1319
1502610 1321
1502620 1323
1502630 1326
1502640 1326
1502650 1330
1502660 1334
1502670 1334
1502680 1339
1502690 1343
1502700 1343
1502710 1347
1502720 1353
1502730 1353
1502740 1358
1502750 1363
1502760 1363
1502770 1368
1502780 1374
1502790 1374
1502800 1380
1502810 1385
1502820 1385
1502830 1391
1502840 1397
1502850 1397
1502860 1405
1502870 1411
1502880 1413
1502890 1413
1502900 1419
1502910 1425
1502920 1425
1502930 1430
1502940 1436
1502950 1436
1502960 1441
1502970 1445
1502980 1445
1502990 1450
1503000 1454
1503010 1454
1503020 1457
1503030 1461
1503040 1461
1503050 1468
1503060 1477
1503070 1477
1503080 1489
1503090 1501
1503100 1501
1503110 1513
1503120 1525
1503130 1533
1503140 1533
1503150 1539
1503160 1539
1503170 1539
1503180 1546
1503190 1553
1503200 1553
1503210 1557
1503220 1561
1503230 1561
1503240 1566
1503250 1569
1503260 1569
1503270 1571
1503280 1573
1503290 1573
1503300 1575
1503310 1577
1503320 1577
1503330 1579
1503340 1582
1503350 1582
1503360 1586
1503370 1591
1503380 1591
1503390 1595
1503400 1599
1503410 1604
1503420 1604
1503430 1608
1503440 1613
1503450 1613
1503460 1616
1503470 1620
1503480 1620
1503490 1623
1503500 1626
1503510 1626
1503520 1628
1503530 1631
1503540 1631
1503550 1632
1503560 1634
1503570 1634
1503580 1635
1503590 1637
1503600 1637
1503610 1639
1503620 1640
1503630 1640
1503640 1641
1503650 1643
1503660 1645
1503670 1645
1503680 1646
1503690 1648
1503700 1648
1503710 1649
1503720 1650
1503730 1650
1503740 1651
1503750 1653
1503760 1653
1503770 1655
1503780 1657
1503790 1657
1503800 1658
1503810 1660
1503820 1660
1503830 1661
1503840 1662
1503850 1662
1503860 1663
1503870 1663
1503880 1663
1503890 1664
1503900 1665
1503910 1666
1503920 1666
1503930 1666
1503940 1667
1503950 1667
1503960 1667
1503970 1667
1503980 1667
1503990 1667
1504000 1667
1504010 1667
1504020 1667
1504030 1667
1504040 1667
1504050 1667
1504060 1668
1504070 1668
1504080 1668
1504090 1667
1504100 1667
1504110 1668
1504120 1668
1504130 1668
1504140 1668
1504150 1669
1504160 1670
1504170 1670
1504180 1671
1504190 1670
1504200 1670
1504210 1670
1504220 1670
1504230 1670
1504240 1670
1504250 1670
1504260 1670
1504270 1669
1504280 1668
1504290 1668
1504300 1668
1504310 1667
1504320 1667
1504330 1666
1504340 1666
1504350 1666
1504360 1665
1504370 1664
1504380 1664
1504390 1664
1504400 1664
1504410 1664
1504420 1664
1504430 1664
1504440 1664
1504450 1664
1504460 1664
1504470 1662
1504480 1662
1504490 1661
1504500 1661
1504510 1661
1504520 1661
1504530 1661
1504540 1661
1504550 1661
1504560 1661
1504570 1661
1504580 1660
1504590 1660
1504600 1660
1504610 1659
1504620 1659
1504630 1659
1504640 1659
1504650 1660
1504660 1660
1504670 1661
1504680 1663
1504690 1663
1504700 1663
1504710 1663
1504720 1664
1504730 1664
1504740 1664
1504750 1664
1504760 1664
1504770 1663
1504780 1662
1504790 1662
1504800 1662
1504810 1662
1504820 1662
1504830 1661
1504840 1661
1504850 1661
1504860 1661
1504870 1660
1504880 1660
1504890 1660
1504900 1660
1504910 1660
1504920 1660
1504930 1659
1504940 1659
1504950 1659
1504960 1659
1504970 1660
1504980 1660
1504990 1660
1505000 1660
1505010 1660
1505020 1659
1505030 1659
1505040 1659
1505050 1658
1505060 1657
1505070 1657
1505080 1657
1505090 1658
1505100 1658
1505110 1658
1505120 1658
1505130 1658
1505140 1658
1505150 1658
1505160 1658
1505170 1657
1505180 1657
1505190 1657
1505200 1657
1505210 1657
1505220 1657
1505230 1657
1505240 1658
1505250 1660
1505260 1660
1505270 1662
1505280 1665
1505290 1665
1505300 1664
1505310 1660
1505320 1660
1505330 1655
1505340 1651
1505350 1651
1505360 1652
1505370 1655
1505380 1655
1505390 1658
1505400 1661
1505410 1661
1505420 1664
1505430 1667
1505440 1670
1505450 1670
1505460 1674
1505470 1677
1505480 1677
1505490 1680
1505500 1682
1505510 1682
1505520 1684
1505530 1686
1505540 1686
1505550 1687
1505560 1688
1505570 1688
1505580 1688
1505590 1688
1505600 1688
1505610 1688
1505620 1688
1505630 1688
1505640 1690
1505650 1690
1505660 1690
1505670 1691
1505680 1691
1505690 1692
1505700 1692
1505710 1692
1505720 1693
1505730 1693
1505740 1694
1505750 1695
1505760 1695
1505770 1697
1505780 1699
1505790 1699
1505800 1701
1505810 1703
1505820 1703
1505830 1704
1505840 1704
1505850 1704
1505860 1705
1505870 1706
1505880 1706
1505890 1708
1505900 1710
1505910 1710
1505920 1711
1505930 1712
1505940 1713
1505950 1713
1505960 1714
1505970 1714
1505980 1714
1505990 1713
1506000 1712
1506010 1712
1506020 1712
1506030 1714
1506040 1714
1506050 1716
1506060 1718
1506070 1718
1506080 1722
1506090 1726
1506100 1726
1506110 1731
1506120 1737
1506130 1737
1506140 1744
1506150 1751
1506160 1751
1506170 1756
1506180 1758
1506190 1758
1506200 1758
1506210 1758
1506220 1757
1506230 1757
1506240 1757
1506250 1757
1506260 1757
1506270 1756
1506280 1756
1506290 1756
1506300 1757
1506310 1757
1506320 1757
1506330 1757
1506340 1757
1506350 1757
1506360 1756
1506370 1756
1506380 1756
1506390 1754
1506400 1753
1506410 1753
1506420 1751
1506430 1749
1506440 1749
1506450 1746
1506460 1743
1506470 1741
1506480 1741
1506490 1741
1506500 1741
1506510 1741
1506520 1742
1506530 1743
1506540 1743
1506550 1743
1506560 1743
1506570 1743
1506580 1744
1506590 1744
1506600 1744
1506610 1744
1506620 1744
1506630 1744
1506640 1744
1506650 1745
1506660 1745
1506670 1745
1506680 1745
1506690 1745
1506700 1746
1506710 1746
1506720 1745
1506730 1745
1506740 1745
1506750 1745
1506760 1745
1506770 1745
1506780 1745
1506790 1745
1506800 1746
1506810 1746
1506820 1746
1506830 1747
1506840 1747
1506850 1747
1506860 1748
1506870 1748
1506880 1748
1506890 1749
1506900 1749
1506910 1749
1506920 1750
1506930 1750
1506940 1750
1506950 1751
1506960 1751
1506970 1752
1506980 1752
1506990 1753
1507000 1754
1507010 1754
1507020 1755
1507030 1756
1507040 1756
1507050 1757
1507060 1758
1507070 1758
1507080 1759
1507090 1761
1507100 1761
1507110 1762
1507120 1762
1507130 1762
1507140 1763
1507150 1765
1507160 1765
1507170 1765
1507180 1766
1507190 1766
1507200 1767
1507210 1768
1507220 1770
1507230 1770
1507240 1771
1507250 1772
1507260 1772
1507270 1772
1507280 1773
1507290 1773
1507300 1775
1507310 1775
1507320 1775
1507330 1775
1507340 1776
1507350 1776
1507360 1778
1507370 1780
1507380 1780
1507390 1781
1507400 1782
1507410 1782
1507420 1783
1507430 1784
1507440 1784
1507450 1785
1507460 1787
1507470 1789
1507480 1789
1507490 1790
1507500 1792
1507510 1792
1507520 1794
1507530 1796
1507540 1796
1507550 1799
1507560 1799
1507570 1799
1507580 1799
1507590 1799
1507600 1799
1507610 1801
1507620 1801
1507630 1801
1507640 1800
1507650 1799
1507660 1799
1507670 1798
1507680 1795
1507690 1795
1507700 1793
1507710 1791
1507720 1791
1507730 1787
1507740 1786
1507750 1786
1507760 1786
1507770 1786
1507780 1786
1507790 1786
1507800 1786
1507810 1786
1507820 1786
1507830 1787
1507840 1787
1507850 1787
1507860 1787
1507870 1788
1507880 1788
1507890 1789
1507900 1789
1507910 1789
1507920 1790
1507930 1790
1507940 1790
1507950 1791
1507960 1792
1507970 1792
1507980 1793
1507990 1794
1508000 1796
1508010 1796
1508020 1796
1508030 1797
1508040 1797
1508050 1797
1508060 1797
1508070 1797
1508080 1798
1508090 1798
1508100 1798
1508110 1799
1508120 1798
1508130 1798
1508140 1794
1508150 1791
1508160 1791
1508170 1795
1508180 1801
1508190 1801
1508200 1804
1508210 1804
1508220 1804
1508230 1803
1508240 1803
1508250 1803
1508260 1803
1508270 1803
1508280 1803
1508290 1803
1508300 1803
1508310 1803
1508320 1803
1508330 1804
1508340 1805
1508350 1805
1508360 1808
1508370 1810
1508380 1810
1508390 1811
1508400 1811
1508410 1811
1508420 1811
1508430 1811
1508440 1811
1508450 1808
1508460 1806
1508470 1806
1508480 1805
1508490 1805
1508500 1805
1508510 1805
1508520 1804
1508530 1804
1508540 1804
1508550 1804
1508560 1803
1508570 1803
1508580 1802
1508590 1803
1508600 1803
1508610 1804
1508620 1804
1508630 1804
1508640 1804
1508650 1802
1508660 1802
1508670 1802
1508680 1801
1508690 1801
1508700 1800
1508710 1800
1508720 1800
1508730 1799
1508740 1798
1508750 1796
1508760 1796
1508770 1796
1508780 1796
1508790 1796
1508800 1795
1508810 1795
1508820 1795
1508830 1794
1508840 1793
1508850 1793
1508860 1791
1508870 1790
1508880 1790
1508890 1789
1508900 1788
1508910 1788
1508920 1787
1508930 1786
1508940 1786
1508950 1785
1508960 1784
1508970 1784
1508980 1782
1508990 1780
1509000 1780
1509010 1779
1509020 1777
1509030 1776
1509040 1776
1509050 1774
1509060 1773
1509070 1773
1509080 1772
1509090 1771
1509100 1771
1509110 1772
1509120 1771
1509130 1771
1509140 1771
1509150 1770
1509160 1770
1509170 1770
1509180 1769
1509190 1769
1509200 1770
1509210 1770
1509220 1770
1509230 1772
1509240 1773
1509250 1773
1509260 1774
1509270 1774
1509280 1774
1509290 1774
1509300 1773
1509310 1772
1509320 1772
1509330 1771
1509340 1769
1509350 1769
1509360 1767
1509370 1765
1509380 1765
1509390 1764
1509400 1764
1509410 1764
1509420 1762
1509430 1762
1509440 1762
1509450 1760
1509460 1758
1509470 1758
1509480 1762
1509490 1769
1509500 1769
1509510 1771
1509520 1773
1509530 1773
1509540 1773
1509550 1775
1509560 1777
1509570 1777
1509580 1778
1509590 1778
1509600 1778
1509610 1779
1509620 1780
1509630 1780
1509640 1780
1509650 1782
1509660 1782
1509670 1783
1509680 1785
1509690 1785
1509700 1786
1509710 1787
1509720 1787
1509730 1787
1509740 1787
1509750 1787
1509760 1788
1509770 1791
1509780 1791
1509790 1791
1509800 1791
1509810 1791
1509820 1791
1509830 1791
1509840 1792
1509850 1792
1509860 1793
1509870 1795
1509880 1795
1509890 1796
1509900 1797
1509910 1797
1509920 1799
1509930 1800
1509940 1800
1509950 1801
1509960 1801
1509970 1801
1509980 1802
1509990 1802
1510000 1802
1510010 1803
1510020 1805
1510030 1805
1510040 1805
1510050 1806
1510060 1807
1510070 1807
1510080 1808
1510090 1809
1510100 1809
1510110 1810
1510120 1810
1510130 1810
1510140 1810
1510150 1810
1510160 1810
1510170 1810
1510180 1810
1510190 1810
1510200 1811
1510210 1811
1510220 1811
1510230 1812
1510240 1812
1510250 1812
1510260 1812
1510270 1813
1510280 1814
1510290 1814
1510300 1814
1510310 1814
1510320 1814
1510330 1815
1510340 1815
1510350 1815
1510360 1815
1510370 1815
1510380 1815
1510390 1816
1510400 1816
1510410 1816
1510420 1816
1510430 1817
1510440 1817
1510450 1817
1510460 1818
1510470 1818
1510480 1818
1510490 1819
1510500 1819
1510510 1820
1510520 1820
1510530 1820
1510540 1821
1510550 1822
1510560 1823
1510570 1823
1510580 1824
1510590 1824
1510600 1824
1510610 1825
1510620 1826
1510630 1826
1510640 1827
1510650 1827
1510660 1827
1510670 1828
1510680 1829
1510690 1829
1510700 1830
1510710 1831
1510720 1831
1510730 1833
1510740 1835
1510750 1835
1510760 1839
1510770 1845
1510780 1845
1510790 1850
1510800 1856
1510810 1860
1510820 1860
1510830 1864
1510840 1868
1510850 1868
1510860 1872
1510870 1876
1510880 1876
1510890 1878
1510900 1881
1510910 1881
1510920 1884
1510930 1889
1510940 1889
1510950 1896
1510960 1902
1510970 1902
1510980 1908
1510990 1914
1511000 1914
1511010 1919
1511020 1924
1511030 1924
1511040 1929
1511050 1935
1511060 1940
1511070 1940
1511080 1944
1511090 1949
1511100 1949
1511110 1955
1511120 1961
1511130 1961
1511140 1968
1511150 1975
1511160 1975
1511170 1983
1511180 1990
1511190 1990
1511200 1997
1511210 2005
1511220 2005
1511230 2012
1511240 2020
1511250 2020
1511260 2027
1511270 2035
1511280 2035
1511290 2043
1511300 2051
1511310 2058
1511320 2058
1511330 2064
1511340 2072
1511350 2072
1511360 2079
1511370 2087
1511380 2087
1511390 2096
1511400 2106
1511410 2106
1511420 2115
1511430 2125
1511440 2125
1511450 2134
1511460 2143
1511470 2143
1511480 2153
1511490 2166
1511500 2166
1511510 2181
1511520 2195
1511530 2195
1511540 2209
1511550 2229
1511560 2245
1511570 2245
1511580 2255
1511590 2262
1511600 2262
1511610 2272
1511620 2285
1511630 2285
1511640 2287
1511650 2283
1511660 2283
1511670 2278
1511680 2273
1511690 2273
1511700 2267
1511710 2261
1511720 2261
1511730 2255
1511740 2249
1511750 2249
1511760 2241
1511770 2234
1511780 2234
1511790 2226
1511800 2220
1511810 2213
1511820 2213
1511830 2208
1511840 2202
1511850 2202
1511860 2196
1511870 2191
1511880 2191
1511890 2187
1511900 2184
1511910 2184
1511920 2181
1511930 2179
1511940 2179
1511950 2177
1511960 2176
1511970 2176
1511980 2176
1511990 2175
1512000 2175
1512010 2172
1512020 2170
1512030 2170
1512040 2169
1512050 2170
1512060 2170
1512070 2170
1512080 2170
1512090 2170
1512100 2170
1512110 2172
1512120 2172
1512130 2172
1512140 2172
1512150 2170
1512160 2170
1512170 2168
1512180 2167
1512190 2167
1512200 2167
1512210 2168
1512220 2168
1512230 2169
1512240 2169
1512250 2169
1512260 2167
1512270 2163
1512280 2163
1512290 2161
1512300 2159
1512310 2159
1512320 2157
1512330 2156
1512340 2157
1512350 2157
1512360 2157
1512370 2155
1512380 2155
1512390 2152
1512400 2152
1512410 2152
1512420 2152
1512430 2151
1512440 2151
1512450 2148
1512460 2149
1512470 2149
1512480 2152
1512490 2154
1512500 2154
1512510 2157
1512520 2160
1512530 2160
1512540 2162
1512550 2162
1512560 2162
1512570 2164
1512580 2164
1512590 2165
1512600 2165
1512610 2166
1512620 2168
1512630 2168
1512640 2168
1512650 2166
1512660 2166
1512670 2163
1512680 2159
1512690 2159
1512700 2156
1512710 2150
1512720 2150
1512730 2143
1512740 2138
1512750 2138
1512760 2134
1512770 2134
1512780 2134
1512790 2135
1512800 2135
1512810 2135
1512820 2137
1512830 2136
1512840 2134
1512850 2134
1512860 2132
1512870 2131
1512880 2131
1512890 2132
1512900 2130
1512910 2130
1512920 2131
1512930 2131
1512940 2131
1512950 2133
1512960 2135
1512970 2135
1512980 2135
1512990 2136
1513000 2136
1513010 2136
1513020 2136
1513030 2136
1513040 2135
1513050 2133
1513060 2133
1513070 2130
1513080 2127
1513090 2124
1513100 2124
1513110 2122
1513120 2119
1513130 2119
1513140 2115
1513150 2115
1513160 2115
1513170 2113
1513180 2110
1513190 2110
1513200 2106
1513210 2103
1513220 2103
1513230 2100
1513240 2097
1513250 2097
1513260 2093
1513270 2089
1513280 2089
1513290 2086
1513300 2083
1513310 2083
1513320 2080
1513330 2077
1513340 2074
1513350 2074
1513360 2068
1513370 2064
1513380 2064
1513390 2058
1513400 2053
1513410 2053
1513420 2050
1513430 2048
1513440 2048
1513450 2047
1513460 2043
1513470 2043
1513480 2037
1513490 2030
1513500 2030
1513510 2024
1513520 2023
1513530 2023
1513540 2022
1513550 2022
1513560 2022
1513570 2021
1513580 2017
1513590 2017
1513600 2016
1513610 2014
1513620 2013
1513630 2013
1513640 2011
1513650 2009
1513660 2009
1513670 2009
1513680 2010
1513690 2010
1513700 2010
1513710 2007
1513720 2007
1513730 2005
1513740 2003
1513750 2003
1513760 2001
1513770 1999
1513780 1999
1513790 1996
1513800 1994
1513810 1994
1513820 1991
1513830 1987
1513840 1987
1513850 1980
1513860 1975
1513870 1971
1513880 1971
1513890 1968
1513900 1963
1513910 1963
1513920 1958
1513930 1953
1513940 1953
1513950 1949
1513960 1945
1513970 1945
1513980 1939
1513990 1932
1514000 1932
1514010 1924
1514020 1918
1514030 1918
1514040 1911
1514050 1906
1514060 1906
1514070 1902
1514080 1898
1514090 1898
1514100 1894
1514110 1889
1514120 1884
1514130 1884
1514140 1879
1514150 1874
1514160 1874
1514170 1871
1514180 1868
1514190 1868
1514200 1865
1514210 1858
1514220 1858
1514230 1852
1514240 1847
1514250 1847
1514260 1842
1514270 1836
1514280 1836
1514290 1831
1514300 1824
1514310 1824
1514320 1814
1514330 1804
1514340 1804
1514350 1796
1514360 1788
1514370 1780
1514380 1780
1514390 1774
1514400 1769
1514410 1769
1514420 1764
1514430 1757
1514440 1757
1514450 1750
1514460 1742
1514470 1742
1514480 1734
1514490 1726
1514500 1726
1514510 1719
1514520 1713
1514530 1713
1514540 1708
1514550 1702
1514560 1702
1514570 1697
1514580 1691
1514590 1691
1514600 1686
1514610 1681
1514620 1677
1514630 1677
1514640 1672
1514650 1668
1514660 1668
1514670 1664
1514680 1658
1514690 1658
1514700 1652
1514710 1647
1514720 1647
1514730 1649
1514740 1647
1514750 1647
1514760 1642
1514770 1642
1514780 1642
1514790 1643
1514800 1642
1514810 1642
1514820 1640
1514830 1637
1514840 1637
1514850 1634
1514860 1628
1514870 1628
1514880 1620
1514890 1608
1514900 1598
1514910 1598
1514920 1590
1514930 1582
1514940 1582
1514950 1577
1514960 1574
1514970 1574
1514980 1573
1514990 1572
1515000 1572
1515010 1571
1515020 1565
1515030 1565
1515040 1559
1515050 1554
1515060 1554
1515070 1549
1515080 1545
1515090 1545
1515100 1543
1515110 1542
1515120 1542
1515130 1539
1515140 1535
1515150 1532
1515160 1532
1515170 1528
1515180 1524
1515190 1524
1515200 1521
1515210 1517
1515220 1517
1515230 1514
1515240 1512
1515250 1512
1515260 1510
1515270 1508
1515280 1508
1515290 1507
1515300 1506
1515310 1506
1515320 1506
1515330 1506
1515340 1506
1515350 1505
1515360 1504
1515370 1504
1515380 1505
1515390 1510
1515400 1512
1515410 1512
1515420 1512
1515430 1513
1515440 1513
1515450 1514
1515460 1516
1515470 1516
1515480 1518
1515490 1520
1515500 1520
1515510 1523
1515520 1527
1515530 1527
1515540 1531
1515550 1534
1515560 1534
1515570 1538
1515580 1543
1515590 1543
1515600 1547
1515610 1554
1515620 1554
1515630 1561
1515640 1566
1515650 1572
1515660 1572
1515670 1580
1515680 1591
1515690 1591
1515700 1602
1515710 1611
1515720 1611
1515730 1617
1515740 1624
1515750 1624
1515760 1630
1515770 1636
1515780 1636
1515790 1644
1515800 1652
1515810 1652
1515820 1661
1515830 1670
1515840 1670
1515850 1680
1515860 1684
1515870 1684
1515880 1685
1515890 1685
1515900 1686
1515910 1686
1515920 1687
1515930 1688
1515940 1688
1515950 1689
1515960 1690
1515970 1690
1515980 1691
1515990 1692
1516000 1692
1516010 1695
1516020 1698
1516030 1698
1516040 1700
1516050 1701
1516060 1701
1516070 1699
1516080 1697
1516090 1697
1516100 1694
1516110 1695
1516120 1695
1516130 1695
1516140 1693
1516150 1690
1516160 1690
1516170 1688
1516180 1687
1516190 1687
1516200 1687
1516210 1687
1516220 1687
1516230 1690
1516240 1694
1516250 1694
1516260 1699
1516270 1705
1516280 1705
1516290 1710
1516300 1715
1516310 1715
1516320 1721
1516330 1725
1516340 1725
1516350 1730
1516360 1735
1516370 1735
1516380 1740
1516390 1745
1516400 1745
1516410 1749
1516420 1754
1516430 1757
1516440 1757
1516450 1760
1516460 1763
1516470 1763
1516480 1766
1516490 1767
1516500 1767
1516510 1768
1516520 1769
1516530 1769
1516540 1769
1516550 1769
1516560 1769
1516570 1768
1516580 1768
1516590 1768
1516600 1770
1516610 1769
1516620 1769
1516630 1768
1516640 1769
1516650 1769
1516660 1771
1516670 1771
1516680 1771
1516690 1771
1516700 1775
1516710 1779
1516720 1779
1516730 1776
1516740 1779
1516750 1779
1516760 1786
1516770 1794
1516780 1794
1516790 1801
1516800 1806
1516810 1806
1516820 1808
1516830 1810
1516840 1810
1516850 1812
1516860 1814
1516870 1814
1516880 1817
1516890 1821
1516900 1821
1516910 1825
1516920 1831
1516930 1836
1516940 1836
1516950 1842
1516960 1849
1516970 1849
1516980 1859
1516990 1866
1517000 1866
1517010 1874
1517020 1884
1517030 1884
1517040 1894
1517050 1906
1517060 1906
1517070 1922
1517080 1943
1517090 1943
1517100 1947
1517110 1951
1517120 1951
1517130 1958
1517140 1968
1517150 1968
1517160 1982
1517170 1992
1517180 2000
1517190 2000
1517200 2007
1517210 2019
1517220 2019
1517230 2027
1517240 2041
1517250 2041
1517260 2045
1517270 2042
1517280 2042
1517290 2042
1517300 2058
1517310 2058
1517320 2081
1517330 2097
1517340 2097
1517350 2108
1517360 2118
1517370 2118
1517380 2130
1517390 2139
1517400 2139
1517410 2144
1517420 2137
1517430 2133
1517440 2133
1517450 2138
1517460 2148
1517470 2148
1517480 2156
1517490 2164
1517500 2164
1517510 2163
1517520 2157
1517530 2157
1517540 2152
1517550 2148
1517560 2148
1517570 2146
1517580 2144
1517590 2144
1517600 2142
1517610 2140
1517620 2140
1517630 2137
1517640 2135
1517650 2135
1517660 2132
1517670 2129
1517680 2126
1517690 2126
1517700 2122
1517710 2119
1517720 2119
1517730 2116
1517740 2113
1517750 2113
1517760 2110
1517770 2107
1517780 2107
1517790 2105
1517800 2102
1517810 2102
1517820 2099
1517830 2096
1517840 2096
1517850 2092
1517860 2090
1517870 2090
1517880 2089
1517890 2089
1517900 2089
1517910 2090
1517920 2098
1517930 2098
1517940 2100
1517950 2102
1517960 2104
1517970 2104
1517980 2108
1517990 2116
1518000 2116
1518010 2123
1518020 2129
1518030 2129
1518040 2142
1518050 2148
1518060 2148
1518070 2156
1518080 2162
1518090 2162
1518100 2172
1518110 2174
1518120 2174
1518130 2171
1518140 2170
1518150 2170
1518160 2172
1518170 2171
1518180 2171
1518190 2168
1518200 2169
1518210 2170
1518220 2170
1518230 2172
1518240 2179
1518250 2179
1518260 2186
1518270 2194
1518280 2194
1518290 2201
1518300 2214
1518310 2214
1518320 2229
1518330 2239
1518340 2239
1518350 2246
1518360 2255
1518370 2255
1518380 2270
1518390 2302
1518400 2302
1518410 2326
1518420 2333
1518430 2333
1518440 2342
1518450 2352
1518460 2342
1518470 2342
1518480 2327
1518490 2317
1518500 2317
1518510 2313
1518520 2309
1518530 2309
1518540 2305
1518550 2297
1518560 2297
1518570 2294
1518580 2286
1518590 2286
1518600 2278
1518610 2274
1518620 2274
1518630 2270
1518640 2270
1518650 2270
1518660 2265
1518670 2258
1518680 2258
1518690 2252
1518700 2240
1518710 2235
1518720 2235
1518730 2236
1518740 2237
1518750 2237
1518760 2237
1518770 2237
1518780 2237
1518790 2237
1518800 2237
1518810 2237
1518820 2237
1518830 2239
1518840 2239
1518850 2242
1518860 2245
1518870 2245
1518880 2248
1518890 2250
1518900 2250
1518910 2251
1518920 2250
1518930 2250
1518940 2248
1518950 2247
1518960 2246
1518970 2246
1518980 2244
1518990 2243
1519000 2243
1519010 2243
1519020 2240
1519030 2240
1519040 2236
1519050 2235
1519060 2235
1519070 2234
1519080 2234
1519090 2234
1519100 2235
1519110 2236
1519120 2236
1519130 2235
1519140 2236
1519150 2236
1519160 2236
1519170 2239
1519180 2239
1519190 2242
1519200 2248
1519210 2257
1519220 2257
1519230 2265
1519240 2263
1519250 2263
1519260 2257
1519270 2248
1519280 2248
1519290 2238
1519300 2231
1519310 2231
1519320 2224
1519330 2217
1519340 2217
1519350 2210
1519360 2203
1519370 2203
1519380 2198
1519390 2194
1519400 2194
1519410 2191
1519420 2189
1519430 2189
1519440 2188
1519450 2186
1519460 2186
1519470 2185
1519480 2183
1519490 2180
1519500 2180
1519510 2178
1519520 2181
1519530 2181
1519540 2184
1519550 2185
1519560 2185
1519570 2186
1519580 2185
1519590 2185
1519600 2184
1519610 2187
1519620 2187
1519630 2190
1519640 2192
1519650 2192
1519660 2194
1519670 2191
1519680 2191
1519690 2181
1519700 2167
1519710 2167
1519720 2155
1519730 2142
1519740 2130
1519750 2130
1519760 2121
1519770 2110
1519780 2110
1519790 2101
1519800 2095
1519810 2095
1519820 2088
1519830 2081
1519840 2081
1519850 2073
1519860 2067
1519870 2067
1519880 2061
1519890 2057
1519900 2057
1519910 2052
1519920 2046
1519930 2046
1519940 2041
1519950 2035
1519960 2035
1519970 2031
1519980 2026
1519990 2020
