1500000 1735
1500010 1735
1500020 1732
1500030 1730
1500040 1730
1500050 1728
1500060 1727
1500070 1727
1500080 1726
1500090 1724
1500100 1724
1500110 1723
1500120 1723
1500130 1723
1500140 1722
1500150 1722
1500160 1721
1500170 1721
1500180 1721
1500190 1720
1500200 1720
1500210 1720
1500220 1718
1500230 1718
1500240 1716
1500250 1714
1500260 1714
1500270 1712
1500280 1708
1500290 1708
1500300 1705
1500310 1703
1500320 1703
1500330 1701
1500340 1700
1500350 1700
1500360 1699
1500370 1698
1500380 1698
1500390 1699
1500400 1699
1500410 1698
1500420 1698
1500430 1698
1500440 1698
1500450 1698
1500460 1698
1500470 1696
1500480 1696
1500490 1694
1500500 1690
1500510 1690
1500520 1687
1500530 1686
1500540 1686
1500550 1684
1500560 1683
1500570 1683
1500580 1681
1500590 1679
1500600 1679
1500610 1678
1500620 1676
1500630 1676
1500640 1674
1500650 1673
1500660 1673
1500670 1671
1500680 1669
1500690 1667
1500700 1667
1500710 1664
1500720 1662
1500730 1662
1500740 1661
1500750 1659
1500760 1659
1500770 1658
1500780 1656
1500790 1656
1500800 1655
1500810 1655
1500820 1655
1500830 1653
1500840 1646
1500850 1646
1500860 1637
1500870 1629
1500880 1629
1500890 1623
1500900 1616
1500910 1616
1500920 1608
1500930 1600
1500940 1586
1500950 1586
1500960 1578
1500970 1569
1500980 1569
1500990 1561
1501000 1553
1501010 1553
1501020 1544
1501030 1537
1501040 1537
1501050 1529
1501060 1522
1501070 1522
1501080 1513
1501090 1505
1501100 1505
1501110 1498
1501120 1491
1501130 1491
1501140 1483
1501150 1474
1501160 1474
1501170 1465
1501180 1455
1501190 1447
1501200 1447
1501210 1440
1501220 1434
1501230 1434
1501240 1428
1501250 1423
1501260 1423
1501270 1417
1501280 1412
1501290 1412
1501300 1406
1501310 1401
1501320 1401
1501330 1396
1501340 1390
1501350 1390
1501360 1386
1501370 1381
1501380 1381
1501390 1377
1501400 1373
1501410 1373
1501420 1368
1501430 1364
1501440 1359
1501450 1359
1501460 1355
1501470 1351
1501480 1351
1501490 1347
1501500 1344
1501510 1344
1501520 1342
1501530 1340
1501540 1340
1501550 1337
1501560 1337
1501570 1337
1501580 1335
1501590 1332
1501600 1332
1501610 1329
1501620 1326
1501630 1326
1501640 1327
1501650 1327
1501660 1327
1501670 1325
1501680 1323
1501690 1321
1501700 1321
1501710 1316
1501720 1315
1501730 1315
1501740 1315
1501750 1314
1501760 1314
1501770 1309
1501780 1304
1501790 1304
1501800 1298
1501810 1293
1501820 1293
1501830 1291
1501840 1291
1501850 1291
1501860 1291
1501870 1291
1501880 1291
1501890 1291
1501900 1291
1501910 1291
1501920 1291
1501930 1291
1501940 1291
1501950 1291
1501960 1291
1501970 1291
1501980 1291
1501990 1291
1502000 1290
1502010 1290
1502020 1290
1502030 1290
1502040 1290
1502050 1290
1502060 1290
1502070 1290
1502080 1290
1502090 1290
1502100 1290
1502110 1290
1502120 1290
1502130 1290
1502140 1290
1502150 1290
1502160 1290
1502170 1290
1502180 1290
1502190 1290
1502200 1290
1502210 1290
1502220 1290
1502230 1290
1502240 1289
1502250 1289
1502260 1289
1502270 1289
1502280 1288
1502290 1288
1502300 1288
1502310 1290
1502320 1290
1502330 1290
1502340 1290
1502350 1290
1502360 1290
1502370 1290
1502380 1290
1502390 1290
1502400 1289
1502410 1289
1502420 1289
1502430 1289
1502440 1289
1502450 1289
1502460 1290
1502470 1289
1502480 1289
1502490 1289
1502500 1289
1502510 1289
1502520 1289
1502530 1289
1502540 1289
1502550 1289
1502560 1290
1502570 1290
1502580 1291
1502590 1291
1502600 1291
1502610 1294
1502620 1296
1502630 1296
1502640 1300
1502650 1305
1502660 1305
1502670 1311
1502680 1317
1502690 1317
1502700 1323
1502710 1329
1502720 1335
1502730 1335
1502740 1341
1502750 1349
1502760 1349
1502770 1356
1502780 1358
1502790 1358
1502800 1364
1502810 1372
1502820 1372
1502830 1380
1502840 1385
1502850 1385
1502860 1391
1502870 1397
1502880 1397
1502890 1402
1502900 1408
1502910 1408
1502920 1414
1502930 1419
1502940 1419
1502950 1424
1502960 1429
1502970 1429
1502980 1434
1502990 1440
1503000 1446
1503010 1446
1503020 1452
1503030 1458
1503040 1458
1503050 1462
1503060 1465
1503070 1465
1503080 1472
1503090 1480
1503100 1480
1503110 1483
1503120 1492
1503130 1492
1503140 1500
1503150 1507
1503160 1507
1503170 1512
1503180 1518
1503190 1518
1503200 1524
1503210 1531
1503220 1531
1503230 1538
1503240 1545
1503250 1553
1503260 1553
1503270 1560
1503280 1569
1503290 1569
1503300 1576
1503310 1584
1503320 1584
1503330 1590
1503340 1597
1503350 1597
1503360 1605
1503370 1615
1503380 1615
1503390 1624
1503400 1628
1503410 1628
1503420 1631
1503430 1632
1503440 1632
1503450 1632
1503460 1633
1503470 1633
1503480 1634
1503490 1635
1503500 1637
1503510 1637
1503520 1640
1503530 1642
1503540 1642
1503550 1645
1503560 1649
1503570 1649
1503580 1653
1503590 1657
1503600 1657
1503610 1660
1503620 1663
1503630 1663
1503640 1666
1503650 1670
1503660 1670
1503670 1674
1503680 1678
1503690 1678
1503700 1681
1503710 1685
1503720 1685
1503730 1689
1503740 1693
1503750 1698
1503760 1698
1503770 1702
1503780 1707
1503790 1707
1503800 1712
1503810 1718
1503820 1718
1503830 1723
1503840 1729
1503850 1729
1503860 1735
1503870 1740
1503880 1740
1503890 1746
1503900 1751
1503910 1751
1503920 1757
1503930 1764
1503940 1764
1503950 1771
1503960 1779
1503970 1779
1503980 1787
1503990 1794
1504000 1801
1504010 1801
1504020 1808
1504030 1814
1504040 1814
1504050 1816
1504060 1818
1504070 1818
1504080 1820
1504090 1819
1504100 1819
1504110 1818
1504120 1816
1504130 1816
1504140 1813
1504150 1811
1504160 1811
1504170 1807
1504180 1804
1504190 1804
1504200 1800
1504210 1796
1504220 1796
1504230 1793
1504240 1791
1504250 1791
1504260 1788
1504270 1787
1504280 1786
1504290 1786
1504300 1784
1504310 1783
1504320 1783
1504330 1783
1504340 1782
1504350 1782
1504360 1781
1504370 1779
1504380 1779
1504390 1777
1504400 1776
1504410 1776
1504420 1776
1504430 1775
1504440 1775
1504450 1776
1504460 1776
1504470 1776
1504480 1776
1504490 1776
1504500 1776
1504510 1776
1504520 1776
1504530 1777
1504540 1777
1504550 1777
1504560 1777
1504570 1777
1504580 1778
1504590 1780
1504600 1780
1504610 1781
1504620 1783
1504630 1783
1504640 1785
1504650 1786
1504660 1786
1504670 1787
1504680 1788
1504690 1788
1504700 1789
1504710 1791
1504720 1791
1504730 1793
1504740 1794
1504750 1794
1504760 1796
1504770 1798
1504780 1799
1504790 1799
1504800 1801
1504810 1803
1504820 1803
1504830 1804
1504840 1806
1504850 1806
1504860 1807
1504870 1808
1504880 1808
1504890 1810
1504900 1813
1504910 1813
1504920 1815
1504930 1816
1504940 1816
1504950 1819
1504960 1821
1504970 1821
1504980 1825
1504990 1828
1505000 1828
1505010 1833
1505020 1837
1505030 1842
1505040 1842
1505050 1846
1505060 1851
1505070 1851
1505080 1856
1505090 1860
1505100 1860
1505110 1865
1505120 1870
1505130 1870
1505140 1876
1505150 1883
1505160 1883
1505170 1888
1505180 1892
1505190 1892
1505200 1897
1505210 1901
1505220 1901
1505230 1903
1505240 1906
1505250 1906
1505260 1909
1505270 1912
1505280 1912
1505290 1915
1505300 1918
1505310 1921
1505320 1921
1505330 1924
1505340 1926
1505350 1926
1505360 1929
1505370 1932
1505380 1932
1505390 1935
1505400 1937
1505410 1937
1505420 1939
1505430 1940
1505440 1940
1505450 1938
1505460 1936
1505470 1936
1505480 1936
1505490 1936
1505500 1936
1505510 1937
1505520 1936
1505530 1936
1505540 1933
1505550 1939
1505560 1947
1505570 1947
1505580 1946
1505590 1950
1505600 1950
1505610 1952
1505620 1948
1505630 1948
1505640 1944
1505650 1937
1505660 1937
1505670 1928
1505680 1922
1505690 1922
1505700 1919
1505710 1916
1505720 1916
1505730 1916
1505740 1917
1505750 1917
1505760 1918
1505770 1920
1505780 1920
1505790 1922
1505800 1927
1505810 1931
1505820 1931
1505830 1933
1505840 1936
1505850 1936
1505860 1940
1505870 1944
1505880 1944
1505890 1946
1505900 1947
1505910 1947
1505920 1947
1505930 1946
1505940 1946
1505950 1947
1505960 1951
1505970 1951
1505980 1954
1505990 1954
1506000 1954
1506010 1958
1506020 1965
1506030 1965
1506040 1969
1506050 1971
1506060 1976
1506070 1976
1506080 1981
1506090 1982
1506100 1982
1506110 1983
1506120 1984
1506130 1984
1506140 1986
1506150 1988
1506160 1988
1506170 1991
1506180 1993
1506190 1993
1506200 1996
1506210 1997
1506220 1997
1506230 1997
1506240 1997
1506250 1997
1506260 1997
1506270 1997
1506280 1997
1506290 1996
1506300 1995
1506310 1993
1506320 1993
1506330 1992
1506340 1992
1506350 1992
1506360 1993
1506370 1996
1506380 1996
1506390 2000
1506400 2003
1506410 2003
1506420 2005
1506430 2007
1506440 2007
1506450 2006
1506460 2006
1506470 2006
1506480 2007
1506490 2008
1506500 2008
1506510 2009
1506520 2010
1506530 2010
1506540 2011
1506550 2012
1506560 2012
1506570 2014
1506580 2015
1506590 2016
1506600 2016
1506610 2021
1506620 2025
1506630 2025
1506640 2028
1506650 2025
1506660 2025
1506670 2024
1506680 2028
1506690 2028
1506700 2035
1506710 2043
1506720 2043
1506730 2047
1506740 2044
1506750 2044
1506760 2043
1506770 2042
1506780 2042
1506790 2043
1506800 2045
1506810 2045
1506820 2048
1506830 2048
1506840 2050
1506850 2050
1506860 2052
1506870 2054
1506880 2054
1506890 2055
1506900 2056
1506910 2056
1506920 2059
1506930 2061
1506940 2061
1506950 2059
1506960 2056
1506970 2056
1506980 2052
1506990 2049
1507000 2049
1507010 2047
1507020 2046
1507030 2046
1507040 2045
1507050 2043
1507060 2043
1507070 2042
1507080 2040
1507090 2037
1507100 2037
1507110 2033
1507120 2026
1507130 2026
1507140 2021
1507150 2018
1507160 2018
1507170 2017
1507180 2017
1507190 2017
1507200 2017
1507210 2017
1507220 2017
1507230 2017
1507240 2017
1507250 2017
1507260 2016
1507270 2012
1507280 2012
1507290 2009
1507300 2006
1507310 2006
1507320 2003
1507330 1999
1507340 1995
1507350 1995
1507360 1988
1507370 1980
1507380 1980
1507390 1974
1507400 1969
1507410 1969
1507420 1966
1507430 1962
1507440 1962
1507450 1958
1507460 1954
1507470 1954
1507480 1952
1507490 1951
1507500 1951
1507510 1950
1507520 1949
1507530 1949
1507540 1948
1507550 1947
1507560 1947
1507570 1946
1507580 1945
1507590 1945
1507600 1945
1507610 1944
1507620 1939
1507630 1939
1507640 1936
1507650 1936
1507660 1936
1507670 1936
1507680 1936
1507690 1936
1507700 1936
1507710 1936
1507720 1936
1507730 1936
1507740 1936
1507750 1936
1507760 1936
1507770 1936
1507780 1936
1507790 1936
1507800 1937
1507810 1937
1507820 1941
1507830 1942
1507840 1942
1507850 1943
1507860 1942
1507870 1940
1507880 1940
1507890 1940
1507900 1942
1507910 1942
1507920 1945
1507930 1947
1507940 1947
1507950 1948
1507960 1948
1507970 1948
1507980 1950
1507990 1953
1508000 1953
1508010 1956
1508020 1958
1508030 1958
1508040 1960
1508050 1962
1508060 1962
1508070 1966
1508080 1973
1508090 1973
1508100 1979
1508110 1984
1508120 1988
1508130 1988
1508140 1992
1508150 1995
1508160 1995
1508170 1998
1508180 1997
1508190 1997
1508200 1995
1508210 1996
1508220 1996
1508230 1998
1508240 1998
1508250 1998
1508260 1994
1508270 1990
1508280 1990
1508290 1986
1508300 1983
1508310 1983
1508320 1984
1508330 1989
1508340 1989
1508350 1992
1508360 1993
1508370 1994
1508380 1994
1508390 1997
1508400 1999
1508410 1999
1508420 2001
1508430 2001
1508440 2001
1508450 1997
1508460 1990
1508470 1990
1508480 1990
1508490 1991
1508500 1991
1508510 1991
1508520 1993
1508530 1993
1508540 1995
1508550 1997
1508560 1997
1508570 1998
1508580 1997
1508590 1997
1508600 1993
1508610 1991
1508620 1992
1508630 1992
1508640 1990
1508650 1988
1508660 1988
1508670 1988
1508680 1988
1508690 1988
1508700 1986
1508710 1985
1508720 1985
1508730 1983
1508740 1983
1508750 1983
1508760 1981
1508770 1979
1508780 1979
1508790 1977
1508800 1979
1508810 1979
1508820 1982
1508830 1983
1508840 1983
1508850 1985
1508860 1986
1508870 1986
1508880 1987
1508890 1986
1508900 1983
1508910 1983
1508920 1981
1508930 1979
1508940 1979
1508950 1977
1508960 1976
1508970 1976
1508980 1973
1508990 1970
1509000 1970
1509010 1969
1509020 1970
1509030 1970
1509040 1966
1509050 1967
1509060 1967
1509070 1966
1509080 1964
1509090 1964
1509100 1961
1509110 1958
1509120 1958
1509130 1954
1509140 1951
1509150 1952
1509160 1952
1509170 1954
1509180 1956
1509190 1956
1509200 1958
1509210 1961
1509220 1961
1509230 1962
1509240 1965
1509250 1965
1509260 1965
1509270 1964
1509280 1964
1509290 1963
1509300 1961
1509310 1961
1509320 1960
1509330 1957
1509340 1957
1509350 1956
1509360 1955
1509370 1955
1509380 1952
1509390 1947
1509400 1943
1509410 1943
1509420 1935
1509430 1925
1509440 1925
1509450 1917
1509460 1909
1509470 1909
1509480 1902
1509490 1899
1509500 1899
1509510 1897
1509520 1893
1509530 1893
1509540 1888
1509550 1883
1509560 1883
1509570 1879
1509580 1875
1509590 1875
1509600 1871
1509610 1866
1509620 1866
1509630 1861
1509640 1855
1509650 1849
1509660 1849
1509670 1842
1509680 1836
1509690 1836
1509700 1830
1509710 1824
1509720 1824
1509730 1818
1509740 1811
1509750 1811
1509760 1805
1509770 1799
1509780 1799
1509790 1794
1509800 1791
1509810 1791
1509820 1789
1509830 1788
1509840 1788
1509850 1787
1509860 1787
1509870 1787
1509880 1787
1509890 1788
1509900 1788
1509910 1790
1509920 1791
1509930 1792
1509940 1792
1509950 1791
1509960 1789
1509970 1789
1509980 1787
1509990 1787
1510000 1787
1510010 1787
1510020 1786
1510030 1786
1510040 1786
1510050 1787
1510060 1787
1510070 1787
1510080 1787
1510090 1787
1510100 1787
1510110 1787
1510120 1787
1510130 1786
1510140 1786
1510150 1786
1510160 1786
1510170 1787
1510180 1787
1510190 1787
1510200 1787
1510210 1788
1510220 1788
1510230 1789
1510240 1790
1510250 1790
1510260 1791
1510270 1791
1510280 1791
1510290 1792
1510300 1793
1510310 1793
1510320 1794
1510330 1796
1510340 1796
1510350 1799
1510360 1803
1510370 1803
1510380 1806
1510390 1809
1510400 1809
1510410 1813
1510420 1816
1510430 1819
1510440 1819
1510450 1820
1510460 1823
1510470 1823
1510480 1826
1510490 1829
1510500 1829
1510510 1831
1510520 1834
1510530 1834
1510540 1836
1510550 1838
1510560 1838
1510570 1840
1510580 1843
1510590 1843
1510600 1845
1510610 1848
1510620 1848
1510630 1851
1510640 1854
1510650 1854
1510660 1858
1510670 1862
1510680 1865
1510690 1865
1510700 1869
1510710 1873
1510720 1873
1510730 1879
1510740 1885
1510750 1885
1510760 1895
1510770 1901
1510780 1901
1510790 1904
1510800 1909
1510810 1909
1510820 1919
1510830 1926
1510840 1926
1510850 1933
1510860 1943
1510870 1943
1510880 1951
1510890 1955
1510900 1955
1510910 1956
1510920 1958
1510930 1965
1510940 1965
1510950 1977
1510960 1987
1510970 1987
1510980 1994
1510990 1999
1511000 1999
1511010 2004
1511020 2012
1511030 2012
1511040 2019
1511050 2021
1511060 2021
1511070 2024
1511080 2029
1511090 2029
1511100 2033
1511110 2034
1511120 2034
1511130 2034
1511140 2038
1511150 2038
1511160 2043
1511170 2044
1511180 2044
1511190 2041
1511200 2037
1511210 2036
1511220 2036
1511230 2034
1511240 2032
1511250 2032
1511260 2033
1511270 2035
1511280 2035
1511290 2042
1511300 2051
1511310 2051
1511320 2057
1511330 2060
1511340 2060
1511350 2062
1511360 2063
1511370 2063
1511380 2064
1511390 2067
1511400 2067
1511410 2071
1511420 2075
1511430 2075
1511440 2079
1511450 2083
1511460 2084
1511470 2084
1511480 2084
1511490 2084
1511500 2084
1511510 2084
1511520 2085
1511530 2085
1511540 2085
1511550 2086
1511560 2086
1511570 2088
1511580 2089
1511590 2089
1511600 2091
1511610 2093
1511620 2093
1511630 2095
1511640 2097
1511650 2097
1511660 2099
1511670 2101
1511680 2101
1511690 2105
1511700 2110
1511710 2115
1511720 2115
1511730 2119
1511740 2124
1511750 2124
1511760 2128
1511770 2133
1511780 2133
1511790 2138
1511800 2142
1511810 2142
1511820 2145
1511830 2148
1511840 2148
1511850 2150
1511860 2153
1511870 2153
1511880 2155
1511890 2157
1511900 2157
1511910 2156
1511920 2151
1511930 2151
1511940 2146
1511950 2141
1511960 2137
1511970 2137
1511980 2134
1511990 2132
1512000 2132
1512010 2129
1512020 2127
1512030 2127
1512040 2124
1512050 2121
1512060 2121
1512070 2118
1512080 2116
1512090 2116
1512100 2113
1512110 2111
1512120 2111
1512130 2109
1512140 2109
1512150 2109
1512160 2109
1512170 2109
1512180 2109
1512190 2109
1512200 2109
1512210 2109
1512220 2110
1512230 2111
1512240 2113
1512250 2113
1512260 2112
1512270 2109
1512280 2109
1512290 2107
1512300 2105
1512310 2105
1512320 2104
1512330 2104
1512340 2104
1512350 2103
1512360 2103
1512370 2103
1512380 2103
1512390 2101
1512400 2101
1512410 2099
1512420 2098
1512430 2098
1512440 2097
1512450 2094
1512460 2094
1512470 2092
1512480 2090
1512490 2086
1512500 2088
1512510 2085
1512520 2084
1512530 2084
1512540 2084
1512550 2082
1512560 2082
1512570 2079
1512580 2075
1512590 2075
1512600 2072
1512610 2071
1512620 2071
1512630 2071
1512640 2072
1512650 2072
1512660 2073
1512670 2076
1512680 2076
1512690 2079
1512700 2083
1512710 2083
1512720 2087
1512730 2089
1512740 2088
1512750 2088
1512760 2086
1512770 2084
1512780 2084
1512790 2080
1512800 2078
1512810 2078
1512820 2079
1512830 2082
1512840 2082
1512850 2081
1512860 2081
1512870 2081
1512880 2082
1512890 2084
1512900 2084
1512910 2086
1512920 2088
1512930 2088
1512940 2090
1512950 2090
1512960 2090
1512970 2092
1512980 2091
1512990 2091
1513000 2091
1513010 2091
1513020 2089
1513030 2089
1513040 2088
1513050 2086
1513060 2086
1513070 2084
1513080 2081
1513090 2081
1513100 2078
1513110 2076
1513120 2076
1513130 2072
1513140 2068
1513150 2068
1513160 2066
1513170 2064
1513180 2064
1513190 2061
1513200 2057
1513210 2057
1513220 2052
1513230 2049
1513240 2046
1513250 2046
1513260 2044
1513270 2044
1513280 2044
1513290 2043
1513300 2040
1513310 2040
1513320 2039
1513330 2038
1513340 2038
1513350 2035
1513360 2032
1513370 2032
1513380 2029
1513390 2027
1513400 2027
1513410 2023
1513420 2019
1513430 2019
1513440 2015
1513450 2013
1513460 2013
1513470 2011
1513480 2008
1513490 2008
1513500 2006
1513510 2005
1513520 2003
1513530 2003
1513540 2000
1513550 1997
1513560 1997
1513570 1993
1513580 1989
1513590 1989
1513600 1985
1513610 1981
1513620 1981
1513630 1976
1513640 1972
1513650 1972
1513660 1969
1513670 1964
1513680 1964
1513690 1960
1513700 1955
1513710 1955
1513720 1951
1513730 1947
1513740 1947
1513750 1940
1513760 1932
1513770 1925
1513780 1925
1513790 1914
1513800 1906
1513810 1906
1513820 1899
1513830 1893
1513840 1893
1513850 1886
1513860 1880
1513870 1880
1513880 1874
1513890 1868
1513900 1868
1513910 1864
1513920 1860
1513930 1860
1513940 1855
1513950 1850
1513960 1850
1513970 1845
1513980 1841
1513990 1841
1514000 1836
1514010 1832
1514020 1827
1514030 1827
1514040 1823
1514050 1819
1514060 1819
1514070 1813
1514080 1806
1514090 1806
1514100 1801
1514110 1795
1514120 1795
1514130 1789
1514140 1781
1514150 1781
1514160 1771
1514170 1761
1514180 1761
1514190 1755
1514200 1749
1514210 1749
1514220 1742
1514230 1734
1514240 1734
1514250 1725
1514260 1715
1514270 1704
1514280 1704
1514290 1697
1514300 1692
1514310 1692
1514320 1681
1514330 1672
1514340 1672
1514350 1666
1514360 1660
1514370 1660
1514380 1655
1514390 1649
1514400 1649
1514410 1643
1514420 1637
1514430 1637
1514440 1631
1514450 1625
1514460 1625
1514470 1619
1514480 1613
1514490 1613
1514500 1607
1514510 1602
1514520 1596
1514530 1596
1514540 1592
1514550 1587
1514560 1587
1514570 1583
1514580 1580
1514590 1580
1514600 1576
1514610 1572
1514620 1572
1514630 1569
1514640 1565
1514650 1565
1514660 1562
1514670 1563
1514680 1563
1514690 1564
1514700 1565
1514710 1565
1514720 1566
1514730 1566
1514740 1566
1514750 1566
1514760 1567
1514770 1567
1514780 1567
1514790 1567
1514800 1567
1514810 1567
1514820 1569
1514830 1569
1514840 1569
1514850 1569
1514860 1568
1514870 1568
1514880 1565
1514890 1562
1514900 1562
1514910 1562
1514920 1565
1514930 1565
1514940 1564
1514950 1562
1514960 1562
1514970 1563
1514980 1563
1514990 1563
1515000 1564
1515010 1566
1515020 1566
1515030 1567
1515040 1570
1515050 1573
1515060 1573
1515070 1577
1515080 1580
1515090 1580
1515100 1584
1515110 1589
1515120 1589
1515130 1594
1515140 1598
1515150 1598
1515160 1601
1515170 1602
1515180 1602
1515190 1602
1515200 1602
1515210 1602
1515220 1606
1515230 1612
1515240 1612
1515250 1620
1515260 1630
1515270 1630
1515280 1644
1515290 1663
1515300 1675
1515310 1675
1515320 1679
1515330 1681
1515340 1681
1515350 1686
1515360 1694
1515370 1694
1515380 1700
1515390 1706
1515400 1706
1515410 1712
1515420 1717
1515430 1717
1515440 1722
1515450 1727
1515460 1727
1515470 1732
1515480 1738
1515490 1738
1515500 1745
1515510 1750
1515520 1750
1515530 1758
1515540 1765
1515550 1771
1515560 1771
1515570 1777
1515580 1782
1515590 1782
1515600 1786
1515610 1791
1515620 1791
1515630 1795
1515640 1799
1515650 1799
1515660 1801
1515670 1805
1515680 1805
1515690 1809
1515700 1813
1515710 1813
1515720 1818
1515730 1823
1515740 1823
1515750 1828
1515760 1833
1515770 1833
1515780 1838
1515790 1841
1515800 1841
1515810 1845
1515820 1848
1515830 1852
1515840 1852
1515850 1855
1515860 1858
1515870 1858
1515880 1861
1515890 1864
1515900 1864
1515910 1868
1515920 1873
1515930 1873
1515940 1878
1515950 1883
1515960 1883
1515970 1887
1515980 1892
1515990 1892
1516000 1897
1516010 1903
1516020 1903
1516030 1910
1516040 1918
1516050 1918
1516060 1925
1516070 1933
1516080 1940
1516090 1940
1516100 1947
1516110 1953
1516120 1953
1516130 1959
1516140 1964
1516150 1964
1516160 1970
1516170 1975
1516180 1975
1516190 1980
1516200 1985
1516210 1985
1516220 1990
1516230 1994
1516240 1994
1516250 1997
1516260 1999
1516270 1999
1516280 2002
1516290 2005
1516300 2005
1516310 2007
1516320 2009
1516330 2016
1516340 2016
1516350 2026
1516360 2027
1516370 2027
1516380 2028
1516390 2030
1516400 2030
1516410 2029
1516420 2026
1516430 2026
1516440 2022
1516450 2018
1516460 2018
1516470 2014
1516480 2008
1516490 2008
1516500 2002
1516510 1996
1516520 1996
1516530 1989
1516540 1982
1516550 1982
1516560 1977
1516570 1970
1516580 1965
1516590 1965
1516600 1959
1516610 1954
1516620 1954
1516630 1951
1516640 1947
1516650 1947
1516660 1943
1516670 1939
1516680 1939
1516690 1935
1516700 1930
1516710 1930
1516720 1926
1516730 1925
1516740 1925
1516750 1923
1516760 1923
1516770 1923
1516780 1922
1516790 1923
1516800 1923
1516810 1926
1516820 1927
1516830 1927
1516840 1927
1516850 1927
1516860 1926
1516870 1926
1516880 1924
1516890 1922
1516900 1922
1516910 1919
1516920 1916
1516930 1916
1516940 1914
1516950 1913
1516960 1913
1516970 1912
1516980 1911
1516990 1911
1517000 1911
1517010 1912
1517020 1912
1517030 1914
1517040 1916
1517050 1916
1517060 1917
1517070 1922
1517080 1922
1517090 1926
1517100 1930
1517110 1934
1517120 1934
1517130 1936
1517140 1939
1517150 1939
1517160 1941
1517170 1945
1517180 1945
1517190 1950
1517200 1953
1517210 1953
1517220 1955
1517230 1960
1517240 1960
1517250 1960
1517260 1959
1517270 1959
1517280 1960
1517290 1961
1517300 1961
1517310 1964
1517320 1968
1517330 1968
1517340 1972
1517350 1977
1517360 1982
1517370 1982
1517380 1987
1517390 1991
1517400 1991
1517410 1997
1517420 2004
1517430 2004
1517440 2012
1517450 2017
1517460 2017
1517470 2017
1517480 2015
1517490 2015
1517500 2016
1517510 2016
1517520 2016
1517530 2018
1517540 2020
1517550 2020
1517560 2023
1517570 2026
1517580 2026
1517590 2029
1517600 2033
1517610 2037
1517620 2037
1517630 2041
1517640 2045
1517650 2045
1517660 2050
1517670 2055
1517680 2055
1517690 2060
1517700 2067
1517710 2067
1517720 2083
1517730 2120
1517740 2120
1517750 2133
1517760 2132
1517770 2132
1517780 2131
1517790 2128
1517800 2128
1517810 2126
1517820 2125
1517830 2125
1517840 2126
1517850 2128
1517860 2126
1517870 2126
1517880 2125
1517890 2123
1517900 2123
1517910 2123
1517920 2125
1517930 2125
1517940 2125
1517950 2125
1517960 2125
1517970 2128
1517980 2128
1517990 2128
1518000 2126
1518010 2122
1518020 2122
1518030 2120
1518040 2118
1518050 2118
1518060 2116
1518070 2116
1518080 2116
1518090 2116
1518100 2115
1518110 2113
1518120 2113
1518130 2111
1518140 2111
1518150 2111
1518160 2113
1518170 2117
1518180 2117
1518190 2123
1518200 2126
1518210 2126
1518220 2129
1518230 2132
1518240 2132
1518250 2134
1518260 2133
1518270 2133
1518280 2133
1518290 2132
1518300 2132
1518310 2132
1518320 2134
1518330 2134
1518340 2136
1518350 2136
1518360 2136
1518370 2139
1518380 2145
1518390 2151
1518400 2151
1518410 2158
1518420 2164
1518430 2164
1518440 2172
1518450 2176
1518460 2176
1518470 2176
1518480 2179
1518490 2179
1518500 2174
1518510 2167
1518520 2167
1518530 2168
1518540 2169
1518550 2169
1518560 2171
1518570 2173
1518580 2173
1518590 2175
1518600 2176
1518610 2176
1518620 2177
1518630 2186
1518640 2198
1518650 2198
1518660 2201
1518670 2205
1518680 2205
1518690 2204
1518700 2205
1518710 2205
1518720 2205
1518730 2211
1518740 2211
1518750 2214
1518760 2223
1518770 2223
1518780 2235
1518790 2246
1518800 2246
1518810 2249
1518820 2247
1518830 2247
1518840 2250
1518850 2259
1518860 2259
1518870 2266
1518880 2269
1518890 2271
1518900 2271
1518910 2266
1518920 2253
1518930 2253
1518940 2245
1518950 2228
1518960 2228
1518970 2219
1518980 2215
1518990 2215
1519000 2211
1519010 2206
1519020 2206
1519030 2203
1519040 2200
1519050 2200
1519060 2198
1519070 2196
1519080 2196
1519090 2193
1519100 2188
1519110 2188
1519120 2176
1519130 2169
1519140 2164
1519150 2164
1519160 2160
1519170 2156
1519180 2156
1519190 2149
1519200 2144
1519210 2144
1519220 2139
1519230 2136
1519240 2136
1519250 2137
1519260 2140
1519270 2140
1519280 2140
1519290 2138
1519300 2138
1519310 2140
1519320 2143
1519330 2143
1519340 2145
1519350 2144
1519360 2144
1519370 2144
1519380 2142
1519390 2142
1519400 2138
1519410 2132
1519420 2130
1519430 2130
1519440 2129
1519450 2129
1519460 2129
1519470 2130
1519480 2130
1519490 2130
1519500 2131
1519510 2131
1519520 2131
1519530 2130
1519540 2130
1519550 2130
1519560 2129
1519570 2129
1519580 2129
1519590 2129
1519600 2127
1519610 2127
1519620 2124
1519630 2121
1519640 2121
1519650 2119
1519660 2113
1519670 2104
1519680 2104
1519690 2096
1519700 2090
1519710 2090
1519720 2083
1519730 2076
1519740 2076
1519750 2069
1519760 2062
1519770 2062
1519780 2054
1519790 2047
1519800 2047
1519810 2040
1519820 2034
1519830 2034
1519840 2029
1519850 2024
1519860 2024
1519870 2020
1519880 2016
1519890 2016
1519900 2011
1519910 2007
1519920 2003
1519930 2003
1519940 1997
1519950 1989
1519960 1989
1519970 1981
1519980 1969
1519990 1969
