1500000 1817
1500010 1813
1500020 1809
1500030 1809
1500040 1806
1500050 1803
1500060 1803
1500070 1801
1500080 1799
1500090 1799
1500100 1796
1500110 1793
1500120 1793
1500130 1789
1500140 1785
1500150 1785
1500160 1783
1500170 1782
1500180 1782
1500190 1781
1500200 1780
1500210 1778
1500220 1778
1500230 1777
1500240 1776
1500250 1776
1500260 1774
1500270 1772
1500280 1772
1500290 1770
1500300 1767
1500310 1767
1500320 1766
1500330 1765
1500340 1765
1500350 1763
1500360 1762
1500370 1762
1500380 1760
1500390 1759
1500400 1759
1500410 1757
1500420 1756
1500430 1756
1500440 1754
1500450 1753
1500460 1752
1500470 1752
1500480 1751
1500490 1750
1500500 1750
1500510 1749
1500520 1747
1500530 1747
1500540 1746
1500550 1745
1500560 1745
1500570 1744
1500580 1742
1500590 1742
1500600 1741
1500610 1741
1500620 1741
1500630 1741
1500640 1741
1500650 1741
1500660 1740
1500670 1740
1500680 1740
1500690 1737
1500700 1729
1500710 1729
1500720 1723
1500730 1719
1500740 1716
1500750 1716
1500760 1713
1500770 1711
1500780 1711
1500790 1707
1500800 1704
1500810 1704
1500820 1700
1500830 1696
1500840 1696
1500850 1692
1500860 1689
1500870 1689
1500880 1685
1500890 1682
1500900 1682
1500910 1680
1500920 1678
1500930 1678
1500940 1676
1500950 1674
1500960 1674
1500970 1672
1500980 1670
1500990 1665
1501000 1665
1501010 1660
1501020 1662
1501030 1662
1501040 1664
1501050 1663
1501060 1663
1501070 1662
1501080 1660
1501090 1660
1501100 1658
1501110 1656
1501120 1656
1501130 1655
1501140 1653
1501150 1653
1501160 1651
1501170 1647
1501180 1647
1501190 1645
1501200 1642
1501210 1642
1501220 1637
1501230 1630
1501240 1630
1501250 1630
1501260 1638
1501270 1640
1501280 1640
1501290 1639
1501300 1639
1501310 1639
1501320 1639
1501330 1639
1501340 1639
1501350 1638
1501360 1637
1501370 1637
1501380 1634
1501390 1632
1501400 1632
1501410 1630
1501420 1628
1501430 1628
1501440 1625
1501450 1620
1501460 1620
1501470 1615
1501480 1610
1501490 1610
1501500 1605
1501510 1601
1501520 1597
1501530 1597
1501540 1594
1501550 1591
1501560 1591
1501570 1590
1501580 1590
1501590 1590
1501600 1590
1501610 1590
1501620 1590
1501630 1589
1501640 1589
1501650 1589
1501660 1588
1501670 1587
1501680 1587
1501690 1585
1501700 1584
1501710 1584
1501720 1583
1501730 1581
1501740 1581
1501750 1576
1501760 1570
1501770 1563
1501780 1563
1501790 1558
1501800 1554
1501810 1554
1501820 1549
1501830 1545
1501840 1545
1501850 1542
1501860 1539
1501870 1539
1501880 1534
1501890 1530
1501900 1530
1501910 1528
1501920 1525
1501930 1525
1501940 1522
1501950 1518
1501960 1518
1501970 1515
1501980 1512
1501990 1512
1502000 1509
1502010 1508
1502020 1508
1502030 1505
1502040 1502
1502050 1500
1502060 1500
1502070 1499
1502080 1497
1502090 1497
1502100 1497
1502110 1497
1502120 1497
1502130 1496
1502140 1493
1502150 1493
1502160 1491
1502170 1485
1502180 1485
1502190 1480
1502200 1473
1502210 1473
1502220 1465
1502230 1460
1502240 1460
1502250 1455
1502260 1452
1502270 1452
1502280 1448
1502290 1445
1502300 1443
1502310 1443
1502320 1441
1502330 1436
1502340 1436
1502350 1428
1502360 1422
1502370 1422
1502380 1418
1502390 1412
1502400 1412
1502410 1404
1502420 1397
1502430 1397
1502440 1389
1502450 1385
1502460 1385
1502470 1385
1502480 1385
1502490 1385
1502500 1384
1502510 1382
1502520 1382
1502530 1381
1502540 1380
1502550 1380
1502560 1377
1502570 1374
1502580 1372
1502590 1372
1502600 1367
1502610 1356
1502620 1356
1502630 1347
1502640 1342
1502650 1342
1502660 1335
1502670 1326
1502680 1326
1502690 1319
1502700 1313
1502710 1313
1502720 1308
1502730 1303
1502740 1303
1502750 1299
1502760 1294
1502770 1294
1502780 1290
1502790 1285
1502800 1285
1502810 1281
1502820 1277
1502830 1274
1502840 1274
1502850 1270
1502860 1267
1502870 1267
1502880 1266
1502890 1260
1502900 1260
1502910 1253
1502920 1244
1502930 1244
1502940 1240
1502950 1235
1502960 1235
1502970 1232
1502980 1228
1502990 1228
1503000 1218
1503010 1208
1503020 1208
1503030 1200
1503040 1194
1503050 1194
1503060 1190
1503070 1186
1503080 1181
1503090 1181
1503100 1176
1503110 1171
1503120 1171
1503130 1165
1503140 1160
1503150 1160
1503160 1156
1503170 1151
1503180 1151
1503190 1147
1503200 1143
1503210 1143
1503220 1141
1503230 1139
1503240 1139
1503250 1138
1503260 1137
1503270 1137
1503280 1135
1503290 1133
1503300 1133
1503310 1132
1503320 1130
1503330 1130
1503340 1129
1503350 1129
1503360 1128
1503370 1128
1503380 1131
1503390 1136
1503400 1136
1503410 1138
1503420 1140
1503430 1140
1503440 1146
1503450 1154
1503460 1154
1503470 1162
1503480 1170
1503490 1170
1503500 1178
1503510 1186
1503520 1186
1503530 1194
1503540 1203
1503550 1203
1503560 1213
1503570 1222
1503580 1222
1503590 1231
1503600 1240
1503610 1250
1503620 1250
1503630 1258
1503640 1262
1503650 1262
1503660 1265
1503670 1269
1503680 1269
1503690 1272
1503700 1275
1503710 1275
1503720 1277
1503730 1279
1503740 1279
1503750 1283
1503760 1287
1503770 1287
1503780 1291
1503790 1294
1503800 1294
1503810 1298
1503820 1301
1503830 1301
1503840 1304
1503850 1307
1503860 1307
1503870 1310
1503880 1315
1503890 1319
1503900 1319
1503910 1324
1503920 1328
1503930 1328
1503940 1333
1503950 1339
1503960 1339
1503970 1344
1503980 1350
1503990 1350
1504000 1356
1504010 1362
1504020 1362
1504030 1369
1504040 1375
1504050 1375
1504060 1381
1504070 1388
1504080 1388
1504090 1395
1504100 1400
1504110 1400
1504120 1408
1504130 1415
1504140 1423
1504150 1423
1504160 1433
1504170 1446
1504180 1446
1504190 1460
1504200 1472
1504210 1472
1504220 1478
1504230 1483
1504240 1483
1504250 1487
1504260 1491
1504270 1491
1504280 1496
1504290 1500
1504300 1500
1504310 1504
1504320 1508
1504330 1508
1504340 1512
1504350 1516
1504360 1516
1504370 1519
1504380 1523
1504390 1527
1504400 1527
1504410 1531
1504420 1535
1504430 1535
1504440 1539
1504450 1543
1504460 1543
1504470 1547
1504480 1551
1504490 1551
1504500 1555
1504510 1558
1504520 1558
1504530 1562
1504540 1567
1504550 1567
1504560 1571
1504570 1574
1504580 1574
1504590 1578
1504600 1584
1504610 1584
1504620 1588
1504630 1591
1504640 1591
1504650 1594
1504660 1598
1504670 1601
1504680 1601
1504690 1604
1504700 1607
1504710 1607
1504720 1609
1504730 1611
1504740 1611
1504750 1613
1504760 1614
1504770 1614
1504780 1616
1504790 1618
1504800 1618
1504810 1619
1504820 1620
1504830 1620
1504840 1621
1504850 1623
1504860 1623
1504870 1625
1504880 1626
1504890 1626
1504900 1627
1504910 1628
1504920 1628
1504930 1628
1504940 1629
1504950 1630
1504960 1630
1504970 1631
1504980 1631
1504990 1631
1505000 1632
1505010 1633
1505020 1633
1505030 1634
1505040 1635
1505050 1635
1505060 1636
1505070 1638
1505080 1638
1505090 1640
1505100 1643
1505110 1643
1505120 1644
1505130 1644
1505140 1644
1505150 1645
1505160 1644
1505170 1644
1505180 1644
1505190 1645
1505200 1645
1505210 1645
1505220 1646
1505230 1646
1505240 1646
1505250 1644
1505260 1642
1505270 1642
1505280 1638
1505290 1634
1505300 1634
1505310 1631
1505320 1630
1505330 1630
1505340 1628
1505350 1627
1505360 1627
1505370 1626
1505380 1626
1505390 1626
1505400 1625
1505410 1625
1505420 1625
1505430 1625
1505440 1625
1505450 1626
1505460 1626
1505470 1626
1505480 1626
1505490 1626
1505500 1626
1505510 1627
1505520 1627
1505530 1627
1505540 1626
1505550 1626
1505560 1626
1505570 1626
1505580 1626
1505590 1625
1505600 1624
1505610 1624
1505620 1622
1505630 1620
1505640 1620
1505650 1619
1505660 1619
1505670 1619
1505680 1618
1505690 1619
1505700 1621
1505710 1621
1505720 1623
1505730 1624
1505740 1624
1505750 1624
1505760 1624
1505770 1624
1505780 1624
1505790 1623
1505800 1623
1505810 1623
1505820 1624
1505830 1624
1505840 1625
1505850 1626
1505860 1626
1505870 1627
1505880 1627
1505890 1627
1505900 1628
1505910 1630
1505920 1630
1505930 1632
1505940 1632
1505950 1632
1505960 1634
1505970 1636
1505980 1640
1505990 1640
1506000 1645
1506010 1650
1506020 1650
1506030 1654
1506040 1658
1506050 1658
1506060 1661
1506070 1664
1506080 1664
1506090 1666
1506100 1667
1506110 1667
1506120 1668
1506130 1669
1506140 1669
1506150 1670
1506160 1671
1506170 1671
1506180 1672
1506190 1673
1506200 1673
1506210 1674
1506220 1675
1506230 1675
1506240 1675
1506250 1676
1506260 1676
1506270 1676
1506280 1677
1506290 1678
1506300 1678
1506310 1680
1506320 1681
1506330 1681
1506340 1682
1506350 1684
1506360 1684
1506370 1686
1506380 1687
1506390 1687
1506400 1690
1506410 1695
1506420 1695
1506430 1702
1506440 1709
1506450 1709
1506460 1715
1506470 1717
1506480 1718
1506490 1718
1506500 1719
1506510 1722
1506520 1722
1506530 1725
1506540 1728
1506550 1728
1506560 1728
1506570 1728
1506580 1728
1506590 1727
1506600 1726
1506610 1726
1506620 1726
1506630 1727
1506640 1727
1506650 1730
1506660 1735
1506670 1735
1506680 1740
1506690 1745
1506700 1745
1506710 1750
1506720 1755
1506730 1755
1506740 1758
1506750 1759
1506760 1758
1506770 1758
1506780 1760
1506790 1762
1506800 1762
1506810 1762
1506820 1765
1506830 1765
1506840 1765
1506850 1766
1506860 1766
1506870 1768
1506880 1769
1506890 1769
1506900 1769
1506910 1770
1506920 1770
1506930 1773
1506940 1775
1506950 1775
1506960 1776
1506970 1776
1506980 1776
1506990 1778
1507000 1780
1507010 1783
1507020 1783
1507030 1785
1507040 1786
1507050 1786
1507060 1787
1507070 1787
1507080 1787
1507090 1787
1507100 1787
1507110 1787
1507120 1788
1507130 1788
1507140 1788
1507150 1791
1507160 1793
1507170 1793
1507180 1794
1507190 1795
1507200 1795
1507210 1795
1507220 1796
1507230 1796
1507240 1795
1507250 1794
1507260 1794
1507270 1795
1507280 1795
1507290 1794
1507300 1794
1507310 1794
1507320 1794
1507330 1794
1507340 1795
1507350 1796
1507360 1796
1507370 1799
1507380 1804
1507390 1804
1507400 1809
1507410 1815
1507420 1815
1507430 1820
1507440 1826
1507450 1826
1507460 1833
1507470 1840
1507480 1840
1507490 1846
1507500 1853
1507510 1853
1507520 1859
1507530 1865
1507540 1873
1507550 1873
1507560 1879
1507570 1885
1507580 1885
1507590 1891
1507600 1897
1507610 1897
1507620 1903
1507630 1910
1507640 1910
1507650 1918
1507660 1927
1507670 1927
1507680 1934
1507690 1940
1507700 1940
1507710 1947
1507720 1956
1507730 1956
1507740 1966
1507750 1975
1507760 1975
1507770 1983
1507780 1992
1507790 2000
1507800 2000
1507810 2008
1507820 2016
1507830 2016
1507840 2021
1507850 2019
1507860 2019
1507870 2016
1507880 2017
1507890 2017
1507900 2013
1507910 2010
1507920 2010
1507930 2009
1507940 2010
1507950 2010
1507960 2012
1507970 2018
1507980 2018
1507990 2027
1508000 2023
1508010 2023
1508020 2017
1508030 2015
1508040 2015
1508050 2021
1508060 2033
1508070 2033
1508080 2033
1508090 2033
1508100 2028
1508110 2028
1508120 2031
1508130 2038
1508140 2038
1508150 2044
1508160 2057
1508170 2057
1508180 2069
1508190 2083
1508200 2083
1508210 2088
1508220 2083
1508230 2083
1508240 2079
1508250 2081
1508260 2081
1508270 2075
1508280 2061
1508290 2061
1508300 2050
1508310 2040
1508320 2031
1508330 2031
1508340 2019
1508350 2009
1508360 2009
1508370 2000
1508380 1994
1508390 1994
1508400 1987
1508410 1978
1508420 1978
1508430 1970
1508440 1959
1508450 1959
1508460 1949
1508470 1941
1508480 1941
1508490 1934
1508500 1927
1508510 1927
1508520 1919
1508530 1912
1508540 1912
1508550 1906
1508560 1899
1508570 1899
1508580 1892
1508590 1887
1508600 1881
1508610 1881
1508620 1875
1508630 1868
1508640 1868
1508650 1861
1508660 1855
1508670 1855
1508680 1848
1508690 1842
1508700 1842
1508710 1836
1508720 1829
1508730 1829
1508740 1823
1508750 1817
1508760 1817
1508770 1811
1508780 1806
1508790 1806
1508800 1801
1508810 1797
1508820 1797
1508830 1793
1508840 1790
1508850 1789
1508860 1789
1508870 1788
1508880 1787
1508890 1787
1508900 1786
1508910 1785
1508920 1785
1508930 1785
1508940 1784
1508950 1784
1508960 1783
1508970 1783
1508980 1783
1508990 1783
1509000 1782
1509010 1782
1509020 1782
1509030 1781
1509040 1781
1509050 1781
1509060 1782
1509070 1782
1509080 1784
1509090 1785
1509100 1787
1509110 1787
1509120 1788
1509130 1787
1509140 1787
1509150 1788
1509160 1788
1509170 1788
1509180 1788
1509190 1789
1509200 1789
1509210 1792
1509220 1795
1509230 1795
1509240 1796
1509250 1794
1509260 1794
1509270 1791
1509280 1790
1509290 1790
1509300 1788
1509310 1788
1509320 1788
1509330 1788
1509340 1789
1509350 1789
1509360 1793
1509370 1796
1509380 1798
1509390 1798
1509400 1800
1509410 1801
1509420 1801
1509430 1802
1509440 1802
1509450 1802
1509460 1801
1509470 1801
1509480 1801
1509490 1800
1509500 1797
1509510 1797
1509520 1790
1509530 1785
1509540 1785
1509550 1784
1509560 1784
1509570 1784
1509580 1784
1509590 1782
1509600 1782
1509610 1780
1509620 1779
1509630 1777
1509640 1777
1509650 1773
1509660 1768
1509670 1768
1509680 1764
1509690 1761
1509700 1761
1509710 1759
1509720 1758
1509730 1758
1509740 1753
1509750 1746
1509760 1746
1509770 1738
1509780 1731
1509790 1731
1509800 1726
1509810 1724
1509820 1724
1509830 1721
1509840 1718
1509850 1718
1509860 1715
1509870 1714
1509880 1712
1509890 1712
1509900 1709
1509910 1706
1509920 1706
1509930 1703
1509940 1700
1509950 1700
1509960 1697
1509970 1694
1509980 1694
1509990 1690
1510000 1685
1510010 1685
1510020 1680
1510030 1675
1510040 1675
1510050 1670
1510060 1664
1510070 1664
1510080 1659
1510090 1653
1510100 1653
1510110 1647
1510120 1641
1510130 1641
1510140 1638
1510150 1635
1510160 1631
1510170 1631
1510180 1627
1510190 1624
1510200 1620
1510210 1617
1510220 1615
1510230 1615
1510240 1612
1510250 1610
1510260 1610
1510270 1609
1510280 1608
1510290 1608
1510300 1608
1510310 1611
1510320 1611
1510330 1616
1510340 1619
1510350 1619
1510360 1625
1510370 1632
1510380 1632
1510390 1640
1510400 1650
1510410 1659
1510420 1659
1510430 1667
1510440 1671
1510450 1671
1510460 1670
1510470 1665
1510480 1665
1510490 1662
1510500 1658
1510510 1658
1510520 1655
1510530 1654
1510540 1654
1510550 1654
1510560 1657
1510570 1657
1510580 1658
1510590 1656
1510600 1656
1510610 1655
1510620 1653
1510630 1653
1510640 1658
1510650 1665
1510660 1665
1510670 1668
1510680 1673
1510690 1678
1510700 1678
1510710 1681
1510720 1686
1510730 1686
1510740 1695
1510750 1706
1510760 1706
1510770 1722
1510780 1734
1510790 1734
1510800 1742
1510810 1746
1510820 1746
1510830 1749
1510840 1751
1510850 1751
1510860 1750
1510870 1755
1510880 1755
1510890 1762
1510900 1769
1510910 1769
1510920 1777
1510930 1783
1510940 1790
1510950 1790
1510960 1797
1510970 1802
1510980 1802
1510990 1803
1511000 1802
1511010 1802
1511020 1805
1511030 1808
1511040 1808
1511050 1803
1511060 1797
1511070 1797
1511080 1788
1511090 1779
1511100 1779
1511110 1772
1511120 1765
1511130 1765
1511140 1762
1511150 1760
1511160 1760
1511170 1760
1511180 1759
1511190 1760
1511200 1760
1511210 1761
1511220 1762
1511230 1762
1511240 1763
1511250 1765
1511260 1765
1511270 1766
1511280 1768
1511290 1768
1511300 1771
1511310 1773
1511320 1773
1511330 1776
1511340 1781
1511350 1781
1511360 1788
1511370 1799
1511380 1799
1511390 1812
1511400 1828
1511410 1828
1511420 1845
1511430 1858
1511440 1858
1511450 1867
1511460 1874
1511470 1877
1511480 1877
1511490 1878
1511500 1880
1511510 1880
1511520 1882
1511530 1884
1511540 1884
1511550 1886
1511560 1891
1511570 1891
1511580 1891
1511590 1898
1511600 1898
1511610 1906
1511620 1911
1511630 1911
1511640 1920
1511650 1929
1511660 1929
1511670 1935
1511680 1940
1511690 1940
1511700 1946
1511710 1948
1511720 1949
1511730 1949
1511740 1951
1511750 1956
1511760 1956
1511770 1961
1511780 1969
1511790 1969
1511800 1972
1511810 1971
1511820 1971
1511830 1973
1511840 1971
1511850 1971
1511860 1974
1511870 1981
1511880 1981
1511890 1985
1511900 1985
1511910 1985
1511920 1980
1511930 1978
1511940 1978
1511950 1979
1511960 1978
1511970 1978
1511980 1984
1511990 1988
1512000 1992
1512010 1992
1512020 1994
1512030 1993
1512040 1993
1512050 1992
1512060 1993
1512070 1993
1512080 1996
1512090 2000
1512100 2000
1512110 2004
1512120 2008
1512130 2008
1512140 2011
1512150 2010
1512160 2010
1512170 2009
1512180 2008
1512190 2008
1512200 2004
1512210 2002
1512220 2002
1512230 2000
1512240 1998
1512250 1997
1512260 1997
1512270 1997
1512280 1998
1512290 1998
1512300 1999
1512310 2000
1512320 2000
1512330 2001
1512340 2004
1512350 2004
1512360 2006
1512370 2008
1512380 2008
1512390 2009
1512400 2010
1512410 2010
1512420 2014
1512430 2018
1512440 2018
1512450 2024
1512460 2034
1512470 2034
1512480 2041
1512490 2046
1512500 2052
1512510 2052
1512520 2058
1512530 2064
1512540 2064
1512550 2071
1512560 2077
1512570 2077
1512580 2082
1512590 2088
1512600 2088
1512610 2095
1512620 2101
1512630 2101
1512640 2106
1512650 2111
1512660 2111
1512670 2113
1512680 2112
1512690 2112
1512700 2108
1512710 2102
1512720 2102
1512730 2095
1512740 2087
1512750 2087
1512760 2074
1512770 2054
1512780 2043
1512790 2043
1512800 2033
1512810 2020
1512820 2020
1512830 2012
1512840 2006
1512850 2006
1512860 1999
1512870 1992
1512880 1992
1512890 1986
1512900 1981
1512910 1981
1512920 1977
1512930 1973
1512940 1973
1512950 1970
1512960 1967
1512970 1967
1512980 1964
1512990 1964
1513000 1964
1513010 1965
1513020 1967
1513030 1971
1513040 1971
1513050 1972
1513060 1971
1513070 1971
1513080 1970
1513090 1967
1513100 1967
1513110 1959
1513120 1952
1513130 1952
1513140 1948
1513150 1945
1513160 1945
1513170 1946
1513180 1945
1513190 1945
1513200 1943
1513210 1941
1513220 1941
1513230 1936
1513240 1930
1513250 1930
1513260 1924
1513270 1921
1513280 1921
1513290 1920
1513300 1920
1513310 1917
1513320 1917
1513330 1914
1513340 1913
1513350 1913
1513360 1913
1513370 1908
1513380 1908
1513390 1903
1513400 1899
1513410 1899
1513420 1896
1513430 1895
1513440 1895
1513450 1894
1513460 1895
1513470 1895
1513480 1896
1513490 1898
1513500 1898
1513510 1898
1513520 1894
1513530 1894
1513540 1888
1513550 1888
1513560 1892
1513570 1892
1513580 1895
1513590 1895
1513600 1895
1513610 1892
1513620 1887
1513630 1887
1513640 1884
1513650 1885
1513660 1885
1513670 1887
1513680 1888
1513690 1888
1513700 1888
1513710 1888
1513720 1888
1513730 1888
1513740 1886
1513750 1886
1513760 1884
1513770 1882
1513780 1882
1513790 1884
1513800 1884
1513810 1881
1513820 1881
1513830 1878
1513840 1875
1513850 1875
1513860 1875
1513870 1875
1513880 1875
1513890 1874
1513900 1879
1513910 1879
1513920 1878
1513930 1871
1513940 1871
1513950 1866
1513960 1865
1513970 1865
1513980 1864
1513990 1863
1514000 1863
1514010 1864
1514020 1866
1514030 1866
1514040 1866
1514050 1867
1514060 1867
1514070 1866
1514080 1867
1514090 1867
1514100 1867
1514110 1866
1514120 1865
1514130 1865
1514140 1865
1514150 1866
1514160 1866
1514170 1868
1514180 1870
1514190 1870
1514200 1872
1514210 1876
1514220 1876
1514230 1882
1514240 1889
1514250 1889
1514260 1896
1514270 1901
1514280 1901
1514290 1905
1514300 1907
1514310 1907
1514320 1909
1514330 1914
1514340 1917
1514350 1917
1514360 1921
1514370 1924
1514380 1924
1514390 1928
1514400 1932
1514410 1932
1514420 1937
1514430 1941
1514440 1941
1514450 1946
1514460 1951
1514470 1951
1514480 1956
1514490 1963
1514500 1963
1514510 1969
1514520 1976
1514530 1976
1514540 1982
1514550 1989
1514560 1989
1514570 1996
1514580 2003
1514590 2003
1514600 2010
1514610 2017
1514620 2025
1514630 2025
1514640 2032
1514650 2037
1514660 2037
1514670 2043
1514680 2060
1514690 2060
1514700 2072
1514710 2090
1514720 2090
1514730 2118
1514740 2127
1514750 2115
1514760 2126
1514770 2145
1514780 2145
1514790 2164
1514800 2182
1514810 2182
1514820 2186
1514830 2197
1514840 2197
1514850 2197
1514860 2193
1514870 2188
1514880 2188
1514890 2183
1514900 2177
1514910 2177
1514920 2172
1514930 2168
1514940 2168
1514950 2165
1514960 2164
1514970 2164
1514980 2164
1514990 2164
1515000 2164
1515010 2164
1515020 2165
1515030 2165
1515040 2166
1515050 2167
1515060 2167
1515070 2168
1515080 2168
1515090 2168
1515100 2171
1515110 2173
1515120 2173
1515130 2173
1515140 2172
1515150 2172
1515160 2172
1515170 2172
1515180 2172
1515190 2172
1515200 2171
1515210 2172
1515220 2172
1515230 2172
1515240 2174
1515250 2174
1515260 2175
1515270 2173
1515280 2173
1515290 2171
1515300 2173
1515310 2173
1515320 2171
1515330 2165
1515340 2165
1515350 2160
1515360 2164
1515370 2164
1515380 2165
1515390 2161
1515400 2162
1515410 2162
1515420 2170
1515430 2178
1515440 2178
1515450 2185
1515460 2193
1515470 2193
1515480 2200
1515490 2208
1515500 2208
1515510 2208
1515520 2207
1515530 2207
1515540 2207
1515550 2204
1515560 2204
1515570 2202
1515580 2196
1515590 2196
1515600 2190
1515610 2187
1515620 2187
1515630 2187
1515640 2188
1515650 2188
1515660 2188
1515670 2189
1515680 2191
1515690 2191
1515700 2191
1515710 2191
1515720 2191
1515730 2191
1515740 2192
1515750 2192
1515760 2196
1515770 2202
1515780 2202
1515790 2205
1515800 2208
1515810 2208
1515820 2212
1515830 2216
1515840 2216
1515850 2222
1515860 2224
1515870 2224
1515880 2225
1515890 2225
1515900 2225
1515910 2225
1515920 2227
1515930 2227
1515940 2227
1515950 2228
1515960 2229
1515970 2229
1515980 2231
1515990 2231
1516000 2231
1516010 2232
1516020 2233
1516030 2233
1516040 2235
1516050 2237
1516060 2237
1516070 2237
1516080 2240
1516090 2240
1516100 2243
1516110 2245
1516120 2245
1516130 2250
1516140 2253
1516150 2253
1516160 2255
1516170 2261
1516180 2269
1516190 2269
1516200 2276
1516210 2281
1516220 2281
1516230 2285
1516240 2289
1516250 2289
1516260 2295
1516270 2299
1516280 2299
1516290 2303
1516300 2307
1516310 2307
1516320 2313
1516330 2319
1516340 2319
1516350 2324
1516360 2327
1516370 2327
1516380 2327
1516390 2329
1516400 2329
1516410 2333
1516420 2340
1516430 2347
1516440 2347
1516450 2356
1516460 2360
1516470 2360
1516480 2365
1516490 2358
1516500 2358
1516510 2350
1516520 2342
1516530 2342
1516540 2335
1516550 2329
1516560 2329
1516570 2320
1516580 2311
1516590 2311
1516600 2304
1516610 2298
1516620 2298
1516630 2293
1516640 2288
1516650 2288
1516660 2282
1516670 2277
1516680 2277
1516690 2271
1516700 2267
1516710 2261
1516720 2261
1516730 2256
1516740 2251
1516750 2251
1516760 2249
1516770 2244
1516780 2244
1516790 2239
1516800 2237
1516810 2237
1516820 2231
1516830 2224
1516840 2224
1516850 2218
1516860 2213
1516870 2213
1516880 2206
1516890 2199
1516900 2199
1516910 2190
1516920 2182
1516930 2182
1516940 2177
1516950 2171
1516960 2164
1516970 2164
1516980 2156
1516990 2151
1517000 2151
1517010 2144
1517020 2138
1517030 2138
1517040 2133
1517050 2129
1517060 2129
1517070 2125
1517080 2121
1517090 2121
1517100 2119
1517110 2118
1517120 2118
1517130 2118
1517140 2117
1517150 2117
1517160 2115
1517170 2113
1517180 2113
1517190 2108
1517200 2105
1517210 2100
1517220 2100
1517230 2094
1517240 2092
1517250 2092
1517260 2091
1517270 2088
1517280 2088
1517290 2084
1517300 2078
1517310 2078
1517320 2075
1517330 2072
1517340 2072
1517350 2069
1517360 2067
1517370 2067
1517380 2066
1517390 2066
1517400 2066
1517410 2066
1517420 2066
1517430 2066
1517440 2068
1517450 2068
1517460 2068
1517470 2065
1517480 2061
1517490 2059
1517500 2059
1517510 2059
1517520 2058
1517530 2058
1517540 2055
1517550 2052
1517560 2052
1517570 2049
1517580 2046
1517590 2046
1517600 2043
1517610 2039
1517620 2039
1517630 2036
1517640 2036
1517650 2036
1517660 2033
1517670 2025
1517680 2025
1517690 2021
1517700 2020
1517710 2020
1517720 2018
1517730 2015
1517740 2013
1517750 2013
1517760 2008
1517770 2001
1517780 2001
1517790 1993
1517800 1988
1517810 1988
1517820 1987
1517830 1988
1517840 1988
1517850 1989
1517860 1988
1517870 1988
1517880 1984
1517890 1980
1517900 1980
1517910 1979
1517920 1980
1517930 1980
1517940 1980
1517950 1978
1517960 1978
1517970 1977
1517980 1974
1517990 1974
1518000 1971
1518010 1968
1518020 1968
1518030 1968
1518040 1969
1518050 1971
1518060 1971
1518070 1975
1518080 1973
1518090 1973
1518100 1965
1518110 1959
1518120 1959
1518130 1953
1518140 1952
1518150 1952
1518160 1952
1518170 1953
1518180 1953
1518190 1952
1518200 1951
1518210 1951
1518220 1953
1518230 1958
1518240 1958
1518250 1964
1518260 1974
1518270 1985
1518280 1985
1518290 1990
1518300 1998
1518310 1998
1518320 1999
1518330 1997
1518340 1997
1518350 1993
1518360 1990
1518370 1990
1518380 1988
1518390 1987
1518400 1987
1518410 1986
1518420 1986
1518430 1986
1518440 1986
1518450 1987
1518460 1987
1518470 1988
1518480 1983
1518490 1983
1518500 1979
1518510 1976
1518520 1974
1518530 1974
1518540 1972
1518550 1972
1518560 1972
1518570 1973
1518580 1974
1518590 1974
1518600 1975
1518610 1976
1518620 1976
1518630 1977
1518640 1977
1518650 1977
1518660 1976
1518670 1976
1518680 1976
1518690 1977
1518700 1979
1518710 1979
1518720 1977
1518730 1976
1518740 1976
1518750 1973
1518760 1970
1518770 1970
1518780 1966
1518790 1963
1518800 1959
1518810 1959
1518820 1957
1518830 1954
1518840 1954
1518850 1952
1518860 1950
1518870 1950
1518880 1947
1518890 1945
1518900 1945
1518910 1943
1518920 1940
1518930 1940
1518940 1936
1518950 1934
1518960 1934
1518970 1930
1518980 1928
1518990 1928
1519000 1925
1519010 1923
1519020 1923
1519030 1922
1519040 1922
1519050 1922
1519060 1922
1519070 1922
1519080 1922
1519090 1922
1519100 1922
1519110 1922
1519120 1922
1519130 1922
1519140 1922
1519150 1922
1519160 1922
1519170 1922
1519180 1922
1519190 1922
1519200 1922
1519210 1922
1519220 1922
1519230 1922
1519240 1922
1519250 1922
1519260 1922
1519270 1922
1519280 1922
1519290 1922
1519300 1922
1519310 1922
1519320 1922
1519330 1922
1519340 1922
1519350 1922
1519360 1922
1519370 1922
1519380 1922
1519390 1922
1519400 1922
1519410 1922
1519420 1922
1519430 1922
1519440 1922
1519450 1922
1519460 1922
1519470 1922
1519480 1922
1519490 1922
1519500 1922
1519510 1926
1519520 1926
1519530 1934
1519540 1934
1519550 1934
1519560 1930
1519570 1929
1519580 1933
1519590 1933
1519600 1938
1519610 1941
1519620 1941
1519630 1941
1519640 1943
1519650 1943
1519660 1947
1519670 1952
1519680 1952
1519690 1961
1519700 1968
1519710 1968
1519720 1968
1519730 1969
1519740 1969
1519750 1969
1519760 1970
1519770 1970
1519780 1973
1519790 1975
1519800 1975
1519810 1978
1519820 1982
1519830 1986
1519840 1986
1519850 1990
1519860 1995
1519870 1995
1519880 2000
1519890 2006
1519900 2006
1519910 2013
1519920 2018
1519930 2018
1519940 2024
1519950 2029
1519960 2029
1519970 2035
1519980 2043
1519990 2043
