1500000 1767
1500010 1763
1500020 1759
1500030 1758
1500040 1758
1500050 1757
1500060 1756
1500070 1756
1500080 1755
1500090 1755
1500100 1755
1500110 1753
1500120 1751
1500130 1751
1500140 1749
1500150 1748
1500160 1748
1500170 1748
1500180 1746
1500190 1746
1500200 1746
1500210 1746
1500220 1746
1500230 1745
1500240 1743
1500250 1743
1500260 1741
1500270 1739
1500280 1739
1500290 1737
1500300 1733
1500310 1730
1500320 1730
1500330 1727
1500340 1724
1500350 1724
1500360 1721
1500370 1721
1500380 1721
1500390 1719
1500400 1715
1500410 1715
1500420 1709
1500430 1703
1500440 1703
1500450 1699
1500460 1696
1500470 1696
1500480 1693
1500490 1690
1500500 1690
1500510 1687
1500520 1685
1500530 1685
1500540 1684
1500550 1682
1500560 1682
1500570 1680
1500580 1677
1500590 1674
1500600 1674
1500610 1668
1500620 1664
1500630 1664
1500640 1660
1500650 1656
1500660 1656
1500670 1652
1500680 1649
1500690 1649
1500700 1648
1500710 1647
1500720 1647
1500730 1645
1500740 1641
1500750 1641
1500760 1639
1500770 1637
1500780 1637
1500790 1635
1500800 1634
1500810 1634
1500820 1632
1500830 1629
1500840 1629
1500850 1626
1500860 1624
1500870 1621
1500880 1621
1500890 1618
1500900 1616
1500910 1616
1500920 1614
1500930 1611
1500940 1611
1500950 1608
1500960 1605
1500970 1605
1500980 1602
1500990 1600
1501000 1600
1501010 1599
1501020 1597
1501030 1597
1501040 1594
1501050 1592
1501060 1592
1501070 1590
1501080 1588
1501090 1588
1501100 1586
1501110 1584
1501120 1582
1501130 1582
1501140 1580
1501150 1580
1501160 1580
1501170 1578
1501180 1576
1501190 1576
1501200 1573
1501210 1571
1501220 1571
1501230 1566
1501240 1560
1501250 1560
1501260 1554
1501270 1548
1501280 1548
1501290 1541
1501300 1534
1501310 1534
1501320 1528
1501330 1522
1501340 1522
1501350 1516
1501360 1509
1501370 1509
1501380 1504
1501390 1499
1501400 1495
1501410 1495
1501420 1491
1501430 1488
1501440 1488
1501450 1485
1501460 1481
1501470 1481
1501480 1477
1501490 1472
1501500 1472
1501510 1469
1501520 1466
1501530 1466
1501540 1464
1501550 1462
1501560 1462
1501570 1459
1501580 1456
1501590 1456
1501600 1454
1501610 1452
1501620 1452
1501630 1449
1501640 1447
1501650 1447
1501660 1445
1501670 1443
1501680 1440
1501690 1440
1501700 1437
1501710 1434
1501720 1434
1501730 1432
1501740 1430
1501750 1430
1501760 1427
1501770 1424
1501780 1424
1501790 1421
1501800 1419
1501810 1419
1501820 1415
1501830 1410
1501840 1410
1501850 1405
1501860 1398
1501870 1398
1501880 1392
1501890 1389
1501900 1389
1501910 1387
1501920 1385
1501930 1385
1501940 1381
1501950 1379
1501960 1376
1501970 1376
1501980 1372
1501990 1371
1502000 1371
1502010 1369
1502020 1366
1502030 1366
1502040 1363
1502050 1361
1502060 1361
1502070 1357
1502080 1354
1502090 1354
1502100 1351
1502110 1349
1502120 1349
1502130 1346
1502140 1343
1502150 1343
1502160 1340
1502170 1336
1502180 1336
1502190 1332
1502200 1329
1502210 1325
1502220 1325
1502230 1321
1502240 1319
1502250 1319
1502260 1317
1502270 1315
1502280 1315
1502290 1313
1502300 1309
1502310 1309
1502320 1305
1502330 1298
1502340 1298
1502350 1288
1502360 1284
1502370 1284
1502380 1281
1502390 1279
1502400 1279
1502410 1278
1502420 1275
1502430 1275
1502440 1272
1502450 1268
1502460 1268
1502470 1264
1502480 1260
1502490 1257
1502500 1257
1502510 1255
1502520 1249
1502530 1249
1502540 1246
1502550 1246
1502560 1246
1502570 1247
1502580 1246
1502590 1246
1502600 1239
1502610 1234
1502620 1234
1502630 1231
1502640 1230
1502650 1230
1502660 1231
1502670 1232
1502680 1232
1502690 1229
1502700 1223
1502710 1223
1502720 1214
1502730 1200
1502740 1200
1502750 1185
1502760 1176
1502770 1168
1502780 1168
1502790 1162
1502800 1156
1502810 1156
1502820 1148
1502830 1139
1502840 1139
1502850 1130
1502860 1122
1502870 1122
1502880 1113
1502890 1106
1502900 1106
1502910 1099
1502920 1093
1502930 1093
1502940 1086
1502950 1078
1502960 1078
1502970 1072
1502980 1066
1502990 1066
1503000 1060
1503010 1054
1503020 1054
1503030 1048
1503040 1042
1503050 1037
1503060 1037
1503070 1032
1503080 1026
1503090 1026
1503100 1021
1503110 1014
1503120 1014
1503130 1008
1503140 1002
1503150 1002
1503160 996
1503170 993
1503180 993
1503190 991
1503200 989
1503210 989
1503220 987
1503230 985
1503240 985
1503250 983
1503260 980
1503270 980
1503280 977
1503290 975
1503300 973
1503310 973
1503320 970
1503330 967
1503340 967
1503350 965
1503360 963
1503370 963
1503380 961
1503390 959
1503400 959
1503410 957
1503420 956
1503430 956
1503440 954
1503450 952
1503460 952
1503470 951
1503480 949
1503490 949
1503500 948
1503510 947
1503520 947
1503530 946
1503540 945
1503550 945
1503560 944
1503570 943
1503580 942
1503590 942
1503600 941
1503610 941
1503620 941
1503630 940
1503640 940
1503650 940
1503660 939
1503670 938
1503680 938
1503690 937
1503700 937
1503710 937
1503720 937
1503730 937
1503740 937
1503750 937
1503760 938
1503770 938
1503780 939
1503790 940
1503800 940
1503810 941
1503820 942
1503830 942
1503840 942
1503850 942
1503860 943
1503870 943
1503880 943
1503890 943
1503900 943
1503910 944
1503920 944
1503930 944
1503940 944
1503950 944
1503960 944
1503970 944
1503980 945
1503990 945
1504000 950
1504010 956
1504020 956
1504030 959
1504040 962
1504050 962
1504060 966
1504070 971
1504080 971
1504090 976
1504100 981
1504110 981
1504120 987
1504130 992
1504140 999
1504150 999
1504160 1005
1504170 1011
1504180 1011
1504190 1018
1504200 1025
1504210 1025
1504220 1031
1504230 1038
1504240 1038
1504250 1045
1504260 1051
1504270 1051
1504280 1058
1504290 1065
1504300 1065
1504310 1072
1504320 1080
1504330 1080
1504340 1088
1504350 1096
1504360 1096
1504370 1105
1504380 1112
1504390 1120
1504400 1120
1504410 1130
1504420 1138
1504430 1138
1504440 1147
1504450 1154
1504460 1154
1504470 1162
1504480 1168
1504490 1168
1504500 1175
1504510 1180
1504520 1180
1504530 1188
1504540 1197
1504550 1197
1504560 1208
1504570 1218
1504580 1218
1504590 1223
1504600 1229
1504610 1229
1504620 1239
1504630 1242
1504640 1242
1504650 1245
1504660 1249
1504670 1247
1504680 1247
1504690 1253
1504700 1261
1504710 1261
1504720 1258
1504730 1262
1504740 1262
1504750 1266
1504760 1264
1504770 1264
1504780 1275
1504790 1286
1504800 1286
1504810 1296
1504820 1307
1504830 1307
1504840 1309
1504850 1311
1504860 1311
1504870 1316
1504880 1318
1504890 1318
1504900 1321
1504910 1326
1504920 1326
1504930 1334
1504940 1340
1504950 1346
1504960 1346
1504970 1350
1504980 1356
1504990 1356
1505000 1363
1505010 1371
1505020 1371
1505030 1380
1505040 1388
1505050 1388
1505060 1395
1505070 1403
1505080 1403
1505090 1411
1505100 1418
1505110 1418
1505120 1423
1505130 1427
1505140 1427
1505150 1431
1505160 1435
1505170 1435
1505180 1439
1505190 1441
1505200 1441
1505210 1444
1505220 1448
1505230 1453
1505240 1453
1505250 1455
1505260 1459
1505270 1459
1505280 1463
1505290 1467
1505300 1467
1505310 1471
1505320 1476
1505330 1476
1505340 1481
1505350 1485
1505360 1485
1505370 1490
1505380 1496
1505390 1496
1505400 1501
1505410 1507
1505420 1507
1505430 1513
1505440 1518
1505450 1518
1505460 1523
1505470 1528
1505480 1534
1505490 1534
1505500 1540
1505510 1544
1505520 1544
1505530 1551
1505540 1560
1505550 1560
1505560 1563
1505570 1568
1505580 1568
1505590 1573
1505600 1579
1505610 1579
1505620 1584
1505630 1589
1505640 1589
1505650 1593
1505660 1598
1505670 1598
1505680 1603
1505690 1608
1505700 1608
1505710 1613
1505720 1617
1505730 1617
1505740 1620
1505750 1624
1505760 1629
1505770 1629
1505780 1636
1505790 1642
1505800 1642
1505810 1649
1505820 1658
1505830 1658
1505840 1666
1505850 1671
1505860 1671
1505870 1678
1505880 1683
1505890 1683
1505900 1686
1505910 1690
1505920 1690
1505930 1693
1505940 1695
1505950 1695
1505960 1699
1505970 1703
1505980 1703
1505990 1707
1506000 1711
1506010 1711
1506020 1716
1506030 1721
1506040 1726
1506050 1726
1506060 1730
1506070 1735
1506080 1735
1506090 1740
1506100 1743
1506110 1743
1506120 1745
1506130 1748
1506140 1748
1506150 1748
1506160 1746
1506170 1746
1506180 1744
1506190 1744
1506200 1744
1506210 1744
1506220 1744
1506230 1744
1506240 1744
1506250 1744
1506260 1744
1506270 1744
1506280 1744
1506290 1744
1506300 1745
1506310 1745
1506320 1746
1506330 1746
1506340 1746
1506350 1746
1506360 1746
1506370 1746
1506380 1746
1506390 1746
1506400 1746
1506410 1746
1506420 1746
1506430 1747
1506440 1748
1506450 1748
1506460 1750
1506470 1751
1506480 1751
1506490 1752
1506500 1752
1506510 1752
1506520 1752
1506530 1753
1506540 1753
1506550 1754
1506560 1755
1506570 1756
1506580 1756
1506590 1757
1506600 1759
1506610 1759
1506620 1761
1506630 1762
1506640 1762
1506650 1761
1506660 1760
1506670 1760
1506680 1762
1506690 1765
1506700 1765
1506710 1769
1506720 1772
1506730 1772
1506740 1773
1506750 1775
1506760 1775
1506770 1776
1506780 1777
1506790 1777
1506800 1777
1506810 1778
1506820 1778
1506830 1779
1506840 1782
1506850 1785
1506860 1785
1506870 1787
1506880 1789
1506890 1789
1506900 1791
1506910 1791
1506920 1791
1506930 1792
1506940 1793
1506950 1793
1506960 1794
1506970 1795
1506980 1795
1506990 1795
1507000 1793
1507010 1793
1507020 1792
1507030 1794
1507040 1794
1507050 1797
1507060 1801
1507070 1801
1507080 1805
1507090 1806
1507100 1806
1507110 1806
1507120 1806
1507130 1804
1507140 1804
1507150 1803
1507160 1804
1507170 1804
1507180 1804
1507190 1805
1507200 1805
1507210 1806
1507220 1806
1507230 1806
1507240 1807
1507250 1808
1507260 1808
1507270 1809
1507280 1809
1507290 1809
1507300 1810
1507310 1810
1507320 1810
1507330 1810
1507340 1810
1507350 1810
1507360 1811
1507370 1810
1507380 1810
1507390 1809
1507400 1810
1507410 1813
1507420 1813
1507430 1816
1507440 1819
1507450 1819
1507460 1820
1507470 1821
1507480 1821
1507490 1824
1507500 1828
1507510 1828
1507520 1832
1507530 1835
1507540 1835
1507550 1839
1507560 1842
1507570 1842
1507580 1846
1507590 1851
1507600 1851
1507610 1856
1507620 1861
1507630 1861
1507640 1867
1507650 1873
1507660 1879
1507670 1879
1507680 1886
1507690 1895
1507700 1895
1507710 1904
1507720 1911
1507730 1911
1507740 1919
1507750 1926
1507760 1926
1507770 1930
1507780 1922
1507790 1922
1507800 1911
1507810 1902
1507820 1902
1507830 1893
1507840 1884
1507850 1884
1507860 1874
1507870 1864
1507880 1864
1507890 1854
1507900 1846
1507910 1846
1507920 1838
1507930 1831
1507940 1825
1507950 1825
1507960 1820
1507970 1816
1507980 1816
1507990 1813
1508000 1809
1508010 1809
1508020 1804
1508030 1800
1508040 1800
1508050 1798
1508060 1796
1508070 1796
1508080 1799
1508090 1799
1508100 1799
1508110 1799
1508120 1799
1508130 1799
1508140 1798
1508150 1796
1508160 1796
1508170 1793
1508180 1790
1508190 1790
1508200 1785
1508210 1782
1508220 1778
1508230 1778
1508240 1775
1508250 1773
1508260 1771
1508270 1770
1508280 1769
1508290 1769
1508300 1768
1508310 1767
1508320 1767
1508330 1765
1508340 1760
1508350 1760
1508360 1755
1508370 1754
1508380 1754
1508390 1754
1508400 1754
1508410 1754
1508420 1754
1508430 1754
1508440 1754
1508450 1753
1508460 1751
1508470 1751
1508480 1750
1508490 1750
1508500 1751
1508510 1751
1508520 1751
1508530 1751
1508540 1751
1508550 1750
1508560 1748
1508570 1748
1508580 1745
1508590 1742
1508600 1742
1508610 1741
1508620 1740
1508630 1740
1508640 1739
1508650 1737
1508660 1737
1508670 1735
1508680 1734
1508690 1734
1508700 1734
1508710 1733
1508720 1733
1508730 1733
1508740 1733
1508750 1733
1508760 1733
1508770 1734
1508780 1735
1508790 1735
1508800 1736
1508810 1735
1508820 1735
1508830 1734
1508840 1732
1508850 1732
1508860 1729
1508870 1726
1508880 1726
1508890 1724
1508900 1722
1508910 1722
1508920 1720
1508930 1718
1508940 1718
1508950 1715
1508960 1713
1508970 1713
1508980 1710
1508990 1708
1509000 1708
1509010 1706
1509020 1704
1509030 1702
1509040 1702
1509050 1701
1509060 1699
1509070 1699
1509080 1698
1509090 1697
1509100 1697
1509110 1696
1509120 1694
1509130 1694
1509140 1694
1509150 1693
1509160 1693
1509170 1691
1509180 1689
1509190 1689
1509200 1690
1509210 1691
1509220 1691
1509230 1692
1509240 1693
1509250 1693
1509260 1693
1509270 1693
1509280 1693
1509290 1694
1509300 1694
1509310 1694
1509320 1694
1509330 1694
1509340 1694
1509350 1694
1509360 1692
1509370 1688
1509380 1688
1509390 1683
1509400 1680
1509410 1680
1509420 1677
1509430 1676
1509440 1676
1509450 1674
1509460 1672
1509470 1672
1509480 1670
1509490 1669
1509500 1669
1509510 1668
1509520 1667
1509530 1667
1509540 1666
1509550 1665
1509560 1665
1509570 1664
1509580 1663
1509590 1661
1509600 1661
1509610 1661
1509620 1660
1509630 1660
1509640 1659
1509650 1657
1509660 1657
1509670 1656
1509680 1655
1509690 1655
1509700 1654
1509710 1653
1509720 1653
1509730 1652
1509740 1653
1509750 1653
1509760 1653
1509770 1653
1509780 1653
1509790 1653
1509800 1654
1509810 1654
1509820 1658
1509830 1661
1509840 1665
1509850 1665
1509860 1668
1509870 1672
1509880 1672
1509890 1675
1509900 1676
1509910 1676
1509920 1676
1509930 1675
1509940 1675
1509950 1674
1509960 1672
1509970 1672
1509980 1670
1509990 1668
1510000 1668
1510010 1666
1510020 1665
1510030 1665
1510040 1663
1510050 1660
1510060 1660
1510070 1658
1510080 1654
1510090 1654
1510100 1652
1510110 1650
1510120 1646
1510130 1646
1510140 1642
1510150 1637
1510160 1637
1510170 1633
1510180 1628
1510190 1628
1510200 1623
1510210 1619
1510220 1619
1510230 1615
1510240 1612
1510250 1612
1510260 1608
1510270 1603
1510280 1603
1510290 1600
1510300 1594
1510310 1594
1510320 1587
1510330 1583
1510340 1583
1510350 1580
1510360 1579
1510370 1579
1510380 1576
1510390 1573
1510400 1570
1510410 1570
1510420 1567
1510430 1563
1510440 1563
1510450 1557
1510460 1551
1510470 1551
1510480 1544
1510490 1538
1510500 1538
1510510 1531
1510520 1524
1510530 1524
1510540 1517
1510550 1510
1510560 1510
1510570 1503
1510580 1496
1510590 1496
1510600 1490
1510610 1487
1510620 1487
1510630 1483
1510640 1480
1510650 1480
1510660 1476
1510670 1471
1510680 1464
1510690 1464
1510700 1457
1510710 1451
1510720 1451
1510730 1445
1510740 1439
1510750 1439
1510760 1434
1510770 1429
1510780 1429
1510790 1421
1510800 1414
1510810 1414
1510820 1406
1510830 1399
1510840 1399
1510850 1392
1510860 1385
1510870 1385
1510880 1378
1510890 1371
1510900 1371
1510910 1364
1510920 1357
1510930 1350
1510940 1350
1510950 1344
1510960 1338
1510970 1338
1510980 1332
1510990 1326
1511000 1326
1511010 1320
1511020 1314
1511030 1314
1511040 1309
1511050 1303
1511060 1303
1511070 1297
1511080 1291
1511090 1291
1511100 1285
1511110 1279
1511120 1279
1511130 1275
1511140 1269
1511150 1269
1511160 1264
1511170 1258
1511180 1258
1511190 1253
1511200 1247
1511210 1243
1511220 1243
1511230 1237
1511240 1232
1511250 1232
1511260 1227
1511270 1222
1511280 1222
1511290 1218
1511300 1213
1511310 1213
1511320 1209
1511330 1205
1511340 1205
1511350 1202
1511360 1199
1511370 1199
1511380 1196
1511390 1194
1511400 1194
1511410 1192
1511420 1190
1511430 1190
1511440 1188
1511450 1186
1511460 1186
1511470 1182
1511480 1180
1511490 1180
1511500 1180
1511510 1179
1511520 1180
1511530 1180
1511540 1181
1511550 1181
1511560 1181
1511570 1184
1511580 1189
1511590 1189
1511600 1193
1511610 1195
1511620 1195
1511630 1198
1511640 1200
1511650 1200
1511660 1203
1511670 1207
1511680 1207
1511690 1210
1511700 1214
1511710 1214
1511720 1218
1511730 1222
1511740 1222
1511750 1226
1511760 1232
1511770 1237
1511780 1237
1511790 1242
1511800 1247
1511810 1247
1511820 1253
1511830 1259
1511840 1259
1511850 1265
1511860 1271
1511870 1271
1511880 1277
1511890 1283
1511900 1283
1511910 1289
1511920 1295
1511930 1295
1511940 1300
1511950 1306
1511960 1306
1511970 1313
1511980 1321
1511990 1321
1512000 1328
1512010 1339
1512020 1350
1512030 1350
1512040 1360
1512050 1366
1512060 1366
1512070 1370
1512080 1372
1512090 1372
1512100 1376
1512110 1382
1512120 1382
1512130 1389
1512140 1397
1512150 1397
1512160 1404
1512170 1412
1512180 1412
1512190 1428
1512200 1452
1512210 1452
1512220 1468
1512230 1488
1512240 1488
1512250 1506
1512260 1536
1512270 1536
1512280 1560
1512290 1574
1512300 1586
1512310 1586
1512320 1593
1512330 1598
1512340 1598
1512350 1604
1512360 1611
1512370 1611
1512380 1618
1512390 1624
1512400 1624
1512410 1630
1512420 1639
1512430 1639
1512440 1644
1512450 1644
1512460 1644
1512470 1643
1512480 1641
1512490 1641
1512500 1638
1512510 1635
1512520 1635
1512530 1633
1512540 1632
1512550 1632
1512560 1630
1512570 1630
1512580 1632
1512590 1632
1512600 1632
1512610 1633
1512620 1633
1512630 1633
1512640 1636
1512650 1636
1512660 1639
1512670 1641
1512680 1641
1512690 1644
1512700 1648
1512710 1648
1512720 1653
1512730 1657
1512740 1657
1512750 1661
1512760 1666
1512770 1666
1512780 1669
1512790 1672
1512800 1672
1512810 1676
1512820 1679
1512830 1679
1512840 1681
1512850 1684
1512860 1690
1512870 1690
1512880 1695
1512890 1704
1512900 1704
1512910 1715
1512920 1723
1512930 1723
1512940 1731
1512950 1742
1512960 1742
1512970 1742
1512980 1746
1512990 1746
1513000 1752
1513010 1755
1513020 1755
1513030 1758
1513040 1762
1513050 1762
1513060 1765
1513070 1767
1513080 1767
1513090 1768
1513100 1770
1513110 1774
1513120 1778
1513130 1782
1513140 1786
1513150 1786
1513160 1791
1513170 1796
1513180 1796
1513190 1801
1513200 1806
1513210 1806
1513220 1811
1513230 1817
1513240 1817
1513250 1823
1513260 1828
1513270 1828
1513280 1834
1513290 1841
1513300 1841
1513310 1847
1513320 1852
1513330 1852
1513340 1857
1513350 1863
1513360 1863
1513370 1869
1513380 1876
1513390 1883
1513400 1883
1513410 1889
1513420 1896
1513430 1896
1513440 1902
1513450 1909
1513460 1909
1513470 1915
1513480 1921
1513490 1921
1513500 1927
1513510 1934
1513520 1934
1513530 1940
1513540 1947
1513550 1947
1513560 1954
1513570 1960
1513580 1960
1513590 1965
1513600 1971
1513610 1971
1513620 1977
1513630 1982
1513640 1982
1513650 1988
1513660 1992
1513670 1993
1513680 1993
1513690 1987
1513700 1982
1513710 1982
1513720 1982
1513730 1976
1513740 1976
1513750 1969
1513760 1962
1513770 1962
1513780 1956
1513790 1951
1513800 1951
1513810 1947
1513820 1941
1513830 1941
1513840 1936
1513850 1931
1513860 1931
1513870 1926
1513880 1922
1513890 1922
1513900 1915
1513910 1907
1513920 1907
1513930 1899
1513940 1892
1513950 1885
1513960 1885
1513970 1879
1513980 1871
1513990 1871
1514000 1863
1514010 1858
1514020 1858
1514030 1853
1514040 1851
1514050 1851
1514060 1846
1514070 1839
1514080 1839
1514090 1829
1514100 1820
1514110 1820
1514120 1812
1514130 1809
1514140 1809
1514150 1802
1514160 1797
1514170 1797
1514180 1790
1514190 1783
1514200 1779
1514210 1779
1514220 1773
1514230 1768
1514240 1768
1514250 1762
1514260 1757
1514270 1757
1514280 1752
1514290 1745
1514300 1745
1514310 1739
1514320 1733
1514330 1733
1514340 1729
1514350 1728
1514360 1728
1514370 1726
1514380 1724
1514390 1724
1514400 1722
1514410 1718
1514420 1718
1514430 1714
1514440 1710
1514450 1710
1514460 1706
1514470 1702
1514480 1698
1514490 1698
1514500 1693
1514510 1689
1514520 1689
1514530 1685
1514540 1681
1514550 1681
1514560 1677
1514570 1674
1514580 1674
1514590 1670
1514600 1668
1514610 1668
1514620 1665
1514630 1661
1514640 1661
1514650 1658
1514660 1655
1514670 1655
1514680 1651
1514690 1647
1514700 1647
1514710 1642
1514720 1638
1514730 1638
1514740 1633
1514750 1628
1514760 1622
1514770 1622
1514780 1617
1514790 1612
1514800 1612
1514810 1606
1514820 1601
1514830 1601
1514840 1597
1514850 1593
1514860 1593
1514870 1590
1514880 1588
1514890 1588
1514900 1586
1514910 1584
1514920 1584
1514930 1582
1514940 1580
1514950 1580
1514960 1577
1514970 1573
1514980 1573
1514990 1563
1515000 1557
1515010 1557
1515020 1553
1515030 1549
1515040 1543
1515050 1543
1515060 1538
1515070 1536
1515080 1536
1515090 1534
1515100 1533
1515110 1533
1515120 1530
1515130 1526
1515140 1526
1515150 1524
1515160 1522
1515170 1522
1515180 1517
1515190 1513
1515200 1513
1515210 1508
1515220 1504
1515230 1504
1515240 1499
1515250 1495
1515260 1495
1515270 1491
1515280 1486
1515290 1482
1515300 1482
1515310 1479
1515320 1474
1515330 1474
1515340 1470
1515350 1467
1515360 1467
1515370 1464
1515380 1462
1515390 1462
1515400 1459
1515410 1459
1515420 1459
1515430 1456
1515440 1455
1515450 1455
1515460 1453
1515470 1452
1515480 1452
1515490 1451
1515500 1450
1515510 1450
1515520 1448
1515530 1447
1515540 1447
1515550 1445
1515560 1444
1515570 1441
1515580 1441
1515590 1439
1515600 1438
1515610 1438
1515620 1436
1515630 1435
1515640 1435
1515650 1433
1515660 1430
1515670 1430
1515680 1427
1515690 1425
1515700 1425
1515710 1420
1515720 1415
1515730 1415
1515740 1408
1515750 1403
1515760 1403
1515770 1399
1515780 1393
1515790 1393
1515800 1389
1515810 1382
1515820 1382
1515830 1375
1515840 1366
1515850 1361
1515860 1361
1515870 1357
1515880 1351
1515890 1351
1515900 1339
1515910 1330
1515920 1330
1515930 1320
1515940 1317
1515950 1317
1515960 1311
1515970 1305
1515980 1305
1515990 1297
1516000 1293
1516010 1293
1516020 1290
1516030 1288
1516040 1288
1516050 1284
1516060 1281
1516070 1281
1516080 1278
1516090 1275
1516100 1275
1516110 1271
1516120 1268
1516130 1265
1516140 1265
1516150 1262
1516160 1258
1516170 1258
1516180 1254
1516190 1250
1516200 1250
1516210 1246
1516220 1241
1516230 1241
1516240 1236
1516250 1234
1516260 1234
1516270 1230
1516280 1225
1516290 1225
1516300 1218
1516310 1212
1516320 1212
1516330 1208
1516340 1204
1516350 1204
1516360 1201
1516370 1200
1516380 1199
1516390 1199
1516400 1199
1516410 1200
1516420 1200
1516430 1200
1516440 1199
1516450 1199
1516460 1199
1516470 1199
1516480 1199
1516490 1199
1516500 1199
1516510 1199
1516520 1199
1516530 1199
1516540 1199
1516550 1199
1516560 1200
1516570 1200
1516580 1200
1516590 1201
1516600 1201
1516610 1202
1516620 1204
1516630 1204
1516640 1206
1516650 1209
1516660 1213
1516670 1213
1516680 1219
1516690 1224
1516700 1224
1516710 1230
1516720 1236
1516730 1236
1516740 1244
1516750 1253
1516760 1253
1516770 1260
1516780 1267
1516790 1267
1516800 1275
1516810 1282
1516820 1282
1516830 1289
1516840 1297
1516850 1297
1516860 1303
1516870 1309
1516880 1309
1516890 1316
1516900 1323
1516910 1323
1516920 1329
1516930 1335
1516940 1343
1516950 1343
1516960 1349
1516970 1356
1516980 1356
1516990 1361
1517000 1368
1517010 1368
1517020 1374
1517030 1380
1517040 1380
1517050 1387
1517060 1394
1517070 1394
1517080 1403
1517090 1411
1517100 1411
1517110 1421
1517120 1432
1517130 1432
1517140 1448
1517150 1461
1517160 1461
1517170 1466
1517180 1474
1517190 1474
1517200 1485
1517210 1494
1517220 1502
1517230 1502
1517240 1509
1517250 1518
1517260 1518
1517270 1526
1517280 1532
1517290 1532
1517300 1539
1517310 1547
1517320 1547
1517330 1556
1517340 1566
1517350 1566
1517360 1574
1517370 1583
1517380 1583
1517390 1593
1517400 1600
1517410 1600
1517420 1609
1517430 1618
1517440 1618
1517450 1626
1517460 1641
1517470 1652
1517480 1652
1517490 1657
1517500 1661
1517510 1661
1517520 1665
1517530 1669
1517540 1669
1517550 1676
1517560 1682
1517570 1682
1517580 1687
1517590 1686
1517600 1686
1517610 1688
1517620 1691
1517630 1691
1517640 1695
1517650 1700
1517660 1700
1517670 1705
1517680 1710
1517690 1710
1517700 1716
1517710 1723
1517720 1723
1517730 1731
1517740 1738
1517750 1744
1517760 1744
1517770 1752
1517780 1758
1517790 1758
1517800 1764
1517810 1770
1517820 1770
1517830 1774
1517840 1779
1517850 1779
1517860 1783
1517870 1788
1517880 1788
1517890 1792
1517900 1795
1517910 1795
1517920 1800
1517930 1806
1517940 1806
1517950 1810
1517960 1816
1517970 1816
1517980 1822
1517990 1829
1518000 1829
1518010 1833
1518020 1839
1518030 1847
1518040 1847
1518050 1856
1518060 1861
1518070 1861
1518080 1864
1518090 1865
1518100 1865
1518110 1867
1518120 1869
1518130 1869
1518140 1870
1518150 1872
1518160 1872
1518170 1874
1518180 1876
1518190 1876
1518200 1878
1518210 1880
1518220 1880
1518230 1882
1518240 1884
1518250 1884
1518260 1886
1518270 1889
1518280 1891
1518290 1891
1518300 1893
1518310 1895
1518320 1895
1518330 1897
1518340 1899
1518350 1899
1518360 1901
1518370 1907
1518380 1907
1518390 1912
1518400 1917
1518410 1917
1518420 1921
1518430 1927
1518440 1927
1518450 1932
1518460 1937
1518470 1937
1518480 1941
1518490 1947
1518500 1947
1518510 1951
1518520 1958
1518530 1958
1518540 1962
1518550 1967
1518560 1972
1518570 1972
1518580 1976
1518590 1980
1518600 1980
1518610 1984
1518620 1988
1518630 1988
1518640 1992
1518650 1995
1518660 1995
1518670 1999
1518680 2001
1518690 2001
1518700 2004
1518710 2007
1518720 2007
1518730 2012
1518740 2015
1518750 2015
1518760 2018
1518770 2021
1518780 2021
1518790 2022
1518800 2023
1518810 2023
1518820 2023
1518830 2023
1518840 2024
1518850 2024
1518860 2027
1518870 2030
1518880 2030
1518890 2033
1518900 2035
1518910 2035
1518920 2038
1518930 2041
1518940 2041
1518950 2044
1518960 2048
1518970 2048
1518980 2051
1518990 2054
1519000 2054
1519010 2059
1519020 2064
1519030 2064
1519040 2067
1519050 2072
1519060 2072
1519070 2078
1519080 2083
1519090 2083
1519100 2088
1519110 2094
1519120 2100
1519130 2100
1519140 2105
1519150 2109
1519160 2109
1519170 2113
1519180 2117
1519190 2117
1519200 2121
1519210 2125
1519220 2125
1519230 2128
1519240 2131
1519250 2131
1519260 2135
1519270 2139
1519280 2139
1519290 2143
1519300 2147
1519310 2147
1519320 2152
1519330 2156
1519340 2156
1519350 2160
1519360 2164
1519370 2167
1519380 2167
1519390 2169
1519400 2168
1519410 2168
1519420 2162
1519430 2147
1519440 2147
1519450 2133
1519460 2122
1519470 2122
1519480 2110
1519490 2101
1519500 2101
1519510 2090
1519520 2078
1519530 2078
1519540 2069
1519550 2062
1519560 2062
1519570 2055
1519580 2049
1519590 2049
1519600 2044
1519610 2038
1519620 2038
1519630 2034
1519640 2031
1519650 2029
1519660 2029
1519670 2028
1519680 2026
1519690 2026
1519700 2026
1519710 2026
1519720 2026
1519730 2027
1519740 2026
1519750 2026
1519760 2024
1519770 2022
1519780 2022
1519790 2019
1519800 2016
1519810 2016
1519820 2012
1519830 2006
1519840 2006
1519850 2001
1519860 1996
1519870 1996
1519880 1990
1519890 1981
1519900 1981
1519910 1974
1519920 1966
1519930 1960
1519940 1960
1519950 1953
1519960 1948
1519970 1948
1519980 1943
1519990 1938
