1500000 1717
1500010 1714
1500020 1710
1500030 1710
1500040 1706
1500050 1705
1500060 1705
1500070 1704
1500080 1702
1500090 1699
1500100 1699
1500110 1695
1500120 1692
1500130 1692
1500140 1690
1500150 1689
1500160 1689
1500170 1686
1500180 1682
1500190 1682
1500200 1681
1500210 1682
1500220 1682
1500230 1683
1500240 1683
1500250 1683
1500260 1682
1500270 1680
1500280 1680
1500290 1676
1500300 1674
1500310 1674
1500320 1674
1500330 1673
1500340 1673
1500350 1673
1500360 1672
1500370 1671
1500380 1671
1500390 1669
1500400 1669
1500410 1669
1500420 1671
1500430 1669
1500440 1669
1500450 1668
1500460 1666
1500470 1666
1500480 1666
1500490 1666
1500500 1666
1500510 1667
1500520 1668
1500530 1668
1500540 1668
1500550 1669
1500560 1669
1500570 1670
1500580 1670
1500590 1670
1500600 1672
1500610 1674
1500620 1676
1500630 1676
1500640 1679
1500650 1681
1500660 1681
1500670 1682
1500680 1683
1500690 1683
1500700 1683
1500710 1684
1500720 1684
1500730 1684
1500740 1684
1500750 1684
1500760 1684
1500770 1685
1500780 1685
1500790 1686
1500800 1687
1500810 1687
1500820 1688
1500830 1689
1500840 1689
1500850 1690
1500860 1692
1500870 1692
1500880 1693
1500890 1694
1500900 1693
1500910 1693
1500920 1690
1500930 1686
1500940 1686
1500950 1682
1500960 1679
1500970 1679
1500980 1675
1500990 1670
1501000 1670
1501010 1665
1501020 1661
1501030 1661
1501040 1657
1501050 1650
1501060 1650
1501070 1642
1501080 1638
1501090 1638
1501100 1636
1501110 1634
1501120 1634
1501130 1628
1501140 1622
1501150 1622
1501160 1617
1501170 1613
1501180 1609
1501190 1609
1501200 1606
1501210 1601
1501220 1601
1501230 1596
1501240 1591
1501250 1591
1501260 1587
1501270 1581
1501280 1581
1501290 1573
1501300 1567
1501310 1567
1501320 1562
1501330 1557
1501340 1557
1501350 1552
1501360 1549
1501370 1549
1501380 1547
1501390 1545
1501400 1545
1501410 1543
1501420 1541
1501430 1541
1501440 1538
1501450 1534
1501460 1532
1501470 1532
1501480 1529
1501490 1527
1501500 1527
1501510 1527
1501520 1527
1501530 1527
1501540 1525
1501550 1524
1501560 1524
1501570 1523
1501580 1521
1501590 1521
1501600 1518
1501610 1514
1501620 1514
1501630 1510
1501640 1506
1501650 1506
1501660 1503
1501670 1499
1501680 1499
1501690 1496
1501700 1492
1501710 1489
1501720 1489
1501730 1486
1501740 1483
1501750 1483
1501760 1479
1501770 1476
1501780 1476
1501790 1473
1501800 1470
1501810 1470
1501820 1468
1501830 1465
1501840 1465
1501850 1462
1501860 1461
1501870 1461
1501880 1462
1501890 1460
1501900 1460
1501910 1457
1501920 1455
1501930 1455
1501940 1452
1501950 1448
1501960 1448
1501970 1445
1501980 1441
1501990 1436
1502000 1436
1502010 1431
1502020 1426
1502030 1426
1502040 1421
1502050 1417
1502060 1417
1502070 1414
1502080 1411
1502090 1411
1502100 1407
1502110 1402
1502120 1402
1502130 1396
1502140 1391
1502150 1391
1502160 1386
1502170 1381
1502180 1381
1502190 1377
1502200 1373
1502210 1373
1502220 1367
1502230 1361
1502240 1361
1502250 1357
1502260 1351
1502270 1347
1502280 1347
1502290 1344
1502300 1341
1502310 1341
1502320 1339
1502330 1334
1502340 1334
1502350 1330
1502360 1326
1502370 1326
1502380 1321
1502390 1317
1502400 1317
1502410 1313
1502420 1309
1502430 1309
1502440 1305
1502450 1301
1502460 1301
1502470 1296
1502480 1290
1502490 1290
1502500 1285
1502510 1279
1502520 1279
1502530 1274
1502540 1269
1502550 1264
1502560 1264
1502570 1259
1502580 1254
1502590 1254
1502600 1248
1502610 1243
1502620 1243
1502630 1237
1502640 1232
1502650 1232
1502660 1228
1502670 1224
1502680 1224
1502690 1218
1502700 1212
1502710 1212
1502720 1207
1502730 1202
1502740 1202
1502750 1198
1502760 1194
1502770 1194
1502780 1190
1502790 1184
1502800 1184
1502810 1176
1502820 1169
1502830 1162
1502840 1162
1502850 1156
1502860 1149
1502870 1149
1502880 1141
1502890 1133
1502900 1133
1502910 1125
1502920 1117
1502930 1117
1502940 1109
1502950 1100
1502960 1100
1502970 1093
1502980 1086
1502990 1086
1503000 1078
1503010 1070
1503020 1070
1503030 1063
1503040 1055
1503050 1055
1503060 1048
1503070 1041
1503080 1034
1503090 1034
1503100 1028
1503110 1021
1503120 1021
1503130 1015
1503140 1009
1503150 1009
1503160 1003
1503170 997
1503180 997
1503190 990
1503200 985
1503210 985
1503220 981
1503230 975
1503240 975
1503250 969
1503260 963
1503270 963
1503280 957
1503290 953
1503300 953
1503310 950
1503320 947
1503330 947
1503340 944
1503350 940
1503360 939
1503370 939
1503380 938
1503390 937
1503400 937
1503410 936
1503420 935
1503430 935
1503440 935
1503450 934
1503460 934
1503470 934
1503480 934
1503490 934
1503500 934
1503510 934
1503520 934
1503530 934
1503540 934
1503550 934
1503560 933
1503570 933
1503580 933
1503590 933
1503600 933
1503610 933
1503620 933
1503630 933
1503640 932
1503650 932
1503660 932
1503670 932
1503680 932
1503690 932
1503700 932
1503710 932
1503720 932
1503730 932
1503740 932
1503750 932
1503760 931
1503770 931
1503780 933
1503790 934
1503800 934
1503810 934
1503820 935
1503830 935
1503840 937
1503850 940
1503860 940
1503870 943
1503880 946
1503890 946
1503900 952
1503910 957
1503920 960
1503930 960
1503940 965
1503950 970
1503960 970
1503970 975
1503980 979
1503990 979
1504000 983
1504010 987
1504020 987
1504030 992
1504040 996
1504050 996
1504060 999
1504070 1003
1504080 1003
1504090 1006
1504100 1010
1504110 1010
1504120 1014
1504130 1016
1504140 1016
1504150 1020
1504160 1024
1504170 1029
1504180 1029
1504190 1033
1504200 1039
1504210 1039
1504220 1045
1504230 1052
1504240 1052
1504250 1060
1504260 1066
1504270 1066
1504280 1074
1504290 1081
1504300 1081
1504310 1089
1504320 1096
1504330 1096
1504340 1103
1504350 1110
1504360 1110
1504370 1117
1504380 1125
1504390 1125
1504400 1133
1504410 1141
1504420 1141
1504430 1149
1504440 1159
1504450 1167
1504460 1167
1504470 1175
1504480 1182
1504490 1182
1504500 1190
1504510 1198
1504520 1198
1504530 1206
1504540 1214
1504550 1214
1504560 1222
1504570 1228
1504580 1228
1504590 1236
1504600 1245
1504610 1245
1504620 1255
1504630 1262
1504640 1262
1504650 1267
1504660 1272
1504670 1272
1504680 1281
1504690 1290
1504700 1290
1504710 1296
1504720 1298
1504730 1301
1504740 1301
1504750 1305
1504760 1310
1504770 1310
1504780 1315
1504790 1320
1504800 1320
1504810 1324
1504820 1327
1504830 1327
1504840 1330
1504850 1333
1504860 1333
1504870 1334
1504880 1334
1504890 1334
1504900 1336
1504910 1342
1504920 1342
1504930 1347
1504940 1353
1504950 1353
1504960 1360
1504970 1368
1504980 1368
1504990 1375
1505000 1379
1505010 1383
1505020 1383
1505030 1388
1505040 1391
1505050 1391
1505060 1397
1505070 1403
1505080 1403
1505090 1407
1505100 1411
1505110 1411
1505120 1415
1505130 1418
1505140 1418
1505150 1423
1505160 1429
1505170 1429
1505180 1433
1505190 1436
1505200 1436
1505210 1441
1505220 1447
1505230 1447
1505240 1453
1505250 1459
1505260 1459
1505270 1465
1505280 1472
1505290 1477
1505300 1477
1505310 1484
1505320 1496
1505330 1496
1505340 1503
1505350 1501
1505360 1501
1505370 1503
1505380 1508
1505390 1508
1505400 1515
1505410 1519
1505420 1519
1505430 1523
1505440 1528
1505450 1528
1505460 1532
1505470 1532
1505480 1532
1505490 1535
1505500 1539
1505510 1539
1505520 1547
1505530 1553
1505540 1558
1505550 1558
1505560 1561
1505570 1566
1505580 1566
1505590 1570
1505600 1574
1505610 1574
1505620 1577
1505630 1579
1505640 1577
1505650 1582
1505660 1588
1505670 1588
1505680 1592
1505690 1595
1505700 1595
1505710 1598
1505720 1600
1505730 1600
1505740 1601
1505750 1603
1505760 1603
1505770 1606
1505780 1609
1505790 1609
1505800 1613
1505810 1617
1505820 1618
1505830 1618
1505840 1621
1505850 1627
1505860 1627
1505870 1631
1505880 1635
1505890 1635
1505900 1640
1505910 1644
1505920 1644
1505930 1647
1505940 1650
1505950 1650
1505960 1654
1505970 1657
1505980 1657
1505990 1662
1506000 1669
1506010 1669
1506020 1676
1506030 1683
1506040 1683
1506050 1689
1506060 1698
1506070 1698
1506080 1705
1506090 1706
1506100 1707
1506110 1707
1506120 1706
1506130 1707
1506140 1707
1506150 1707
1506160 1707
1506170 1707
1506180 1706
1506190 1706
1506200 1706
1506210 1708
1506220 1709
1506230 1709
1506240 1710
1506250 1711
1506260 1711
1506270 1713
1506280 1714
1506290 1714
1506300 1715
1506310 1716
1506320 1716
1506330 1717
1506340 1719
1506350 1719
1506360 1721
1506370 1723
1506380 1726
1506390 1726
1506400 1730
1506410 1736
1506420 1736
1506430 1741
1506440 1748
1506450 1748
1506460 1757
1506470 1764
1506480 1764
1506490 1769
1506500 1775
1506510 1775
1506520 1781
1506530 1787
1506540 1787
1506550 1793
1506560 1800
1506570 1800
1506580 1807
1506590 1813
1506600 1813
1506610 1819
1506620 1824
1506630 1830
1506640 1830
1506650 1836
1506660 1842
1506670 1842
1506680 1847
1506690 1852
1506700 1852
1506710 1859
1506720 1870
1506730 1870
1506740 1882
1506750 1893
1506760 1893
1506770 1899
1506780 1901
1506790 1901
1506800 1905
1506810 1908
1506820 1908
1506830 1914
1506840 1915
1506850 1915
1506860 1916
1506870 1921
1506880 1921
1506890 1926
1506900 1930
1506910 1933
1506920 1933
1506930 1936
1506940 1937
1506950 1937
1506960 1942
1506970 1947
1506980 1947
1506990 1949
1507000 1951
1507010 1951
1507020 1953
1507030 1956
1507040 1956
1507050 1956
1507060 1952
1507070 1952
1507080 1943
1507090 1934
1507100 1934
1507110 1927
1507120 1918
1507130 1918
1507140 1909
1507150 1903
1507160 1903
1507170 1899
1507180 1895
1507190 1892
1507200 1892
1507210 1889
1507220 1886
1507230 1886
1507240 1884
1507250 1881
1507260 1881
1507270 1877
1507280 1874
1507290 1874
1507300 1875
1507310 1875
1507320 1875
1507330 1876
1507340 1876
1507350 1876
1507360 1876
1507370 1877
1507380 1877
1507390 1877
1507400 1878
1507410 1878
1507420 1881
1507430 1886
1507440 1886
1507450 1889
1507460 1891
1507470 1890
1507480 1890
1507490 1891
1507500 1890
1507510 1890
1507520 1890
1507530 1891
1507540 1891
1507550 1892
1507560 1894
1507570 1894
1507580 1895
1507590 1895
1507600 1895
1507610 1896
1507620 1897
1507630 1897
1507640 1899
1507650 1900
1507660 1900
1507670 1900
1507680 1900
1507690 1900
1507700 1900
1507710 1900
1507720 1900
1507730 1900
1507740 1899
1507750 1899
1507760 1899
1507770 1898
1507780 1898
1507790 1898
1507800 1896
1507810 1893
1507820 1893
1507830 1891
1507840 1889
1507850 1889
1507860 1886
1507870 1883
1507880 1883
1507890 1880
1507900 1878
1507910 1878
1507920 1876
1507930 1873
1507940 1873
1507950 1871
1507960 1868
1507970 1868
1507980 1864
1507990 1861
1508000 1858
1508010 1858
1508020 1855
1508030 1854
1508040 1854
1508050 1853
1508060 1853
1508070 1853
1508080 1853
1508090 1852
1508100 1852
1508110 1852
1508120 1850
1508130 1850
1508140 1848
1508150 1845
1508160 1845
1508170 1842
1508180 1839
1508190 1839
1508200 1834
1508210 1830
1508220 1830
1508230 1828
1508240 1825
1508250 1825
1508260 1821
1508270 1816
1508280 1811
1508290 1811
1508300 1804
1508310 1798
1508320 1798
1508330 1793
1508340 1790
1508350 1790
1508360 1788
1508370 1786
1508380 1786
1508390 1784
1508400 1783
1508410 1783
1508420 1783
1508430 1782
1508440 1782
1508450 1778
1508460 1772
1508470 1772
1508480 1764
1508490 1760
1508500 1760
1508510 1757
1508520 1753
1508530 1753
1508540 1751
1508550 1749
1508560 1747
1508570 1747
1508580 1746
1508590 1745
1508600 1745
1508610 1743
1508620 1741
1508630 1741
1508640 1740
1508650 1740
1508660 1740
1508670 1739
1508680 1737
1508690 1737
1508700 1735
1508710 1732
1508720 1732
1508730 1729
1508740 1727
1508750 1727
1508760 1727
1508770 1726
1508780 1726
1508790 1726
1508800 1725
1508810 1725
1508820 1724
1508830 1723
1508840 1721
1508850 1721
1508860 1718
1508870 1716
1508880 1716
1508890 1713
1508900 1711
1508910 1711
1508920 1708
1508930 1705
1508940 1705
1508950 1701
1508960 1699
1508970 1699
1508980 1697
1508990 1696
1509000 1696
1509010 1694
1509020 1693
1509030 1693
1509040 1692
1509050 1691
1509060 1691
1509070 1690
1509080 1689
1509090 1688
1509100 1688
1509110 1688
1509120 1687
1509130 1687
1509140 1686
1509150 1685
1509160 1685
1509170 1684
1509180 1683
1509190 1683
1509200 1682
1509210 1681
1509220 1681
1509230 1681
1509240 1679
1509250 1679
1509260 1677
1509270 1676
1509280 1676
1509290 1676
1509300 1675
1509310 1675
1509320 1674
1509330 1673
1509340 1673
1509350 1671
1509360 1670
1509370 1667
1509380 1667
1509390 1663
1509400 1661
1509410 1661
1509420 1659
1509430 1657
1509440 1657
1509450 1656
1509460 1654
1509470 1654
1509480 1652
1509490 1650
1509500 1650
1509510 1649
1509520 1645
1509530 1645
1509540 1640
1509550 1637
1509560 1637
1509570 1634
1509580 1632
1509590 1632
1509600 1630
1509610 1627
1509620 1627
1509630 1625
1509640 1622
1509650 1621
1509660 1621
1509670 1620
1509680 1619
1509690 1619
1509700 1616
1509710 1615
1509720 1615
1509730 1614
1509740 1612
1509750 1612
1509760 1609
1509770 1604
1509780 1604
1509790 1598
1509800 1592
1509810 1592
1509820 1589
1509830 1586
1509840 1586
1509850 1583
1509860 1580
1509870 1580
1509880 1575
1509890 1570
1509900 1570
1509910 1566
1509920 1562
1509930 1559
1509940 1559
1509950 1556
1509960 1553
1509970 1553
1509980 1551
1509990 1548
1510000 1548
1510010 1546
1510020 1544
1510030 1544
1510040 1541
1510050 1536
1510060 1536
1510070 1537
1510080 1537
1510090 1537
1510100 1537
1510110 1536
1510120 1536
1510130 1535
1510140 1534
1510150 1534
1510160 1532
1510170 1529
1510180 1529
1510190 1526
1510200 1524
1510210 1522
1510220 1522
1510230 1521
1510240 1519
1510250 1519
1510260 1516
1510270 1512
1510280 1512
1510290 1508
1510300 1504
1510310 1504
1510320 1500
1510330 1496
1510340 1496
1510350 1493
1510360 1491
1510370 1491
1510380 1490
1510390 1488
1510400 1488
1510410 1485
1510420 1481
1510430 1481
1510440 1476
1510450 1471
1510460 1466
1510470 1466
1510480 1460
1510490 1455
1510500 1455
1510510 1450
1510520 1443
1510530 1443
1510540 1436
1510550 1429
1510560 1429
1510570 1423
1510580 1417
1510590 1417
1510600 1411
1510610 1405
1510620 1405
1510630 1400
1510640 1394
1510650 1394
1510660 1388
1510670 1383
1510680 1383
1510690 1379
1510700 1374
1510710 1374
1510720 1370
1510730 1366
1510740 1362
1510750 1362
1510760 1358
1510770 1354
1510780 1354
1510790 1349
1510800 1343
1510810 1343
1510820 1337
1510830 1330
1510840 1330
1510850 1323
1510860 1319
1510870 1319
1510880 1313
1510890 1307
1510900 1307
1510910 1302
1510920 1298
1510930 1298
1510940 1293
1510950 1287
1510960 1287
1510970 1280
1510980 1274
1510990 1274
1511000 1267
1511010 1259
1511020 1253
1511030 1253
1511040 1247
1511050 1242
1511060 1242
1511070 1237
1511080 1233
1511090 1233
1511100 1229
1511110 1225
1511120 1225
1511130 1221
1511140 1218
1511150 1218
1511160 1214
1511170 1211
1511180 1211
1511190 1207
1511200 1204
1511210 1204
1511220 1201
1511230 1198
1511240 1198
1511250 1195
1511260 1192
1511270 1192
1511280 1189
1511290 1186
1511300 1184
1511310 1184
1511320 1181
1511330 1176
1511340 1176
1511350 1169
1511360 1168
1511370 1168
1511380 1168
1511390 1168
1511400 1168
1511410 1168
1511420 1167
1511430 1167
1511440 1168
1511450 1169
1511460 1169
1511470 1169
1511480 1169
1511490 1169
1511500 1173
1511510 1177
1511520 1177
1511530 1180
1511540 1184
1511550 1187
1511560 1187
1511570 1191
1511580 1195
1511590 1195
1511600 1200
1511610 1205
1511620 1205
1511630 1210
1511640 1215
1511650 1215
1511660 1220
1511670 1225
1511680 1225
1511690 1230
1511700 1236
1511710 1236
1511720 1242
1511730 1248
1511740 1248
1511750 1254
1511760 1261
1511770 1261
1511780 1266
1511790 1272
1511800 1272
1511810 1278
1511820 1283
1511830 1288
1511840 1288
1511850 1295
1511860 1302
1511870 1302
1511880 1310
1511890 1319
1511900 1319
1511910 1330
1511920 1345
1511930 1345
1511940 1358
1511950 1366
1511960 1366
1511970 1373
1511980 1383
1511990 1383
1512000 1389
1512010 1395
1512020 1395
1512030 1404
1512040 1413
1512050 1413
1512060 1423
1512070 1432
1512080 1432
1512090 1439
1512100 1449
1512110 1462
1512120 1462
1512130 1473
1512140 1484
1512150 1484
1512160 1494
1512170 1505
1512180 1505
1512190 1513
1512200 1519
1512210 1519
1512220 1531
1512230 1545
1512240 1545
1512250 1553
1512260 1562
1512270 1562
1512280 1575
1512290 1587
1512300 1587
1512310 1590
1512320 1591
1512330 1591
1512340 1595
1512350 1600
1512360 1600
1512370 1607
1512380 1613
1512390 1618
1512400 1618
1512410 1624
1512420 1629
1512430 1629
1512440 1634
1512450 1637
1512460 1637
1512470 1641
1512480 1646
1512490 1646
1512500 1652
1512510 1658
1512520 1658
1512530 1663
1512540 1669
1512550 1669
1512560 1674
1512570 1680
1512580 1680
1512590 1683
1512600 1687
1512610 1687
1512620 1690
1512630 1693
1512640 1693
1512650 1696
1512660 1700
1512670 1705
1512680 1705
1512690 1711
1512700 1718
1512710 1718
1512720 1725
1512730 1731
1512740 1731
1512750 1738
1512760 1747
1512770 1747
1512780 1756
1512790 1766
1512800 1766
1512810 1781
1512820 1791
1512830 1791
1512840 1794
1512850 1795
1512860 1795
1512870 1799
1512880 1804
1512890 1804
1512900 1806
1512910 1808
1512920 1808
1512930 1808
1512940 1806
1512950 1804
1512960 1804
1512970 1802
1512980 1800
1512990 1800
1513000 1800
1513010 1802
1513020 1802
1513030 1805
1513040 1809
1513050 1809
1513060 1814
1513070 1820
1513080 1820
1513090 1820
1513100 1820
1513110 1820
1513120 1823
1513130 1828
1513140 1828
1513150 1833
1513160 1836
1513170 1836
1513180 1839
1513190 1843
1513200 1848
1513210 1848
1513220 1855
1513230 1864
1513240 1864
1513250 1869
1513260 1870
1513270 1870
1513280 1873
1513290 1878
1513300 1878
1513310 1883
1513320 1889
1513330 1889
1513340 1896
1513350 1902
1513360 1902
1513370 1906
1513380 1907
1513390 1907
1513400 1909
1513410 1913
1513420 1913
1513430 1916
1513440 1919
1513450 1919
1513460 1923
1513470 1923
1513480 1925
1513490 1925
1513500 1928
1513510 1932
1513520 1932
1513530 1937
1513540 1944
1513550 1944
1513560 1950
1513570 1957
1513580 1957
1513590 1965
1513600 1972
1513610 1972
1513620 1978
1513630 1984
1513640 1984
1513650 1989
1513660 1995
1513670 1995
1513680 2005
1513690 2016
1513700 2016
1513710 2026
1513720 2037
1513730 2037
1513740 2050
1513750 2060
1513760 2067
1513770 2067
1513780 2073
1513790 2080
1513800 2080
1513810 2087
1513820 2088
1513830 2088
1513840 2083
1513850 2076
1513860 2076
1513870 2069
1513880 2062
1513890 2062
1513900 2056
1513910 2049
1513920 2049
1513930 2041
1513940 2032
1513950 2032
1513960 2024
1513970 2016
1513980 2016
1513990 2008
1514000 1999
1514010 1991
1514020 1991
1514030 1984
1514040 1975
1514050 1975
1514060 1967
1514070 1961
1514080 1961
1514090 1952
1514100 1940
1514110 1940
1514120 1930
1514130 1920
1514140 1920
1514150 1913
1514160 1904
1514170 1904
1514180 1896
1514190 1889
1514200 1889
1514210 1882
1514220 1874
1514230 1874
1514240 1867
1514250 1859
1514260 1859
1514270 1852
1514280 1845
1514290 1838
1514300 1838
1514310 1831
1514320 1825
1514330 1825
1514340 1818
1514350 1812
1514360 1812
1514370 1807
1514380 1801
1514390 1801
1514400 1796
1514410 1791
1514420 1791
1514430 1787
1514440 1782
1514450 1782
1514460 1779
1514470 1775
1514480 1775
1514490 1772
1514500 1770
1514510 1770
1514520 1766
1514530 1763
1514540 1763
1514550 1760
1514560 1757
1514570 1753
1514580 1753
1514590 1748
1514600 1743
1514610 1743
1514620 1739
1514630 1736
1514640 1736
1514650 1732
1514660 1728
1514670 1728
1514680 1725
1514690 1721
1514700 1721
1514710 1717
1514720 1715
1514730 1715
1514740 1712
1514750 1708
1514760 1708
1514770 1704
1514780 1700
1514790 1700
1514800 1694
1514810 1686
1514820 1686
1514830 1677
1514840 1671
1514850 1664
1514860 1664
1514870 1661
1514880 1658
1514890 1658
1514900 1657
1514910 1655
1514920 1655
1514930 1650
1514940 1647
1514950 1647
1514960 1645
1514970 1641
1514980 1641
1514990 1636
1515000 1629
1515010 1629
1515020 1623
1515030 1619
1515040 1619
1515050 1616
1515060 1610
1515070 1610
1515080 1605
1515090 1600
1515100 1595
1515110 1595
1515120 1590
1515130 1585
1515140 1585
1515150 1579
1515160 1573
1515170 1573
1515180 1566
1515190 1562
1515200 1562
1515210 1558
1515220 1555
1515230 1555
1515240 1552
1515250 1548
1515260 1548
1515270 1546
1515280 1544
1515290 1544
1515300 1543
1515310 1540
1515320 1540
1515330 1535
1515340 1529
1515350 1529
1515360 1525
1515370 1520
1515380 1515
1515390 1515
1515400 1512
1515410 1507
1515420 1507
1515430 1500
1515440 1497
1515450 1497
1515460 1489
1515470 1483
1515480 1483
1515490 1477
1515500 1471
1515510 1471
1515520 1466
1515530 1461
1515540 1461
1515550 1455
1515560 1451
1515570 1451
1515580 1447
1515590 1444
1515600 1444
1515610 1441
1515620 1441
1515630 1441
1515640 1440
1515650 1437
1515660 1423
1515670 1423
1515680 1406
1515690 1398
1515700 1398
1515710 1389
1515720 1375
1515730 1375
1515740 1364
1515750 1355
1515760 1355
1515770 1345
1515780 1341
1515790 1341
1515800 1334
1515810 1330
1515820 1330
1515830 1327
1515840 1324
1515850 1324
1515860 1321
1515870 1318
1515880 1318
1515890 1315
1515900 1312
1515910 1312
1515920 1309
1515930 1306
1515940 1301
1515950 1301
1515960 1297
1515970 1294
1515980 1294
1515990 1291
1516000 1288
1516010 1288
1516020 1286
1516030 1283
1516040 1283
1516050 1280
1516060 1277
1516070 1277
1516080 1274
1516090 1270
1516100 1270
1516110 1266
1516120 1260
1516130 1260
1516140 1258
1516150 1253
1516160 1253
1516170 1249
1516180 1243
1516190 1243
1516200 1237
1516210 1231
1516220 1226
1516230 1226
1516240 1222
1516250 1218
1516260 1218
1516270 1214
1516280 1209
1516290 1209
1516300 1205
1516310 1202
1516320 1202
1516330 1199
1516340 1197
1516350 1197
1516360 1196
1516370 1196
1516380 1196
1516390 1196
1516400 1196
1516410 1196
1516420 1197
1516430 1199
1516440 1199
1516450 1202
1516460 1208
1516470 1214
1516480 1214
1516490 1218
1516500 1222
1516510 1222
1516520 1226
1516530 1230
1516540 1230
1516550 1238
1516560 1244
1516570 1244
1516580 1251
1516590 1256
1516600 1256
1516610 1261
1516620 1266
1516630 1266
1516640 1269
1516650 1273
1516660 1273
1516670 1281
1516680 1287
1516690 1287
1516700 1294
1516710 1301
1516720 1301
1516730 1306
1516740 1311
1516750 1317
1516760 1317
1516770 1322
1516780 1327
1516790 1327
1516800 1332
1516810 1338
1516820 1338
1516830 1342
1516840 1347
1516850 1347
1516860 1352
1516870 1357
1516880 1357
1516890 1361
1516900 1366
1516910 1366
1516920 1371
1516930 1376
1516940 1376
1516950 1380
1516960 1386
1516970 1386
1516980 1391
1516990 1395
1517000 1395
1517010 1400
1517020 1404
1517030 1411
1517040 1411
1517050 1417
1517060 1423
1517070 1423
1517080 1427
1517090 1431
1517100 1431
1517110 1436
1517120 1443
1517130 1443
1517140 1450
1517150 1459
1517160 1459
1517170 1467
1517180 1474
1517190 1474
1517200 1480
1517210 1486
1517220 1486
1517230 1492
1517240 1498
1517250 1498
1517260 1504
1517270 1511
1517280 1511
1517290 1515
1517300 1517
1517310 1519
1517320 1519
1517330 1523
1517340 1523
1517350 1523
1517360 1529
1517370 1535
1517380 1535
1517390 1540
1517400 1546
1517410 1546
1517420 1553
1517430 1559
1517440 1559
1517450 1563
1517460 1569
1517470 1569
1517480 1575
1517490 1581
1517500 1581
1517510 1588
1517520 1592
1517530 1592
1517540 1597
1517550 1605
1517560 1612
1517570 1612
1517580 1621
1517590 1631
1517600 1631
1517610 1641
1517620 1649
1517630 1649
1517640 1655
1517650 1662
1517660 1662
1517670 1666
1517680 1670
1517690 1670
1517700 1674
1517710 1679
1517720 1679
1517730 1682
1517740 1689
1517750 1689
1517760 1694
1517770 1694
1517780 1694
1517790 1697
1517800 1703
1517810 1703
1517820 1709
1517830 1712
1517840 1716
1517850 1716
1517860 1721
1517870 1725
1517880 1725
1517890 1728
1517900 1732
1517910 1732
1517920 1738
1517930 1744
1517940 1744
1517950 1749
1517960 1752
1517970 1752
1517980 1755
1517990 1758
1518000 1758
1518010 1760
1518020 1765
1518030 1765
1518040 1772
1518050 1779
1518060 1779
1518070 1784
1518080 1794
1518090 1794
1518100 1804
1518110 1814
1518120 1824
1518130 1824
1518140 1832
1518150 1839
1518160 1839
1518170 1844
1518180 1849
1518190 1849
1518200 1855
1518210 1860
1518220 1860
1518230 1866
1518240 1873
1518250 1873
1518260 1879
1518270 1885
1518280 1885
1518290 1892
1518300 1896
1518310 1896
1518320 1898
1518330 1900
1518340 1900
1518350 1900
1518360 1902
1518370 1902
1518380 1905
1518390 1907
1518400 1911
1518410 1911
1518420 1916
1518430 1920
1518440 1920
1518450 1923
1518460 1925
1518470 1925
1518480 1926
1518490 1928
1518500 1928
1518510 1930
1518520 1933
1518530 1933
1518540 1935
1518550 1939
1518560 1939
1518570 1944
1518580 1949
1518590 1949
1518600 1955
1518610 1958
1518620 1958
1518630 1959
1518640 1959
1518650 1959
1518660 1959
1518670 1958
1518680 1956
1518690 1956
1518700 1954
1518710 1957
1518720 1957
1518730 1961
1518740 1962
1518750 1962
1518760 1965
1518770 1968
1518780 1968
1518790 1971
1518800 1973
1518810 1973
1518820 1975
1518830 1979
1518840 1979
1518850 1985
1518860 1991
1518870 1991
1518880 1997
1518890 2004
1518900 2004
1518910 2011
1518920 2018
1518930 2026
1518940 2026
1518950 2033
1518960 2041
1518970 2041
1518980 2050
1518990 2059
1519000 2059
1519010 2068
1519020 2075
1519030 2075
1519040 2077
1519050 2079
1519060 2079
1519070 2077
1519080 2073
1519090 2073
1519100 2069
1519110 2065
1519120 2065
1519130 2060
1519140 2054
1519150 2054
1519160 2047
1519170 2040
1519180 2040
1519190 2035
1519200 2030
1519210 2028
1519220 2028
1519230 2028
1519240 2029
1519250 2029
1519260 2028
1519270 2027
1519280 2027
1519290 2027
1519300 2027
1519310 2023
1519320 2024
1519330 2026
1519340 2026
1519350 2029
1519360 2030
1519370 2030
1519380 2030
1519390 2031
1519400 2031
1519410 2031
1519420 2034
1519430 2034
1519440 2039
1519450 2045
1519460 2045
1519470 2051
1519480 2054
1519490 2057
1519500 2057
1519510 2059
1519520 2060
1519530 2060
1519540 2063
1519550 2066
1519560 2066
1519570 2070
1519580 2076
1519590 2076
1519600 2081
1519610 2087
1519620 2087
1519630 2095
1519640 2104
1519650 2104
1519660 2112
1519670 2116
1519680 2116
1519690 2113
1519700 2106
1519710 2106
1519720 2095
1519730 2083
1519740 2083
1519750 2072
1519760 2061
1519770 2052
1519780 2052
1519790 2037
1519800 2025
1519810 2025
1519820 2015
1519830 2005
1519840 2005
1519850 1996
1519860 1987
1519870 1987
1519880 1976
1519890 1964
1519900 1964
1519910 1958
1519920 1955
1519930 1955
1519940 1956
1519950 1955
1519960 1955
1519970 1955
1519980 1951
1519990 1951
