1500000 1632
1500010 1632
1500020 1632
1500030 1633
1500040 1633
1500050 1633
1500060 1633
1500070 1633
1500080 1634
1500090 1634
1500100 1634
1500110 1634
1500120 1634
1500130 1633
1500140 1632
1500150 1632
1500160 1630
1500170 1628
1500180 1628
1500190 1625
1500200 1624
1500210 1624
1500220 1623
1500230 1621
1500240 1621
1500250 1619
1500260 1615
1500270 1615
1500280 1610
1500290 1603
1500300 1603
1500310 1595
1500320 1587
1500330 1587
1500340 1581
1500350 1575
1500360 1572
1500370 1572
1500380 1569
1500390 1568
1500400 1568
1500410 1567
1500420 1566
1500430 1566
1500440 1565
1500450 1565
1500460 1565
1500470 1564
1500480 1563
1500490 1563
1500500 1561
1500510 1559
1500520 1559
1500530 1557
1500540 1554
1500550 1554
1500560 1552
1500570 1550
1500580 1550
1500590 1549
1500600 1546
1500610 1546
1500620 1542
1500630 1538
1500640 1536
1500650 1536
1500660 1532
1500670 1528
1500680 1528
1500690 1524
1500700 1521
1500710 1521
1500720 1517
1500730 1514
1500740 1514
1500750 1511
1500760 1508
1500770 1508
1500780 1504
1500790 1500
1500800 1500
1500810 1498
1500820 1498
1500830 1498
1500840 1499
1500850 1500
1500860 1500
1500870 1500
1500880 1496
1500890 1496
1500900 1493
1500910 1490
1500920 1487
1500930 1487
1500940 1484
1500950 1481
1500960 1481
1500970 1480
1500980 1479
1500990 1479
1501000 1478
1501010 1478
1501020 1478
1501030 1477
1501040 1476
1501050 1476
1501060 1475
1501070 1474
1501080 1474
1501090 1472
1501100 1470
1501110 1470
1501120 1467
1501130 1464
1501140 1464
1501150 1462
1501160 1461
1501170 1461
1501180 1460
1501190 1458
1501200 1454
1501210 1454
1501220 1449
1501230 1443
1501240 1443
1501250 1436
1501260 1427
1501270 1427
1501280 1422
1501290 1418
1501300 1418
1501310 1415
1501320 1410
1501330 1410
1501340 1407
1501350 1404
1501360 1404
1501370 1401
1501380 1399
1501390 1399
1501400 1397
1501410 1395
1501420 1395
1501430 1392
1501440 1389
1501450 1387
1501460 1387
1501470 1383
1501480 1379
1501490 1379
1501500 1376
1501510 1374
1501520 1374
1501530 1370
1501540 1367
1501550 1367
1501560 1363
1501570 1360
1501580 1360
1501590 1357
1501600 1353
1501610 1353
1501620 1349
1501630 1346
1501640 1346
1501650 1342
1501660 1338
1501670 1338
1501680 1334
1501690 1330
1501700 1330
1501710 1327
1501720 1323
1501730 1320
1501740 1320
1501750 1316
1501760 1312
1501770 1312
1501780 1307
1501790 1301
1501800 1301
1501810 1295
1501820 1290
1501830 1290
1501840 1284
1501850 1277
1501860 1277
1501870 1270
1501880 1263
1501890 1263
1501900 1257
1501910 1253
1501920 1253
1501930 1249
1501940 1243
1501950 1243
1501960 1238
1501970 1233
1501980 1233
1501990 1228
1502000 1224
1502010 1219
1502020 1219
1502030 1214
1502040 1210
1502050 1210
1502060 1205
1502070 1199
1502080 1199
1502090 1192
1502100 1184
1502110 1184
1502120 1176
1502130 1169
1502140 1169
1502150 1161
1502160 1153
1502170 1153
1502180 1147
1502190 1142
1502200 1142
1502210 1136
1502220 1132
1502230 1132
1502240 1128
1502250 1123
1502260 1123
1502270 1118
1502280 1113
1502290 1112
1502300 1112
1502310 1109
1502320 1106
1502330 1106
1502340 1103
1502350 1099
1502360 1099
1502370 1091
1502380 1082
1502390 1082
1502400 1073
1502410 1065
1502420 1065
1502430 1059
1502440 1052
1502450 1052
1502460 1044
1502470 1035
1502480 1035
1502490 1028
1502500 1022
1502510 1022
1502520 1014
1502530 1008
1502540 1008
1502550 1001
1502560 995
1502570 989
1502580 989
1502590 983
1502600 978
1502610 978
1502620 972
1502630 966
1502640 966
1502650 960
1502660 954
1502670 954
1502680 948
1502690 941
1502700 941
1502710 937
1502720 934
1502730 934
1502740 933
1502750 932
1502760 932
1502770 931
1502780 929
1502790 929
1502800 928
1502810 926
1502820 926
1502830 922
1502840 918
1502850 914
1502860 914
1502870 909
1502880 906
1502890 906
1502900 904
1502910 902
1502920 902
1502930 902
1502940 902
1502950 902
1502960 904
1502970 906
1502980 906
1502990 906
1503000 908
1503010 908
1503020 912
1503030 917
1503040 917
1503050 920
1503060 916
1503070 916
1503080 910
1503090 903
1503100 903
1503110 899
1503120 899
1503130 898
1503140 898
1503150 897
1503160 900
1503170 900
1503180 901
1503190 904
1503200 904
1503210 910
1503220 918
1503230 918
1503240 921
1503250 923
1503260 923
1503270 925
1503280 926
1503290 926
1503300 928
1503310 930
1503320 930
1503330 932
1503340 934
1503350 934
1503360 936
1503370 937
1503380 937
1503390 939
1503400 941
1503410 943
1503420 943
1503430 945
1503440 947
1503450 947
1503460 950
1503470 952
1503480 952
1503490 955
1503500 957
1503510 957
1503520 959
1503530 961
1503540 961
1503550 963
1503560 966
1503570 966
1503580 968
1503590 971
1503600 971
1503610 973
1503620 976
1503630 976
1503640 978
1503650 981
1503660 981
1503670 984
1503680 987
1503690 990
1503700 990
1503710 993
1503720 996
1503730 996
1503740 1000
1503750 1004
1503760 1004
1503770 1005
1503780 1008
1503790 1008
1503800 1012
1503810 1016
1503820 1016
1503830 1020
1503840 1024
1503850 1024
1503860 1027
1503870 1032
1503880 1032
1503890 1036
1503900 1040
1503910 1040
1503920 1044
1503930 1048
1503940 1048
1503950 1052
1503960 1055
1503970 1060
1503980 1060
1503990 1064
1504000 1069
1504010 1069
1504020 1074
1504030 1079
1504040 1079
1504050 1085
1504060 1091
1504070 1091
1504080 1097
1504090 1104
1504100 1104
1504110 1111
1504120 1118
1504130 1118
1504140 1125
1504150 1131
1504160 1131
1504170 1137
1504180 1144
1504190 1144
1504200 1150
1504210 1156
1504220 1156
1504230 1162
1504240 1169
1504250 1175
1504260 1175
1504270 1180
1504280 1185
1504290 1185
1504300 1190
1504310 1195
1504320 1195
1504330 1199
1504340 1203
1504350 1203
1504360 1208
1504370 1212
1504380 1212
1504390 1216
1504400 1219
1504410 1219
1504420 1224
1504430 1228
1504440 1228
1504450 1232
1504460 1237
1504470 1237
1504480 1240
1504490 1241
1504500 1241
1504510 1243
1504520 1245
1504530 1246
1504540 1246
1504550 1249
1504560 1254
1504570 1254
1504580 1258
1504590 1263
1504600 1263
1504610 1268
1504620 1273
1504630 1273
1504640 1276
1504650 1279
1504660 1279
1504670 1283
1504680 1285
1504690 1285
1504700 1287
1504710 1289
1504720 1289
1504730 1293
1504740 1296
1504750 1296
1504760 1300
1504770 1304
1504780 1304
1504790 1308
1504800 1312
1504810 1315
1504820 1315
1504830 1320
1504840 1325
1504850 1325
1504860 1330
1504870 1332
1504880 1332
1504890 1336
1504900 1340
1504910 1340
1504920 1344
1504930 1347
1504940 1347
1504950 1350
1504960 1353
1504970 1353
1504980 1357
1504990 1361
1505000 1361
1505010 1364
1505020 1367
1505030 1367
1505040 1371
1505050 1374
1505060 1374
1505070 1377
1505080 1382
1505090 1388
1505100 1388
1505110 1395
1505120 1401
1505130 1401
1505140 1408
1505150 1413
1505160 1413
1505170 1418
1505180 1422
1505190 1422
1505200 1426
1505210 1430
1505220 1430
1505230 1435
1505240 1439
1505250 1439
1505260 1443
1505270 1448
1505280 1448
1505290 1453
1505300 1457
1505310 1457
1505320 1461
1505330 1466
1505340 1470
1505350 1470
1505360 1473
1505370 1476
1505380 1476
1505390 1479
1505400 1482
1505410 1482
1505420 1485
1505430 1489
1505440 1489
1505450 1491
1505460 1494
1505470 1494
1505480 1496
1505490 1499
1505500 1499
1505510 1503
1505520 1508
1505530 1508
1505540 1513
1505550 1519
1505560 1519
1505570 1524
1505580 1529
1505590 1529
1505600 1533
1505610 1536
1505620 1539
1505630 1539
1505640 1543
1505650 1548
1505660 1548
1505670 1554
1505680 1561
1505690 1561
1505700 1567
1505710 1574
1505720 1574
1505730 1581
1505740 1589
1505750 1589
1505760 1594
1505770 1598
1505780 1598
1505790 1601
1505800 1604
1505810 1604
1505820 1608
1505830 1613
1505840 1613
1505850 1618
1505860 1622
1505870 1622
1505880 1627
1505890 1631
1505900 1634
1505910 1634
1505920 1639
1505930 1644
1505940 1644
1505950 1649
1505960 1654
1505970 1654
1505980 1659
1505990 1663
1506000 1663
1506010 1668
1506020 1675
1506030 1675
1506040 1682
1506050 1687
1506060 1687
1506070 1691
1506080 1697
1506090 1697
1506100 1703
1506110 1709
1506120 1709
1506130 1716
1506140 1719
1506150 1719
1506160 1723
1506170 1729
1506180 1733
1506190 1733
1506200 1738
1506210 1745
1506220 1745
1506230 1750
1506240 1754
1506250 1754
1506260 1759
1506270 1764
1506280 1764
1506290 1770
1506300 1777
1506310 1777
1506320 1777
1506330 1779
1506340 1779
1506350 1782
1506360 1787
1506370 1787
1506380 1791
1506390 1795
1506400 1795
1506410 1799
1506420 1802
1506430 1802
1506440 1806
1506450 1808
1506460 1811
1506470 1811
1506480 1814
1506490 1817
1506500 1817
1506510 1819
1506520 1822
1506530 1822
1506540 1825
1506550 1827
1506560 1827
1506570 1825
1506580 1824
1506590 1824
1506600 1823
1506610 1822
1506620 1822
1506630 1821
1506640 1821
1506650 1821
1506660 1823
1506670 1824
1506680 1824
1506690 1824
1506700 1823
1506710 1823
1506720 1822
1506730 1821
1506740 1818
1506750 1818
1506760 1816
1506770 1814
1506780 1814
1506790 1812
1506800 1809
1506810 1809
1506820 1806
1506830 1805
1506840 1805
1506850 1804
1506860 1804
1506870 1804
1506880 1804
1506890 1804
1506900 1804
1506910 1804
1506920 1804
1506930 1804
1506940 1806
1506950 1808
1506960 1808
1506970 1811
1506980 1815
1506990 1815
1507000 1819
1507010 1822
1507020 1826
1507030 1826
1507040 1829
1507050 1831
1507060 1831
1507070 1832
1507080 1831
1507090 1831
1507100 1832
1507110 1831
1507120 1831
1507130 1831
1507140 1833
1507150 1833
1507160 1836
1507170 1839
1507180 1839
1507190 1840
1507200 1839
1507210 1839
1507220 1836
1507230 1833
1507240 1833
1507250 1829
1507260 1827
1507270 1827
1507280 1823
1507290 1819
1507300 1816
1507310 1816
1507320 1815
1507330 1813
1507340 1813
1507350 1809
1507360 1801
1507370 1801
1507380 1793
1507390 1788
1507400 1788
1507410 1783
1507420 1780
1507430 1780
1507440 1775
1507450 1771
1507460 1771
1507470 1769
1507480 1762
1507490 1762
1507500 1751
1507510 1744
1507520 1744
1507530 1737
1507540 1733
1507550 1733
1507560 1728
1507570 1725
1507580 1721
1507590 1721
1507600 1717
1507610 1714
1507620 1714
1507630 1713
1507640 1711
1507650 1711
1507660 1707
1507670 1703
1507680 1703
1507690 1701
1507700 1698
1507710 1698
1507720 1696
1507730 1696
1507740 1696
1507750 1694
1507760 1692
1507770 1692
1507780 1690
1507790 1687
1507800 1687
1507810 1684
1507820 1677
1507830 1677
1507840 1670
1507850 1665
1507860 1660
1507870 1660
1507880 1654
1507890 1650
1507900 1650
1507910 1646
1507920 1643
1507930 1643
1507940 1639
1507950 1636
1507960 1636
1507970 1633
1507980 1630
1507990 1630
1508000 1627
1508010 1623
1508020 1623
1508030 1620
1508040 1617
1508050 1617
1508060 1613
1508070 1611
1508080 1611
1508090 1610
1508100 1609
1508110 1609
1508120 1607
1508130 1604
1508140 1603
1508150 1603
1508160 1604
1508170 1606
1508180 1606
1508190 1605
1508200 1603
1508210 1603
1508220 1601
1508230 1600
1508240 1600
1508250 1598
1508260 1597
1508270 1597
1508280 1595
1508290 1593
1508300 1593
1508310 1591
1508320 1590
1508330 1590
1508340 1587
1508350 1585
1508360 1585
1508370 1582
1508380 1581
1508390 1581
1508400 1578
1508410 1576
1508420 1574
1508430 1574
1508440 1571
1508450 1569
1508460 1569
1508470 1567
1508480 1565
1508490 1565
1508500 1564
1508510 1562
1508520 1562
1508530 1560
1508540 1558
1508550 1558
1508560 1556
1508570 1554
1508580 1554
1508590 1554
1508600 1553
1508610 1553
1508620 1552
1508630 1551
1508640 1551
1508650 1549
1508660 1546
1508670 1546
1508680 1544
1508690 1542
1508700 1540
1508710 1540
1508720 1537
1508730 1539
1508740 1539
1508750 1544
1508760 1548
1508770 1548
1508780 1549
1508790 1550
1508800 1550
1508810 1550
1508820 1550
1508830 1550
1508840 1549
1508850 1549
1508860 1549
1508870 1549
1508880 1550
1508890 1550
1508900 1552
1508910 1553
1508920 1553
1508930 1555
1508940 1556
1508950 1556
1508960 1556
1508970 1556
1508980 1555
1508990 1555
1509000 1554
1509010 1554
1509020 1554
1509030 1555
1509040 1556
1509050 1556
1509060 1557
1509070 1558
1509080 1558
1509090 1560
1509100 1562
1509110 1562
1509120 1563
1509130 1564
1509140 1564
1509150 1565
1509160 1567
1509170 1567
1509180 1568
1509190 1568
1509200 1568
1509210 1569
1509220 1569
1509230 1569
1509240 1569
1509250 1569
1509260 1569
1509270 1569
1509280 1569
1509290 1570
1509300 1570
1509310 1571
1509320 1571
1509330 1571
1509340 1572
1509350 1571
1509360 1571
1509370 1570
1509380 1571
1509390 1571
1509400 1570
1509410 1570
1509420 1570
1509430 1570
1509440 1569
1509450 1569
1509460 1567
1509470 1566
1509480 1566
1509490 1562
1509500 1557
1509510 1554
1509520 1554
1509530 1550
1509540 1545
1509550 1545
1509560 1541
1509570 1538
1509580 1538
1509590 1534
1509600 1529
1509610 1529
1509620 1524
1509630 1520
1509640 1520
1509650 1517
1509660 1516
1509670 1516
1509680 1514
1509690 1512
1509700 1512
1509710 1511
1509720 1509
1509730 1509
1509740 1507
1509750 1503
1509760 1503
1509770 1498
1509780 1494
1509790 1489
1509800 1489
1509810 1486
1509820 1481
1509830 1481
1509840 1479
1509850 1475
1509860 1475
1509870 1471
1509880 1469
1509890 1469
1509900 1466
1509910 1464
1509920 1464
1509930 1460
1509940 1457
1509950 1457
1509960 1454
1509970 1451
1509980 1451
1509990 1448
1510000 1445
1510010 1445
1510020 1443
1510030 1441
1510040 1441
1510050 1437
1510060 1434
1510070 1432
1510080 1432
1510090 1429
1510100 1426
1510110 1426
1510120 1423
1510130 1419
1510140 1419
1510150 1416
1510160 1413
1510170 1413
1510180 1410
1510190 1405
1510200 1405
1510210 1401
1510220 1400
1510230 1400
1510240 1397
1510250 1392
1510260 1392
1510270 1387
1510280 1384
1510290 1384
1510300 1382
1510310 1380
1510320 1380
1510330 1378
1510340 1377
1510350 1376
1510360 1376
1510370 1375
1510380 1371
1510390 1371
1510400 1366
1510410 1362
1510420 1362
1510430 1357
1510440 1351
1510450 1351
1510460 1349
1510470 1346
1510480 1346
1510490 1344
1510500 1340
1510510 1340
1510520 1337
1510530 1334
1510540 1334
1510550 1331
1510560 1327
1510570 1327
1510580 1323
1510590 1319
1510600 1319
1510610 1315
1510620 1312
1510630 1308
1510640 1308
1510650 1305
1510660 1302
1510670 1302
1510680 1298
1510690 1293
1510700 1293
1510710 1289
1510720 1285
1510730 1285
1510740 1281
1510750 1277
1510760 1277
1510770 1274
1510780 1272
1510790 1272
1510800 1269
1510810 1265
1510820 1265
1510830 1262
1510840 1258
1510850 1258
1510860 1254
1510870 1250
1510880 1250
1510890 1247
1510900 1243
1510910 1237
1510920 1237
1510930 1231
1510940 1224
1510950 1224
1510960 1218
1510970 1212
1510980 1212
1510990 1206
1511000 1200
1511010 1200
1511020 1193
1511030 1185
1511040 1185
1511050 1178
1511060 1171
1511070 1171
1511080 1164
1511090 1158
1511100 1158
1511110 1152
1511120 1146
1511130 1146
1511140 1141
1511150 1135
1511160 1135
1511170 1130
1511180 1126
1511190 1122
1511200 1122
1511210 1118
1511220 1116
1511230 1116
1511240 1113
1511250 1110
1511260 1110
1511270 1107
1511280 1103
1511290 1103
1511300 1100
1511310 1094
1511320 1094
1511330 1089
1511340 1090
1511350 1090
1511360 1093
1511370 1097
1511380 1097
1511390 1101
1511400 1104
1511410 1104
1511420 1106
1511430 1109
1511440 1109
1511450 1113
1511460 1116
1511470 1119
1511480 1119
1511490 1122
1511500 1126
1511510 1126
1511520 1129
1511530 1132
1511540 1132
1511550 1136
1511560 1140
1511570 1140
1511580 1145
1511590 1150
1511600 1150
1511610 1155
1511620 1160
1511630 1160
1511640 1165
1511650 1171
1511660 1171
1511670 1177
1511680 1183
1511690 1183
1511700 1191
1511710 1198
1511720 1198
1511730 1204
1511740 1211
1511750 1218
1511760 1218
1511770 1225
1511780 1234
1511790 1234
1511800 1247
1511810 1261
1511820 1261
1511830 1271
1511840 1278
1511850 1278
1511860 1292
1511870 1314
1511880 1314
1511890 1324
1511900 1330
1511910 1330
1511920 1336
1511930 1348
1511940 1348
1511950 1363
1511960 1373
1511970 1373
1511980 1378
1511990 1382
1512000 1382
1512010 1385
1512020 1389
1512030 1394
1512040 1394
1512050 1398
1512060 1402
1512070 1402
1512080 1407
1512090 1411
1512100 1411
1512110 1416
1512120 1422
1512130 1422
1512140 1429
1512150 1435
1512160 1435
1512170 1440
1512180 1445
1512190 1445
1512200 1451
1512210 1456
1512220 1456
1512230 1462
1512240 1468
1512250 1468
1512260 1474
1512270 1480
1512280 1480
1512290 1485
1512300 1490
1512310 1495
1512320 1495
1512330 1500
1512340 1505
1512350 1505
1512360 1509
1512370 1514
1512380 1514
1512390 1520
1512400 1526
1512410 1526
1512420 1531
1512430 1537
1512440 1537
1512450 1542
1512460 1547
1512470 1547
1512480 1552
1512490 1557
1512500 1557
1512510 1563
1512520 1568
1512530 1568
1512540 1572
1512550 1575
1512560 1575
1512570 1578
1512580 1584
1512590 1591
1512600 1591
1512610 1598
1512620 1604
1512630 1604
1512640 1609
1512650 1615
1512660 1615
1512670 1621
1512680 1627
1512690 1626
1512700 1631
1512710 1636
1512720 1636
1512730 1642
1512740 1647
1512750 1647
1512760 1653
1512770 1658
1512780 1658
1512790 1663
1512800 1670
1512810 1670
1512820 1676
1512830 1683
1512840 1683
1512850 1690
1512860 1696
1512870 1702
1512880 1702
1512890 1709
1512900 1715
1512910 1715
1512920 1722
1512930 1728
1512940 1728
1512950 1734
1512960 1741
1512970 1741
1512980 1749
1512990 1756
1513000 1756
1513010 1762
1513020 1769
1513030 1769
1513040 1776
1513050 1782
1513060 1782
1513070 1789
1513080 1797
1513090 1797
1513100 1804
1513110 1810
1513120 1810
1513130 1815
1513140 1823
1513150 1830
1513160 1830
1513170 1837
1513180 1845
1513190 1845
1513200 1852
1513210 1857
1513220 1857
1513230 1861
1513240 1864
1513250 1864
1513260 1867
1513270 1871
1513280 1871
1513290 1875
1513300 1880
1513310 1880
1513320 1885
1513330 1890
1513340 1890
1513350 1894
1513360 1898
1513370 1898
1513380 1903
1513390 1908
1513400 1914
1513410 1914
1513420 1920
1513430 1925
1513440 1925
1513450 1931
1513460 1939
1513470 1939
1513480 1943
1513490 1947
1513500 1947
1513510 1955
1513520 1961
1513530 1961
1513540 1968
1513550 1977
1513560 1977
1513570 1985
1513580 1992
1513590 1992
1513600 1999
1513610 2004
1513620 2004
1513630 2010
1513640 2018
1513650 2018
1513660 2025
1513670 2031
1513680 2039
1513690 2039
1513700 2045
1513710 2052
1513720 2052
1513730 2060
1513740 2064
1513750 2064
1513760 2067
1513770 2062
1513780 2062
1513790 2049
1513800 2040
1513810 2040
1513820 2031
1513830 2013
1513840 2013
1513850 2005
1513860 1998
1513870 1998
1513880 1991
1513890 1983
1513900 1983
1513910 1976
1513920 1969
1513930 1969
1513940 1962
1513950 1955
1513960 1949
1513970 1949
1513980 1943
1513990 1939
1514000 1939
1514010 1934
1514020 1930
1514030 1930
1514040 1927
1514050 1923
1514060 1923
1514070 1920
1514080 1918
1514090 1918
1514100 1915
1514110 1913
1514120 1913
1514130 1909
1514140 1906
1514150 1906
1514160 1903
1514170 1900
1514180 1900
1514190 1897
1514200 1894
1514210 1894
1514220 1892
1514230 1891
1514240 1888
1514250 1888
1514260 1886
1514270 1885
1514280 1885
1514290 1885
1514300 1885
1514310 1885
1514320 1883
1514330 1880
1514340 1880
1514350 1880
1514360 1879
1514370 1879
1514380 1878
1514390 1876
1514400 1876
1514410 1872
1514420 1870
1514430 1870
1514440 1868
1514450 1863
1514460 1863
1514470 1859
1514480 1856
1514490 1856
1514500 1852
1514510 1849
1514520 1846
1514530 1846
1514540 1844
1514550 1844
1514560 1844
1514570 1844
1514580 1843
1514590 1843
1514600 1842
1514610 1841
1514620 1841
1514630 1840
1514640 1840
1514650 1840
1514660 1838
1514670 1835
1514680 1835
1514690 1835
1514700 1835
1514710 1835
1514720 1832
1514730 1831
1514740 1831
1514750 1831
1514760 1828
1514770 1828
1514780 1814
1514790 1808
1514800 1797
1514810 1797
1514820 1786
1514830 1781
1514840 1781
1514850 1777
1514860 1772
1514870 1772
1514880 1766
1514890 1761
1514900 1761
1514910 1756
1514920 1754
1514930 1754
1514940 1753
1514950 1753
1514960 1753
1514970 1753
1514980 1752
1514990 1752
1515000 1752
1515010 1751
1515020 1751
1515030 1752
1515040 1753
1515050 1753
1515060 1754
1515070 1755
1515080 1757
1515090 1757
1515100 1759
1515110 1760
1515120 1760
1515130 1760
1515140 1759
1515150 1759
1515160 1758
1515170 1756
1515180 1756
1515190 1753
1515200 1750
1515210 1750
1515220 1745
1515230 1740
1515240 1740
1515250 1737
1515260 1735
1515270 1735
1515280 1733
1515290 1730
1515300 1730
1515310 1728
1515320 1725
1515330 1725
1515340 1724
1515350 1725
1515360 1726
1515370 1726
1515380 1723
1515390 1720
1515400 1720
1515410 1719
1515420 1717
1515430 1717
1515440 1716
1515450 1712
1515460 1712
1515470 1708
1515480 1702
1515490 1702
1515500 1696
1515510 1692
1515520 1692
1515530 1688
1515540 1683
1515550 1683
1515560 1680
1515570 1675
1515580 1675
1515590 1668
1515600 1662
1515610 1662
1515620 1658
1515630 1653
1515640 1645
1515650 1645
1515660 1639
1515670 1633
1515680 1633
1515690 1626
1515700 1617
1515710 1617
1515720 1601
1515730 1592
1515740 1592
1515750 1586
1515760 1579
1515770 1579
1515780 1573
1515790 1567
1515800 1567
1515810 1561
1515820 1554
1515830 1554
1515840 1548
1515850 1540
1515860 1540
1515870 1533
1515880 1527
1515890 1527
1515900 1521
1515910 1515
1515920 1508
1515930 1508
1515940 1502
1515950 1495
1515960 1495
1515970 1491
1515980 1485
1515990 1485
1516000 1478
1516010 1470
1516020 1470
1516030 1464
1516040 1456
1516050 1456
1516060 1450
1516070 1446
1516080 1446
1516090 1439
1516100 1435
1516110 1435
1516120 1429
1516130 1423
1516140 1423
1516150 1416
1516160 1408
1516170 1408
1516180 1401
1516190 1395
1516200 1389
1516210 1389
1516220 1382
1516230 1375
1516240 1375
1516250 1365
1516260 1355
1516270 1355
1516280 1346
1516290 1336
1516300 1336
1516310 1326
1516320 1317
1516330 1317
1516340 1306
1516350 1297
1516360 1297
1516370 1288
1516380 1279
1516390 1279
1516400 1271
1516410 1263
1516420 1263
1516430 1255
1516440 1248
1516450 1248
1516460 1240
1516470 1232
1516480 1224
1516490 1224
1516500 1218
1516510 1211
1516520 1211
1516530 1205
1516540 1199
1516550 1199
1516560 1195
1516570 1189
1516580 1189
1516590 1183
1516600 1178
1516610 1178
1516620 1172
1516630 1167
1516640 1167
1516650 1163
1516660 1159
1516670 1159
1516680 1154
1516690 1150
1516700 1150
1516710 1146
1516720 1142
1516730 1142
1516740 1137
1516750 1134
1516760 1129
1516770 1129
1516780 1125
1516790 1121
1516800 1121
1516810 1122
1516820 1129
1516830 1129
1516840 1134
1516850 1136
1516860 1136
1516870 1138
1516880 1138
1516890 1138
1516900 1139
1516910 1141
1516920 1141
1516930 1143
1516940 1145
1516950 1145
1516960 1147
1516970 1148
1516980 1148
1516990 1149
1517000 1151
1517010 1151
1517020 1153
1517030 1155
1517040 1158
1517050 1158
1517060 1161
1517070 1164
1517080 1164
1517090 1167
1517100 1171
1517110 1171
1517120 1174
1517130 1178
1517140 1178
1517150 1184
1517160 1189
1517170 1189
1517180 1195
1517190 1201
1517200 1201
1517210 1207
1517220 1213
1517230 1213
1517240 1220
1517250 1226
1517260 1226
1517270 1232
1517280 1239
1517290 1246
1517300 1246
1517310 1254
1517320 1262
1517330 1262
1517340 1271
1517350 1280
1517360 1280
1517370 1290
1517380 1300
1517390 1300
1517400 1308
1517410 1316
1517420 1316
1517430 1325
1517440 1333
1517450 1333
1517460 1341
1517470 1350
1517480 1350
1517490 1360
1517500 1371
1517510 1371
1517520 1379
1517530 1390
1517540 1390
1517550 1401
1517560 1409
1517570 1418
1517580 1418
1517590 1428
1517600 1440
1517610 1440
1517620 1449
1517630 1459
1517640 1459
1517650 1467
1517660 1472
1517670 1472
1517680 1478
1517690 1485
1517700 1485
1517710 1492
1517720 1499
1517730 1499
1517740 1505
1517750 1511
1517760 1511
1517770 1516
1517780 1523
1517790 1523
1517800 1531
1517810 1539
1517820 1539
1517830 1545
1517840 1550
1517850 1555
1517860 1555
1517870 1560
1517880 1566
1517890 1566
1517900 1572
1517910 1578
1517920 1578
1517930 1584
1517940 1589
1517950 1589
1517960 1592
1517970 1596
1517980 1596
1517990 1600
1518000 1605
1518010 1605
1518020 1611
1518030 1618
1518040 1618
1518050 1624
1518060 1631
1518070 1631
1518080 1635
1518090 1640
1518100 1640
1518110 1645
1518120 1649
1518130 1653
1518140 1653
1518150 1658
1518160 1662
1518170 1662
1518180 1667
1518190 1672
1518200 1672
1518210 1677
1518220 1681
1518230 1681
1518240 1685
1518250 1689
1518260 1689
1518270 1694
1518280 1698
1518290 1698
1518300 1703
1518310 1708
1518320 1708
1518330 1712
1518340 1718
1518350 1718
1518360 1724
1518370 1731
1518380 1731
1518390 1739
1518400 1746
1518410 1751
1518420 1751
1518430 1756
1518440 1760
1518450 1760
1518460 1764
1518470 1767
1518480 1767
1518490 1771
1518500 1777
1518510 1777
1518520 1782
1518530 1785
1518540 1785
1518550 1788
1518560 1790
1518570 1790
1518580 1793
1518590 1796
1518600 1796
1518610 1798
1518620 1800
1518630 1800
1518640 1802
1518650 1805
1518660 1805
1518670 1808
1518680 1812
1518690 1816
1518700 1816
1518710 1819
1518720 1816
1518730 1816
1518740 1810
1518750 1806
1518760 1806
1518770 1806
1518780 1807
1518790 1807
1518800 1807
1518810 1806
1518820 1806
1518830 1808
1518840 1811
1518850 1811
1518860 1813
1518870 1816
1518880 1816
1518890 1817
1518900 1818
1518910 1818
1518920 1816
1518930 1812
1518940 1812
1518950 1808
1518960 1802
1518970 1795
1518980 1795
1518990 1790
1519000 1785
1519010 1785
1519020 1781
1519030 1777
1519040 1777
1519050 1772
1519060 1768
1519070 1768
1519080 1763
1519090 1760
1519100 1760
1519110 1758
1519120 1754
1519130 1754
1519140 1751
1519150 1747
1519160 1747
1519170 1743
1519180 1738
1519190 1738
1519200 1733
1519210 1727
1519220 1727
1519230 1725
1519240 1725
1519250 1726
1519260 1726
1519270 1728
1519280 1729
1519290 1729
1519300 1731
1519310 1733
1519320 1733
1519330 1735
1519340 1735
1519350 1735
1519360 1736
1519370 1736
1519380 1736
1519390 1736
1519400 1734
1519410 1734
1519420 1733
1519430 1735
1519440 1735
1519450 1739
1519460 1745
1519470 1745
1519480 1751
1519490 1758
1519500 1758
1519510 1764
1519520 1772
1519530 1780
1519540 1780
1519550 1785
1519560 1790
1519570 1790
1519580 1796
1519590 1803
1519600 1803
1519610 1811
1519620 1821
1519630 1821
1519640 1830
1519650 1839
1519660 1839
1519670 1844
1519680 1844
1519690 1844
1519700 1841
1519710 1833
1519720 1833
1519730 1825
1519740 1816
1519750 1816
1519760 1806
1519770 1802
1519780 1802
1519790 1797
1519800 1794
1519810 1790
1519820 1790
1519830 1787
1519840 1784
1519850 1784
1519860 1777
1519870 1769
1519880 1769
1519890 1761
1519900 1752
1519910 1752
1519920 1742
1519930 1734
1519940 1734
1519950 1727
1519960 1721
1519970 1721
1519980 1714
1519990 1704
