1500000 1672
1500010 1668
1500020 1668
1500030 1666
1500040 1664
1500050 1662
1500060 1662
1500070 1661
1500080 1659
1500090 1659
1500100 1659
1500110 1657
1500120 1657
1500130 1654
1500140 1652
1500150 1652
1500160 1648
1500170 1643
1500180 1643
1500190 1638
1500200 1634
1500210 1634
1500220 1633
1500230 1631
1500240 1631
1500250 1629
1500260 1626
1500270 1626
1500280 1622
1500290 1619
1500300 1619
1500310 1614
1500320 1611
1500330 1609
1500340 1609
1500350 1610
1500360 1610
1500370 1610
1500380 1608
1500390 1607
1500400 1607
1500410 1608
1500420 1608
1500430 1608
1500440 1608
1500450 1606
1500460 1606
1500470 1604
1500480 1602
1500490 1602
1500500 1600
1500510 1598
1500520 1598
1500530 1597
1500540 1595
1500550 1595
1500560 1592
1500570 1589
1500580 1587
1500590 1587
1500600 1585
1500610 1582
1500620 1582
1500630 1578
1500640 1576
1500650 1576
1500660 1573
1500670 1570
1500680 1570
1500690 1567
1500700 1563
1500710 1563
1500720 1560
1500730 1559
1500740 1559
1500750 1559
1500760 1560
1500770 1560
1500780 1558
1500790 1554
1500800 1554
1500810 1551
1500820 1548
1500830 1548
1500840 1546
1500850 1547
1500860 1549
1500870 1549
1500880 1549
1500890 1549
1500900 1549
1500910 1548
1500920 1547
1500930 1547
1500940 1545
1500950 1543
1500960 1543
1500970 1542
1500980 1541
1500990 1541
1501000 1539
1501010 1537
1501020 1537
1501030 1536
1501040 1532
1501050 1532
1501060 1528
1501070 1522
1501080 1522
1501090 1517
1501100 1512
1501110 1512
1501120 1507
1501130 1503
1501140 1498
1501150 1498
1501160 1493
1501170 1488
1501180 1488
1501190 1483
1501200 1478
1501210 1478
1501220 1473
1501230 1467
1501240 1467
1501250 1461
1501260 1457
1501270 1457
1501280 1454
1501290 1452
1501300 1452
1501310 1450
1501320 1448
1501330 1448
1501340 1445
1501350 1444
1501360 1444
1501370 1444
1501380 1442
1501390 1442
1501400 1440
1501410 1439
1501420 1437
1501430 1437
1501440 1433
1501450 1430
1501460 1430
1501470 1425
1501480 1419
1501490 1419
1501500 1414
1501510 1409
1501520 1409
1501530 1403
1501540 1399
1501550 1399
1501560 1395
1501570 1390
1501580 1390
1501590 1383
1501600 1376
1501610 1376
1501620 1373
1501630 1368
1501640 1368
1501650 1364
1501660 1362
1501670 1362
1501680 1358
1501690 1354
1501700 1349
1501710 1349
1501720 1345
1501730 1341
1501740 1341
1501750 1337
1501760 1333
1501770 1333
1501780 1330
1501790 1326
1501800 1326
1501810 1322
1501820 1318
1501830 1318
1501840 1314
1501850 1310
1501860 1310
1501870 1305
1501880 1299
1501890 1299
1501900 1295
1501910 1290
1501920 1290
1501930 1285
1501940 1282
1501950 1282
1501960 1277
1501970 1272
1501980 1267
1501990 1267
1502000 1262
1502010 1257
1502020 1257
1502030 1250
1502040 1244
1502050 1244
1502060 1240
1502070 1234
1502080 1234
1502090 1229
1502100 1225
1502110 1225
1502120 1221
1502130 1218
1502140 1218
1502150 1216
1502160 1214
1502170 1214
1502180 1211
1502190 1206
1502200 1206
1502210 1202
1502220 1197
1502230 1197
1502240 1193
1502250 1190
1502260 1185
1502270 1185
1502280 1177
1502290 1169
1502300 1169
1502310 1161
1502320 1155
1502330 1155
1502340 1148
1502350 1142
1502360 1142
1502370 1136
1502380 1131
1502390 1131
1502400 1124
1502410 1117
1502420 1117
1502430 1111
1502440 1105
1502450 1105
1502460 1099
1502470 1095
1502480 1095
1502490 1089
1502500 1084
1502510 1084
1502520 1079
1502530 1075
1502540 1070
1502550 1070
1502560 1065
1502570 1060
1502580 1060
1502590 1055
1502600 1052
1502610 1052
1502620 1046
1502630 1041
1502640 1041
1502650 1036
1502660 1030
1502670 1030
1502680 1025
1502690 1020
1502700 1020
1502710 1016
1502720 1011
1502730 1011
1502740 1005
1502750 999
1502760 999
1502770 993
1502780 988
1502790 988
1502800 982
1502810 978
1502820 972
1502830 972
1502840 968
1502850 965
1502860 965
1502870 965
1502880 966
1502890 966
1502900 964
1502910 962
1502920 962
1502930 960
1502940 958
1502950 958
1502960 956
1502970 954
1502980 954
1502990 952
1503000 949
1503010 949
1503020 946
1503030 943
1503040 943
1503050 938
1503060 932
1503070 932
1503080 928
1503090 925
1503100 926
1503110 926
1503120 924
1503130 918
1503140 918
1503150 912
1503160 907
1503170 907
1503180 907
1503190 910
1503200 910
1503210 916
1503220 920
1503230 920
1503240 921
1503250 923
1503260 923
1503270 924
1503280 925
1503290 925
1503300 927
1503310 930
1503320 930
1503330 931
1503340 932
1503350 932
1503360 933
1503370 935
1503380 936
1503390 936
1503400 937
1503410 939
1503420 939
1503430 940
1503440 943
1503450 943
1503460 944
1503470 946
1503480 946
1503490 947
1503500 949
1503510 949
1503520 950
1503530 952
1503540 952
1503550 954
1503560 956
1503570 956
1503580 958
1503590 961
1503600 961
1503610 962
1503620 964
1503630 964
1503640 966
1503650 969
1503660 974
1503670 974
1503680 980
1503690 986
1503700 986
1503710 992
1503720 997
1503730 997
1503740 1001
1503750 1004
1503760 1004
1503770 1008
1503780 1014
1503790 1014
1503800 1018
1503810 1022
1503820 1022
1503830 1025
1503840 1028
1503850 1028
1503860 1032
1503870 1035
1503880 1035
1503890 1038
1503900 1042
1503910 1045
1503920 1045
1503930 1050
1503940 1055
1503950 1055
1503960 1060
1503970 1064
1503980 1064
1503990 1068
1504000 1072
1504010 1072
1504020 1076
1504030 1081
1504040 1081
1504050 1085
1504060 1088
1504070 1088
1504080 1092
1504090 1096
1504100 1096
1504110 1100
1504120 1105
1504130 1105
1504140 1110
1504150 1114
1504160 1114
1504170 1118
1504180 1122
1504190 1128
1504200 1128
1504210 1133
1504220 1139
1504230 1139
1504240 1144
1504250 1149
1504260 1149
1504270 1154
1504280 1160
1504290 1160
1504300 1165
1504310 1170
1504320 1170
1504330 1176
1504340 1182
1504350 1182
1504360 1186
1504370 1191
1504380 1191
1504390 1197
1504400 1204
1504410 1204
1504420 1210
1504430 1216
1504440 1216
1504450 1222
1504460 1227
1504470 1234
1504480 1234
1504490 1240
1504500 1243
1504510 1243
1504520 1245
1504530 1249
1504540 1249
1504550 1253
1504560 1257
1504570 1257
1504580 1263
1504590 1269
1504600 1269
1504610 1275
1504620 1281
1504630 1281
1504640 1288
1504650 1295
1504660 1295
1504670 1301
1504680 1307
1504690 1307
1504700 1311
1504710 1313
1504720 1313
1504730 1315
1504740 1316
1504750 1318
1504760 1318
1504770 1319
1504780 1320
1504790 1320
1504800 1321
1504810 1322
1504820 1322
1504830 1324
1504840 1325
1504850 1325
1504860 1328
1504870 1331
1504880 1331
1504890 1335
1504900 1340
1504910 1340
1504920 1345
1504930 1351
1504940 1351
1504950 1355
1504960 1358
1504970 1358
1504980 1365
1504990 1369
1505000 1369
1505010 1374
1505020 1378
1505030 1384
1505040 1384
1505050 1390
1505060 1397
1505070 1397
1505080 1405
1505090 1414
1505100 1414
1505110 1422
1505120 1431
1505130 1431
1505140 1437
1505150 1442
1505160 1442
1505170 1448
1505180 1452
1505190 1452
1505200 1457
1505210 1463
1505220 1463
1505230 1469
1505240 1473
1505250 1473
1505260 1478
1505270 1483
1505280 1483
1505290 1489
1505300 1495
1505310 1500
1505320 1500
1505330 1505
1505340 1512
1505350 1512
1505360 1518
1505370 1526
1505380 1526
1505390 1533
1505400 1539
1505410 1539
1505420 1544
1505430 1550
1505440 1550
1505450 1557
1505460 1564
1505470 1564
1505480 1568
1505490 1574
1505500 1574
1505510 1578
1505520 1582
1505530 1582
1505540 1586
1505550 1589
1505560 1589
1505570 1592
1505580 1595
1505590 1597
1505600 1597
1505610 1598
1505620 1599
1505630 1599
1505640 1600
1505650 1603
1505660 1603
1505670 1605
1505680 1608
1505690 1608
1505700 1611
1505710 1614
1505720 1614
1505730 1617
1505740 1619
1505750 1619
1505760 1622
1505770 1626
1505780 1626
1505790 1629
1505800 1633
1505810 1633
1505820 1637
1505830 1640
1505840 1640
1505850 1644
1505860 1649
1505870 1654
1505880 1654
1505890 1660
1505900 1666
1505910 1666
1505920 1673
1505930 1679
1505940 1679
1505950 1685
1505960 1692
1505970 1692
1505980 1698
1505990 1701
1506000 1701
1506010 1699
1506020 1698
1506030 1698
1506040 1700
1506050 1703
1506060 1703
1506070 1704
1506080 1707
1506090 1707
1506100 1709
1506110 1712
1506120 1712
1506130 1714
1506140 1718
1506150 1721
1506160 1721
1506170 1725
1506180 1729
1506190 1729
1506200 1734
1506210 1738
1506220 1738
1506230 1743
1506240 1749
1506250 1749
1506260 1754
1506270 1759
1506280 1759
1506290 1763
1506300 1767
1506310 1767
1506320 1772
1506330 1777
1506340 1777
1506350 1782
1506360 1786
1506370 1786
1506380 1788
1506390 1788
1506400 1788
1506410 1790
1506420 1794
1506430 1799
1506440 1799
1506450 1804
1506460 1808
1506470 1808
1506480 1812
1506490 1815
1506500 1815
1506510 1818
1506520 1821
1506530 1821
1506540 1824
1506550 1828
1506560 1828
1506570 1832
1506580 1838
1506590 1838
1506600 1842
1506610 1845
1506620 1845
1506630 1847
1506640 1850
1506650 1850
1506660 1852
1506670 1853
1506680 1856
1506690 1856
1506700 1860
1506710 1864
1506720 1864
1506730 1865
1506740 1863
1506750 1863
1506760 1859
1506770 1855
1506780 1855
1506790 1851
1506800 1845
1506810 1845
1506820 1837
1506830 1831
1506840 1831
1506850 1824
1506860 1816
1506870 1816
1506880 1810
1506890 1805
1506900 1805
1506910 1801
1506920 1796
1506930 1796
1506940 1792
1506950 1788
1506960 1785
1506970 1785
1506980 1782
1506990 1780
1507000 1780
1507010 1779
1507020 1777
1507030 1777
1507040 1775
1507050 1772
1507060 1772
1507070 1771
1507080 1768
1507090 1768
1507100 1767
1507110 1765
1507120 1765
1507130 1764
1507140 1762
1507150 1762
1507160 1761
1507170 1758
1507180 1758
1507190 1755
1507200 1753
1507210 1753
1507220 1751
1507230 1750
1507240 1749
1507250 1749
1507260 1747
1507270 1745
1507280 1745
1507290 1744
1507300 1744
1507310 1744
1507320 1743
1507330 1742
1507340 1742
1507350 1741
1507360 1738
1507370 1738
1507380 1737
1507390 1734
1507400 1734
1507410 1732
1507420 1731
1507430 1731
1507440 1730
1507450 1729
1507460 1729
1507470 1729
1507480 1729
1507490 1729
1507500 1728
1507510 1728
1507520 1729
1507530 1729
1507540 1729
1507550 1728
1507560 1728
1507570 1727
1507580 1727
1507590 1727
1507600 1726
1507610 1725
1507620 1725
1507630 1723
1507640 1724
1507650 1724
1507660 1724
1507670 1724
1507680 1724
1507690 1729
1507700 1745
1507710 1745
1507720 1752
1507730 1755
1507740 1755
1507750 1755
1507760 1751
1507770 1751
1507780 1755
1507790 1761
1507800 1759
1507810 1759
1507820 1754
1507830 1748
1507840 1748
1507850 1743
1507860 1740
1507870 1740
1507880 1735
1507890 1724
1507900 1724
1507910 1712
1507920 1707
1507930 1707
1507940 1705
1507950 1703
1507960 1703
1507970 1702
1507980 1700
1507990 1700
1508000 1699
1508010 1697
1508020 1697
1508030 1695
1508040 1696
1508050 1696
1508060 1701
1508070 1704
1508080 1703
1508090 1703
1508100 1707
1508110 1709
1508120 1709
1508130 1708
1508140 1708
1508150 1708
1508160 1707
1508170 1710
1508180 1710
1508190 1712
1508200 1709
1508210 1709
1508220 1702
1508230 1695
1508240 1695
1508250 1693
1508260 1692
1508270 1692
1508280 1689
1508290 1685
1508300 1685
1508310 1684
1508320 1682
1508330 1682
1508340 1679
1508350 1676
1508360 1673
1508370 1673
1508380 1669
1508390 1667
1508400 1667
1508410 1667
1508420 1665
1508430 1665
1508440 1665
1508450 1663
1508460 1663
1508470 1661
1508480 1659
1508490 1659
1508500 1649
1508510 1640
1508520 1640
1508530 1632
1508540 1625
1508550 1625
1508560 1617
1508570 1610
1508580 1610
1508590 1605
1508600 1600
1508610 1600
1508620 1598
1508630 1597
1508640 1595
1508650 1595
1508660 1593
1508670 1591
1508680 1591
1508690 1588
1508700 1586
1508710 1586
1508720 1584
1508730 1580
1508740 1580
1508750 1575
1508760 1572
1508770 1572
1508780 1570
1508790 1574
1508800 1574
1508810 1580
1508820 1583
1508830 1583
1508840 1585
1508850 1586
1508860 1586
1508870 1587
1508880 1587
1508890 1587
1508900 1588
1508910 1588
1508920 1589
1508930 1589
1508940 1589
1508950 1590
1508960 1590
1508970 1590
1508980 1590
1508990 1590
1509000 1590
1509010 1590
1509020 1590
1509030 1590
1509040 1590
1509050 1590
1509060 1590
1509070 1591
1509080 1591
1509090 1592
1509100 1592
1509110 1592
1509120 1593
1509130 1594
1509140 1594
1509150 1596
1509160 1597
1509170 1597
1509180 1598
1509190 1600
1509200 1601
1509210 1601
1509220 1602
1509230 1603
1509240 1603
1509250 1604
1509260 1604
1509270 1604
1509280 1605
1509290 1606
1509300 1606
1509310 1607
1509320 1609
1509330 1609
1509340 1613
1509350 1617
1509360 1617
1509370 1621
1509380 1627
1509390 1627
1509400 1632
1509410 1635
1509420 1635
1509430 1639
1509440 1643
1509450 1643
1509460 1648
1509470 1651
1509480 1653
1509490 1653
1509500 1654
1509510 1653
1509520 1653
1509530 1652
1509540 1651
1509550 1651
1509560 1648
1509570 1646
1509580 1646
1509590 1643
1509600 1638
1509610 1638
1509620 1633
1509630 1631
1509640 1631
1509650 1630
1509660 1629
1509670 1629
1509680 1628
1509690 1625
1509700 1625
1509710 1621
1509720 1617
1509730 1617
1509740 1611
1509750 1605
1509760 1602
1509770 1602
1509780 1597
1509790 1592
1509800 1592
1509810 1590
1509820 1589
1509830 1589
1509840 1586
1509850 1580
1509860 1580
1509870 1572
1509880 1566
1509890 1566
1509900 1564
1509910 1561
1509920 1561
1509930 1556
1509940 1551
1509950 1551
1509960 1547
1509970 1544
1509980 1544
1509990 1543
1510000 1540
1510010 1538
1510020 1538
1510030 1534
1510040 1529
1510050 1529
1510060 1526
1510070 1524
1510080 1524
1510090 1521
1510100 1517
1510110 1517
1510120 1514
1510130 1510
1510140 1510
1510150 1506
1510160 1502
1510170 1502
1510180 1496
1510190 1489
1510200 1489
1510210 1483
1510220 1477
1510230 1477
1510240 1473
1510250 1468
1510260 1468
1510270 1459
1510280 1451
1510290 1441
1510300 1441
1510310 1436
1510320 1431
1510330 1431
1510340 1426
1510350 1422
1510360 1422
1510370 1419
1510380 1415
1510390 1415
1510400 1412
1510410 1409
1510420 1409
1510430 1406
1510440 1401
1510450 1401
1510460 1396
1510470 1390
1510480 1390
1510490 1385
1510500 1382
1510510 1382
1510520 1379
1510530 1375
1510540 1375
1510550 1372
1510560 1369
1510570 1365
1510580 1365
1510590 1360
1510600 1355
1510610 1355
1510620 1349
1510630 1344
1510640 1344
1510650 1339
1510660 1334
1510670 1334
1510680 1329
1510690 1324
1510700 1324
1510710 1319
1510720 1315
1510730 1315
1510740 1311
1510750 1307
1510760 1307
1510770 1303
1510780 1299
1510790 1299
1510800 1294
1510810 1288
1510820 1288
1510830 1281
1510840 1273
1510850 1267
1510860 1267
1510870 1260
1510880 1253
1510890 1253
1510900 1246
1510910 1239
1510920 1239
1510930 1233
1510940 1227
1510950 1227
1510960 1221
1510970 1216
1510980 1216
1510990 1212
1511000 1206
1511010 1206
1511020 1200
1511030 1195
1511040 1195
1511050 1191
1511060 1186
1511070 1186
1511080 1182
1511090 1177
1511100 1177
1511110 1172
1511120 1167
1511130 1162
1511140 1162
1511150 1157
1511160 1152
1511170 1152
1511180 1149
1511190 1145
1511200 1145
1511210 1141
1511220 1137
1511230 1137
1511240 1132
1511250 1127
1511260 1127
1511270 1122
1511280 1117
1511290 1117
1511300 1112
1511310 1109
1511320 1109
1511330 1106
1511340 1105
1511350 1105
1511360 1108
1511370 1113
1511380 1113
1511390 1118
1511400 1124
1511410 1128
1511420 1128
1511430 1131
1511440 1134
1511450 1134
1511460 1136
1511470 1138
1511480 1138
1511490 1141
1511500 1144
1511510 1144
1511520 1148
1511530 1152
1511540 1152
1511550 1156
1511560 1159
1511570 1159
1511580 1163
1511590 1168
1511600 1168
1511610 1172
1511620 1177
1511630 1177
1511640 1182
1511650 1187
1511660 1187
1511670 1193
1511680 1198
1511690 1204
1511700 1204
1511710 1209
1511720 1214
1511730 1214
1511740 1219
1511750 1222
1511760 1222
1511770 1223
1511780 1231
1511790 1231
1511800 1243
1511810 1251
1511820 1251
1511830 1255
1511840 1260
1511850 1260
1511860 1270
1511870 1280
1511880 1280
1511890 1293
1511900 1306
1511910 1306
1511920 1310
1511930 1315
1511940 1315
1511950 1320
1511960 1325
1511970 1329
1511980 1329
1511990 1333
1512000 1335
1512010 1335
1512020 1338
1512030 1344
1512040 1344
1512050 1351
1512060 1356
1512070 1356
1512080 1362
1512090 1369
1512100 1369
1512110 1375
1512120 1382
1512130 1382
1512140 1388
1512150 1396
1512160 1396
1512170 1403
1512180 1410
1512190 1410
1512200 1418
1512210 1424
1512220 1424
1512230 1429
1512240 1433
1512250 1438
1512260 1438
1512270 1443
1512280 1449
1512290 1449
1512300 1453
1512310 1458
1512320 1458
1512330 1462
1512340 1467
1512350 1467
1512360 1472
1512370 1478
1512380 1478
1512390 1487
1512400 1494
1512410 1494
1512420 1500
1512430 1504
1512440 1504
1512450 1507
1512460 1511
1512470 1511
1512480 1516
1512490 1521
1512500 1521
1512510 1526
1512520 1532
1512530 1538
1512540 1538
1512550 1545
1512560 1551
1512570 1551
1512580 1558
1512590 1565
1512600 1565
1512610 1571
1512620 1576
1512630 1576
1512640 1582
1512650 1589
1512660 1589
1512670 1597
1512680 1605
1512690 1605
1512700 1611
1512710 1616
1512720 1616
1512730 1621
1512740 1626
1512750 1626
1512760 1632
1512770 1638
1512780 1638
1512790 1643
1512800 1648
1512810 1653
1512820 1653
1512830 1658
1512840 1664
1512850 1664
1512860 1670
1512870 1676
1512880 1676
1512890 1683
1512900 1689
1512910 1689
1512920 1697
1512930 1703
1512940 1703
1512950 1707
1512960 1712
1512970 1712
1512980 1716
1512990 1721
1513000 1721
1513010 1726
1513020 1731
1513030 1731
1513040 1736
1513050 1742
1513060 1742
1513070 1748
1513080 1753
1513090 1758
1513100 1758
1513110 1764
1513120 1770
1513130 1770
1513140 1775
1513150 1781
1513160 1781
1513170 1786
1513180 1790
1513190 1790
1513200 1795
1513210 1800
1513220 1800
1513230 1804
1513240 1809
1513250 1809
1513260 1813
1513270 1817
1513280 1817
1513290 1821
1513300 1825
1513310 1825
1513320 1830
1513330 1835
1513340 1839
1513350 1839
1513360 1844
1513370 1849
1513380 1849
1513390 1854
1513400 1860
1513410 1860
1513420 1865
1513430 1869
1513440 1869
1513450 1875
1513460 1881
1513470 1881
1513480 1887
1513490 1893
1513500 1893
1513510 1896
1513520 1899
1513530 1899
1513540 1904
1513550 1910
1513560 1910
1513570 1916
1513580 1922
1513590 1922
1513600 1926
1513610 1931
1513620 1935
1513630 1935
1513640 1941
1513650 1946
1513660 1946
1513670 1950
1513680 1953
1513690 1953
1513700 1956
1513710 1961
1513720 1961
1513730 1964
1513740 1966
1513750 1966
1513760 1971
1513770 1979
1513780 1979
1513790 1985
1513800 1992
1513810 1992
1513820 1999
1513830 2003
1513840 2003
1513850 2007
1513860 2012
1513870 2012
1513880 2016
1513890 2019
1513900 2018
1513910 2018
1513920 2014
1513930 2013
1513940 2013
1513950 2013
1513960 2008
1513970 2008
1513980 2001
1513990 1996
1514000 1996
1514010 1994
1514020 1996
1514030 1996
1514040 1995
1514050 1995
1514060 1995
1514070 1995
1514080 1995
1514090 1995
1514100 1994
1514110 1995
1514120 1995
1514130 1989
1514140 1989
1514150 1989
1514160 1990
1514170 1990
1514180 1988
1514190 1988
1514200 1986
1514210 1985
1514220 1985
1514230 1976
1514240 1960
1514250 1960
1514260 1960
1514270 1965
1514280 1965
1514290 1961
1514300 1957
1514310 1957
1514320 1951
1514330 1941
1514340 1941
1514350 1928
1514360 1910
1514370 1910
1514380 1893
1514390 1882
1514400 1882
1514410 1876
1514420 1873
1514430 1873
1514440 1868
1514450 1863
1514460 1862
1514470 1862
1514480 1857
1514490 1853
1514500 1853
1514510 1849
1514520 1845
1514530 1845
1514540 1832
1514550 1823
1514560 1823
1514570 1822
1514580 1824
1514590 1824
1514600 1818
1514610 1808
1514620 1808
1514630 1798
1514640 1794
1514650 1794
1514660 1792
1514670 1786
1514680 1786
1514690 1783
1514700 1773
1514710 1773
1514720 1767
1514730 1768
1514740 1768
1514750 1768
1514760 1758
1514770 1746
1514780 1746
1514790 1741
1514800 1734
1514810 1734
1514820 1731
1514830 1726
1514840 1726
1514850 1722
1514860 1719
1514870 1719
1514880 1716
1514890 1713
1514900 1713
1514910 1709
1514920 1706
1514930 1706
1514940 1702
1514950 1699
1514960 1699
1514970 1695
1514980 1693
1514990 1693
1515000 1690
1515010 1687
1515020 1687
1515030 1687
1515040 1687
1515050 1687
1515060 1687
1515070 1687
1515080 1687
1515090 1687
1515100 1687
1515110 1687
1515120 1687
1515130 1687
1515140 1685
1515150 1685
1515160 1684
1515170 1682
1515180 1682
1515190 1680
1515200 1677
1515210 1677
1515220 1674
1515230 1671
1515240 1671
1515250 1667
1515260 1662
1515270 1662
1515280 1657
1515290 1653
1515300 1647
1515310 1647
1515320 1642
1515330 1640
1515340 1640
1515350 1639
1515360 1636
1515370 1636
1515380 1632
1515390 1627
1515400 1627
1515410 1624
1515420 1620
1515430 1620
1515440 1616
1515450 1611
1515460 1611
1515470 1608
1515480 1600
1515490 1600
1515500 1593
1515510 1588
1515520 1588
1515530 1582
1515540 1576
1515550 1576
1515560 1570
1515570 1564
1515580 1559
1515590 1559
1515600 1555
1515610 1550
1515620 1550
1515630 1543
1515640 1534
1515650 1534
1515660 1527
1515670 1523
1515680 1523
1515690 1518
1515700 1510
1515710 1510
1515720 1503
1515730 1498
1515740 1498
1515750 1494
1515760 1495
1515770 1495
1515780 1493
1515790 1488
1515800 1488
1515810 1482
1515820 1477
1515830 1477
1515840 1472
1515850 1468
1515860 1463
1515870 1463
1515880 1460
1515890 1456
1515900 1456
1515910 1453
1515920 1449
1515930 1449
1515940 1444
1515950 1440
1515960 1440
1515970 1434
1515980 1428
1515990 1428
1516000 1425
1516010 1420
1516020 1420
1516030 1415
1516040 1410
1516050 1410
1516060 1407
1516070 1404
1516080 1404
1516090 1400
1516100 1395
1516110 1390
1516120 1390
1516130 1384
1516140 1379
1516150 1379
1516160 1376
1516170 1371
1516180 1371
1516190 1365
1516200 1356
1516210 1356
1516220 1347
1516230 1339
1516240 1339
1516250 1337
1516260 1334
1516270 1334
1516280 1329
1516290 1323
1516300 1323
1516310 1304
1516320 1291
1516330 1291
1516340 1281
1516350 1272
1516360 1272
1516370 1262
1516380 1253
1516390 1246
1516400 1246
1516410 1241
1516420 1237
1516430 1237
1516440 1234
1516450 1228
1516460 1228
1516470 1215
1516480 1209
1516490 1209
1516500 1204
1516510 1201
1516520 1201
1516530 1197
1516540 1191
1516550 1191
1516560 1183
1516570 1176
1516580 1176
1516590 1171
1516600 1166
1516610 1166
1516620 1162
1516630 1159
1516640 1159
1516650 1156
1516660 1152
1516670 1148
1516680 1148
1516690 1145
1516700 1142
1516710 1142
1516720 1140
1516730 1135
1516740 1135
1516750 1134
1516760 1139
1516770 1139
1516780 1147
1516790 1152
1516800 1152
1516810 1155
1516820 1156
1516830 1156
1516840 1159
1516850 1162
1516860 1162
1516870 1164
1516880 1164
1516890 1164
1516900 1165
1516910 1170
1516920 1170
1516930 1173
1516940 1177
1516950 1180
1516960 1180
1516970 1181
1516980 1183
1516990 1183
1517000 1185
1517010 1186
1517020 1186
1517030 1189
1517040 1192
1517050 1192
1517060 1195
1517070 1198
1517080 1198
1517090 1201
1517100 1206
1517110 1206
1517120 1210
1517130 1214
1517140 1214
1517150 1220
1517160 1224
1517170 1224
1517180 1229
1517190 1234
1517200 1234
1517210 1239
1517220 1245
1517230 1250
1517240 1250
1517250 1256
1517260 1262
1517270 1262
1517280 1268
1517290 1273
1517300 1273
1517310 1278
1517320 1283
1517330 1283
1517340 1289
1517350 1294
1517360 1294
1517370 1300
1517380 1305
1517390 1305
1517400 1311
1517410 1317
1517420 1317
1517430 1324
1517440 1331
1517450 1331
1517460 1338
1517470 1345
1517480 1345
1517490 1352
1517500 1360
1517510 1369
1517520 1369
1517530 1376
1517540 1383
1517550 1383
1517560 1391
1517570 1399
1517580 1399
1517590 1404
1517600 1408
1517610 1408
1517620 1413
1517630 1420
1517640 1420
1517650 1427
1517660 1435
1517670 1435
1517680 1442
1517690 1448
1517700 1448
1517710 1456
1517720 1462
1517730 1462
1517740 1469
1517750 1475
1517760 1475
1517770 1482
1517780 1490
1517790 1496
1517800 1496
1517810 1502
1517820 1507
1517830 1507
1517840 1512
1517850 1517
1517860 1517
1517870 1524
1517880 1532
1517890 1532
1517900 1540
1517910 1548
1517920 1548
1517930 1557
1517940 1561
1517950 1561
1517960 1564
1517970 1570
1517980 1570
1517990 1576
1518000 1581
1518010 1581
1518020 1585
1518030 1592
1518040 1592
1518050 1600
1518060 1606
1518070 1613
1518080 1613
1518090 1620
1518100 1625
1518110 1625
1518120 1627
1518130 1629
1518140 1630
1518150 1633
1518160 1636
1518170 1636
1518180 1639
1518190 1641
1518200 1641
1518210 1644
1518220 1648
1518230 1648
1518240 1653
1518250 1658
1518260 1658
1518270 1662
1518280 1668
1518290 1668
1518300 1674
1518310 1678
1518320 1678
1518330 1682
1518340 1686
1518350 1691
1518360 1691
1518370 1696
1518380 1701
1518390 1701
1518400 1706
1518410 1711
1518420 1711
1518430 1717
1518440 1722
1518450 1722
1518460 1727
1518470 1731
1518480 1731
1518490 1736
1518500 1741
1518510 1741
1518520 1747
1518530 1752
1518540 1752
1518550 1758
1518560 1764
1518570 1764
1518580 1769
1518590 1774
1518600 1774
1518610 1780
1518620 1785
1518630 1792
1518640 1792
1518650 1800
1518660 1807
1518670 1807
1518680 1814
1518690 1821
1518700 1821
1518710 1828
1518720 1835
1518730 1835
1518740 1839
1518750 1844
1518760 1844
1518770 1849
1518780 1852
1518790 1852
1518800 1858
1518810 1863
1518820 1863
1518830 1867
1518840 1872
1518850 1872
1518860 1877
1518870 1881
1518880 1881
1518890 1886
1518900 1889
1518910 1891
1518920 1891
1518930 1893
1518940 1895
1518950 1895
1518960 1897
1518970 1897
1518980 1897
1518990 1897
1519000 1896
1519010 1896
1519020 1900
1519030 1906
1519040 1906
1519050 1906
1519060 1901
1519070 1901
1519080 1896
1519090 1892
1519100 1892
1519110 1890
1519120 1884
1519130 1884
1519140 1878
1519150 1872
1519160 1872
1519170 1866
1519180 1862
1519190 1857
1519200 1857
1519210 1854
1519220 1853
1519230 1853
1519240 1850
1519250 1848
1519260 1848
1519270 1847
1519280 1846
1519290 1846
1519300 1845
1519310 1843
1519320 1843
1519330 1841
1519340 1842
1519350 1842
1519360 1841
1519370 1841
1519380 1841
1519390 1840
1519400 1843
1519410 1843
1519420 1845
1519430 1847
1519440 1847
1519450 1852
1519460 1857
1519470 1867
1519480 1867
1519490 1875
1519500 1881
1519510 1881
1519520 1885
1519530 1888
1519540 1888
1519550 1891
1519560 1898
1519570 1898
1519580 1908
1519590 1916
1519600 1916
1519610 1919
1519620 1922
1519630 1922
1519640 1918
1519650 1908
1519660 1908
1519670 1897
1519680 1888
1519690 1888
1519700 1881
1519710 1872
1519720 1860
1519730 1860
1519740 1851
1519750 1844
1519760 1844
1519770 1838
1519780 1832
1519790 1832
1519800 1825
1519810 1817
1519820 1817
1519830 1810
1519840 1801
1519850 1801
1519860 1792
1519870 1785
1519880 1785
1519890 1779
1519900 1774
1519910 1774
1519920 1768
1519930 1763
1519940 1763
1519950 1757
1519960 1750
1519970 1750
1519980 1745
1519990 1739
