1500000 1544
1500010 1543
1500020 1543
1500030 1542
1500040 1540
1500050 1540
1500060 1539
1500070 1537
1500080 1537
1500090 1535
1500100 1531
1500110 1531
1500120 1529
1500130 1527
1500140 1524
1500150 1524
1500160 1523
1500170 1521
1500180 1521
1500190 1520
1500200 1519
1500210 1519
1500220 1518
1500230 1517
1500240 1517
1500250 1515
1500260 1512
1500270 1512
1500280 1509
1500290 1507
1500300 1507
1500310 1506
1500320 1504
1500330 1504
1500340 1502
1500350 1501
1500360 1501
1500370 1501
1500380 1500
1500390 1500
1500400 1499
1500410 1498
1500420 1497
1500430 1497
1500440 1494
1500450 1492
1500460 1492
1500470 1490
1500480 1486
1500490 1486
1500500 1484
1500510 1481
1500520 1481
1500530 1479
1500540 1476
1500550 1476
1500560 1473
1500570 1470
1500580 1470
1500590 1467
1500600 1465
1500610 1465
1500620 1462
1500630 1459
1500640 1459
1500650 1456
1500660 1453
1500670 1453
1500680 1451
1500690 1448
1500700 1445
1500710 1445
1500720 1442
1500730 1438
1500740 1438
1500750 1434
1500760 1432
1500770 1432
1500780 1429
1500790 1426
1500800 1426
1500810 1422
1500820 1419
1500830 1419
1500840 1416
1500850 1413
1500860 1413
1500870 1409
1500880 1406
1500890 1406
1500900 1404
1500910 1401
1500920 1401
1500930 1398
1500940 1394
1500950 1394
1500960 1390
1500970 1387
1500980 1384
1500990 1384
1501000 1381
1501010 1379
1501020 1379
1501030 1375
1501040 1371
1501050 1371
1501060 1366
1501070 1361
1501080 1361
1501090 1358
1501100 1355
1501110 1355
1501120 1352
1501130 1350
1501140 1350
1501150 1347
1501160 1344
1501170 1344
1501180 1342
1501190 1340
1501200 1340
1501210 1337
1501220 1333
1501230 1333
1501240 1330
1501250 1326
1501260 1321
1501270 1321
1501280 1316
1501290 1313
1501300 1313
1501310 1309
1501320 1304
1501330 1304
1501340 1298
1501350 1293
1501360 1293
1501370 1289
1501380 1284
1501390 1284
1501400 1277
1501410 1273
1501420 1273
1501430 1270
1501440 1266
1501450 1266
1501460 1262
1501470 1256
1501480 1256
1501490 1249
1501500 1242
1501510 1242
1501520 1236
1501530 1227
1501540 1217
1501550 1217
1501560 1210
1501570 1203
1501580 1203
1501590 1198
1501600 1193
1501610 1193
1501620 1183
1501630 1173
1501640 1173
1501650 1163
1501660 1148
1501670 1148
1501680 1138
1501690 1128
1501700 1128
1501710 1118
1501720 1109
1501730 1109
1501740 1100
1501750 1093
1501760 1093
1501770 1087
1501780 1081
1501790 1081
1501800 1075
1501810 1072
1501820 1070
1501830 1070
1501840 1067
1501850 1064
1501860 1064
1501870 1058
1501880 1054
1501890 1054
1501900 1053
1501910 1051
1501920 1051
1501930 1051
1501940 1051
1501950 1051
1501960 1053
1501970 1057
1501980 1057
1501990 1058
1502000 1059
1502010 1059
1502020 1059
1502030 1057
1502040 1057
1502050 1054
1502060 1052
1502070 1052
1502080 1050
1502090 1046
1502100 1042
1502110 1042
1502120 1037
1502130 1032
1502140 1032
1502150 1028
1502160 1023
1502170 1023
1502180 1018
1502190 1014
1502200 1014
1502210 1009
1502220 1004
1502230 1004
1502240 999
1502250 992
1502260 992
1502270 985
1502280 977
1502290 977
1502300 971
1502310 964
1502320 964
1502330 959
1502340 954
1502350 954
1502360 950
1502370 946
1502380 942
1502390 942
1502400 939
1502410 936
1502420 936
1502430 933
1502440 930
1502450 930
1502460 929
1502470 926
1502480 926
1502490 924
1502500 922
1502510 922
1502520 920
1502530 918
1502540 918
1502550 916
1502560 914
1502570 914
1502580 912
1502590 911
1502600 911
1502610 909
1502620 907
1502630 907
1502640 905
1502650 903
1502660 902
1502670 902
1502680 900
1502690 899
1502700 899
1502710 897
1502720 895
1502730 895
1502740 893
1502750 891
1502760 891
1502770 889
1502780 889
1502790 889
1502800 888
1502810 887
1502820 887
1502830 886
1502840 888
1502850 888
1502860 888
1502870 889
1502880 889
1502890 889
1502900 889
1502910 889
1502920 889
1502930 890
1502940 890
1502950 890
1502960 892
1502970 896
1502980 896
1502990 901
1503000 903
1503010 903
1503020 905
1503030 910
1503040 910
1503050 913
1503060 917
1503070 917
1503080 922
1503090 926
1503100 926
1503110 931
1503120 934
1503130 934
1503140 936
1503150 937
1503160 937
1503170 937
1503180 938
1503190 938
1503200 942
1503210 947
1503220 949
1503230 949
1503240 949
1503250 949
1503260 949
1503270 952
1503280 954
1503290 954
1503300 956
1503310 958
1503320 958
1503330 960
1503340 963
1503350 963
1503360 965
1503370 967
1503380 967
1503390 969
1503400 971
1503410 971
1503420 973
1503430 976
1503440 976
1503450 978
1503460 981
1503470 981
1503480 984
1503490 987
1503500 991
1503510 991
1503520 994
1503530 998
1503540 998
1503550 1002
1503560 1006
1503570 1006
1503580 1010
1503590 1015
1503600 1015
1503610 1019
1503620 1025
1503630 1025
1503640 1029
1503650 1035
1503660 1035
1503670 1040
1503680 1045
1503690 1045
1503700 1051
1503710 1056
1503720 1056
1503730 1061
1503740 1067
1503750 1067
1503760 1071
1503770 1076
1503780 1081
1503790 1081
1503800 1086
1503810 1090
1503820 1090
1503830 1093
1503840 1098
1503850 1098
1503860 1103
1503870 1107
1503880 1107
1503890 1110
1503900 1116
1503910 1116
1503920 1119
1503930 1124
1503940 1124
1503950 1128
1503960 1129
1503970 1129
1503980 1129
1503990 1128
1504000 1128
1504010 1128
1504020 1129
1504030 1129
1504040 1134
1504050 1142
1504060 1148
1504070 1148
1504080 1151
1504090 1152
1504100 1152
1504110 1154
1504120 1157
1504130 1157
1504140 1159
1504150 1161
1504160 1161
1504170 1163
1504180 1165
1504190 1165
1504200 1167
1504210 1169
1504220 1169
1504230 1172
1504240 1173
1504250 1173
1504260 1176
1504270 1179
1504280 1179
1504290 1182
1504300 1186
1504310 1186
1504320 1189
1504330 1192
1504340 1196
1504350 1196
1504360 1201
1504370 1206
1504380 1206
1504390 1214
1504400 1219
1504410 1219
1504420 1227
1504430 1229
1504440 1229
1504450 1236
1504460 1244
1504470 1244
1504480 1251
1504490 1257
1504500 1257
1504510 1264
1504520 1271
1504530 1271
1504540 1276
1504550 1282
1504560 1282
1504570 1288
1504580 1294
1504590 1294
1504600 1299
1504610 1304
1504620 1310
1504630 1310
1504640 1314
1504650 1318
1504660 1318
1504670 1323
1504680 1327
1504690 1327
1504700 1332
1504710 1338
1504720 1338
1504730 1344
1504740 1350
1504750 1350
1504760 1358
1504770 1365
1504780 1365
1504790 1372
1504800 1378
1504810 1378
1504820 1383
1504830 1388
1504840 1388
1504850 1394
1504860 1400
1504870 1400
1504880 1405
1504890 1410
1504900 1414
1504910 1414
1504920 1421
1504930 1426
1504940 1426
1504950 1432
1504960 1437
1504970 1437
1504980 1442
1504990 1448
1505000 1448
1505010 1456
1505020 1460
1505030 1460
1505040 1462
1505050 1464
1505060 1464
1505070 1465
1505080 1467
1505090 1467
1505100 1469
1505110 1471
1505120 1471
1505130 1473
1505140 1477
1505150 1477
1505160 1482
1505170 1488
1505180 1496
1505190 1496
1505200 1500
1505210 1502
1505220 1502
1505230 1505
1505240 1509
1505250 1509
1505260 1512
1505270 1514
1505280 1514
1505290 1515
1505300 1517
1505310 1517
1505320 1519
1505330 1522
1505340 1522
1505350 1525
1505360 1528
1505370 1528
1505380 1534
1505390 1542
1505400 1542
1505410 1549
1505420 1557
1505430 1557
1505440 1566
1505450 1573
1505460 1579
1505470 1579
1505480 1583
1505490 1586
1505500 1586
1505510 1590
1505520 1593
1505530 1593
1505540 1596
1505550 1598
1505560 1598
1505570 1601
1505580 1604
1505590 1604
1505600 1610
1505610 1618
1505620 1618
1505630 1626
1505640 1629
1505650 1629
1505660 1629
1505670 1635
1505680 1635
1505690 1638
1505700 1638
1505710 1638
1505720 1638
1505730 1639
1505740 1641
1505750 1641
1505760 1644
1505770 1646
1505780 1646
1505790 1648
1505800 1650
1505810 1650
1505820 1655
1505830 1659
1505840 1659
1505850 1665
1505860 1672
1505870 1672
1505880 1678
1505890 1684
1505900 1684
1505910 1690
1505920 1694
1505930 1694
1505940 1698
1505950 1702
1505960 1702
1505970 1708
1505980 1713
1505990 1713
1506000 1717
1506010 1722
1506020 1726
1506030 1726
1506040 1731
1506050 1739
1506060 1739
1506070 1746
1506080 1752
1506090 1752
1506100 1757
1506110 1762
1506120 1762
1506130 1766
1506140 1770
1506150 1770
1506160 1772
1506170 1773
1506180 1773
1506190 1773
1506200 1773
1506210 1773
1506220 1774
1506230 1775
1506240 1775
1506250 1775
1506260 1776
1506270 1776
1506280 1777
1506290 1776
1506300 1776
1506310 1776
1506320 1777
1506330 1777
1506340 1777
1506350 1777
1506360 1776
1506370 1776
1506380 1774
1506390 1772
1506400 1772
1506410 1769
1506420 1766
1506430 1766
1506440 1764
1506450 1761
1506460 1761
1506470 1758
1506480 1755
1506490 1755
1506500 1753
1506510 1753
1506520 1753
1506530 1752
1506540 1751
1506550 1751
1506560 1750
1506570 1750
1506580 1750
1506590 1750
1506600 1749
1506610 1748
1506620 1748
1506630 1748
1506640 1747
1506650 1747
1506660 1746
1506670 1745
1506680 1745
1506690 1744
1506700 1742
1506710 1742
1506720 1736
1506730 1733
1506740 1733
1506750 1731
1506760 1728
1506770 1728
1506780 1726
1506790 1723
1506800 1723
1506810 1721
1506820 1719
1506830 1719
1506840 1717
1506850 1714
1506860 1712
1506870 1712
1506880 1710
1506890 1707
1506900 1707
1506910 1706
1506920 1704
1506930 1704
1506940 1704
1506950 1704
1506960 1704
1506970 1704
1506980 1704
1506990 1704
1507000 1703
1507010 1702
1507020 1702
1507030 1700
1507040 1698
1507050 1698
1507060 1697
1507070 1695
1507080 1695
1507090 1693
1507100 1692
1507110 1692
1507120 1689
1507130 1686
1507140 1688
1507150 1688
1507160 1689
1507170 1688
1507180 1688
1507190 1688
1507200 1689
1507210 1689
1507220 1690
1507230 1692
1507240 1692
1507250 1694
1507260 1697
1507270 1697
1507280 1699
1507290 1701
1507300 1701
1507310 1703
1507320 1705
1507330 1705
1507340 1707
1507350 1711
1507360 1711
1507370 1718
1507380 1728
1507390 1738
1507400 1738
1507410 1745
1507420 1752
1507430 1752
1507440 1763
1507450 1776
1507460 1776
1507470 1787
1507480 1796
1507490 1796
1507500 1802
1507510 1806
1507520 1806
1507530 1810
1507540 1812
1507550 1812
1507560 1814
1507570 1816
1507580 1816
1507590 1818
1507600 1818
1507610 1818
1507620 1816
1507630 1816
1507640 1816
1507650 1814
1507660 1809
1507670 1803
1507680 1803
1507690 1798
1507700 1796
1507710 1796
1507720 1794
1507730 1792
1507740 1792
1507750 1790
1507760 1789
1507770 1789
1507780 1787
1507790 1785
1507800 1785
1507810 1784
1507820 1783
1507830 1783
1507840 1782
1507850 1781
1507860 1781
1507870 1777
1507880 1775
1507890 1775
1507900 1773
1507910 1771
1507920 1771
1507930 1771
1507940 1771
1507950 1769
1507960 1769
1507970 1766
1507980 1763
1507990 1763
1508000 1760
1508010 1758
1508020 1758
1508030 1754
1508040 1750
1508050 1750
1508060 1746
1508070 1741
1508080 1741
1508090 1735
1508100 1730
1508110 1730
1508120 1727
1508130 1727
1508140 1727
1508150 1727
1508160 1724
1508170 1724
1508180 1719
1508190 1713
1508200 1713
1508210 1707
1508220 1704
1508230 1699
1508240 1699
1508250 1691
1508260 1683
1508270 1683
1508280 1678
1508290 1673
1508300 1673
1508310 1669
1508320 1663
1508330 1663
1508340 1656
1508350 1649
1508360 1649
1508370 1644
1508380 1641
1508390 1641
1508400 1639
1508410 1637
1508420 1637
1508430 1634
1508440 1631
1508450 1631
1508460 1628
1508470 1626
1508480 1626
1508490 1624
1508500 1619
1508510 1614
1508520 1614
1508530 1611
1508540 1608
1508550 1608
1508560 1602
1508570 1595
1508580 1595
1508590 1587
1508600 1581
1508610 1581
1508620 1579
1508630 1575
1508640 1575
1508650 1568
1508660 1560
1508670 1560
1508680 1552
1508690 1545
1508700 1545
1508710 1538
1508720 1535
1508730 1535
1508740 1531
1508750 1526
1508760 1526
1508770 1521
1508780 1517
1508790 1513
1508800 1513
1508810 1509
1508820 1506
1508830 1506
1508840 1504
1508850 1502
1508860 1502
1508870 1499
1508880 1496
1508890 1496
1508900 1491
1508910 1488
1508920 1488
1508930 1485
1508940 1483
1508950 1483
1508960 1482
1508970 1481
1508980 1481
1508990 1479
1509000 1474
1509010 1474
1509020 1465
1509030 1460
1509040 1460
1509050 1460
1509060 1462
1509070 1468
1509080 1468
1509090 1474
1509100 1475
1509110 1475
1509120 1476
1509130 1477
1509140 1477
1509150 1479
1509160 1480
1509170 1480
1509180 1479
1509190 1476
1509200 1476
1509210 1472
1509220 1470
1509230 1470
1509240 1469
1509250 1464
1509260 1464
1509270 1453
1509280 1452
1509290 1452
1509300 1446
1509310 1434
1509320 1434
1509330 1428
1509340 1426
1509350 1423
1509360 1423
1509370 1420
1509380 1417
1509390 1417
1509400 1414
1509410 1410
1509420 1410
1509430 1406
1509440 1404
1509450 1404
1509460 1401
1509470 1397
1509480 1397
1509490 1395
1509500 1392
1509510 1392
1509520 1389
1509530 1385
1509540 1385
1509550 1383
1509560 1380
1509570 1380
1509580 1377
1509590 1375
1509600 1375
1509610 1372
1509620 1369
1509630 1369
1509640 1369
1509650 1369
1509660 1367
1509670 1367
1509680 1364
1509690 1362
1509700 1362
1509710 1360
1509720 1358
1509730 1358
1509740 1359
1509750 1359
1509760 1359
1509770 1357
1509780 1359
1509790 1359
1509800 1362
1509810 1361
1509820 1361
1509830 1359
1509840 1356
1509850 1356
1509860 1354
1509870 1352
1509880 1352
1509890 1349
1509900 1346
1509910 1344
1509920 1344
1509930 1344
1509940 1343
1509950 1343
1509960 1342
1509970 1340
1509980 1340
1509990 1338
1510000 1336
1510010 1336
1510020 1334
1510030 1331
1510040 1331
1510050 1329
1510060 1326
1510070 1326
1510080 1323
1510090 1321
1510100 1321
1510110 1318
1510120 1314
1510130 1314
1510140 1311
1510150 1307
1510160 1307
1510170 1304
1510180 1301
1510190 1297
1510200 1297
1510210 1294
1510220 1292
1510230 1292
1510240 1289
1510250 1285
1510260 1285
1510270 1281
1510280 1278
1510290 1278
1510300 1275
1510310 1271
1510320 1271
1510330 1267
1510340 1262
1510350 1262
1510360 1258
1510370 1255
1510380 1255
1510390 1252
1510400 1249
1510410 1249
1510420 1245
1510430 1242
1510440 1242
1510450 1238
1510460 1234
1510470 1230
1510480 1230
1510490 1227
1510500 1224
1510510 1224
1510520 1219
1510530 1215
1510540 1215
1510550 1212
1510560 1208
1510570 1208
1510580 1205
1510590 1202
1510600 1202
1510610 1198
1510620 1195
1510630 1195
1510640 1191
1510650 1188
1510660 1188
1510670 1185
1510680 1183
1510690 1183
1510700 1180
1510710 1177
1510720 1177
1510730 1175
1510740 1172
1510750 1169
1510760 1169
1510770 1167
1510780 1164
1510790 1164
1510800 1162
1510810 1158
1510820 1158
1510830 1154
1510840 1150
1510850 1150
1510860 1148
1510870 1146
1510880 1146
1510890 1143
1510900 1141
1510910 1141
1510920 1139
1510930 1138
1510940 1138
1510950 1137
1510960 1135
1510970 1135
1510980 1131
1510990 1126
1511000 1126
1511010 1122
1511020 1116
1511030 1111
1511040 1111
1511050 1107
1511060 1102
1511070 1102
1511080 1096
1511090 1091
1511100 1091
1511110 1084
1511120 1078
1511130 1078
1511140 1073
1511150 1070
1511160 1070
1511170 1074
1511180 1079
1511190 1079
1511200 1080
1511210 1082
1511220 1082
1511230 1083
1511240 1085
1511250 1085
1511260 1087
1511270 1089
1511280 1089
1511290 1091
1511300 1093
1511310 1095
1511320 1095
1511330 1096
1511340 1097
1511350 1097
1511360 1098
1511370 1101
1511380 1101
1511390 1102
1511400 1103
1511410 1103
1511420 1105
1511430 1107
1511440 1107
1511450 1111
1511460 1114
1511470 1114
1511480 1119
1511490 1124
1511500 1124
1511510 1129
1511520 1134
1511530 1134
1511540 1138
1511550 1143
1511560 1143
1511570 1146
1511580 1150
1511590 1155
1511600 1155
1511610 1159
1511620 1165
1511630 1165
1511640 1170
1511650 1177
1511660 1177
1511670 1183
1511680 1189
1511690 1189
1511700 1196
1511710 1204
1511720 1204
1511730 1212
1511740 1219
1511750 1219
1511760 1226
1511770 1237
1511780 1237
1511790 1251
1511800 1265
1511810 1265
1511820 1272
1511830 1276
1511840 1276
1511850 1281
1511860 1285
1511870 1289
1511880 1289
1511890 1293
1511900 1298
1511910 1298
1511920 1304
1511930 1309
1511940 1309
1511950 1310
1511960 1315
1511970 1315
1511980 1319
1511990 1324
1512000 1324
1512010 1330
1512020 1339
1512030 1339
1512040 1347
1512050 1356
1512060 1356
1512070 1365
1512080 1374
1512090 1374
1512100 1384
1512110 1394
1512120 1394
1512130 1404
1512140 1411
1512150 1417
1512160 1417
1512170 1422
1512180 1426
1512190 1426
1512200 1432
1512210 1437
1512220 1437
1512230 1443
1512240 1448
1512250 1448
1512260 1453
1512270 1458
1512280 1458
1512290 1466
1512300 1475
1512310 1475
1512320 1482
1512330 1487
1512340 1487
1512350 1494
1512360 1501
1512370 1501
1512380 1508
1512390 1515
1512400 1515
1512410 1522
1512420 1531
1512430 1540
1512440 1540
1512450 1550
1512460 1556
1512470 1556
1512480 1563
1512490 1568
1512500 1568
1512510 1574
1512520 1580
1512530 1580
1512540 1585
1512550 1591
1512560 1591
1512570 1597
1512580 1603
1512590 1603
1512600 1609
1512610 1613
1512620 1613
1512630 1618
1512640 1623
1512650 1623
1512660 1627
1512670 1632
1512680 1632
1512690 1637
1512700 1642
1512710 1648
1512720 1648
1512730 1655
1512740 1661
1512750 1661
1512760 1667
1512770 1673
1512780 1673
1512790 1679
1512800 1685
1512810 1685
1512820 1693
1512830 1702
1512840 1702
1512850 1710
1512860 1716
1512870 1716
1512880 1721
1512890 1726
1512900 1726
1512910 1731
1512920 1736
1512930 1736
1512940 1742
1512950 1748
1512960 1748
1512970 1755
1512980 1764
1512990 1769
1513000 1769
1513010 1774
1513020 1779
1513030 1779
1513040 1783
1513050 1788
1513060 1788
1513070 1794
1513080 1799
1513090 1799
1513100 1805
1513110 1812
1513120 1812
1513130 1819
1513140 1826
1513150 1826
1513160 1832
1513170 1838
1513180 1838
1513190 1843
1513200 1849
1513210 1849
1513220 1855
1513230 1861
1513240 1861
1513250 1867
1513260 1873
1513270 1879
1513280 1879
1513290 1885
1513300 1891
1513310 1891
1513320 1897
1513330 1903
1513340 1903
1513350 1910
1513360 1918
1513370 1918
1513380 1925
1513390 1932
1513400 1932
1513410 1941
1513420 1949
1513430 1949
1513440 1957
1513450 1965
1513460 1965
1513470 1972
1513480 1978
1513490 1978
1513500 1983
1513510 1989
1513520 1989
1513530 1996
1513540 2002
1513550 2010
1513560 2010
1513570 2016
1513580 2023
1513590 2023
1513600 2029
1513610 2038
1513620 2038
1513630 2045
1513640 2048
1513650 2048
1513660 2047
1513670 2040
1513680 2040
1513690 2026
1513700 2006
1513710 2006
1513720 1984
1513730 1982
1513740 1982
1513750 1978
1513760 1974
1513770 1974
1513780 1961
1513790 1961
1513800 1961
1513810 1961
1513820 1965
1513830 1960
1513840 1960
1513850 1955
1513860 1955
1513870 1955
1513880 1961
1513890 1961
1513900 1961
1513910 1958
1513920 1959
1513930 1959
1513940 1959
1513950 1957
1513960 1957
1513970 1951
1513980 1950
1513990 1950
1514000 1949
1514010 1947
1514020 1947
1514030 1946
1514040 1946
1514050 1946
1514060 1944
1514070 1944
1514080 1944
1514090 1943
1514100 1941
1514110 1933
1514120 1933
1514130 1929
1514140 1929
1514150 1929
1514160 1928
1514170 1927
1514180 1927
1514190 1927
1514200 1930
1514210 1930
1514220 1935
1514230 1939
1514240 1939
1514250 1943
1514260 1949
1514270 1949
1514280 1951
1514290 1955
1514300 1955
1514310 1961
1514320 1968
1514330 1968
1514340 1975
1514350 1984
1514360 1984
1514370 1995
1514380 2010
1514390 2008
1514400 2008
1514410 1995
1514420 1996
1514430 1996
1514440 1997
1514450 1986
1514460 1986
1514470 1973
1514480 1965
1514490 1965
1514500 1958
1514510 1953
1514520 1953
1514530 1950
1514540 1947
1514550 1947
1514560 1944
1514570 1939
1514580 1939
1514590 1934
1514600 1930
1514610 1930
1514620 1927
1514630 1927
1514640 1927
1514650 1924
1514660 1924
1514670 1923
1514680 1923
1514690 1924
1514700 1927
1514710 1927
1514720 1928
1514730 1924
1514740 1924
1514750 1917
1514760 1907
1514770 1907
1514780 1896
1514790 1878
1514800 1878
1514810 1867
1514820 1859
1514830 1859
1514840 1852
1514850 1844
1514860 1844
1514870 1837
1514880 1831
1514890 1831
1514900 1826
1514910 1821
1514920 1821
1514930 1817
1514940 1813
1514950 1809
1514960 1809
1514970 1810
1514980 1812
1514990 1812
1515000 1811
1515010 1809
1515020 1809
1515030 1803
1515040 1797
1515050 1797
1515060 1787
1515070 1768
1515080 1768
1515090 1756
1515100 1746
1515110 1746
1515120 1739
1515130 1733
1515140 1733
1515150 1727
1515160 1721
1515170 1721
1515180 1715
1515190 1710
1515200 1710
1515210 1706
1515220 1704
1515230 1701
1515240 1701
1515250 1697
1515260 1694
1515270 1694
1515280 1689
1515290 1685
1515300 1685
1515310 1682
1515320 1680
1515330 1680
1515340 1679
1515350 1678
1515360 1678
1515370 1676
1515380 1674
1515390 1674
1515400 1672
1515410 1668
1515420 1668
1515430 1664
1515440 1661
1515450 1661
1515460 1657
1515470 1651
1515480 1651
1515490 1645
1515500 1639
1515510 1631
1515520 1631
1515530 1625
1515540 1619
1515550 1619
1515560 1613
1515570 1607
1515580 1607
1515590 1602
1515600 1596
1515610 1596
1515620 1592
1515630 1587
1515640 1587
1515650 1581
1515660 1576
1515670 1576
1515680 1570
1515690 1565
1515700 1565
1515710 1559
1515720 1553
1515730 1553
1515740 1549
1515750 1544
1515760 1544
1515770 1539
1515780 1535
1515790 1530
1515800 1530
1515810 1525
1515820 1519
1515830 1519
1515840 1514
1515850 1508
1515860 1508
1515870 1503
1515880 1497
1515890 1497
1515900 1490
1515910 1484
1515920 1484
1515930 1478
1515940 1472
1515950 1472
1515960 1465
1515970 1459
1515980 1459
1515990 1453
1516000 1448
1516010 1448
1516020 1444
1516030 1439
1516040 1439
1516050 1435
1516060 1431
1516070 1427
1516080 1427
1516090 1422
1516100 1416
1516110 1416
1516120 1410
1516130 1404
1516140 1404
1516150 1397
1516160 1390
1516170 1390
1516180 1384
1516190 1377
1516200 1377
1516210 1367
1516220 1357
1516230 1357
1516240 1348
1516250 1339
1516260 1339
1516270 1331
1516280 1323
1516290 1323
1516300 1314
1516310 1306
1516320 1306
1516330 1298
1516340 1290
1516350 1282
1516360 1282
1516370 1274
1516380 1265
1516390 1265
1516400 1256
1516410 1240
1516420 1240
1516430 1226
1516440 1217
1516450 1217
1516460 1208
1516470 1200
1516480 1200
1516490 1194
1516500 1187
1516510 1187
1516520 1180
1516530 1174
1516540 1174
1516550 1169
1516560 1164
1516570 1164
1516580 1161
1516590 1159
1516600 1159
1516610 1156
1516620 1153
1516630 1148
1516640 1148
1516650 1144
1516660 1141
1516670 1141
1516680 1137
1516690 1134
1516700 1134
1516710 1132
1516720 1129
1516730 1129
1516740 1127
1516750 1125
1516760 1125
1516770 1123
1516780 1121
1516790 1121
1516800 1119
1516810 1116
1516820 1116
1516830 1114
1516840 1113
1516850 1113
1516860 1112
1516870 1111
1516880 1111
1516890 1109
1516900 1110
1516910 1110
1516920 1110
1516930 1114
1516940 1120
1516950 1120
1516960 1125
1516970 1130
1516980 1130
1516990 1134
1517000 1139
1517010 1139
1517020 1144
1517030 1149
1517040 1149
1517050 1155
1517060 1160
1517070 1160
1517080 1166
1517090 1171
1517100 1171
1517110 1177
1517120 1184
1517130 1184
1517140 1191
1517150 1199
1517160 1199
1517170 1207
1517180 1216
1517190 1225
1517200 1225
1517210 1235
1517220 1243
1517230 1243
1517240 1252
1517250 1262
1517260 1262
1517270 1273
1517280 1282
1517290 1282
1517300 1290
1517310 1298
1517320 1298
1517330 1306
1517340 1313
1517350 1313
1517360 1320
1517370 1329
1517380 1329
1517390 1336
1517400 1344
1517410 1344
1517420 1352
1517430 1360
1517440 1360
1517450 1368
1517460 1373
1517470 1379
1517480 1379
1517490 1387
1517500 1394
1517510 1394
1517520 1402
1517530 1409
1517540 1409
1517550 1416
1517560 1422
1517570 1422
1517580 1429
1517590 1436
1517600 1436
1517610 1445
1517620 1455
1517630 1455
1517640 1464
1517650 1472
1517660 1472
1517670 1480
1517680 1487
1517690 1487
1517700 1495
1517710 1502
1517720 1502
1517730 1509
1517740 1519
1517750 1528
1517760 1528
1517770 1533
1517780 1538
1517790 1538
1517800 1545
1517810 1556
1517820 1556
1517830 1565
1517840 1571
1517850 1571
1517860 1575
1517870 1581
1517880 1581
1517890 1591
1517900 1598
1517910 1598
1517920 1606
1517930 1615
1517940 1615
1517950 1623
1517960 1633
1517970 1633
1517980 1642
1517990 1651
1518000 1651
1518010 1660
1518020 1666
1518030 1671
1518040 1671
1518050 1677
1518060 1682
1518070 1682
1518080 1688
1518090 1694
1518100 1694
1518110 1702
1518120 1710
1518130 1710
1518140 1718
1518150 1726
1518160 1726
1518170 1734
1518180 1741
1518190 1741
1518200 1747
1518210 1753
1518220 1753
1518230 1761
1518240 1767
1518250 1767
1518260 1775
1518270 1784
1518280 1784
1518290 1792
1518300 1801
1518310 1810
1518320 1810
1518330 1817
1518340 1823
1518350 1823
1518360 1830
1518370 1836
1518380 1836
1518390 1847
1518400 1856
1518410 1856
1518420 1860
1518430 1863
1518440 1863
1518450 1865
1518460 1865
1518470 1865
1518480 1862
1518490 1857
1518500 1857
1518510 1852
1518520 1848
1518530 1848
1518540 1844
1518550 1840
1518560 1840
1518570 1835
1518580 1831
1518590 1828
1518600 1828
1518610 1824
1518620 1820
1518630 1820
1518640 1813
1518650 1807
1518660 1807
1518670 1800
1518680 1793
1518690 1793
1518700 1786
1518710 1779
1518720 1779
1518730 1771
1518740 1765
1518750 1765
1518760 1759
1518770 1754
1518780 1754
1518790 1748
1518800 1740
1518810 1740
1518820 1729
1518830 1721
1518840 1721
1518850 1715
1518860 1711
1518870 1707
1518880 1707
1518890 1702
1518900 1696
1518910 1696
1518920 1690
1518930 1685
1518940 1685
1518950 1681
1518960 1677
1518970 1677
1518980 1673
1518990 1668
1519000 1668
1519010 1662
1519020 1658
1519030 1658
1519040 1652
1519050 1648
1519060 1648
1519070 1642
1519080 1638
1519090 1638
1519100 1634
1519110 1630
1519120 1630
1519130 1625
1519140 1621
1519150 1616
1519160 1616
1519170 1612
1519180 1607
1519190 1607
1519200 1604
1519210 1601
1519220 1601
1519230 1599
1519240 1597
1519250 1597
1519260 1596
1519270 1594
1519280 1594
1519290 1591
1519300 1589
1519310 1589
1519320 1586
1519330 1583
1519340 1583
1519350 1579
1519360 1575
1519370 1575
1519380 1571
1519390 1567
1519400 1567
1519410 1563
1519420 1562
1519430 1560
1519440 1560
1519450 1559
1519460 1557
1519470 1557
1519480 1554
1519490 1551
1519500 1551
1519510 1548
1519520 1545
1519530 1545
1519540 1543
1519550 1542
1519560 1542
1519570 1540
1519580 1537
1519590 1537
1519600 1537
1519610 1537
1519620 1537
1519630 1537
1519640 1535
1519650 1535
1519660 1533
1519670 1530
1519680 1530
1519690 1526
1519700 1523
1519710 1523
1519720 1523
1519730 1524
1519740 1525
1519750 1525
1519760 1527
1519770 1529
1519780 1529
1519790 1531
1519800 1535
1519810 1535
1519820 1536
1519830 1537
1519840 1537
1519850 1538
1519860 1537
1519870 1537
1519880 1537
1519890 1534
1519900 1534
1519910 1527
1519920 1520
1519930 1520
1519940 1519
1519950 1517
1519960 1504
1519970 1504
1519980 1495
1519990 1488
