1500000 1257
1500010 1253
1500020 1253
1500030 1249
1500040 1245
1500050 1245
1500060 1241
1500070 1239
1500080 1239
1500090 1236
1500100 1234
1500110 1234
1500120 1232
1500130 1229
1500140 1229
1500150 1227
1500160 1223
1500170 1223
1500180 1220
1500190 1216
1500200 1216
1500210 1213
1500220 1212
1500230 1212
1500240 1208
1500250 1206
1500260 1206
1500270 1204
1500280 1201
1500290 1198
1500300 1198
1500310 1193
1500320 1188
1500330 1188
1500340 1187
1500350 1184
1500360 1184
1500370 1181
1500380 1177
1500390 1177
1500400 1173
1500410 1170
1500420 1170
1500430 1165
1500440 1158
1500450 1158
1500460 1156
1500470 1153
1500480 1153
1500490 1149
1500500 1146
1500510 1146
1500520 1143
1500530 1142
1500540 1142
1500550 1143
1500560 1145
1500570 1145
1500580 1145
1500590 1146
1500600 1146
1500610 1146
1500620 1144
1500630 1142
1500640 1142
1500650 1141
1500660 1141
1500670 1141
1500680 1139
1500690 1137
1500700 1137
1500710 1135
1500720 1131
1500730 1131
1500740 1127
1500750 1124
1500760 1124
1500770 1121
1500780 1118
1500790 1118
1500800 1115
1500810 1111
1500820 1111
1500830 1108
1500840 1105
1500850 1102
1500860 1102
1500870 1100
1500880 1096
1500890 1096
1500900 1093
1500910 1090
1500920 1090
1500930 1086
1500940 1083
1500950 1083
1500960 1078
1500970 1074
1500980 1074
1500990 1073
1501000 1072
1501010 1072
1501020 1071
1501030 1069
1501040 1069
1501050 1067
1501060 1063
1501070 1063
1501080 1059
1501090 1056
1501100 1056
1501110 1053
1501120 1051
1501130 1049
1501140 1049
1501150 1047
1501160 1047
1501170 1047
1501180 1044
1501190 1041
1501200 1041
1501210 1039
1501220 1038
1501230 1038
1501240 1037
1501250 1036
1501260 1036
1501270 1034
1501280 1031
1501290 1031
1501300 1028
1501310 1025
1501320 1025
1501330 1022
1501340 1020
1501350 1020
1501360 1017
1501370 1015
1501380 1015
1501390 1013
1501400 1010
1501410 1008
1501420 1008
1501430 1002
1501440 993
1501450 993
1501460 985
1501470 976
1501480 976
1501490 966
1501500 958
1501510 958
1501520 968
1501530 976
1501540 976
1501550 976
1501560 974
1501570 974
1501580 972
1501590 971
1501600 971
1501610 971
1501620 969
1501630 969
1501640 966
1501650 963
1501660 963
1501670 958
1501680 955
1501690 952
1501700 952
1501710 947
1501720 943
1501730 943
1501740 941
1501750 938
1501760 938
1501770 936
1501780 933
1501790 933
1501800 930
1501810 928
1501820 928
1501830 925
1501840 923
1501850 923
1501860 921
1501870 919
1501880 919
1501890 917
1501900 916
1501910 916
1501920 914
1501930 912
1501940 912
1501950 909
1501960 907
1501970 905
1501980 905
1501990 905
1502000 904
1502010 904
1502020 901
1502030 899
1502040 899
1502050 896
1502060 894
1502070 894
1502080 892
1502090 890
1502100 890
1502110 887
1502120 885
1502130 885
1502140 883
1502150 882
1502160 882
1502170 880
1502180 879
1502190 879
1502200 877
1502210 874
1502220 874
1502230 872
1502240 870
1502250 870
1502260 870
1502270 870
1502280 869
1502290 869
1502300 869
1502310 869
1502320 869
1502330 869
1502340 870
1502350 870
1502360 870
1502370 870
1502380 870
1502390 871
1502400 872
1502410 872
1502420 873
1502430 874
1502440 874
1502450 875
1502460 876
1502470 876
1502480 876
1502490 876
1502500 876
1502510 879
1502520 882
1502530 882
1502540 885
1502550 888
1502560 890
1502570 890
1502580 892
1502590 893
1502600 893
1502610 894
1502620 895
1502630 895
1502640 896
1502650 897
1502660 897
1502670 898
1502680 899
1502690 899
1502700 900
1502710 902
1502720 902
1502730 903
1502740 905
1502750 905
1502760 906
1502770 909
1502780 909
1502790 911
1502800 912
1502810 912
1502820 913
1502830 914
1502840 917
1502850 917
1502860 921
1502870 925
1502880 925
1502890 926
1502900 929
1502910 929
1502920 933
1502930 936
1502940 936
1502950 939
1502960 943
1502970 943
1502980 948
1502990 952
1503000 952
1503010 956
1503020 960
1503030 960
1503040 963
1503050 965
1503060 965
1503070 971
1503080 977
1503090 977
1503100 982
1503110 987
1503120 993
1503130 993
1503140 999
1503150 1006
1503160 1006
1503170 1012
1503180 1019
1503190 1019
1503200 1025
1503210 1033
1503220 1033
1503230 1041
1503240 1046
1503250 1046
1503260 1055
1503270 1062
1503280 1062
1503290 1070
1503300 1077
1503310 1077
1503320 1082
1503330 1088
1503340 1088
1503350 1094
1503360 1101
1503370 1101
1503380 1109
1503390 1116
1503400 1122
1503410 1122
1503420 1129
1503430 1134
1503440 1134
1503450 1140
1503460 1146
1503470 1146
1503480 1153
1503490 1160
1503500 1160
1503510 1167
1503520 1174
1503530 1174
1503540 1182
1503550 1188
1503560 1188
1503570 1194
1503580 1200
1503590 1200
1503600 1205
1503610 1212
1503620 1212
1503630 1219
1503640 1223
1503650 1223
1503660 1228
1503670 1237
1503680 1244
1503690 1244
1503700 1252
1503710 1259
1503720 1259
1503730 1266
1503740 1271
1503750 1271
1503760 1275
1503770 1278
1503780 1278
1503790 1282
1503800 1288
1503810 1288
1503820 1294
1503830 1302
1503840 1302
1503850 1309
1503860 1312
1503870 1312
1503880 1317
1503890 1322
1503900 1322
1503910 1324
1503920 1329
1503930 1329
1503940 1333
1503950 1338
1503960 1342
1503970 1342
1503980 1348
1503990 1354
1504000 1354
1504010 1359
1504020 1364
1504030 1364
1504040 1369
1504050 1374
1504060 1374
1504070 1378
1504080 1381
1504090 1381
1504100 1385
1504110 1389
1504120 1389
1504130 1393
1504140 1397
1504150 1397
1504160 1402
1504170 1405
1504180 1405
1504190 1409
1504200 1413
1504210 1413
1504220 1418
1504230 1425
1504240 1429
1504250 1429
1504260 1433
1504270 1437
1504280 1437
1504290 1440
1504300 1443
1504310 1443
1504320 1448
1504330 1453
1504340 1453
1504350 1455
1504360 1457
1504370 1457
1504380 1459
1504390 1461
1504400 1461
1504410 1463
1504420 1465
1504430 1465
1504440 1467
1504450 1469
1504460 1469
1504470 1472
1504480 1474
1504490 1474
1504500 1477
1504510 1480
1504520 1484
1504530 1484
1504540 1487
1504550 1491
1504560 1491
1504570 1495
1504580 1500
1504590 1500
1504600 1505
1504610 1508
1504620 1508
1504630 1512
1504640 1517
1504650 1517
1504660 1520
1504670 1525
1504680 1525
1504690 1527
1504700 1529
1504710 1529
1504720 1531
1504730 1535
1504740 1535
1504750 1538
1504760 1542
1504770 1542
1504780 1545
1504790 1547
1504800 1552
1504810 1552
1504820 1556
1504830 1561
1504840 1561
1504850 1564
1504860 1568
1504870 1568
1504880 1572
1504890 1577
1504900 1577
1504910 1582
1504920 1587
1504930 1587
1504940 1592
1504950 1595
1504960 1595
1504970 1599
1504980 1603
1504990 1603
1505000 1607
1505010 1611
1505020 1611
1505030 1616
1505040 1620
1505050 1620
1505060 1623
1505070 1626
1505080 1630
1505090 1630
1505100 1634
1505110 1641
1505120 1641
1505130 1644
1505140 1649
1505150 1649
1505160 1654
1505170 1658
1505180 1658
1505190 1662
1505200 1666
1505210 1666
1505220 1669
1505230 1673
1505240 1673
1505250 1678
1505260 1684
1505270 1684
1505280 1688
1505290 1691
1505300 1691
1505310 1694
1505320 1696
1505330 1696
1505340 1698
1505350 1699
1505360 1700
1505370 1700
1505380 1701
1505390 1701
1505400 1701
1505410 1702
1505420 1704
1505430 1704
1505440 1705
1505450 1704
1505460 1704
1505470 1704
1505480 1703
1505490 1703
1505500 1701
1505510 1699
1505520 1699
1505530 1699
1505540 1699
1505550 1699
1505560 1699
1505570 1699
1505580 1699
1505590 1698
1505600 1698
1505610 1698
1505620 1698
1505630 1697
1505640 1696
1505650 1696
1505660 1695
1505670 1694
1505680 1694
1505690 1694
1505700 1694
1505710 1694
1505720 1694
1505730 1694
1505740 1694
1505750 1692
1505760 1691
1505770 1691
1505780 1691
1505790 1689
1505800 1689
1505810 1689
1505820 1688
1505830 1688
1505840 1687
1505850 1687
1505860 1687
1505870 1684
1505880 1682
1505890 1682
1505900 1681
1505910 1680
1505920 1679
1505930 1679
1505940 1679
1505950 1679
1505960 1679
1505970 1679
1505980 1680
1505990 1680
1506000 1680
1506010 1680
1506020 1680
1506030 1680
1506040 1679
1506050 1679
1506060 1679
1506070 1679
1506080 1679
1506090 1679
1506100 1678
1506110 1678
1506120 1678
1506130 1678
1506140 1678
1506150 1678
1506160 1678
1506170 1678
1506180 1677
1506190 1676
1506200 1676
1506210 1676
1506220 1677
1506230 1678
1506240 1678
1506250 1679
1506260 1678
1506270 1678
1506280 1677
1506290 1676
1506300 1676
1506310 1672
1506320 1670
1506330 1670
1506340 1669
1506350 1669
1506360 1669
1506370 1668
1506380 1667
1506390 1667
1506400 1664
1506410 1661
1506420 1661
1506430 1660
1506440 1659
1506450 1659
1506460 1659
1506470 1658
1506480 1655
1506490 1655
1506500 1651
1506510 1649
1506520 1649
1506530 1648
1506540 1646
1506550 1646
1506560 1644
1506570 1642
1506580 1642
1506590 1640
1506600 1639
1506610 1639
1506620 1637
1506630 1635
1506640 1635
1506650 1632
1506660 1629
1506670 1629
1506680 1626
1506690 1624
1506700 1624
1506710 1625
1506720 1624
1506730 1624
1506740 1622
1506750 1620
1506760 1620
1506770 1620
1506780 1620
1506790 1621
1506800 1621
1506810 1623
1506820 1627
1506830 1627
1506840 1632
1506850 1636
1506860 1636
1506870 1636
1506880 1637
1506890 1637
1506900 1638
1506910 1639
1506920 1639
1506930 1638
1506940 1636
1506950 1636
1506960 1633
1506970 1632
1506980 1632
1506990 1629
1507000 1627
1507010 1627
1507020 1624
1507030 1621
1507040 1621
1507050 1617
1507060 1612
1507070 1607
1507080 1607
1507090 1603
1507100 1598
1507110 1598
1507120 1592
1507130 1587
1507140 1587
1507150 1584
1507160 1580
1507170 1580
1507180 1574
1507190 1568
1507200 1568
1507210 1561
1507220 1555
1507230 1555
1507240 1549
1507250 1545
1507260 1545
1507270 1542
1507280 1539
1507290 1539
1507300 1537
1507310 1535
1507320 1535
1507330 1533
1507340 1530
1507350 1526
1507360 1526
1507370 1521
1507380 1516
1507390 1516
1507400 1511
1507410 1507
1507420 1507
1507430 1503
1507440 1499
1507450 1499
1507460 1495
1507470 1491
1507480 1491
1507490 1491
1507500 1494
1507510 1494
1507520 1496
1507530 1499
1507540 1499
1507550 1501
1507560 1504
1507570 1504
1507580 1507
1507590 1509
1507600 1509
1507610 1512
1507620 1515
1507630 1519
1507640 1519
1507650 1523
1507660 1526
1507670 1526
1507680 1527
1507690 1529
1507700 1529
1507710 1531
1507720 1534
1507730 1534
1507740 1536
1507750 1538
1507760 1538
1507770 1540
1507780 1542
1507790 1542
1507800 1543
1507810 1544
1507820 1544
1507830 1545
1507840 1546
1507850 1546
1507860 1548
1507870 1549
1507880 1549
1507890 1550
1507900 1551
1507910 1552
1507920 1552
1507930 1553
1507940 1554
1507950 1554
1507960 1553
1507970 1554
1507980 1554
1507990 1556
1508000 1558
1508010 1558
1508020 1559
1508030 1560
1508040 1560
1508050 1559
1508060 1558
1508070 1558
1508080 1557
1508090 1555
1508100 1555
1508110 1553
1508120 1551
1508130 1551
1508140 1549
1508150 1546
1508160 1546
1508170 1543
1508180 1541
1508190 1540
1508200 1540
1508210 1539
1508220 1536
1508230 1536
1508240 1534
1508250 1531
1508260 1531
1508270 1529
1508280 1526
1508290 1526
1508300 1523
1508310 1520
1508320 1520
1508330 1518
1508340 1515
1508350 1515
1508360 1513
1508370 1511
1508380 1511
1508390 1510
1508400 1508
1508410 1508
1508420 1505
1508430 1502
1508440 1502
1508450 1499
1508460 1496
1508470 1492
1508480 1492
1508490 1489
1508500 1486
1508510 1486
1508520 1482
1508530 1478
1508540 1478
1508550 1476
1508560 1474
1508570 1474
1508580 1473
1508590 1471
1508600 1471
1508610 1470
1508620 1469
1508630 1469
1508640 1468
1508650 1467
1508660 1467
1508670 1466
1508680 1465
1508690 1465
1508700 1464
1508710 1462
1508720 1462
1508730 1460
1508740 1457
1508750 1452
1508760 1452
1508770 1449
1508780 1445
1508790 1445
1508800 1439
1508810 1433
1508820 1433
1508830 1431
1508840 1427
1508850 1427
1508860 1422
1508870 1417
1508880 1417
1508890 1414
1508900 1414
1508910 1414
1508920 1414
1508930 1414
1508940 1414
1508950 1414
1508960 1414
1508970 1414
1508980 1414
1508990 1413
1509000 1413
1509010 1410
1509020 1409
1509030 1407
1509040 1407
1509050 1405
1509060 1404
1509070 1404
1509080 1403
1509090 1401
1509100 1401
1509110 1398
1509120 1395
1509130 1395
1509140 1391
1509150 1387
1509160 1387
1509170 1381
1509180 1378
1509190 1378
1509200 1375
1509210 1372
1509220 1372
1509230 1369
1509240 1366
1509250 1366
1509260 1362
1509270 1358
1509280 1358
1509290 1357
1509300 1355
1509310 1350
1509320 1350
1509330 1345
1509340 1340
1509350 1340
1509360 1333
1509370 1328
1509380 1328
1509390 1324
1509400 1320
1509410 1320
1509420 1318
1509430 1316
1509440 1316
1509450 1315
1509460 1312
1509470 1312
1509480 1309
1509490 1307
1509500 1307
1509510 1303
1509520 1300
1509530 1300
1509540 1298
1509550 1294
1509560 1294
1509570 1291
1509580 1287
1509590 1282
1509600 1282
1509610 1279
1509620 1277
1509630 1277
1509640 1275
1509650 1273
1509660 1273
1509670 1272
1509680 1270
1509690 1270
1509700 1267
1509710 1262
1509720 1262
1509730 1259
1509740 1256
1509750 1256
1509760 1253
1509770 1250
1509780 1250
1509790 1245
1509800 1241
1509810 1241
1509820 1239
1509830 1238
1509840 1238
1509850 1237
1509860 1237
1509870 1236
1509880 1236
1509890 1235
1509900 1233
1509910 1233
1509920 1230
1509930 1226
1509940 1226
1509950 1223
1509960 1219
1509970 1219
1509980 1215
1509990 1211
1510000 1211
1510010 1206
1510020 1202
1510030 1202
1510040 1199
1510050 1194
1510060 1194
1510070 1191
1510080 1189
1510090 1189
1510100 1186
1510110 1183
1510120 1183
1510130 1179
1510140 1175
1510150 1170
1510160 1170
1510170 1165
1510180 1160
1510190 1160
1510200 1156
1510210 1151
1510220 1151
1510230 1147
1510240 1142
1510250 1142
1510260 1138
1510270 1133
1510280 1133
1510290 1128
1510300 1124
1510310 1124
1510320 1120
1510330 1116
1510340 1116
1510350 1111
1510360 1107
1510370 1107
1510380 1103
1510390 1099
1510400 1099
1510410 1094
1510420 1090
1510430 1086
1510440 1086
1510450 1081
1510460 1077
1510470 1077
1510480 1072
1510490 1067
1510500 1067
1510510 1063
1510520 1060
1510530 1060
1510540 1057
1510550 1053
1510560 1053
1510570 1049
1510580 1043
1510590 1043
1510600 1040
1510610 1040
1510620 1040
1510630 1040
1510640 1040
1510650 1040
1510660 1040
1510670 1040
1510680 1040
1510690 1040
1510700 1040
1510710 1040
1510720 1040
1510730 1040
1510740 1040
1510750 1040
1510760 1040
1510770 1040
1510780 1040
1510790 1040
1510800 1041
1510810 1041
1510820 1043
1510830 1046
1510840 1046
1510850 1051
1510860 1055
1510870 1055
1510880 1060
1510890 1065
1510900 1065
1510910 1069
1510920 1073
1510930 1073
1510940 1078
1510950 1084
1510960 1084
1510970 1095
1510980 1104
1510990 1104
1511000 1110
1511010 1116
1511020 1119
1511030 1119
1511040 1120
1511050 1124
1511060 1124
1511070 1130
1511080 1136
1511090 1136
1511100 1143
1511110 1150
1511120 1150
1511130 1161
1511140 1169
1511150 1169
1511160 1175
1511170 1181
1511180 1181
1511190 1191
1511200 1203
1511210 1203
1511220 1210
1511230 1213
1511240 1213
1511250 1217
1511260 1224
1511270 1224
1511280 1232
1511290 1241
1511300 1249
1511310 1249
1511320 1258
1511330 1267
1511340 1267
1511350 1277
1511360 1286
1511370 1286
1511380 1293
1511390 1300
1511400 1300
1511410 1307
1511420 1315
1511430 1315
1511440 1323
1511450 1331
1511460 1331
1511470 1340
1511480 1350
1511490 1350
1511500 1359
1511510 1367
1511520 1367
1511530 1372
1511540 1378
1511550 1378
1511560 1385
1511570 1391
1511580 1398
1511590 1398
1511600 1405
1511610 1412
1511620 1412
1511630 1420
1511640 1426
1511650 1426
1511660 1433
1511670 1439
1511680 1439
1511690 1445
1511700 1449
1511710 1449
1511720 1454
1511730 1460
1511740 1460
1511750 1466
1511760 1471
1511770 1471
1511780 1475
1511790 1479
1511800 1479
1511810 1483
1511820 1486
1511830 1486
1511840 1490
1511850 1494
1511860 1499
1511870 1499
1511880 1504
1511890 1511
1511900 1511
1511910 1518
1511920 1524
1511930 1524
1511940 1528
1511950 1531
1511960 1531
1511970 1533
1511980 1535
1511990 1535
1512000 1537
1512010 1541
1512020 1541
1512030 1545
1512040 1548
1512050 1548
1512060 1553
1512070 1558
1512080 1558
1512090 1563
1512100 1569
1512110 1569
1512120 1575
1512130 1579
1512140 1580
1512150 1580
1512160 1579
1512170 1581
1512180 1581
1512190 1587
1512200 1596
1512210 1596
1512220 1603
1512230 1611
1512240 1611
1512250 1619
1512260 1625
1512270 1625
1512280 1632
1512290 1639
1512300 1639
1512310 1652
1512320 1660
1512330 1660
1512340 1665
1512350 1669
1512360 1669
1512370 1672
1512380 1674
1512390 1674
1512400 1677
1512410 1680
1512420 1684
1512430 1684
1512440 1692
1512450 1701
1512460 1701
1512470 1709
1512480 1716
1512490 1716
1512500 1722
1512510 1729
1512520 1729
1512530 1733
1512540 1737
1512550 1737
1512560 1743
1512570 1748
1512580 1748
1512590 1757
1512600 1772
1512610 1772
1512620 1781
1512630 1790
1512640 1790
1512650 1798
1512660 1802
1512670 1802
1512680 1804
1512690 1807
1512700 1810
1512710 1810
1512720 1816
1512730 1824
1512740 1824
1512750 1833
1512760 1840
1512770 1840
1512780 1846
1512790 1853
1512800 1853
1512810 1862
1512820 1869
1512830 1869
1512840 1876
1512850 1882
1512860 1882
1512870 1890
1512880 1899
1512890 1899
1512900 1906
1512910 1913
1512920 1913
1512930 1920
1512940 1927
1512950 1927
1512960 1935
1512970 1943
1512980 1952
1512990 1952
1513000 1961
1513010 1972
1513020 1972
1513030 1980
1513040 1986
1513050 1986
1513060 1991
1513070 1996
1513080 1996
1513090 1999
1513100 2000
1513110 2000
1513120 1999
1513130 1996
1513140 1996
1513150 1991
1513160 1974
1513170 1974
1513180 1958
1513190 1952
1513200 1952
1513210 1950
1513220 1946
1513230 1946
1513240 1942
1513250 1937
1513260 1920
1513270 1920
1513280 1915
1513290 1910
1513300 1910
1513310 1907
1513320 1905
1513330 1905
1513340 1900
1513350 1898
1513360 1898
1513370 1895
1513380 1883
1513390 1883
1513400 1871
1513410 1867
1513420 1867
1513430 1859
1513440 1853
1513450 1853
1513460 1849
1513470 1844
1513480 1844
1513490 1836
1513500 1829
1513510 1829
1513520 1822
1513530 1815
1513540 1808
1513550 1808
1513560 1799
1513570 1790
1513580 1790
1513590 1780
1513600 1771
1513610 1771
1513620 1762
1513630 1750
1513640 1750
1513650 1740
1513660 1729
1513670 1729
1513680 1721
1513690 1714
1513700 1714
1513710 1708
1513720 1703
1513730 1703
1513740 1700
1513750 1698
1513760 1698
1513770 1694
1513780 1690
1513790 1690
1513800 1687
1513810 1687
1513820 1687
1513830 1687
1513840 1687
1513850 1690
1513860 1690
1513870 1696
1513880 1701
1513890 1701
1513900 1707
1513910 1711
1513920 1711
1513930 1714
1513940 1716
1513950 1716
1513960 1717
1513970 1717
1513980 1717
1513990 1718
1514000 1717
1514010 1717
1514020 1718
1514030 1717
1514040 1717
1514050 1714
1514060 1712
1514070 1712
1514080 1708
1514090 1702
1514100 1697
1514110 1697
1514120 1692
1514130 1684
1514140 1684
1514150 1681
1514160 1677
1514170 1677
1514180 1675
1514190 1675
1514200 1675
1514210 1674
1514220 1672
1514230 1672
1514240 1671
1514250 1670
1514260 1670
1514270 1669
1514280 1668
1514290 1668
1514300 1668
1514310 1667
1514320 1667
1514330 1667
1514340 1666
1514350 1666
1514360 1665
1514370 1666
1514380 1668
1514390 1668
1514400 1666
1514410 1664
1514420 1664
1514430 1662
1514440 1660
1514450 1660
1514460 1658
1514470 1656
1514480 1656
1514490 1656
1514500 1657
1514510 1657
1514520 1656
1514530 1653
1514540 1653
1514550 1654
1514560 1656
1514570 1656
1514580 1658
1514590 1659
1514600 1659
1514610 1660
1514620 1661
1514630 1661
1514640 1661
1514650 1661
1514660 1661
1514670 1661
1514680 1663
1514690 1664
1514700 1664
1514710 1667
1514720 1671
1514730 1671
1514740 1676
1514750 1680
1514760 1680
1514770 1683
1514780 1687
1514790 1687
1514800 1690
1514810 1693
1514820 1693
1514830 1696
1514840 1701
1514850 1701
1514860 1706
1514870 1711
1514880 1711
1514890 1714
1514900 1718
1514910 1718
1514920 1723
1514930 1728
1514940 1731
1514950 1731
1514960 1728
1514970 1726
1514980 1726
1514990 1726
1515000 1726
1515010 1726
1515020 1725
1515030 1722
1515040 1722
1515050 1719
1515060 1714
1515070 1714
1515080 1710
1515090 1709
1515100 1706
1515110 1702
1515120 1698
1515130 1698
1515140 1693
1515150 1689
1515160 1689
1515170 1684
1515180 1678
1515190 1678
1515200 1670
1515210 1663
1515220 1654
1515230 1654
1515240 1647
1515250 1638
1515260 1638
1515270 1628
1515280 1618
1515290 1618
1515300 1610
1515310 1604
1515320 1604
1515330 1599
1515340 1593
1515350 1593
1515360 1588
1515370 1581
1515380 1581
1515390 1574
1515400 1568
1515410 1568
1515420 1561
1515430 1554
1515440 1554
1515450 1544
1515460 1536
1515470 1536
1515480 1530
1515490 1525
1515500 1517
1515510 1517
1515520 1508
1515530 1501
1515540 1501
1515550 1494
1515560 1488
1515570 1488
1515580 1480
1515590 1474
1515600 1474
1515610 1468
1515620 1463
1515630 1463
1515640 1458
1515650 1454
1515660 1454
1515670 1449
1515680 1445
1515690 1445
1515700 1440
1515710 1434
1515720 1434
1515730 1421
1515740 1400
1515750 1400
1515760 1385
1515770 1375
1515780 1364
1515790 1364
1515800 1353
1515810 1339
1515820 1339
1515830 1324
1515840 1314
1515850 1314
1515860 1305
1515870 1297
1515880 1297
1515890 1289
1515900 1281
1515910 1281
1515920 1272
1515930 1263
1515940 1263
1515950 1254
1515960 1246
1515970 1246
1515980 1238
1515990 1231
1516000 1231
1516010 1224
1516020 1217
1516030 1217
1516040 1210
1516050 1205
1516060 1201
1516070 1201
1516080 1197
1516090 1194
1516100 1194
1516110 1189
1516120 1185
1516130 1185
1516140 1181
1516150 1176
1516160 1176
1516170 1172
1516180 1167
1516190 1167
1516200 1163
1516210 1158
1516220 1158
1516230 1154
1516240 1149
1516250 1149
1516260 1145
1516270 1141
1516280 1141
1516290 1137
1516300 1133
1516310 1133
1516320 1130
1516330 1127
1516340 1127
1516350 1123
1516360 1119
1516370 1115
1516380 1115
1516390 1111
1516400 1108
1516410 1108
1516420 1105
1516430 1102
1516440 1102
1516450 1099
1516460 1098
1516470 1098
1516480 1098
1516490 1098
1516500 1098
1516510 1098
1516520 1098
1516530 1098
1516540 1098
1516550 1098
1516560 1098
1516570 1099
1516580 1099
1516590 1099
1516600 1099
1516610 1099
1516620 1099
1516630 1099
1516640 1100
1516650 1103
1516660 1103
1516670 1109
1516680 1115
1516690 1115
1516700 1121
1516710 1128
1516720 1128
1516730 1135
1516740 1142
1516750 1142
1516760 1150
1516770 1159
1516780 1159
1516790 1167
1516800 1175
1516810 1175
1516820 1182
1516830 1189
1516840 1189
1516850 1196
1516860 1202
1516870 1202
1516880 1210
1516890 1217
1516900 1217
1516910 1223
1516920 1231
1516930 1239
1516940 1239
1516950 1248
1516960 1259
1516970 1259
1516980 1269
1516990 1278
1517000 1278
1517010 1285
1517020 1293
1517030 1293
1517040 1300
1517050 1307
1517060 1307
1517070 1314
1517080 1322
1517090 1322
1517100 1330
1517110 1341
1517120 1341
1517130 1351
1517140 1361
1517150 1361
1517160 1369
1517170 1377
1517180 1377
1517190 1384
1517200 1392
1517210 1399
1517220 1399
1517230 1404
1517240 1411
1517250 1411
1517260 1418
1517270 1425
1517280 1425
1517290 1433
1517300 1440
1517310 1440
1517320 1446
1517330 1451
1517340 1451
1517350 1456
1517360 1460
1517370 1460
1517380 1466
1517390 1472
1517400 1472
1517410 1477
1517420 1483
1517430 1483
1517440 1489
1517450 1496
1517460 1496
1517470 1503
1517480 1509
1517490 1517
1517500 1517
1517510 1525
1517520 1533
1517530 1533
1517540 1537
1517550 1540
1517560 1540
1517570 1544
1517580 1549
1517590 1549
1517600 1554
1517610 1559
1517620 1559
1517630 1562
1517640 1567
1517650 1567
1517660 1572
1517670 1575
1517680 1575
1517690 1579
1517700 1583
1517710 1583
1517720 1587
1517730 1590
1517740 1590
1517750 1594
1517760 1597
1517770 1600
1517780 1600
1517790 1604
1517800 1608
1517810 1608
1517820 1612
1517830 1616
1517840 1616
1517850 1621
1517860 1624
1517870 1624
1517880 1629
1517890 1637
1517900 1637
1517910 1646
1517920 1658
1517930 1658
1517940 1668
1517950 1676
1517960 1676
1517970 1685
1517980 1694
1517990 1694
1518000 1700
1518010 1707
1518020 1707
1518030 1714
1518040 1722
1518050 1728
1518060 1728
1518070 1735
1518080 1740
1518090 1740
1518100 1745
1518110 1749
1518120 1749
1518130 1754
1518140 1758
1518150 1758
1518160 1763
1518170 1769
1518180 1769
1518190 1775
1518200 1782
1518210 1782
1518220 1786
1518230 1790
1518240 1790
1518250 1793
1518260 1797
1518270 1797
1518280 1800
1518290 1803
1518300 1803
1518310 1805
1518320 1805
1518330 1803
1518340 1803
1518350 1798
1518360 1792
1518370 1792
1518380 1788
1518390 1786
1518400 1786
1518410 1784
1518420 1778
1518430 1778
1518440 1777
1518450 1770
1518460 1770
1518470 1762
1518480 1754
1518490 1754
1518500 1748
1518510 1741
1518520 1741
1518530 1736
1518540 1730
1518550 1730
1518560 1725
1518570 1721
1518580 1721
1518590 1717
1518600 1714
1518610 1710
1518620 1710
1518630 1707
1518640 1703
1518650 1703
1518660 1700
1518670 1697
1518680 1697
1518690 1694
1518700 1691
1518710 1691
1518720 1688
1518730 1686
1518740 1686
1518750 1683
1518760 1680
1518770 1680
1518780 1676
1518790 1672
1518800 1672
1518810 1668
1518820 1665
1518830 1665
1518840 1663
1518850 1660
1518860 1660
1518870 1658
1518880 1655
1518890 1651
1518900 1651
1518910 1648
1518920 1644
1518930 1644
1518940 1642
1518950 1639
1518960 1639
1518970 1637
1518980 1634
1518990 1634
1519000 1630
1519010 1625
1519020 1620
1519030 1615
1519040 1611
1519050 1611
1519060 1607
1519070 1602
1519080 1602
1519090 1599
1519100 1597
1519110 1597
1519120 1594
1519130 1591
1519140 1591
1519150 1588
1519160 1583
1519170 1578
1519180 1578
1519190 1573
1519200 1567
1519210 1567
1519220 1561
1519230 1553
1519240 1553
1519250 1546
1519260 1540
1519270 1540
1519280 1536
1519290 1532
1519300 1532
1519310 1528
1519320 1524
1519330 1524
1519340 1520
1519350 1516
1519360 1516
1519370 1513
1519380 1508
1519390 1508
1519400 1505
1519410 1501
1519420 1501
1519430 1497
1519440 1493
1519450 1489
1519460 1489
1519470 1484
1519480 1479
1519490 1479
1519500 1475
1519510 1470
1519520 1470
1519530 1465
1519540 1460
1519550 1460
1519560 1455
1519570 1450
1519580 1450
1519590 1444
1519600 1439
1519610 1439
1519620 1432
1519630 1426
1519640 1426
1519650 1419
1519660 1413
1519670 1413
1519680 1408
1519690 1405
1519700 1405
1519710 1401
1519720 1396
1519730 1396
1519740 1390
1519750 1384
1519760 1376
1519770 1376
1519780 1368
1519790 1360
1519800 1360
1519810 1352
1519820 1345
1519830 1345
1519840 1339
1519850 1334
1519860 1334
1519870 1328
1519880 1322
1519890 1322
1519900 1315
1519910 1305
1519920 1305
1519930 1296
1519940 1288
1519950 1288
1519960 1281
1519970 1274
1519980 1274
1519990 1266
