1500000 1232
1500010 1232
1500020 1230
1500030 1227
1500040 1227
1500050 1224
1500060 1223
1500070 1223
1500080 1221
1500090 1220
1500100 1218
1500110 1218
1500120 1216
1500130 1215
1500140 1215
1500150 1212
1500160 1210
1500170 1210
1500180 1207
1500190 1204
1500200 1204
1500210 1203
1500220 1201
1500230 1201
1500240 1200
1500250 1199
1500260 1199
1500270 1196
1500280 1192
1500290 1192
1500300 1188
1500310 1185
1500320 1185
1500330 1182
1500340 1181
1500350 1181
1500360 1179
1500370 1176
1500380 1172
1500390 1172
1500400 1169
1500410 1166
1500420 1166
1500430 1164
1500440 1163
1500450 1163
1500460 1161
1500470 1159
1500480 1159
1500490 1156
1500500 1154
1500510 1154
1500520 1151
1500530 1148
1500540 1148
1500550 1145
1500560 1143
1500570 1143
1500580 1140
1500590 1138
1500600 1138
1500610 1135
1500620 1133
1500630 1133
1500640 1128
1500650 1123
1500660 1120
1500670 1120
1500680 1115
1500690 1111
1500700 1111
1500710 1107
1500720 1102
1500730 1102
1500740 1099
1500750 1095
1500760 1095
1500770 1090
1500780 1085
1500790 1085
1500800 1081
1500810 1077
1500820 1077
1500830 1074
1500840 1071
1500850 1071
1500860 1069
1500870 1066
1500880 1066
1500890 1064
1500900 1061
1500910 1061
1500920 1058
1500930 1055
1500940 1055
1500950 1052
1500960 1048
1500970 1044
1500980 1044
1500990 1040
1501000 1037
1501010 1037
1501020 1034
1501030 1031
1501040 1031
1501050 1027
1501060 1023
1501070 1023
1501080 1019
1501090 1016
1501100 1016
1501110 1013
1501120 1010
1501130 1010
1501140 1008
1501150 1003
1501160 1003
1501170 998
1501180 991
1501190 991
1501200 987
1501210 985
1501220 985
1501230 983
1501240 979
1501250 974
1501260 974
1501270 969
1501280 967
1501290 967
1501300 962
1501310 959
1501320 959
1501330 956
1501340 952
1501350 952
1501360 950
1501370 946
1501380 946
1501390 942
1501400 938
1501410 938
1501420 933
1501430 929
1501440 929
1501450 924
1501460 920
1501470 920
1501480 916
1501490 912
1501500 912
1501510 910
1501520 908
1501530 906
1501540 906
1501550 904
1501560 902
1501570 902
1501580 900
1501590 899
1501600 899
1501610 897
1501620 895
1501630 895
1501640 893
1501650 890
1501660 890
1501670 888
1501680 886
1501690 886
1501700 884
1501710 882
1501720 882
1501730 880
1501740 879
1501750 879
1501760 877
1501770 876
1501780 876
1501790 876
1501800 876
1501810 876
1501820 876
1501830 876
1501840 875
1501850 875
1501860 875
1501870 875
1501880 875
1501890 875
1501900 874
1501910 874
1501920 874
1501930 874
1501940 874
1501950 873
1501960 872
1501970 872
1501980 872
1501990 871
1502000 871
1502010 870
1502020 870
1502030 870
1502040 869
1502050 869
1502060 869
1502070 868
1502080 867
1502090 866
1502100 866
1502110 865
1502120 864
1502130 864
1502140 863
1502150 863
1502160 863
1502170 862
1502180 861
1502190 861
1502200 860
1502210 858
1502220 858
1502230 857
1502240 857
1502250 857
1502260 857
1502270 856
1502280 856
1502290 856
1502300 856
1502310 856
1502320 857
1502330 857
1502340 857
1502350 857
1502360 857
1502370 859
1502380 859
1502390 862
1502400 866
1502410 866
1502420 869
1502430 875
1502440 875
1502450 877
1502460 879
1502470 879
1502480 881
1502490 885
1502500 885
1502510 887
1502520 890
1502530 890
1502540 893
1502550 895
1502560 895
1502570 897
1502580 898
1502590 898
1502600 900
1502610 902
1502620 902
1502630 904
1502640 907
1502650 909
1502660 909
1502670 912
1502680 914
1502690 914
1502700 917
1502710 921
1502720 921
1502730 924
1502740 928
1502750 928
1502760 932
1502770 936
1502780 936
1502790 940
1502800 943
1502810 943
1502820 947
1502830 950
1502840 950
1502850 954
1502860 959
1502870 959
1502880 963
1502890 968
1502900 968
1502910 973
1502920 978
1502930 984
1502940 984
1502950 990
1502960 995
1502970 995
1502980 1001
1502990 1006
1503000 1006
1503010 1012
1503020 1018
1503030 1018
1503040 1024
1503050 1031
1503060 1031
1503070 1039
1503080 1046
1503090 1046
1503100 1051
1503110 1055
1503120 1055
1503130 1059
1503140 1064
1503150 1064
1503160 1067
1503170 1069
1503180 1069
1503190 1070
1503200 1072
1503210 1074
1503220 1074
1503230 1077
1503240 1087
1503250 1087
1503260 1095
1503270 1102
1503280 1102
1503290 1109
1503300 1116
1503310 1116
1503320 1122
1503330 1127
1503340 1127
1503350 1133
1503360 1141
1503370 1141
1503380 1149
1503390 1154
1503400 1154
1503410 1159
1503420 1163
1503430 1163
1503440 1168
1503450 1173
1503460 1173
1503470 1178
1503480 1183
1503490 1183
1503500 1188
1503510 1194
1503520 1200
1503530 1200
1503540 1205
1503550 1211
1503560 1211
1503570 1215
1503580 1218
1503590 1218
1503600 1222
1503610 1226
1503620 1226
1503630 1230
1503640 1234
1503650 1234
1503660 1236
1503670 1238
1503680 1238
1503690 1243
1503700 1249
1503710 1249
1503720 1253
1503730 1258
1503740 1258
1503750 1262
1503760 1264
1503770 1264
1503780 1267
1503790 1271
1503800 1274
1503810 1274
1503820 1276
1503830 1278
1503840 1278
1503850 1280
1503860 1282
1503870 1282
1503880 1285
1503890 1288
1503900 1288
1503910 1291
1503920 1294
1503930 1294
1503940 1298
1503950 1301
1503960 1301
1503970 1305
1503980 1308
1503990 1308
1504000 1311
1504010 1315
1504020 1315
1504030 1320
1504040 1324
1504050 1324
1504060 1328
1504070 1333
1504080 1340
1504090 1340
1504100 1346
1504110 1351
1504120 1351
1504130 1357
1504140 1363
1504150 1363
1504160 1368
1504170 1374
1504180 1374
1504190 1379
1504200 1384
1504210 1384
1504220 1387
1504230 1388
1504240 1388
1504250 1389
1504260 1394
1504270 1394
1504280 1401
1504290 1407
1504300 1407
1504310 1412
1504320 1416
1504330 1416
1504340 1420
1504350 1426
1504360 1433
1504370 1433
1504380 1439
1504390 1445
1504400 1445
1504410 1452
1504420 1454
1504430 1454
1504440 1458
1504450 1465
1504460 1465
1504470 1471
1504480 1477
1504490 1477
1504500 1483
1504510 1489
1504520 1489
1504530 1495
1504540 1500
1504550 1500
1504560 1507
1504570 1511
1504580 1511
1504590 1515
1504600 1519
1504610 1519
1504620 1523
1504630 1527
1504640 1531
1504650 1531
1504660 1535
1504670 1540
1504680 1540
1504690 1544
1504700 1548
1504710 1548
1504720 1554
1504730 1560
1504740 1560
1504750 1567
1504760 1571
1504770 1571
1504780 1573
1504790 1576
1504800 1576
1504810 1578
1504820 1580
1504830 1580
1504840 1584
1504850 1589
1504860 1589
1504870 1592
1504880 1596
1504890 1596
1504900 1600
1504910 1604
1504920 1607
1504930 1607
1504940 1611
1504950 1615
1504960 1615
1504970 1619
1504980 1623
1504990 1623
1505000 1627
1505010 1630
1505020 1630
1505030 1634
1505040 1637
1505050 1637
1505060 1640
1505070 1642
1505080 1642
1505090 1643
1505100 1644
1505110 1644
1505120 1644
1505130 1644
1505140 1644
1505150 1643
1505160 1643
1505170 1643
1505180 1641
1505190 1638
1505200 1636
1505210 1636
1505220 1633
1505230 1630
1505240 1630
1505250 1628
1505260 1625
1505270 1625
1505280 1622
1505290 1620
1505300 1620
1505310 1620
1505320 1619
1505330 1619
1505340 1618
1505350 1618
1505360 1618
1505370 1618
1505380 1617
1505390 1617
1505400 1617
1505410 1616
1505420 1616
1505430 1615
1505440 1615
1505450 1615
1505460 1613
1505470 1612
1505480 1611
1505490 1611
1505500 1609
1505510 1607
1505520 1607
1505530 1604
1505540 1599
1505550 1599
1505560 1596
1505570 1592
1505580 1592
1505590 1587
1505600 1586
1505610 1586
1505620 1584
1505630 1580
1505640 1580
1505650 1581
1505660 1583
1505670 1583
1505680 1582
1505690 1580
1505700 1580
1505710 1579
1505720 1577
1505730 1577
1505740 1575
1505750 1573
1505760 1573
1505770 1571
1505780 1569
1505790 1568
1505800 1568
1505810 1566
1505820 1564
1505830 1564
1505840 1562
1505850 1560
1505860 1560
1505870 1557
1505880 1557
1505890 1557
1505900 1553
1505910 1550
1505920 1550
1505930 1547
1505940 1549
1505950 1549
1505960 1552
1505970 1553
1505980 1553
1505990 1553
1506000 1552
1506010 1552
1506020 1552
1506030 1552
1506040 1552
1506050 1548
1506060 1542
1506070 1538
1506080 1538
1506090 1535
1506100 1533
1506110 1533
1506120 1532
1506130 1534
1506140 1534
1506150 1541
1506160 1547
1506170 1547
1506180 1548
1506190 1549
1506200 1549
1506210 1549
1506220 1551
1506230 1551
1506240 1551
1506250 1551
1506260 1551
1506270 1552
1506280 1555
1506290 1555
1506300 1556
1506310 1557
1506320 1557
1506330 1559
1506340 1560
1506350 1561
1506360 1561
1506370 1563
1506380 1564
1506390 1564
1506400 1565
1506410 1566
1506420 1566
1506430 1567
1506440 1568
1506450 1568
1506460 1568
1506470 1570
1506480 1570
1506490 1571
1506500 1573
1506510 1573
1506520 1576
1506530 1582
1506540 1582
1506550 1589
1506560 1594
1506570 1594
1506580 1597
1506590 1597
1506600 1597
1506610 1597
1506620 1597
1506630 1596
1506640 1596
1506650 1593
1506660 1589
1506670 1589
1506680 1584
1506690 1582
1506700 1582
1506710 1579
1506720 1576
1506730 1576
1506740 1573
1506750 1569
1506760 1569
1506770 1567
1506780 1565
1506790 1565
1506800 1563
1506810 1560
1506820 1560
1506830 1557
1506840 1554
1506850 1554
1506860 1552
1506870 1549
1506880 1549
1506890 1545
1506900 1542
1506910 1540
1506920 1540
1506930 1537
1506940 1534
1506950 1534
1506960 1529
1506970 1525
1506980 1525
1506990 1521
1507000 1515
1507010 1515
1507020 1509
1507030 1504
1507040 1504
1507050 1500
1507060 1496
1507070 1496
1507080 1493
1507090 1487
1507100 1487
1507110 1482
1507120 1480
1507130 1480
1507140 1478
1507150 1476
1507160 1476
1507170 1474
1507180 1471
1507190 1469
1507200 1469
1507210 1466
1507220 1464
1507230 1464
1507240 1459
1507250 1453
1507260 1453
1507270 1449
1507280 1445
1507290 1445
1507300 1441
1507310 1435
1507320 1435
1507330 1427
1507340 1421
1507350 1421
1507360 1416
1507370 1412
1507380 1412
1507390 1406
1507400 1401
1507410 1401
1507420 1395
1507430 1388
1507440 1388
1507450 1384
1507460 1380
1507470 1374
1507480 1374
1507490 1370
1507500 1366
1507510 1366
1507520 1363
1507530 1359
1507540 1359
1507550 1356
1507560 1353
1507570 1353
1507580 1349
1507590 1344
1507600 1344
1507610 1340
1507620 1335
1507630 1335
1507640 1329
1507650 1324
1507660 1324
1507670 1324
1507680 1328
1507690 1328
1507700 1333
1507710 1334
1507720 1334
1507730 1336
1507740 1339
1507750 1343
1507760 1341
1507770 1345
1507780 1352
1507790 1352
1507800 1358
1507810 1362
1507820 1362
1507830 1366
1507840 1369
1507850 1369
1507860 1371
1507870 1372
1507880 1372
1507890 1373
1507900 1374
1507910 1374
1507920 1376
1507930 1377
1507940 1377
1507950 1378
1507960 1378
1507970 1378
1507980 1380
1507990 1382
1508000 1382
1508010 1384
1508020 1386
1508030 1386
1508040 1388
1508050 1389
1508060 1390
1508070 1390
1508080 1390
1508090 1392
1508100 1392
1508110 1392
1508120 1391
1508130 1391
1508140 1392
1508150 1391
1508160 1391
1508170 1391
1508180 1390
1508190 1390
1508200 1390
1508210 1388
1508220 1388
1508230 1385
1508240 1383
1508250 1383
1508260 1380
1508270 1378
1508280 1378
1508290 1376
1508300 1374
1508310 1374
1508320 1374
1508330 1373
1508340 1372
1508350 1372
1508360 1370
1508370 1367
1508380 1367
1508390 1364
1508400 1362
1508410 1362
1508420 1358
1508430 1355
1508440 1355
1508450 1353
1508460 1352
1508470 1352
1508480 1349
1508490 1347
1508500 1347
1508510 1343
1508520 1339
1508530 1339
1508540 1335
1508550 1332
1508560 1332
1508570 1331
1508580 1329
1508590 1329
1508600 1325
1508610 1321
1508620 1316
1508630 1316
1508640 1312
1508650 1309
1508660 1309
1508670 1307
1508680 1306
1508690 1306
1508700 1304
1508710 1301
1508720 1301
1508730 1300
1508740 1299
1508750 1299
1508760 1297
1508770 1296
1508780 1296
1508790 1295
1508800 1294
1508810 1294
1508820 1293
1508830 1293
1508840 1293
1508850 1293
1508860 1292
1508870 1292
1508880 1290
1508890 1288
1508900 1286
1508910 1286
1508920 1283
1508930 1281
1508940 1281
1508950 1279
1508960 1277
1508970 1277
1508980 1273
1508990 1271
1509000 1271
1509010 1269
1509020 1268
1509030 1268
1509040 1266
1509050 1263
1509060 1263
1509070 1261
1509080 1259
1509090 1259
1509100 1258
1509110 1256
1509120 1256
1509130 1256
1509140 1257
1509150 1257
1509160 1256
1509170 1253
1509180 1251
1509190 1251
1509200 1251
1509210 1251
1509220 1251
1509230 1248
1509240 1244
1509250 1244
1509260 1240
1509270 1236
1509280 1236
1509290 1233
1509300 1231
1509310 1231
1509320 1228
1509330 1226
1509340 1226
1509350 1225
1509360 1225
1509370 1225
1509380 1224
1509390 1221
1509400 1221
1509410 1217
1509420 1217
1509430 1217
1509440 1215
1509450 1211
1509460 1204
1509470 1204
1509480 1198
1509490 1194
1509500 1194
1509510 1189
1509520 1185
1509530 1185
1509540 1182
1509550 1179
1509560 1179
1509570 1176
1509580 1173
1509590 1173
1509600 1170
1509610 1168
1509620 1168
1509630 1164
1509640 1159
1509650 1159
1509660 1154
1509670 1149
1509680 1149
1509690 1146
1509700 1141
1509710 1141
1509720 1136
1509730 1131
1509740 1125
1509750 1125
1509760 1119
1509770 1114
1509780 1114
1509790 1109
1509800 1104
1509810 1104
1509820 1098
1509830 1093
1509840 1093
1509850 1090
1509860 1089
1509870 1089
1509880 1086
1509890 1083
1509900 1083
1509910 1079
1509920 1076
1509930 1076
1509940 1073
1509950 1070
1509960 1070
1509970 1067
1509980 1067
1509990 1067
1510000 1066
1510010 1064
1510020 1061
1510030 1061
1510040 1059
1510050 1057
1510060 1057
1510070 1054
1510080 1050
1510090 1050
1510100 1046
1510110 1042
1510120 1042
1510130 1039
1510140 1038
1510150 1038
1510160 1037
1510170 1035
1510180 1035
1510190 1033
1510200 1031
1510210 1031
1510220 1030
1510230 1027
1510240 1027
1510250 1025
1510260 1023
1510270 1023
1510280 1023
1510290 1023
1510300 1023
1510310 1023
1510320 1023
1510330 1023
1510340 1023
1510350 1024
1510360 1024
1510370 1024
1510380 1028
1510390 1032
1510400 1032
1510410 1036
1510420 1039
1510430 1039
1510440 1042
1510450 1047
1510460 1047
1510470 1050
1510480 1051
1510490 1051
1510500 1054
1510510 1057
1510520 1057
1510530 1060
1510540 1063
1510550 1063
1510560 1066
1510570 1070
1510580 1070
1510590 1074
1510600 1077
1510610 1080
1510620 1080
1510630 1083
1510640 1085
1510650 1085
1510660 1086
1510670 1088
1510680 1088
1510690 1090
1510700 1093
1510710 1093
1510720 1095
1510730 1098
1510740 1098
1510750 1101
1510760 1104
1510770 1104
1510780 1108
1510790 1112
1510800 1112
1510810 1116
1510820 1120
1510830 1120
1510840 1124
1510850 1129
1510860 1129
1510870 1135
1510880 1141
1510890 1146
1510900 1146
1510910 1151
1510920 1155
1510930 1155
1510940 1160
1510950 1164
1510960 1164
1510970 1169
1510980 1175
1510990 1175
1511000 1182
1511010 1188
1511020 1188
1511030 1194
1511040 1203
1511050 1203
1511060 1210
1511070 1216
1511080 1216
1511090 1225
1511100 1232
1511110 1232
1511120 1238
1511130 1245
1511140 1245
1511150 1252
1511160 1258
1511170 1265
1511180 1265
1511190 1273
1511200 1280
1511210 1280
1511220 1288
1511230 1293
1511240 1293
1511250 1301
1511260 1307
1511270 1307
1511280 1314
1511290 1320
1511300 1320
1511310 1326
1511320 1332
1511330 1332
1511340 1338
1511350 1346
1511360 1346
1511370 1352
1511380 1360
1511390 1360
1511400 1367
1511410 1373
1511420 1373
1511430 1379
1511440 1384
1511450 1389
1511460 1389
1511470 1395
1511480 1404
1511490 1404
1511500 1412
1511510 1417
1511520 1417
1511530 1421
1511540 1423
1511550 1423
1511560 1426
1511570 1430
1511580 1430
1511590 1434
1511600 1438
1511610 1438
1511620 1442
1511630 1444
1511640 1444
1511650 1446
1511660 1447
1511670 1447
1511680 1449
1511690 1451
1511700 1451
1511710 1453
1511720 1456
1511730 1458
1511740 1458
1511750 1461
1511760 1463
1511770 1463
1511780 1465
1511790 1468
1511800 1468
1511810 1472
1511820 1477
1511830 1477
1511840 1482
1511850 1486
1511860 1486
1511870 1491
1511880 1496
1511890 1496
1511900 1501
1511910 1507
1511920 1507
1511930 1513
1511940 1520
1511950 1520
1511960 1525
1511970 1531
1511980 1531
1511990 1535
1512000 1540
1512010 1544
1512020 1544
1512030 1547
1512040 1555
1512050 1555
1512060 1565
1512070 1574
1512080 1574
1512090 1580
1512100 1588
1512110 1588
1512120 1596
1512130 1603
1512140 1603
1512150 1612
1512160 1617
1512170 1617
1512180 1626
1512190 1634
1512200 1634
1512210 1642
1512220 1650
1512230 1650
1512240 1658
1512250 1666
1512260 1666
1512270 1673
1512280 1680
1512290 1687
1512300 1687
1512310 1697
1512320 1704
1512330 1704
1512340 1711
1512350 1717
1512360 1717
1512370 1722
1512380 1728
1512390 1728
1512400 1733
1512410 1739
1512420 1739
1512430 1745
1512440 1751
1512450 1751
1512460 1757
1512470 1765
1512480 1765
1512490 1771
1512500 1777
1512510 1777
1512520 1782
1512530 1787
1512540 1787
1512550 1792
1512560 1797
1512570 1804
1512580 1804
1512590 1809
1512600 1814
1512610 1814
1512620 1820
1512630 1826
1512640 1826
1512650 1831
1512660 1835
1512670 1835
1512680 1839
1512690 1843
1512700 1843
1512710 1847
1512720 1850
1512730 1850
1512740 1854
1512750 1855
1512760 1855
1512770 1853
1512780 1851
1512790 1851
1512800 1845
1512810 1840
1512820 1840
1512830 1832
1512840 1820
1512850 1820
1512860 1813
1512870 1808
1512880 1804
1512890 1804
1512900 1799
1512910 1794
1512920 1794
1512930 1790
1512940 1785
1512950 1785
1512960 1780
1512970 1775
1512980 1775
1512990 1770
1513000 1766
1513010 1766
1513020 1762
1513030 1758
1513040 1758
1513050 1755
1513060 1755
1513070 1755
1513080 1754
1513090 1754
1513100 1754
1513110 1754
1513120 1755
1513130 1755
1513140 1755
1513150 1754
1513160 1753
1513170 1753
1513180 1752
1513190 1751
1513200 1751
1513210 1750
1513220 1749
1513230 1749
1513240 1748
1513250 1747
1513260 1747
1513270 1746
1513280 1745
1513290 1745
1513300 1748
1513310 1748
1513320 1748
1513330 1747
1513340 1744
1513350 1744
1513360 1743
1513370 1743
1513380 1743
1513390 1743
1513400 1743
1513410 1743
1513420 1743
1513430 1743
1513440 1743
1513450 1743
1513460 1743
1513470 1741
1513480 1741
1513490 1739
1513500 1736
1513510 1736
1513520 1735
1513530 1734
1513540 1734
1513550 1733
1513560 1732
1513570 1732
1513580 1730
1513590 1729
1513600 1729
1513610 1728
1513620 1728
1513630 1728
1513640 1727
1513650 1726
1513660 1726
1513670 1726
1513680 1724
1513690 1724
1513700 1723
1513710 1720
1513720 1718
1513730 1718
1513740 1715
1513750 1714
1513760 1714
1513770 1713
1513780 1710
1513790 1710
1513800 1708
1513810 1705
1513820 1705
1513830 1700
1513840 1693
1513850 1693
1513860 1684
1513870 1675
1513880 1675
1513890 1666
1513900 1659
1513910 1659
1513920 1655
1513930 1650
1513940 1650
1513950 1647
1513960 1643
1513970 1643
1513980 1639
1513990 1635
1514000 1631
1514010 1631
1514020 1626
1514030 1621
1514040 1621
1514050 1616
1514060 1612
1514070 1612
1514080 1609
1514090 1606
1514100 1606
1514110 1604
1514120 1600
1514130 1600
1514140 1595
1514150 1588
1514160 1588
1514170 1584
1514180 1579
1514190 1579
1514200 1576
1514210 1571
1514220 1571
1514230 1565
1514240 1559
1514250 1559
1514260 1553
1514270 1546
1514280 1539
1514290 1539
1514300 1533
1514310 1527
1514320 1527
1514330 1521
1514340 1515
1514350 1515
1514360 1509
1514370 1505
1514380 1505
1514390 1501
1514400 1497
1514410 1497
1514420 1494
1514430 1490
1514440 1490
1514450 1485
1514460 1480
1514470 1480
1514480 1475
1514490 1471
1514500 1471
1514510 1466
1514520 1461
1514530 1461
1514540 1457
1514550 1455
1514560 1453
1514570 1453
1514580 1451
1514590 1448
1514600 1448
1514610 1445
1514620 1443
1514630 1443
1514640 1441
1514650 1439
1514660 1439
1514670 1437
1514680 1435
1514690 1435
1514700 1432
1514710 1428
1514720 1428
1514730 1426
1514740 1423
1514750 1423
1514760 1418
1514770 1417
1514780 1417
1514790 1418
1514800 1419
1514810 1419
1514820 1418
1514830 1417
1514840 1416
1514850 1416
1514860 1415
1514870 1414
1514880 1414
1514890 1413
1514900 1412
1514910 1412
1514920 1412
1514930 1413
1514940 1413
1514950 1413
1514960 1413
1514970 1413
1514980 1413
1514990 1413
1515000 1413
1515010 1413
1515020 1412
1515030 1412
1515040 1411
1515050 1411
1515060 1411
1515070 1410
1515080 1410
1515090 1410
1515100 1409
1515110 1406
1515120 1404
1515130 1404
1515140 1403
1515150 1402
1515160 1402
1515170 1400
1515180 1399
1515190 1399
1515200 1399
1515210 1396
1515220 1396
1515230 1394
1515240 1391
1515250 1391
1515260 1386
1515270 1382
1515280 1382
1515290 1378
1515300 1376
1515310 1376
1515320 1374
1515330 1371
1515340 1371
1515350 1370
1515360 1368
1515370 1368
1515380 1366
1515390 1363
1515400 1359
1515410 1359
1515420 1356
1515430 1351
1515440 1351
1515450 1346
1515460 1340
1515470 1340
1515480 1332
1515490 1323
1515500 1323
1515510 1317
1515520 1310
1515530 1310
1515540 1301
1515550 1291
1515560 1291
1515570 1283
1515580 1273
1515590 1273
1515600 1262
1515610 1249
1515620 1249
1515630 1239
1515640 1228
1515650 1228
1515660 1219
1515670 1212
1515680 1212
1515690 1203
1515700 1198
1515710 1192
1515720 1192
1515730 1188
1515740 1184
1515750 1184
1515760 1181
1515770 1177
1515780 1177
1515790 1173
1515800 1169
1515810 1169
1515820 1164
1515830 1159
1515840 1159
1515850 1155
1515860 1150
1515870 1150
1515880 1146
1515890 1141
1515900 1141
1515910 1137
1515920 1132
1515930 1132
1515940 1127
1515950 1123
1515960 1123
1515970 1118
1515980 1114
1515990 1109
1516000 1109
1516010 1105
1516020 1100
1516030 1100
1516040 1096
1516050 1091
1516060 1091
1516070 1087
1516080 1084
1516090 1084
1516100 1086
1516110 1091
1516120 1091
1516130 1093
1516140 1095
1516150 1095
1516160 1098
1516170 1101
1516180 1101
1516190 1105
1516200 1107
1516210 1107
1516220 1111
1516230 1115
1516240 1115
1516250 1120
1516260 1125
1516270 1131
1516280 1131
1516290 1136
1516300 1142
1516310 1142
1516320 1148
1516330 1153
1516340 1153
1516350 1156
1516360 1160
1516370 1160
1516380 1164
1516390 1169
1516400 1169
1516410 1172
1516420 1177
1516430 1177
1516440 1181
1516450 1188
1516460 1188
1516470 1195
1516480 1199
1516490 1199
1516500 1205
1516510 1211
1516520 1211
1516530 1215
1516540 1218
1516550 1220
1516560 1220
1516570 1223
1516580 1229
1516590 1229
1516600 1234
1516610 1238
1516620 1238
1516630 1242
1516640 1247
1516650 1247
1516660 1252
1516670 1256
1516680 1256
1516690 1261
1516700 1268
1516710 1268
1516720 1274
1516730 1280
1516740 1280
1516750 1285
1516760 1291
1516770 1291
1516780 1296
1516790 1300
1516800 1300
1516810 1302
1516820 1303
1516830 1303
1516840 1303
1516850 1303
1516860 1304
1516870 1304
1516880 1306
1516890 1310
1516900 1310
1516910 1314
1516920 1318
1516930 1317
1516940 1321
1516950 1324
1516960 1324
1516970 1328
1516980 1332
1516990 1332
1517000 1338
1517010 1343
1517020 1343
1517030 1347
1517040 1351
1517050 1351
1517060 1354
1517070 1358
1517080 1358
1517090 1362
1517100 1367
1517110 1371
1517120 1371
1517130 1375
1517140 1380
1517150 1380
1517160 1385
1517170 1390
1517180 1390
1517190 1395
1517200 1400
1517210 1400
1517220 1405
1517230 1410
1517240 1410
1517250 1414
1517260 1418
1517270 1418
1517280 1421
1517290 1425
1517300 1425
1517310 1430
1517320 1436
1517330 1436
1517340 1441
1517350 1447
1517360 1447
1517370 1446
1517380 1446
1517390 1450
1517400 1450
1517410 1454
1517420 1459
1517430 1459
1517440 1463
1517450 1468
1517460 1468
1517470 1472
1517480 1476
1517490 1476
1517500 1479
1517510 1482
1517520 1482
1517530 1485
1517540 1489
1517550 1489
1517560 1492
1517570 1495
1517580 1495
1517590 1499
1517600 1502
1517610 1502
1517620 1505
1517630 1508
1517640 1508
1517650 1511
1517660 1514
1517670 1514
1517680 1517
1517690 1519
1517700 1522
1517710 1522
1517720 1525
1517730 1528
1517740 1528
1517750 1530
1517760 1533
1517770 1533
1517780 1537
1517790 1542
1517800 1542
1517810 1547
1517820 1549
1517830 1549
1517840 1552
1517850 1559
1517860 1559
1517870 1566
1517880 1573
1517890 1573
1517900 1580
1517910 1586
1517920 1586
1517930 1591
1517940 1597
1517950 1597
1517960 1603
1517970 1610
1517980 1617
1517990 1617
1518000 1624
1518010 1631
1518020 1631
1518030 1639
1518040 1647
1518050 1647
1518060 1652
1518070 1656
1518080 1656
1518090 1660
1518100 1664
1518110 1664
1518120 1670
1518130 1677
1518140 1677
1518150 1685
1518160 1693
1518170 1693
1518180 1699
1518190 1706
1518200 1706
1518210 1711
1518220 1717
1518230 1717
1518240 1723
1518250 1729
1518260 1737
1518270 1737
1518280 1744
1518290 1752
1518300 1752
1518310 1760
1518320 1769
1518330 1769
1518340 1778
1518350 1788
1518360 1788
1518370 1797
1518380 1810
1518390 1810
1518400 1823
1518410 1832
1518420 1832
1518430 1836
1518440 1836
1518450 1836
1518460 1833
1518470 1827
1518480 1827
1518490 1822
1518500 1817
1518510 1817
1518520 1812
1518530 1806
1518540 1801
1518550 1801
1518560 1796
1518570 1792
1518580 1792
1518590 1789
1518600 1783
1518610 1783
1518620 1778
1518630 1773
1518640 1773
1518650 1768
1518660 1761
1518670 1761
1518680 1755
1518690 1748
1518700 1748
1518710 1741
1518720 1734
1518730 1734
1518740 1728
1518750 1723
1518760 1723
1518770 1718
1518780 1713
1518790 1713
1518800 1709
1518810 1707
1518820 1704
1518830 1704
1518840 1700
1518850 1696
1518860 1696
1518870 1690
1518880 1684
1518890 1684
1518900 1678
1518910 1672
1518920 1672
1518930 1667
1518940 1661
1518950 1661
1518960 1655
1518970 1649
1518980 1649
1518990 1643
1519000 1637
1519010 1637
1519020 1629
1519030 1621
1519040 1621
1519050 1612
1519060 1605
1519070 1605
1519080 1598
1519090 1590
1519100 1583
1519110 1583
1519120 1575
1519130 1568
1519140 1568
1519150 1563
1519160 1557
1519170 1557
1519180 1552
1519190 1547
1519200 1547
1519210 1541
1519220 1535
1519230 1535
1519240 1530
1519250 1525
1519260 1525
1519270 1520
1519280 1514
1519290 1514
1519300 1508
1519310 1502
1519320 1502
1519330 1496
1519340 1491
1519350 1491
1519360 1487
1519370 1482
1519380 1476
1519390 1476
1519400 1471
1519410 1465
1519420 1465
1519430 1461
1519440 1456
1519450 1456
1519460 1451
1519470 1446
1519480 1446
1519490 1440
1519500 1434
1519510 1434
1519520 1428
1519530 1422
1519540 1422
1519550 1415
1519560 1411
1519570 1411
1519580 1407
1519590 1404
1519600 1404
1519610 1400
1519620 1395
1519630 1395
1519640 1389
1519650 1384
1519660 1379
1519670 1379
1519680 1374
1519690 1370
1519700 1370
1519710 1364
1519720 1358
1519730 1358
1519740 1352
1519750 1346
1519760 1346
1519770 1341
1519780 1335
1519790 1335
1519800 1331
1519810 1326
1519820 1326
1519830 1322
1519840 1316
1519850 1316
1519860 1310
1519870 1304
1519880 1304
1519890 1299
1519900 1294
1519910 1294
1519920 1288
1519930 1282
1519940 1282
1519950 1277
1519960 1272
1519970 1268
1519980 1268
1519990 1264
