1500000 850
1500010 849
1500020 849
1500030 848
1500040 848
1500050 847
1500060 847
1500070 847
1500080 847
1500090 847
1500100 847
1500110 846
1500120 845
1500130 845
1500140 845
1500150 844
1500160 844
1500170 843
1500180 843
1500190 843
1500200 842
1500210 842
1500220 842
1500230 841
1500240 841
1500250 841
1500260 840
1500270 840
1500280 840
1500290 839
1500300 839
1500310 837
1500320 837
1500330 835
1500340 835
1500350 835
1500360 834
1500370 835
1500380 835
1500390 835
1500400 835
1500410 835
1500420 834
1500430 834
1500440 834
1500450 835
1500460 835
1500470 835
1500480 835
1500490 835
1500500 835
1500510 835
1500520 835
1500530 835
1500540 835
1500550 835
1500560 835
1500570 835
1500580 836
1500590 836
1500600 836
1500610 836
1500620 835
1500630 835
1500640 836
1500650 837
1500660 837
1500670 836
1500680 836
1500690 836
1500700 836
1500710 835
1500720 835
1500730 835
1500740 836
1500750 836
1500760 836
1500770 836
1500780 836
1500790 836
1500800 836
1500810 836
1500820 836
1500830 836
1500840 836
1500850 836
1500860 836
1500870 836
1500880 836
1500890 836
1500900 836
1500910 836
1500920 836
1500930 836
1500940 836
1500950 836
1500960 836
1500970 836
1500980 836
1500990 837
1501000 837
1501010 838
1501020 838
1501030 838
1501040 838
1501050 838
1501060 838
1501070 838
1501080 839
1501090 839
1501100 839
1501110 839
1501120 839
1501130 839
1501140 840
1501150 840
1501160 840
1501170 840
1501180 841
1501190 841
1501200 841
1501210 841
1501220 841
1501230 841
1501240 842
1501250 842
1501260 842
1501270 842
1501280 842
1501290 843
1501300 843
1501310 843
1501320 843
1501330 844
1501340 844
1501350 844
1501360 844
1501370 844
1501380 844
1501390 845
1501400 845
1501410 845
1501420 845
1501430 845
1501440 845
1501450 846
1501460 846
1501470 846
1501480 847
1501490 847
1501500 847
1501510 847
1501520 848
1501530 848
1501540 848
1501550 849
1501560 849
1501570 849
1501580 850
1501590 850
1501600 850
1501610 851
1501620 851
1501630 851
1501640 851
1501650 851
1501660 852
1501670 852
1501680 852
1501690 854
1501700 854
1501710 854
1501720 853
1501730 855
1501740 856
1501750 856
1501760 856
1501770 857
1501780 857
1501790 859
1501800 860
1501810 860
1501820 861
1501830 863
1501840 863
1501850 864
1501860 865
1501870 865
1501880 865
1501890 866
1501900 866
1501910 867
1501920 868
1501930 868
1501940 869
1501950 870
1501960 870
1501970 871
1501980 871
1501990 871
1502000 872
1502010 873
1502020 873
1502030 873
1502040 874
1502050 877
1502060 877
1502070 879
1502080 880
1502090 880
1502100 881
1502110 882
1502120 882
1502130 884
1502140 885
1502150 885
1502160 887
1502170 888
1502180 888
1502190 889
1502200 891
1502210 891
1502220 892
1502230 894
1502240 894
1502250 896
1502260 897
1502270 897
1502280 899
1502290 900
1502300 900
1502310 902
1502320 903
1502330 905
1502340 905
1502350 908
1502360 911
1502370 911
1502380 913
1502390 914
1502400 914
1502410 916
1502420 918
1502430 918
1502440 921
1502450 926
1502460 926
1502470 930
1502480 933
1502490 933
1502500 935
1502510 937
1502520 937
1502530 942
1502540 946
1502550 946
1502560 947
1502570 951
1502580 951
1502590 955
1502600 959
1502610 963
1502620 963
1502630 966
1502640 969
1502650 969
1502660 973
1502670 976
1502680 976
1502690 980
1502700 983
1502710 983
1502720 989
1502730 993
1502740 993
1502750 998
1502760 1002
1502770 1002
1502780 1006
1502790 1011
1502800 1011
1502810 1016
1502820 1023
1502830 1023
1502840 1031
1502850 1040
1502860 1040
1502870 1052
1502880 1059
1502890 1063
1502900 1063
1502910 1065
1502920 1069
1502930 1069
1502940 1071
1502950 1072
1502960 1072
1502970 1078
1502980 1090
1502990 1090
1503000 1093
1503010 1091
1503020 1091
1503030 1094
1503040 1100
1503050 1100
1503060 1107
1503070 1115
1503080 1115
1503090 1122
1503100 1127
1503110 1127
1503120 1130
1503130 1134
1503140 1134
1503150 1141
1503160 1146
1503170 1146
1503180 1146
1503190 1145
1503200 1143
1503210 1143
1503220 1143
1503230 1141
1503240 1141
1503250 1137
1503260 1136
1503270 1136
1503280 1138
1503290 1139
1503300 1139
1503310 1139
1503320 1142
1503330 1142
1503340 1145
1503350 1146
1503360 1146
1503370 1147
1503380 1150
1503390 1150
1503400 1153
1503410 1156
1503420 1156
1503430 1158
1503440 1160
1503450 1160
1503460 1162
1503470 1163
1503480 1164
1503490 1164
1503500 1165
1503510 1167
1503520 1167
1503530 1169
1503540 1171
1503550 1171
1503560 1172
1503570 1172
1503580 1172
1503590 1174
1503600 1175
1503610 1175
1503620 1177
1503630 1178
1503640 1178
1503650 1178
1503660 1179
1503670 1179
1503680 1180
1503690 1181
1503700 1181
1503710 1182
1503720 1182
1503730 1182
1503740 1183
1503750 1184
1503760 1186
1503770 1186
1503780 1188
1503790 1190
1503800 1190
1503810 1192
1503820 1191
1503830 1191
1503840 1190
1503850 1191
1503860 1191
1503870 1193
1503880 1194
1503890 1194
1503900 1196
1503910 1197
1503920 1197
1503930 1197
1503940 1198
1503950 1198
1503960 1199
1503970 1200
1503980 1200
1503990 1201
1504000 1201
1504010 1201
1504020 1203
1504030 1204
1504040 1206
1504050 1206
1504060 1208
1504070 1208
1504080 1208
1504090 1210
1504100 1212
1504110 1209
1504120 1211
1504130 1211
1504140 1211
1504150 1210
1504160 1207
1504170 1207
1504180 1206
1504190 1205
1504200 1205
1504210 1206
1504220 1207
1504230 1207
1504240 1209
1504250 1211
1504260 1211
1504270 1212
1504280 1214
1504290 1214
1504300 1216
1504310 1218
1504320 1218
1504330 1221
1504340 1222
1504350 1224
1504360 1224
1504370 1225
1504380 1225
1504390 1225
1504400 1226
1504410 1226
1504420 1226
1504430 1227
1504440 1228
1504450 1228
1504460 1229
1504470 1229
1504480 1229
1504490 1228
1504500 1228
1504510 1228
1504520 1226
1504530 1222
1504540 1222
1504550 1217
1504560 1215
1504570 1215
1504580 1216
1504590 1219
1504600 1219
1504610 1222
1504620 1225
1504630 1227
1504640 1227
1504650 1229
1504660 1230
1504670 1230
1504680 1231
1504690 1232
1504700 1232
1504710 1233
1504720 1234
1504730 1234
1504740 1235
1504750 1235
1504760 1235
1504770 1235
1504780 1234
1504790 1234
1504800 1231
1504810 1229
1504820 1229
1504830 1227
1504840 1225
1504850 1225
1504860 1230
1504870 1243
1504880 1243
1504890 1250
1504900 1252
1504910 1253
1504920 1253
1504930 1255
1504940 1257
1504950 1257
1504960 1259
1504970 1260
1504980 1260
1504990 1261
1505000 1260
1505010 1260
1505020 1257
1505030 1254
1505040 1254
1505050 1253
1505060 1253
1505070 1253
1505080 1252
1505090 1253
1505100 1253
1505110 1255
1505120 1257
1505130 1257
1505140 1258
1505150 1260
1505160 1260
1505170 1262
1505180 1264
1505190 1266
1505200 1266
1505210 1267
1505220 1268
1505230 1268
1505240 1269
1505250 1271
1505260 1271
1505270 1271
1505280 1270
1505290 1270
1505300 1270
1505310 1271
1505320 1271
1505330 1272
1505340 1273
1505350 1273
1505360 1272
1505370 1272
1505380 1272
1505390 1273
1505400 1272
1505410 1272
1505420 1271
1505430 1271
1505440 1271
1505450 1271
1505460 1271
1505470 1271
1505480 1270
1505490 1268
1505500 1266
1505510 1266
1505520 1266
1505530 1267
1505540 1267
1505550 1267
1505560 1267
1505570 1267
1505580 1267
1505590 1266
1505600 1266
1505610 1265
1505620 1263
1505630 1263
1505640 1262
1505650 1261
1505660 1261
1505670 1260
1505680 1260
1505690 1260
1505700 1260
1505710 1260
1505720 1260
1505730 1260
1505740 1258
1505750 1258
1505760 1257
1505770 1260
1505780 1262
1505790 1262
1505800 1261
1505810 1257
1505820 1257
1505830 1256
1505840 1257
1505850 1257
1505860 1257
1505870 1257
1505880 1257
1505890 1257
1505900 1256
1505910 1256
1505920 1255
1505930 1254
1505940 1254
1505950 1253
1505960 1252
1505970 1252
1505980 1253
1505990 1254
1506000 1254
1506010 1256
1506020 1258
1506030 1258
1506040 1258
1506050 1257
1506060 1257
1506070 1257
1506080 1262
1506090 1265
1506100 1265
1506110 1266
1506120 1266
1506130 1266
1506140 1266
1506150 1266
1506160 1266
1506170 1265
1506180 1264
1506190 1264
1506200 1262
1506210 1261
1506220 1261
1506230 1261
1506240 1259
1506250 1259
1506260 1255
1506270 1252
1506280 1252
1506290 1251
1506300 1249
1506310 1249
1506320 1248
1506330 1247
1506340 1246
1506350 1246
1506360 1244
1506370 1244
1506380 1244
1506390 1243
1506400 1243
1506410 1243
1506420 1243
1506430 1242
1506440 1242
1506450 1241
1506460 1238
1506470 1238
1506480 1236
1506490 1234
1506500 1234
1506510 1233
1506520 1231
1506530 1231
1506540 1228
1506550 1225
1506560 1225
1506570 1222
1506580 1222
1506590 1222
1506600 1223
1506610 1225
1506620 1225
1506630 1222
1506640 1216
1506650 1215
1506660 1215
1506670 1213
1506680 1210
1506690 1210
1506700 1209
1506710 1207
1506720 1207
1506730 1205
1506740 1204
1506750 1204
1506760 1204
1506770 1203
1506780 1203
1506790 1201
1506800 1199
1506810 1199
1506820 1197
1506830 1194
1506840 1194
1506850 1190
1506860 1185
1506870 1185
1506880 1181
1506890 1178
1506900 1178
1506910 1175
1506920 1173
1506930 1171
1506940 1171
1506950 1170
1506960 1166
1506970 1166
1506980 1164
1506990 1160
1507000 1160
1507010 1156
1507020 1151
1507030 1151
1507040 1145
1507050 1143
1507060 1143
1507070 1141
1507080 1135
1507090 1135
1507100 1126
1507110 1117
1507120 1117
1507130 1113
1507140 1117
1507150 1117
1507160 1124
1507170 1126
1507180 1126
1507190 1126
1507200 1129
1507210 1135
1507220 1135
1507230 1142
1507240 1150
1507250 1150
1507260 1158
1507270 1163
1507280 1163
1507290 1169
1507300 1177
1507310 1177
1507320 1187
1507330 1195
1507340 1195
1507350 1202
1507360 1208
1507370 1208
1507380 1213
1507390 1215
1507400 1215
1507410 1216
1507420 1218
1507430 1218
1507440 1218
1507450 1220
1507460 1220
1507470 1222
1507480 1222
1507490 1222
1507500 1222
1507510 1222
1507520 1222
1507530 1222
1507540 1223
1507550 1223
1507560 1223
1507570 1224
1507580 1224
1507590 1224
1507600 1225
1507610 1225
1507620 1225
1507630 1225
1507640 1225
1507650 1225
1507660 1224
1507670 1222
1507680 1222
1507690 1221
1507700 1220
1507710 1220
1507720 1219
1507730 1217
1507740 1217
1507750 1214
1507760 1213
1507770 1213
1507780 1212
1507790 1207
1507800 1204
1507810 1204
1507820 1202
1507830 1199
1507840 1199
1507850 1195
1507860 1191
1507870 1191
1507880 1186
1507890 1183
1507900 1183
1507910 1176
1507920 1167
1507930 1167
1507940 1161
1507950 1154
1507960 1154
1507970 1147
1507980 1142
1507990 1142
1508000 1138
1508010 1134
1508020 1134
1508030 1131
1508040 1128
1508050 1128
1508060 1123
1508070 1118
1508080 1113
1508090 1113
1508100 1105
1508110 1099
1508120 1099
1508130 1098
1508140 1096
1508150 1096
1508160 1092
1508170 1088
1508180 1088
1508190 1084
1508200 1080
1508210 1080
1508220 1074
1508230 1068
1508240 1068
1508250 1058
1508260 1050
1508270 1050
1508280 1045
1508290 1043
1508300 1043
1508310 1042
1508320 1038
1508330 1038
1508340 1033
1508350 1028
1508360 1022
1508370 1022
1508380 1017
1508390 1011
1508400 1011
1508410 1006
1508420 1000
1508430 1000
1508440 996
1508450 991
1508460 991
1508470 990
1508480 989
1508490 989
1508500 987
1508510 986
1508520 986
1508530 984
1508540 983
1508550 983
1508560 983
1508570 982
1508580 982
1508590 981
1508600 980
1508610 980
1508620 979
1508630 979
1508640 978
1508650 978
1508660 978
1508670 977
1508680 977
1508690 976
1508700 975
1508710 975
1508720 974
1508730 974
1508740 974
1508750 974
1508760 974
1508770 974
1508780 974
1508790 970
1508800 970
1508810 967
1508820 964
1508830 964
1508840 954
1508850 946
1508860 946
1508870 938
1508880 931
1508890 931
1508900 932
1508910 940
1508920 940
1508930 950
1508940 961
1508950 970
1508960 970
1508970 973
1508980 975
1508990 975
1509000 978
1509010 980
1509020 980
1509030 981
1509040 983
1509050 983
1509060 985
1509070 986
1509080 986
1509090 988
1509100 990
1509110 990
1509120 994
1509130 996
1509140 996
1509150 998
1509160 1001
1509170 1001
1509180 1004
1509190 1006
1509200 1006
1509210 1011
1509220 1017
1509230 1017
1509240 1017
1509250 1016
1509260 1017
1509270 1017
1509280 1019
1509290 1020
1509300 1020
1509310 1022
1509320 1024
1509330 1024
1509340 1025
1509350 1027
1509360 1027
1509370 1029
1509380 1031
1509390 1031
1509400 1034
1509410 1036
1509420 1036
1509430 1038
1509440 1041
1509450 1041
1509460 1043
1509470 1047
1509480 1047
1509490 1050
1509500 1054
1509510 1058
1509520 1058
1509530 1061
1509540 1065
1509550 1065
1509560 1068
1509570 1071
1509580 1071
1509590 1074
1509600 1077
1509610 1077
1509620 1080
1509630 1083
1509640 1083
1509650 1086
1509660 1089
1509670 1089
1509680 1092
1509690 1095
1509700 1095
1509710 1097
1509720 1099
1509730 1099
1509740 1102
1509750 1104
1509760 1104
1509770 1107
1509780 1109
1509790 1112
1509800 1112
1509810 1116
1509820 1124
1509830 1124
1509840 1131
1509850 1137
1509860 1141
1509870 1148
1509880 1157
1509890 1157
1509900 1163
1509910 1168
1509920 1168
1509930 1173
1509940 1178
1509950 1178
1509960 1181
1509970 1184
1509980 1184
1509990 1186
1510000 1188
1510010 1188
1510020 1192
1510030 1196
1510040 1196
1510050 1201
1510060 1207
1510070 1207
1510080 1211
1510090 1216
1510100 1221
1510110 1221
1510120 1227
1510130 1233
1510140 1233
1510150 1240
1510160 1246
1510170 1246
1510180 1254
1510190 1261
1510200 1261
1510210 1268
1510220 1274
1510230 1274
1510240 1280
1510250 1286
1510260 1286
1510270 1292
1510280 1296
1510290 1296
1510300 1301
1510310 1306
1510320 1306
1510330 1311
1510340 1316
1510350 1316
1510360 1321
1510370 1326
1510380 1331
1510390 1331
1510400 1336
1510410 1339
1510420 1339
1510430 1343
1510440 1347
1510450 1347
1510460 1351
1510470 1355
1510480 1355
1510490 1359
1510500 1363
1510510 1363
1510520 1366
1510530 1368
1510540 1368
1510550 1371
1510560 1374
1510570 1374
1510580 1377
1510590 1380
1510600 1380
1510610 1384
1510620 1386
1510630 1386
1510640 1389
1510650 1391
1510660 1393
1510670 1393
1510680 1395
1510690 1396
1510700 1396
1510710 1398
1510720 1402
1510730 1402
1510740 1404
1510750 1406
1510760 1406
1510770 1408
1510780 1409
1510790 1409
1510800 1409
1510810 1408
1510820 1408
1510830 1408
1510840 1407
1510850 1407
1510860 1408
1510870 1408
1510880 1408
1510890 1409
1510900 1409
1510910 1409
1510920 1409
1510930 1410
1510940 1410
1510950 1410
1510960 1409
1510970 1408
1510980 1408
1510990 1407
1511000 1407
1511010 1407
1511020 1406
1511030 1406
1511040 1406
1511050 1407
1511060 1407
1511070 1407
1511080 1407
1511090 1408
1511100 1408
1511110 1409
1511120 1410
1511130 1410
1511140 1412
1511150 1413
1511160 1413
1511170 1414
1511180 1415
1511190 1415
1511200 1417
1511210 1419
1511220 1419
1511230 1419
1511240 1420
1511250 1420
1511260 1420
1511270 1419
1511280 1418
1511290 1418
1511300 1417
1511310 1418
1511320 1418
1511330 1422
1511340 1423
1511350 1423
1511360 1423
1511370 1423
1511380 1423
1511390 1424
1511400 1425
1511410 1425
1511420 1425
1511430 1427
1511440 1427
1511450 1428
1511460 1428
1511470 1428
1511480 1431
1511490 1432
1511500 1432
1511510 1432
1511520 1432
1511530 1432
1511540 1432
1511550 1434
1511560 1437
1511570 1437
1511580 1438
1511590 1438
1511600 1438
1511610 1437
1511620 1436
1511630 1436
1511640 1435
1511650 1434
1511660 1434
1511670 1433
1511680 1433
1511690 1433
1511700 1432
1511710 1430
1511720 1430
1511730 1428
1511740 1428
1511750 1428
1511760 1429
1511770 1430
1511780 1430
1511790 1429
1511800 1428
1511810 1427
1511820 1427
1511830 1427
1511840 1426
1511850 1426
1511860 1426
1511870 1425
1511880 1425
1511890 1423
1511900 1421
1511910 1421
1511920 1416
1511930 1411
1511940 1411
1511950 1407
1511960 1404
1511970 1404
1511980 1399
1511990 1396
1512000 1396
1512010 1394
1512020 1393
1512030 1393
1512040 1392
1512050 1392
1512060 1392
1512070 1391
1512080 1390
1512090 1390
1512100 1390
1512110 1392
1512120 1394
1512130 1394
1512140 1397
1512150 1402
1512160 1402
1512170 1407
1512180 1410
1512190 1410
1512200 1413
1512210 1417
1512220 1417
1512230 1421
1512240 1425
1512250 1425
1512260 1429
1512270 1432
1512280 1432
1512290 1436
1512300 1440
1512310 1440
1512320 1444
1512330 1447
1512340 1447
1512350 1451
1512360 1454
1512370 1454
1512380 1457
1512390 1459
1512400 1462
1512410 1462
1512420 1464
1512430 1466
1512440 1466
1512450 1468
1512460 1470
1512470 1470
1512480 1472
1512490 1474
1512500 1474
1512510 1475
1512520 1475
1512530 1475
1512540 1474
1512550 1474
1512560 1474
1512570 1473
1512580 1472
1512590 1472
1512600 1470
1512610 1469
1512620 1469
1512630 1466
1512640 1463
1512650 1463
1512660 1460
1512670 1455
1512680 1449
1512690 1449
1512700 1444
1512710 1443
1512720 1443
1512730 1441
1512740 1439
1512750 1439
1512760 1438
1512770 1437
1512780 1437
1512790 1436
1512800 1434
1512810 1434
1512820 1432
1512830 1431
1512840 1431
1512850 1427
1512860 1421
1512870 1421
1512880 1419
1512890 1419
1512900 1419
1512910 1419
1512920 1419
1512930 1419
1512940 1419
1512950 1417
1512960 1412
1512970 1412
1512980 1411
1512990 1411
1513000 1411
1513010 1411
1513020 1411
1513030 1411
1513040 1410
1513050 1410
1513060 1410
1513070 1409
1513080 1409
1513090 1409
1513100 1409
1513110 1409
1513120 1409
1513130 1408
1513140 1408
1513150 1408
1513160 1408
1513170 1408
1513180 1408
1513190 1408
1513200 1409
1513210 1409
1513220 1409
1513230 1411
1513240 1411
1513250 1411
1513260 1411
1513270 1411
1513280 1411
1513290 1411
1513300 1410
1513310 1410
1513320 1412
1513330 1417
1513340 1417
1513350 1421
1513360 1426
1513370 1426
1513380 1430
1513390 1432
1513400 1432
1513410 1435
1513420 1439
1513430 1439
1513440 1442
1513450 1445
1513460 1445
1513470 1448
1513480 1452
1513490 1452
1513500 1455
1513510 1457
1513520 1457
1513530 1460
1513540 1463
1513550 1466
1513560 1466
1513570 1469
1513580 1472
1513590 1472
1513600 1474
1513610 1476
1513620 1476
1513630 1478
1513640 1479
1513650 1479
1513660 1481
1513670 1482
1513680 1482
1513690 1482
1513700 1483
1513710 1483
1513720 1485
1513730 1487
1513740 1487
1513750 1489
1513760 1490
1513770 1490
1513780 1491
1513790 1491
1513800 1491
1513810 1492
1513820 1492
1513830 1493
1513840 1493
1513850 1494
1513860 1496
1513870 1496
1513880 1497
1513890 1497
1513900 1497
1513910 1496
1513920 1496
1513930 1496
1513940 1497
1513950 1497
1513960 1497
1513970 1496
1513980 1494
1513990 1494
1514000 1492
1514010 1489
1514020 1489
1514030 1486
1514040 1482
1514050 1482
1514060 1480
1514070 1477
1514080 1477
1514090 1474
1514100 1471
1514110 1467
1514120 1467
1514130 1464
1514140 1460
1514150 1460
1514160 1455
1514170 1451
1514180 1451
1514190 1447
1514200 1443
1514210 1443
1514220 1439
1514230 1433
1514240 1433
1514250 1429
1514260 1423
1514270 1423
1514280 1420
1514290 1415
1514300 1415
1514310 1411
1514320 1404
1514330 1404
1514340 1397
1514350 1391
1514360 1391
1514370 1385
1514380 1380
1514390 1376
1514400 1376
1514410 1375
1514420 1373
1514430 1373
1514440 1369
1514450 1363
1514460 1363
1514470 1356
1514480 1353
1514490 1353
1514500 1349
1514510 1351
1514520 1351
1514530 1351
1514540 1346
1514550 1346
1514560 1341
1514570 1335
1514580 1335
1514590 1330
1514600 1325
1514610 1325
1514620 1319
1514630 1314
1514640 1314
1514650 1313
1514660 1315
1514670 1315
1514680 1319
1514690 1319
1514700 1320
1514710 1320
1514720 1320
1514730 1320
1514740 1320
1514750 1319
1514760 1317
1514770 1317
1514780 1315
1514790 1314
1514800 1314
1514810 1310
1514820 1305
1514830 1305
1514840 1300
1514850 1294
1514860 1294
1514870 1288
1514880 1282
1514890 1282
1514900 1276
1514910 1270
1514920 1270
1514930 1265
1514940 1259
1514950 1259
1514960 1253
1514970 1246
1514980 1239
1514990 1239
1515000 1232
1515010 1225
1515020 1225
1515030 1218
1515040 1211
1515050 1211
1515060 1204
1515070 1196
1515080 1196
1515090 1190
1515100 1184
1515110 1184
1515120 1182
1515130 1177
1515140 1177
1515150 1172
1515160 1166
1515170 1166
1515180 1160
1515190 1155
1515200 1155
1515210 1149
1515220 1145
1515230 1145
1515240 1140
1515250 1134
1515260 1129
1515270 1129
1515280 1124
1515290 1119
1515300 1119
1515310 1114
1515320 1110
1515330 1110
1515340 1105
1515350 1101
1515360 1101
1515370 1096
1515380 1092
1515390 1092
1515400 1088
1515410 1084
1515420 1084
1515430 1080
1515440 1077
1515450 1077
1515460 1074
1515470 1071
1515480 1071
1515490 1068
1515500 1065
1515510 1065
1515520 1063
1515530 1060
1515540 1057
1515550 1057
1515560 1054
1515570 1054
1515580 1054
1515590 1052
1515600 1050
1515610 1050
1515620 1047
1515630 1041
1515640 1041
1515650 1036
1515660 1030
1515670 1030
1515680 1025
1515690 1022
1515700 1022
1515710 1022
1515720 1021
1515730 1021
1515740 1022
1515750 1023
1515760 1023
1515770 1024
1515780 1027
1515790 1027
1515800 1029
1515810 1032
1515820 1032
1515830 1034
1515840 1038
1515850 1042
1515860 1042
1515870 1046
1515880 1051
1515890 1051
1515900 1057
1515910 1061
1515920 1061
1515930 1065
1515940 1071
1515950 1071
1515960 1077
1515970 1084
1515980 1084
1515990 1090
1516000 1095
1516010 1095
1516020 1101
1516030 1108
1516040 1108
1516050 1115
1516060 1124
1516070 1124
1516080 1133
1516090 1141
1516100 1141
1516110 1148
1516120 1155
1516130 1161
1516140 1161
1516150 1167
1516160 1173
1516170 1173
1516180 1180
1516190 1185
1516200 1185
1516210 1190
1516220 1195
1516230 1195
1516240 1201
1516250 1205
1516260 1205
1516270 1210
1516280 1214
1516290 1214
1516300 1219
1516310 1223
1516320 1223
1516330 1228
1516340 1233
1516350 1233
1516360 1236
1516370 1241
1516380 1241
1516390 1246
1516400 1251
1516410 1256
1516420 1256
1516430 1261
1516440 1266
1516450 1266
1516460 1271
1516470 1277
1516480 1277
1516490 1283
1516500 1288
1516510 1288
1516520 1292
1516530 1296
1516540 1296
1516550 1300
1516560 1305
1516570 1305
1516580 1310
1516590 1315
1516600 1315
1516610 1320
1516620 1325
1516630 1325
1516640 1331
1516650 1336
1516660 1336
1516670 1341
1516680 1346
1516690 1350
1516700 1350
1516710 1354
1516720 1358
1516730 1358
1516740 1361
1516750 1364
1516760 1364
1516770 1367
1516780 1370
1516790 1370
1516800 1372
1516810 1375
1516820 1375
1516830 1378
1516840 1381
1516850 1381
1516860 1384
1516870 1388
1516880 1388
1516890 1393
1516900 1397
1516910 1397
1516920 1401
1516930 1402
1516940 1402
1516950 1401
1516960 1399
1516970 1399
1516980 1400
1516990 1402
1517000 1403
1517010 1403
1517020 1404
1517030 1405
1517040 1405
1517050 1406
1517060 1408
1517070 1408
1517080 1409
1517090 1410
1517100 1410
1517110 1413
1517120 1416
1517130 1416
1517140 1420
1517150 1424
1517160 1424
1517170 1428
1517180 1432
1517190 1432
1517200 1435
1517210 1438
1517220 1438
1517230 1441
1517240 1443
1517250 1443
1517260 1449
1517270 1453
1517280 1456
1517290 1456
1517300 1460
1517310 1463
1517320 1463
1517330 1465
1517340 1466
1517350 1466
1517360 1468
1517370 1470
1517380 1470
1517390 1471
1517400 1473
1517410 1473
1517420 1477
1517430 1479
1517440 1479
1517450 1482
1517460 1483
1517470 1483
1517480 1485
1517490 1486
1517500 1486
1517510 1488
1517520 1491
1517530 1491
1517540 1493
1517550 1494
1517560 1496
1517570 1496
1517580 1497
1517590 1499
1517600 1499
1517610 1502
1517620 1504
1517630 1504
1517640 1506
1517650 1507
1517660 1507
1517670 1508
1517680 1509
1517690 1509
1517700 1509
1517710 1508
1517720 1508
1517730 1507
1517740 1506
1517750 1506
1517760 1505
1517770 1503
1517780 1503
1517790 1502
1517800 1500
1517810 1500
1517820 1497
1517830 1495
1517840 1492
1517850 1492
1517860 1490
1517870 1487
1517880 1487
1517890 1485
1517900 1482
1517910 1482
1517920 1480
1517930 1478
1517940 1478
1517950 1478
1517960 1478
1517970 1478
1517980 1478
1517990 1478
1518000 1478
1518010 1478
1518020 1475
1518030 1475
1518040 1471
1518050 1468
1518060 1468
1518070 1465
1518080 1462
1518090 1462
1518100 1460
1518110 1458
1518120 1458
1518130 1456
1518140 1453
1518150 1451
1518160 1451
1518170 1449
1518180 1448
1518190 1448
1518200 1447
1518210 1445
1518220 1445
1518230 1444
1518240 1442
1518250 1442
1518260 1439
1518270 1438
1518280 1438
1518290 1438
1518300 1438
1518310 1438
1518320 1437
1518330 1435
1518340 1435
1518350 1433
1518360 1432
1518370 1432
1518380 1432
1518390 1433
1518400 1433
1518410 1432
1518420 1431
1518430 1431
1518440 1431
1518450 1430
1518460 1430
1518470 1430
1518480 1427
1518490 1426
1518500 1426
1518510 1426
1518520 1426
1518530 1426
1518540 1425
1518550 1424
1518560 1424
1518570 1422
1518580 1421
1518590 1421
1518600 1419
1518610 1418
1518620 1418
1518630 1418
1518640 1416
1518650 1416
1518660 1415
1518670 1414
1518680 1414
1518690 1413
1518700 1412
1518710 1410
1518720 1410
1518730 1407
1518740 1405
1518750 1405
1518760 1404
1518770 1402
1518780 1402
1518790 1402
1518800 1402
1518810 1402
1518820 1400
1518830 1399
1518840 1399
1518850 1397
1518860 1396
1518870 1396
1518880 1394
1518890 1391
1518900 1391
1518910 1388
1518920 1386
1518930 1386
1518940 1386
1518950 1385
1518960 1385
1518970 1383
1518980 1382
1518990 1379
1519000 1379
1519010 1375
1519020 1374
1519030 1374
1519040 1374
1519050 1373
1519060 1373
1519070 1371
1519080 1370
1519090 1370
1519100 1367
1519110 1363
1519120 1363
1519130 1362
1519140 1361
1519150 1361
1519160 1361
1519170 1361
1519180 1361
1519190 1361
1519200 1360
1519210 1360
1519220 1359
1519230 1358
1519240 1358
1519250 1357
1519260 1355
1519270 1355
1519280 1354
1519290 1353
1519300 1352
1519310 1352
1519320 1352
1519330 1351
1519340 1351
1519350 1350
1519360 1350
1519370 1350
1519380 1350
1519390 1349
1519400 1349
1519410 1348
1519420 1347
1519430 1347
1519440 1346
1519450 1344
1519460 1344
1519470 1342
1519480 1341
1519490 1341
1519500 1338
1519510 1335
1519520 1335
1519530 1333
1519540 1331
1519550 1331
1519560 1328
1519570 1325
1519580 1317
1519590 1317
1519600 1312
1519610 1307
1519620 1307
1519630 1304
1519640 1302
1519650 1302
1519660 1299
1519670 1297
1519680 1297
1519690 1295
1519700 1291
1519710 1291
1519720 1289
1519730 1285
1519740 1285
1519750 1280
1519760 1274
1519770 1274
1519780 1268
1519790 1263
1519800 1263
1519810 1259
1519820 1257
1519830 1257
1519840 1254
1519850 1251
1519860 1249
1519870 1249
1519880 1247
1519890 1243
1519900 1243
1519910 1240
1519920 1236
1519930 1236
1519940 1234
1519950 1230
1519960 1230
1519970 1225
1519980 1221
1519990 1221
