1500000 828
1500010 827
1500020 827
1500030 827
1500040 828
1500050 829
1500060 829
1500070 829
1500080 829
1500090 829
1500100 829
1500110 829
1500120 829
1500130 828
1500140 828
1500150 828
1500160 828
1500170 830
1500180 834
1500190 834
1500200 839
1500210 843
1500220 843
1500230 848
1500240 852
1500250 852
1500260 857
1500270 862
1500280 862
1500290 867
1500300 870
1500310 870
1500320 874
1500330 877
1500340 877
1500350 881
1500360 884
1500370 884
1500380 885
1500390 886
1500400 886
1500410 889
1500420 893
1500430 893
1500440 897
1500450 901
1500460 901
1500470 904
1500480 906
1500490 907
1500500 907
1500510 908
1500520 910
1500530 910
1500540 910
1500550 912
1500560 912
1500570 915
1500580 917
1500590 917
1500600 921
1500610 922
1500620 922
1500630 922
1500640 920
1500650 920
1500660 921
1500670 922
1500680 922
1500690 923
1500700 926
1500710 926
1500720 927
1500730 928
1500740 928
1500750 928
1500760 929
1500770 930
1500780 930
1500790 932
1500800 932
1500810 932
1500820 934
1500830 935
1500840 935
1500850 937
1500860 938
1500870 938
1500880 939
1500890 940
1500900 940
1500910 941
1500920 942
1500930 942
1500940 944
1500950 945
1500960 945
1500970 947
1500980 948
1500990 948
1501000 950
1501010 952
1501020 952
1501030 954
1501040 955
1501050 957
1501060 957
1501070 958
1501080 959
1501090 959
1501100 960
1501110 961
1501120 961
1501130 962
1501140 964
1501150 964
1501160 967
1501170 969
1501180 969
1501190 972
1501200 974
1501210 974
1501220 975
1501230 977
1501240 977
1501250 978
1501260 980
1501270 980
1501280 982
1501290 984
1501300 984
1501310 986
1501320 988
1501330 988
1501340 991
1501350 993
1501360 994
1501370 994
1501380 996
1501390 999
1501400 999
1501410 1001
1501420 1002
1501430 1002
1501440 1004
1501450 1007
1501460 1007
1501470 1010
1501480 1012
1501490 1012
1501500 1013
1501510 1014
1501520 1014
1501530 1016
1501540 1018
1501550 1018
1501560 1020
1501570 1022
1501580 1022
1501590 1024
1501600 1026
1501610 1026
1501620 1028
1501630 1030
1501640 1031
1501650 1031
1501660 1033
1501670 1034
1501680 1034
1501690 1035
1501700 1036
1501710 1036
1501720 1036
1501730 1037
1501740 1037
1501750 1038
1501760 1039
1501770 1039
1501780 1040
1501790 1041
1501800 1041
1501810 1042
1501820 1043
1501830 1043
1501840 1043
1501850 1044
1501860 1044
1501870 1045
1501880 1045
1501890 1045
1501900 1043
1501910 1046
1501920 1049
1501930 1049
1501940 1049
1501950 1047
1501960 1047
1501970 1051
1501980 1052
1501990 1052
1502000 1053
1502010 1055
1502020 1055
1502030 1056
1502040 1058
1502050 1058
1502060 1059
1502070 1060
1502080 1060
1502090 1060
1502100 1060
1502110 1060
1502120 1060
1502130 1060
1502140 1060
1502150 1058
1502160 1056
1502170 1056
1502180 1057
1502190 1057
1502200 1057
1502210 1056
1502220 1056
1502230 1054
1502240 1054
1502250 1053
1502260 1053
1502270 1053
1502280 1053
1502290 1055
1502300 1055
1502310 1057
1502320 1060
1502330 1060
1502340 1063
1502350 1066
1502360 1066
1502370 1067
1502380 1068
1502390 1068
1502400 1069
1502410 1069
1502420 1069
1502430 1069
1502440 1070
1502450 1070
1502460 1072
1502470 1074
1502480 1074
1502490 1078
1502500 1082
1502510 1085
1502520 1085
1502530 1089
1502540 1094
1502550 1094
1502560 1099
1502570 1102
1502580 1102
1502590 1105
1502600 1107
1502610 1107
1502620 1109
1502630 1110
1502640 1110
1502650 1111
1502660 1112
1502670 1112
1502680 1113
1502690 1114
1502700 1114
1502710 1115
1502720 1117
1502730 1117
1502740 1118
1502750 1119
1502760 1119
1502770 1119
1502780 1121
1502790 1121
1502800 1122
1502810 1124
1502820 1125
1502830 1125
1502840 1126
1502850 1126
1502860 1126
1502870 1127
1502880 1127
1502890 1127
1502900 1129
1502910 1129
1502920 1129
1502930 1128
1502940 1129
1502950 1129
1502960 1130
1502970 1130
1502980 1130
1502990 1130
1503000 1130
1503010 1130
1503020 1130
1503030 1130
1503040 1130
1503050 1130
1503060 1131
1503070 1131
1503080 1130
1503090 1130
1503100 1129
1503110 1129
1503120 1127
1503130 1123
1503140 1123
1503150 1121
1503160 1119
1503170 1119
1503180 1117
1503190 1116
1503200 1116
1503210 1115
1503220 1114
1503230 1114
1503240 1114
1503250 1114
1503260 1114
1503270 1113
1503280 1112
1503290 1110
1503300 1109
1503310 1108
1503320 1108
1503330 1107
1503340 1105
1503350 1105
1503360 1104
1503370 1103
1503380 1102
1503390 1102
1503400 1100
1503410 1099
1503420 1099
1503430 1097
1503440 1097
1503450 1097
1503460 1096
1503470 1095
1503480 1095
1503490 1093
1503500 1091
1503510 1091
1503520 1089
1503530 1087
1503540 1087
1503550 1086
1503560 1085
1503570 1085
1503580 1084
1503590 1082
1503600 1082
1503610 1080
1503620 1079
1503630 1079
1503640 1079
1503650 1079
1503660 1079
1503670 1078
1503680 1077
1503690 1076
1503700 1076
1503710 1075
1503720 1075
1503730 1075
1503740 1074
1503750 1074
1503760 1074
1503770 1074
1503780 1074
1503790 1074
1503800 1074
1503810 1075
1503820 1075
1503830 1075
1503840 1075
1503850 1075
1503860 1076
1503870 1076
1503880 1076
1503890 1077
1503900 1078
1503910 1078
1503920 1078
1503930 1079
1503940 1079
1503950 1080
1503960 1080
1503970 1081
1503980 1081
1503990 1081
1504000 1082
1504010 1082
1504020 1083
1504030 1085
1504040 1085
1504050 1085
1504060 1085
1504070 1085
1504080 1086
1504090 1087
1504100 1087
1504110 1087
1504120 1088
1504130 1088
1504140 1089
1504150 1091
1504160 1091
1504170 1092
1504180 1094
1504190 1094
1504200 1096
1504210 1099
1504220 1099
1504230 1102
1504240 1103
1504250 1105
1504260 1105
1504270 1107
1504280 1109
1504290 1109
1504300 1111
1504310 1113
1504320 1113
1504330 1114
1504340 1116
1504350 1116
1504360 1118
1504370 1120
1504380 1120
1504390 1122
1504400 1123
1504410 1123
1504420 1125
1504430 1126
1504440 1126
1504450 1128
1504460 1129
1504470 1129
1504480 1131
1504490 1133
1504500 1133
1504510 1136
1504520 1140
1504530 1140
1504540 1145
1504550 1151
1504560 1158
1504570 1158
1504580 1165
1504590 1172
1504600 1172
1504610 1177
1504620 1183
1504630 1183
1504640 1189
1504650 1194
1504660 1194
1504670 1199
1504680 1201
1504690 1201
1504700 1201
1504710 1200
1504720 1200
1504730 1200
1504740 1200
1504750 1200
1504760 1199
1504770 1200
1504780 1200
1504790 1199
1504800 1200
1504810 1200
1504820 1202
1504830 1203
1504840 1201
1504850 1201
1504860 1198
1504870 1196
1504880 1196
1504890 1197
1504900 1199
1504910 1199
1504920 1200
1504930 1200
1504940 1200
1504950 1201
1504960 1203
1504970 1203
1504980 1199
1504990 1198
1505000 1198
1505010 1204
1505020 1210
1505030 1210
1505040 1217
1505050 1223
1505060 1223
1505070 1229
1505080 1233
1505090 1233
1505100 1236
1505110 1237
1505120 1237
1505130 1237
1505140 1237
1505150 1235
1505160 1235
1505170 1232
1505180 1228
1505190 1228
1505200 1229
1505210 1234
1505220 1234
1505230 1237
1505240 1240
1505250 1240
1505260 1245
1505270 1250
1505280 1250
1505290 1254
1505300 1258
1505310 1258
1505320 1261
1505330 1261
1505340 1261
1505350 1262
1505360 1261
1505370 1261
1505380 1261
1505390 1259
1505400 1259
1505410 1258
1505420 1256
1505430 1255
1505440 1255
1505450 1253
1505460 1251
1505470 1251
1505480 1248
1505490 1245
1505500 1245
1505510 1242
1505520 1238
1505530 1238
1505540 1235
1505550 1230
1505560 1230
1505570 1224
1505580 1218
1505590 1218
1505600 1213
1505610 1207
1505620 1207
1505630 1202
1505640 1204
1505650 1204
1505660 1206
1505670 1209
1505680 1209
1505690 1209
1505700 1204
1505710 1203
1505720 1203
1505730 1204
1505740 1206
1505750 1206
1505760 1204
1505770 1202
1505780 1202
1505790 1201
1505800 1202
1505810 1202
1505820 1204
1505830 1207
1505840 1207
1505850 1208
1505860 1211
1505870 1211
1505880 1214
1505890 1215
1505900 1215
1505910 1216
1505920 1220
1505930 1220
1505940 1221
1505950 1219
1505960 1219
1505970 1216
1505980 1214
1505990 1214
1506000 1214
1506010 1216
1506020 1217
1506030 1217
1506040 1218
1506050 1219
1506060 1219
1506070 1221
1506080 1223
1506090 1223
1506100 1224
1506110 1224
1506120 1224
1506130 1225
1506140 1225
1506150 1225
1506160 1225
1506170 1225
1506180 1225
1506190 1225
1506200 1225
1506210 1225
1506220 1224
1506230 1224
1506240 1224
1506250 1223
1506260 1222
1506270 1222
1506280 1222
1506290 1221
1506300 1220
1506310 1220
1506320 1219
1506330 1219
1506340 1219
1506350 1218
1506360 1218
1506370 1218
1506380 1217
1506390 1216
1506400 1216
1506410 1216
1506420 1215
1506430 1215
1506440 1214
1506450 1214
1506460 1214
1506470 1213
1506480 1212
1506490 1212
1506500 1212
1506510 1211
1506520 1211
1506530 1210
1506540 1210
1506550 1210
1506560 1209
1506570 1208
1506580 1207
1506590 1207
1506600 1207
1506610 1206
1506620 1206
1506630 1205
1506640 1205
1506650 1205
1506660 1204
1506670 1203
1506680 1203
1506690 1202
1506700 1201
1506710 1201
1506720 1200
1506730 1199
1506740 1199
1506750 1193
1506760 1187
1506770 1187
1506780 1185
1506790 1185
1506800 1185
1506810 1184
1506820 1186
1506830 1186
1506840 1186
1506850 1184
1506860 1177
1506870 1177
1506880 1171
1506890 1169
1506900 1169
1506910 1168
1506920 1172
1506930 1172
1506940 1169
1506950 1162
1506960 1162
1506970 1154
1506980 1150
1506990 1150
1507000 1149
1507010 1143
1507020 1143
1507030 1140
1507040 1137
1507050 1137
1507060 1130
1507070 1126
1507080 1126
1507090 1126
1507100 1124
1507110 1124
1507120 1119
1507130 1112
1507140 1112
1507150 1109
1507160 1108
1507170 1109
1507180 1109
1507190 1116
1507200 1115
1507210 1115
1507220 1112
1507230 1110
1507240 1110
1507250 1108
1507260 1104
1507270 1104
1507280 1100
1507290 1096
1507300 1096
1507310 1095
1507320 1092
1507330 1092
1507340 1090
1507350 1090
1507360 1090
1507370 1085
1507380 1081
1507390 1081
1507400 1079
1507410 1076
1507420 1076
1507430 1077
1507440 1081
1507450 1080
1507460 1080
1507470 1076
1507480 1074
1507490 1074
1507500 1073
1507510 1072
1507520 1072
1507530 1073
1507540 1073
1507550 1073
1507560 1067
1507570 1064
1507580 1064
1507590 1064
1507600 1064
1507610 1064
1507620 1069
1507630 1070
1507640 1070
1507650 1067
1507660 1063
1507670 1063
1507680 1058
1507690 1051
1507700 1051
1507710 1046
1507720 1040
1507730 1034
1507740 1034
1507750 1029
1507760 1023
1507770 1023
1507780 1015
1507790 1007
1507800 1007
1507810 1000
1507820 994
1507830 994
1507840 987
1507850 981
1507860 981
1507870 975
1507880 969
1507890 969
1507900 964
1507910 961
1507920 961
1507930 959
1507940 956
1507950 956
1507960 953
1507970 950
1507980 950
1507990 947
1508000 944
1508010 944
1508020 942
1508030 939
1508040 937
1508050 937
1508060 936
1508070 935
1508080 935
1508090 933
1508100 932
1508110 932
1508120 931
1508130 929
1508140 929
1508150 927
1508160 926
1508170 926
1508180 925
1508190 924
1508200 924
1508210 923
1508220 922
1508230 922
1508240 920
1508250 918
1508260 918
1508270 917
1508280 916
1508290 916
1508300 915
1508310 914
1508320 914
1508330 914
1508340 913
1508350 912
1508360 912
1508370 912
1508380 911
1508390 911
1508400 911
1508410 910
1508420 910
1508430 909
1508440 908
1508450 908
1508460 908
1508470 907
1508480 907
1508490 907
1508500 908
1508510 908
1508520 907
1508530 905
1508540 905
1508550 905
1508560 904
1508570 904
1508580 905
1508590 905
1508600 905
1508610 904
1508620 904
1508630 904
1508640 904
1508650 903
1508660 903
1508670 903
1508680 902
1508690 902
1508700 902
1508710 901
1508720 901
1508730 901
1508740 900
1508750 900
1508760 900
1508770 900
1508780 899
1508790 899
1508800 898
1508810 897
1508820 897
1508830 895
1508840 895
1508850 895
1508860 894
1508870 892
1508880 892
1508890 891
1508900 890
1508910 889
1508920 889
1508930 889
1508940 889
1508950 889
1508960 888
1508970 888
1508980 888
1508990 888
1509000 888
1509010 888
1509020 888
1509030 886
1509040 886
1509050 886
1509060 886
1509070 886
1509080 886
1509090 885
1509100 885
1509110 885
1509120 885
1509130 885
1509140 885
1509150 885
1509160 885
1509170 884
1509180 884
1509190 884
1509200 884
1509210 884
1509220 883
1509230 883
1509240 883
1509250 883
1509260 883
1509270 882
1509280 881
1509290 881
1509300 881
1509310 880
1509320 880
1509330 880
1509340 878
1509350 878
1509360 877
1509370 876
1509380 876
1509390 876
1509400 875
1509410 875
1509420 874
1509430 874
1509440 874
1509450 874
1509460 876
1509470 876
1509480 878
1509490 880
1509500 883
1509510 883
1509520 885
1509530 888
1509540 888
1509550 890
1509560 890
1509570 890
1509580 887
1509590 888
1509600 888
1509610 892
1509620 896
1509630 896
1509640 898
1509650 899
1509660 899
1509670 901
1509680 903
1509690 903
1509700 905
1509710 907
1509720 907
1509730 909
1509740 911
1509750 911
1509760 912
1509770 910
1509780 909
1509790 909
1509800 911
1509810 913
1509820 913
1509830 915
1509840 917
1509850 917
1509860 919
1509870 921
1509880 921
1509890 922
1509900 924
1509910 924
1509920 926
1509930 928
1509940 928
1509950 931
1509960 933
1509970 933
1509980 935
1509990 938
1510000 938
1510010 940
1510020 942
1510030 942
1510040 944
1510050 947
1510060 950
1510070 950
1510080 953
1510090 954
1510100 954
1510110 956
1510120 957
1510130 957
1510140 958
1510150 959
1510160 959
1510170 961
1510180 964
1510190 964
1510200 967
1510210 969
1510220 969
1510230 970
1510240 971
1510250 971
1510260 973
1510270 975
1510280 975
1510290 974
1510300 973
1510310 973
1510320 973
1510330 972
1510340 972
1510350 970
1510360 969
1510370 967
1510380 967
1510390 966
1510400 966
1510410 966
1510420 966
1510430 967
1510440 967
1510450 967
1510460 967
1510470 967
1510480 965
1510490 964
1510500 964
1510510 963
1510520 962
1510530 962
1510540 961
1510550 960
1510560 960
1510570 959
1510580 960
1510590 960
1510600 961
1510610 962
1510620 962
1510630 964
1510640 965
1510650 966
1510660 966
1510670 967
1510680 968
1510690 968
1510700 968
1510710 969
1510720 969
1510730 971
1510740 972
1510750 972
1510760 973
1510770 974
1510780 974
1510790 974
1510800 974
1510810 974
1510820 974
1510830 974
1510840 974
1510850 975
1510860 975
1510870 975
1510880 975
1510890 974
1510900 974
1510910 973
1510920 972
1510930 970
1510940 970
1510950 969
1510960 969
1510970 969
1510980 969
1510990 969
1511000 969
1511010 969
1511020 968
1511030 968
1511040 968
1511050 968
1511060 968
1511070 969
1511080 972
1511090 972
1511100 973
1511110 975
1511120 975
1511130 975
1511140 976
1511150 976
1511160 977
1511170 977
1511180 977
1511190 979
1511200 982
1511210 982
1511220 984
1511230 987
1511240 990
1511250 990
1511260 994
1511270 997
1511280 997
1511290 998
1511300 1000
1511310 1000
1511320 1002
1511330 1003
1511340 1003
1511350 1003
1511360 1003
1511370 1003
1511380 1003
1511390 1003
1511400 1003
1511410 1003
1511420 1002
1511430 1002
1511440 1001
1511450 999
1511460 999
1511470 997
1511480 996
1511490 996
1511500 996
1511510 998
1511520 1000
1511530 1000
1511540 1002
1511550 1003
1511560 1003
1511570 1004
1511580 1005
1511590 1005
1511600 1009
1511610 1015
1511620 1015
1511630 1017
1511640 1014
1511650 1014
1511660 1011
1511670 1008
1511680 1008
1511690 1004
1511700 1000
1511710 1000
1511720 995
1511730 989
1511740 989
1511750 983
1511760 977
1511770 977
1511780 972
1511790 967
1511800 967
1511810 967
1511820 969
1511830 973
1511840 973
1511850 977
1511860 982
1511870 982
1511880 985
1511890 989
1511900 989
1511910 994
1511920 999
1511930 999
1511940 1004
1511950 1008
1511960 1008
1511970 1014
1511980 1019
1511990 1019
1512000 1024
1512010 1029
1512020 1029
1512030 1033
1512040 1038
1512050 1038
1512060 1043
1512070 1048
1512080 1048
1512090 1049
1512100 1050
1512110 1050
1512120 1050
1512130 1051
1512140 1051
1512150 1051
1512160 1050
1512170 1047
1512180 1047
1512190 1045
1512200 1041
1512210 1041
1512220 1039
1512230 1034
1512240 1034
1512250 1029
1512260 1023
1512270 1023
1512280 1017
1512290 1013
1512300 1013
1512310 1010
1512320 1007
1512330 1007
1512340 1002
1512350 998
1512360 998
1512370 995
1512380 996
1512390 1003
1512400 1003
1512410 1008
1512420 1010
1512430 1010
1512440 1013
1512450 1016
1512460 1016
1512470 1020
1512480 1026
1512490 1026
1512500 1031
1512510 1035
1512520 1035
1512530 1039
1512540 1042
1512550 1042
1512560 1045
1512570 1043
1512580 1043
1512590 1042
1512600 1042
1512610 1042
1512620 1044
1512630 1046
1512640 1046
1512650 1045
1512660 1046
1512670 1048
1512680 1048
1512690 1049
1512700 1050
1512710 1050
1512720 1051
1512730 1054
1512740 1054
1512750 1058
1512760 1062
1512770 1062
1512780 1069
1512790 1074
1512800 1074
1512810 1075
1512820 1075
1512830 1075
1512840 1082
1512850 1085
1512860 1085
1512870 1087
1512880 1088
1512890 1088
1512900 1090
1512910 1094
1512920 1094
1512930 1099
1512940 1103
1512950 1103
1512960 1108
1512970 1111
1512980 1114
1512990 1114
1513000 1117
1513010 1121
1513020 1121
1513030 1119
1513040 1115
1513050 1115
1513060 1113
1513070 1112
1513080 1112
1513090 1111
1513100 1111
1513110 1111
1513120 1110
1513130 1108
1513140 1108
1513150 1105
1513160 1103
1513170 1103
1513180 1100
1513190 1098
1513200 1098
1513210 1097
1513220 1098
1513230 1098
1513240 1098
1513250 1097
1513260 1094
1513270 1094
1513280 1091
1513290 1088
1513300 1088
1513310 1087
1513320 1086
1513330 1086
1513340 1085
1513350 1083
1513360 1083
1513370 1081
1513380 1080
1513390 1080
1513400 1079
1513410 1079
1513420 1079
1513430 1077
1513440 1074
1513450 1074
1513460 1072
1513470 1073
1513480 1073
1513490 1067
1513500 1058
1513510 1058
1513520 1052
1513530 1050
1513540 1050
1513550 1053
1513560 1055
1513570 1059
1513580 1059
1513590 1063
1513600 1067
1513610 1067
1513620 1073
1513630 1081
1513640 1081
1513650 1089
1513660 1097
1513670 1097
1513680 1105
1513690 1110
1513700 1110
1513710 1114
1513720 1120
1513730 1120
1513740 1125
1513750 1131
1513760 1131
1513770 1137
1513780 1142
1513790 1142
1513800 1148
1513810 1154
1513820 1154
1513830 1156
1513840 1156
1513850 1156
1513860 1156
1513870 1158
1513880 1160
1513890 1160
1513900 1161
1513910 1162
1513920 1162
1513930 1161
1513940 1161
1513950 1161
1513960 1161
1513970 1162
1513980 1159
1513990 1159
1514000 1159
1514010 1159
1514020 1159
1514030 1159
1514040 1159
1514050 1159
1514060 1159
1514070 1159
1514080 1158
1514090 1158
1514100 1158
1514110 1158
1514120 1157
1514130 1156
1514140 1156
1514150 1156
1514160 1156
1514170 1156
1514180 1157
1514190 1157
1514200 1157
1514210 1158
1514220 1157
1514230 1157
1514240 1156
1514250 1153
1514260 1153
1514270 1151
1514280 1150
1514290 1150
1514300 1149
1514310 1148
1514320 1148
1514330 1147
1514340 1146
1514350 1146
1514360 1145
1514370 1145
1514380 1145
1514390 1145
1514400 1144
1514410 1144
1514420 1144
1514430 1143
1514440 1141
1514450 1141
1514460 1139
1514470 1137
1514480 1137
1514490 1134
1514500 1133
1514510 1133
1514520 1130
1514530 1127
1514540 1127
1514550 1125
1514560 1123
1514570 1123
1514580 1118
1514590 1116
1514600 1116
1514610 1115
1514620 1114
1514630 1114
1514640 1114
1514650 1113
1514660 1113
1514670 1113
1514680 1110
1514690 1110
1514700 1106
1514710 1103
1514720 1100
1514730 1100
1514740 1099
1514750 1097
1514760 1097
1514770 1095
1514780 1094
1514790 1094
1514800 1090
1514810 1086
1514820 1086
1514830 1083
1514840 1081
1514850 1081
1514860 1078
1514870 1076
1514880 1076
1514890 1073
1514900 1072
1514910 1072
1514920 1071
1514930 1070
1514940 1070
1514950 1070
1514960 1069
1514970 1069
1514980 1068
1514990 1068
1515000 1067
1515010 1067
1515020 1066
1515030 1064
1515040 1064
1515050 1063
1515060 1061
1515070 1061
1515080 1059
1515090 1059
1515100 1059
1515110 1059
1515120 1058
1515130 1058
1515140 1058
1515150 1059
1515160 1059
1515170 1060
1515180 1062
1515190 1062
1515200 1063
1515210 1062
1515220 1062
1515230 1062
1515240 1061
1515250 1061
1515260 1061
1515270 1060
1515280 1060
1515290 1059
1515300 1056
1515310 1051
1515320 1051
1515330 1048
1515340 1043
1515350 1043
1515360 1037
1515370 1030
1515380 1030
1515390 1024
1515400 1019
1515410 1019
1515420 1015
1515430 1014
1515440 1014
1515450 1009
1515460 1006
1515470 1006
1515480 1004
1515490 1000
1515500 1000
1515510 996
1515520 994
1515530 994
1515540 991
1515550 988
1515560 988
1515570 986
1515580 983
1515590 979
1515600 979
1515610 973
1515620 962
1515630 962
1515640 950
1515650 940
1515660 940
1515670 937
1515680 935
1515690 935
1515700 930
1515710 929
1515720 929
1515730 922
1515740 917
1515750 917
1515760 913
1515770 906
1515780 906
1515790 890
1515800 876
1515810 876
1515820 867
1515830 865
1515840 865
1515850 871
1515860 879
1515870 886
1515880 886
1515890 893
1515900 901
1515910 901
1515920 909
1515930 916
1515940 916
1515950 924
1515960 932
1515970 932
1515980 940
1515990 948
1516000 948
1516010 956
1516020 965
1516030 965
1516040 974
1516050 983
1516060 983
1516070 988
1516080 999
1516090 999
1516100 1008
1516110 1015
1516120 1015
1516130 1023
1516140 1026
1516150 1026
1516160 1026
1516170 1028
1516180 1030
1516190 1030
1516200 1031
1516210 1033
1516220 1033
1516230 1035
1516240 1037
1516250 1037
1516260 1042
1516270 1045
1516280 1045
1516290 1047
1516300 1049
1516310 1049
1516320 1051
1516330 1055
1516340 1055
1516350 1060
1516360 1065
1516370 1065
1516380 1068
1516390 1072
1516400 1072
1516410 1074
1516420 1078
1516430 1078
1516440 1083
1516450 1087
1516460 1091
1516470 1091
1516480 1094
1516490 1095
1516500 1095
1516510 1096
1516520 1097
1516530 1097
1516540 1099
1516550 1099
1516560 1099
1516570 1100
1516580 1101
1516590 1101
1516600 1102
1516610 1103
1516620 1103
1516630 1105
1516640 1107
1516650 1107
1516660 1110
1516670 1113
1516680 1113
1516690 1115
1516700 1118
1516710 1118
1516720 1119
1516730 1120
1516740 1121
1516750 1121
1516760 1121
1516770 1121
1516780 1121
1516790 1122
1516800 1122
1516810 1122
1516820 1124
1516830 1125
1516840 1125
1516850 1125
1516860 1126
1516870 1126
1516880 1126
1516890 1127
1516900 1127
1516910 1127
1516920 1128
1516930 1128
1516940 1129
1516950 1131
1516960 1131
1516970 1132
1516980 1134
1516990 1134
1517000 1135
1517010 1137
1517020 1137
1517030 1138
1517040 1140
1517050 1141
1517060 1141
1517070 1142
1517080 1143
1517090 1143
1517100 1145
1517110 1145
1517120 1145
1517130 1145
1517140 1146
1517150 1146
1517160 1146
1517170 1147
1517180 1147
1517190 1148
1517200 1148
1517210 1148
1517220 1148
1517230 1148
1517240 1148
1517250 1148
1517260 1148
1517270 1148
1517280 1148
1517290 1148
1517300 1148
1517310 1148
1517320 1147
1517330 1147
1517340 1147
1517350 1147
1517360 1146
1517370 1146
1517380 1146
1517390 1142
1517400 1142
1517410 1135
1517420 1127
1517430 1127
1517440 1120
1517450 1117
1517460 1117
1517470 1119
1517480 1114
1517490 1114
1517500 1106
1517510 1101
1517520 1101
1517530 1102
1517540 1112
1517550 1112
1517560 1120
1517570 1126
1517580 1126
1517590 1136
1517600 1144
1517610 1149
1517620 1149
1517630 1152
1517640 1153
1517650 1153
1517660 1153
1517670 1154
1517680 1154
1517690 1155
1517700 1156
1517710 1156
1517720 1156
1517730 1156
1517740 1156
1517750 1156
1517760 1156
1517770 1156
1517780 1155
1517790 1155
1517800 1155
1517810 1155
1517820 1156
1517830 1156
1517840 1156
1517850 1156
1517860 1156
1517870 1156
1517880 1155
1517890 1155
1517900 1155
1517910 1155
1517920 1155
1517930 1155
1517940 1152
1517950 1153
1517960 1153
1517970 1155
1517980 1155
1517990 1155
1518000 1155
1518010 1155
1518020 1155
1518030 1150
1518040 1149
1518050 1149
1518060 1148
1518070 1148
1518080 1148
1518090 1147
1518100 1147
1518110 1147
1518120 1147
1518130 1147
1518140 1147
1518150 1147
1518160 1146
1518170 1146
1518180 1145
1518190 1145
1518200 1144
1518210 1144
1518220 1144
1518230 1143
1518240 1143
1518250 1142
1518260 1142
1518270 1142
1518280 1141
1518290 1140
1518300 1140
1518310 1140
1518320 1140
1518330 1140
1518340 1140
1518350 1138
1518360 1138
1518370 1137
1518380 1136
1518390 1136
1518400 1134
1518410 1132
1518420 1132
1518430 1130
1518440 1129
1518450 1129
1518460 1127
1518470 1125
1518480 1123
1518490 1123
1518500 1123
1518510 1122
1518520 1122
1518530 1122
1518540 1120
1518550 1120
1518560 1119
1518570 1117
1518580 1117
1518590 1116
1518600 1115
1518610 1115
1518620 1113
1518630 1111
1518640 1111
1518650 1110
1518660 1109
1518670 1109
1518680 1108
1518690 1105
1518700 1105
1518710 1101
1518720 1099
1518730 1099
1518740 1100
1518750 1101
1518760 1101
1518770 1101
1518780 1101
1518790 1099
1518800 1099
1518810 1094
1518820 1087
1518830 1087
1518840 1080
1518850 1074
1518860 1074
1518870 1069
1518880 1072
1518890 1072
1518900 1076
1518910 1081
1518920 1081
1518930 1085
1518940 1088
1518950 1088
1518960 1089
1518970 1086
1518980 1086
1518990 1085
1519000 1087
1519010 1087
1519020 1086
1519030 1083
1519040 1083
1519050 1078
1519060 1071
1519070 1071
1519080 1071
1519090 1076
1519100 1081
1519110 1081
1519120 1083
1519130 1084
1519140 1084
1519150 1085
1519160 1084
1519170 1084
1519180 1084
1519190 1084
1519200 1084
1519210 1083
1519220 1079
1519230 1079
1519240 1077
1519250 1080
1519260 1080
1519270 1082
1519280 1083
1519290 1083
1519300 1083
1519310 1083
1519320 1083
1519330 1084
1519340 1084
1519350 1084
1519360 1084
1519370 1083
1519380 1082
1519390 1082
1519400 1081
1519410 1082
1519420 1082
1519430 1082
1519440 1083
1519450 1083
1519460 1084
1519470 1084
1519480 1084
1519490 1083
1519500 1084
1519510 1084
1519520 1085
1519530 1085
1519540 1085
1519550 1085
1519560 1085
1519570 1085
1519580 1085
1519590 1085
1519600 1085
1519610 1086
1519620 1086
1519630 1086
1519640 1087
1519650 1087
1519660 1087
1519670 1087
1519680 1088
1519690 1089
1519700 1089
1519710 1090
1519720 1091
1519730 1091
1519740 1091
1519750 1091
1519760 1091
1519770 1092
1519780 1092
1519790 1092
1519800 1092
1519810 1092
1519820 1092
1519830 1092
1519840 1092
1519850 1092
1519860 1092
1519870 1092
1519880 1092
1519890 1092
1519900 1091
1519910 1091
1519920 1092
1519930 1091
1519940 1091
1519950 1091
1519960 1091
1519970 1090
1519980 1090
1519990 1090
