1500000 827
1500010 826
1500020 826
1500030 826
1500040 826
1500050 826
1500060 826
1500070 825
1500080 825
1500090 825
1500100 825
1500110 825
1500120 825
1500130 825
1500140 825
1500150 825
1500160 825
1500170 825
1500180 825
1500190 825
1500200 825
1500210 825
1500220 825
1500230 825
1500240 825
1500250 825
1500260 825
1500270 825
1500280 825
1500290 825
1500300 825
1500310 825
1500320 825
1500330 825
1500340 825
1500350 824
1500360 824
1500370 824
1500380 824
1500390 823
1500400 823
1500410 823
1500420 823
1500430 823
1500440 823
1500450 823
1500460 823
1500470 823
1500480 823
1500490 823
1500500 823
1500510 823
1500520 823
1500530 823
1500540 823
1500550 823
1500560 823
1500570 823
1500580 823
1500590 823
1500600 823
1500610 823
1500620 823
1500630 823
1500640 823
1500650 823
1500660 823
1500670 823
1500680 823
1500690 823
1500700 823
1500710 823
1500720 823
1500730 823
1500740 823
1500750 823
1500760 823
1500770 823
1500780 823
1500790 823
1500800 823
1500810 823
1500820 823
1500830 823
1500840 823
1500850 822
1500860 822
1500870 822
1500880 822
1500890 822
1500900 822
1500910 822
1500920 822
1500930 822
1500940 822
1500950 822
1500960 822
1500970 823
1500980 823
1500990 823
1501000 823
1501010 823
1501020 823
1501030 823
1501040 823
1501050 823
1501060 823
1501070 823
1501080 823
1501090 823
1501100 823
1501110 823
1501120 823
1501130 823
1501140 823
1501150 823
1501160 822
1501170 822
1501180 822
1501190 822
1501200 822
1501210 822
1501220 822
1501230 821
1501240 821
1501250 821
1501260 821
1501270 821
1501280 821
1501290 821
1501300 821
1501310 822
1501320 822
1501330 822
1501340 822
1501350 822
1501360 822
1501370 822
1501380 821
1501390 821
1501400 821
1501410 821
1501420 821
1501430 821
1501440 821
1501450 821
1501460 821
1501470 821
1501480 821
1501490 821
1501500 821
1501510 821
1501520 821
1501530 821
1501540 821
1501550 821
1501560 821
1501570 820
1501580 820
1501590 820
1501600 820
1501610 820
1501620 820
1501630 820
1501640 820
1501650 820
1501660 820
1501670 820
1501680 820
1501690 820
1501700 820
1501710 820
1501720 821
1501730 821
1501740 822
1501750 822
1501760 822
1501770 822
1501780 822
1501790 821
1501800 821
1501810 821
1501820 821
1501830 821
1501840 822
1501850 822
1501860 822
1501870 822
1501880 822
1501890 822
1501900 822
1501910 822
1501920 822
1501930 822
1501940 821
1501950 821
1501960 821
1501970 821
1501980 821
1501990 821
1502000 821
1502010 821
1502020 821
1502030 820
1502040 820
1502050 820
1502060 820
1502070 821
1502080 821
1502090 821
1502100 821
1502110 821
1502120 821
1502130 821
1502140 821
1502150 820
1502160 819
1502170 819
1502180 819
1502190 819
1502200 819
1502210 819
1502220 819
1502230 819
1502240 820
1502250 821
1502260 821
1502270 821
1502280 820
1502290 820
1502300 819
1502310 818
1502320 818
1502330 819
1502340 819
1502350 819
1502360 819
1502370 819
1502380 819
1502390 819
1502400 819
1502410 819
1502420 819
1502430 819
1502440 819
1502450 819
1502460 819
1502470 819
1502480 819
1502490 819
1502500 819
1502510 819
1502520 819
1502530 819
1502540 819
1502550 819
1502560 820
1502570 820
1502580 820
1502590 819
1502600 819
1502610 818
1502620 818
1502630 818
1502640 818
1502650 820
1502660 823
1502670 823
1502680 825
1502690 827
1502700 827
1502710 830
1502720 832
1502730 832
1502740 833
1502750 836
1502760 836
1502770 840
1502780 843
1502790 843
1502800 846
1502810 848
1502820 848
1502830 849
1502840 849
1502850 849
1502860 850
1502870 853
1502880 853
1502890 856
1502900 859
1502910 859
1502920 862
1502930 866
1502940 870
1502950 870
1502960 875
1502970 879
1502980 879
1502990 882
1503000 885
1503010 885
1503020 885
1503030 883
1503040 883
1503050 879
1503060 875
1503070 875
1503080 878
1503090 888
1503100 888
1503110 897
1503120 903
1503130 903
1503140 912
1503150 921
1503160 921
1503170 926
1503180 930
1503190 930
1503200 936
1503210 944
1503220 951
1503230 951
1503240 956
1503250 962
1503260 962
1503270 968
1503280 975
1503290 975
1503300 982
1503310 984
1503320 984
1503330 984
1503340 984
1503350 984
1503360 984
1503370 984
1503380 984
1503390 985
1503400 987
1503410 987
1503420 987
1503430 987
1503440 987
1503450 987
1503460 989
1503470 989
1503480 991
1503490 993
1503500 993
1503510 991
1503520 987
1503530 985
1503540 985
1503550 983
1503560 986
1503570 986
1503580 992
1503590 998
1503600 998
1503610 1005
1503620 1010
1503630 1010
1503640 1016
1503650 1020
1503660 1020
1503670 1024
1503680 1029
1503690 1029
1503700 1035
1503710 1042
1503720 1042
1503730 1047
1503740 1050
1503750 1050
1503760 1053
1503770 1056
1503780 1056
1503790 1058
1503800 1061
1503810 1063
1503820 1063
1503830 1065
1503840 1067
1503850 1067
1503860 1070
1503870 1074
1503880 1074
1503890 1078
1503900 1081
1503910 1081
1503920 1084
1503930 1087
1503940 1087
1503950 1091
1503960 1093
1503970 1093
1503980 1096
1503990 1098
1504000 1098
1504010 1101
1504020 1104
1504030 1104
1504040 1106
1504050 1109
1504060 1109
1504070 1112
1504080 1114
1504090 1117
1504100 1117
1504110 1121
1504120 1125
1504130 1125
1504140 1128
1504150 1130
1504160 1130
1504170 1131
1504180 1133
1504190 1133
1504200 1135
1504210 1137
1504220 1137
1504230 1138
1504240 1139
1504250 1139
1504260 1141
1504270 1143
1504280 1143
1504290 1147
1504300 1150
1504310 1150
1504320 1153
1504330 1155
1504340 1155
1504350 1159
1504360 1162
1504370 1162
1504380 1166
1504390 1169
1504400 1171
1504410 1171
1504420 1174
1504430 1175
1504440 1175
1504450 1174
1504460 1173
1504470 1173
1504480 1174
1504490 1178
1504500 1178
1504510 1180
1504520 1180
1504530 1180
1504540 1179
1504550 1180
1504560 1180
1504570 1179
1504580 1177
1504590 1177
1504600 1176
1504610 1179
1504620 1179
1504630 1185
1504640 1191
1504650 1191
1504660 1193
1504670 1191
1504680 1189
1504690 1189
1504700 1186
1504710 1185
1504720 1185
1504730 1191
1504740 1198
1504750 1198
1504760 1201
1504770 1205
1504780 1205
1504790 1208
1504800 1211
1504810 1211
1504820 1213
1504830 1216
1504840 1216
1504850 1218
1504860 1221
1504870 1221
1504880 1225
1504890 1227
1504900 1227
1504910 1230
1504920 1233
1504930 1233
1504940 1236
1504950 1239
1504960 1239
1504970 1243
1504980 1248
1504990 1253
1505000 1253
1505010 1258
1505020 1264
1505030 1264
1505040 1269
1505050 1271
1505060 1271
1505070 1272
1505080 1272
1505090 1272
1505100 1272
1505110 1272
1505120 1272
1505130 1271
1505140 1270
1505150 1270
1505160 1270
1505170 1270
1505180 1270
1505190 1270
1505200 1268
1505210 1268
1505220 1269
1505230 1270
1505240 1270
1505250 1272
1505260 1272
1505270 1272
1505280 1272
1505290 1271
1505300 1270
1505310 1270
1505320 1270
1505330 1269
1505340 1269
1505350 1267
1505360 1266
1505370 1266
1505380 1265
1505390 1264
1505400 1264
1505410 1263
1505420 1261
1505430 1261
1505440 1260
1505450 1259
1505460 1259
1505470 1257
1505480 1256
1505490 1256
1505500 1254
1505510 1252
1505520 1252
1505530 1250
1505540 1248
1505550 1248
1505560 1246
1505570 1244
1505580 1242
1505590 1242
1505600 1241
1505610 1239
1505620 1239
1505630 1237
1505640 1235
1505650 1235
1505660 1232
1505670 1230
1505680 1230
1505690 1228
1505700 1226
1505710 1226
1505720 1224
1505730 1223
1505740 1223
1505750 1222
1505760 1221
1505770 1221
1505780 1219
1505790 1217
1505800 1217
1505810 1215
1505820 1213
1505830 1213
1505840 1210
1505850 1207
1505860 1204
1505870 1204
1505880 1200
1505890 1198
1505900 1198
1505910 1195
1505920 1191
1505930 1191
1505940 1187
1505950 1183
1505960 1183
1505970 1181
1505980 1178
1505990 1178
1506000 1175
1506010 1172
1506020 1172
1506030 1168
1506040 1162
1506050 1162
1506060 1157
1506070 1153
1506080 1153
1506090 1150
1506100 1146
1506110 1146
1506120 1143
1506130 1142
1506140 1142
1506150 1142
1506160 1139
1506170 1135
1506180 1135
1506190 1131
1506200 1126
1506210 1126
1506220 1121
1506230 1116
1506240 1116
1506250 1110
1506260 1108
1506270 1108
1506280 1108
1506290 1107
1506300 1107
1506310 1103
1506320 1100
1506330 1100
1506340 1096
1506350 1091
1506360 1091
1506370 1090
1506380 1088
1506390 1088
1506400 1085
1506410 1082
1506420 1082
1506430 1078
1506440 1076
1506450 1072
1506460 1072
1506470 1068
1506480 1065
1506490 1065
1506500 1061
1506510 1056
1506520 1056
1506530 1051
1506540 1045
1506550 1045
1506560 1041
1506570 1037
1506580 1037
1506590 1032
1506600 1027
1506610 1027
1506620 1022
1506630 1018
1506640 1018
1506650 1014
1506660 1011
1506670 1011
1506680 1008
1506690 1007
1506700 1007
1506710 1005
1506720 1004
1506730 1003
1506740 1003
1506750 1002
1506760 1000
1506770 1000
1506780 998
1506790 996
1506800 996
1506810 995
1506820 995
1506830 995
1506840 996
1506850 996
1506860 996
1506870 995
1506880 993
1506890 993
1506900 991
1506910 990
1506920 990
1506930 988
1506940 986
1506950 986
1506960 983
1506970 980
1506980 980
1506990 977
1507000 973
1507010 973
1507020 969
1507030 965
1507040 962
1507050 962
1507060 962
1507070 962
1507080 962
1507090 962
1507100 962
1507110 962
1507120 962
1507130 962
1507140 962
1507150 962
1507160 961
1507170 961
1507180 960
1507190 960
1507200 960
1507210 959
1507220 958
1507230 958
1507240 957
1507250 957
1507260 957
1507270 956
1507280 956
1507290 956
1507300 955
1507310 954
1507320 954
1507330 954
1507340 953
1507350 953
1507360 953
1507370 952
1507380 952
1507390 952
1507400 951
1507410 951
1507420 951
1507430 951
1507440 950
1507450 950
1507460 950
1507470 950
1507480 950
1507490 950
1507500 951
1507510 951
1507520 952
1507530 952
1507540 952
1507550 952
1507560 951
1507570 951
1507580 951
1507590 952
1507600 954
1507610 954
1507620 957
1507630 960
1507640 960
1507650 963
1507660 965
1507670 965
1507680 966
1507690 967
1507700 967
1507710 969
1507720 971
1507730 971
1507740 973
1507750 975
1507760 975
1507770 978
1507780 979
1507790 979
1507800 980
1507810 981
1507820 981
1507830 982
1507840 985
1507850 985
1507860 989
1507870 992
1507880 992
1507890 995
1507900 998
1507910 1001
1507920 1001
1507930 1002
1507940 1004
1507950 1004
1507960 1007
1507970 1008
1507980 1008
1507990 1009
1508000 1008
1508010 1008
1508020 1007
1508030 1005
1508040 1005
1508050 1007
1508060 1007
1508070 1007
1508080 1007
1508090 1011
1508100 1011
1508110 1014
1508120 1015
1508130 1015
1508140 1014
1508150 1013
1508160 1013
1508170 1012
1508180 1012
1508190 1012
1508200 1012
1508210 1012
1508220 1012
1508230 1012
1508240 1011
1508250 1011
1508260 1011
1508270 1012
1508280 1013
1508290 1013
1508300 1013
1508310 1013
1508320 1013
1508330 1012
1508340 1011
1508350 1011
1508360 1011
1508370 1010
1508380 1010
1508390 1011
1508400 1012
1508410 1012
1508420 1013
1508430 1013
1508440 1013
1508450 1013
1508460 1013
1508470 1013
1508480 1013
1508490 1013
1508500 1014
1508510 1014
1508520 1016
1508530 1018
1508540 1018
1508550 1019
1508560 1021
1508570 1021
1508580 1023
1508590 1026
1508600 1026
1508610 1028
1508620 1029
1508630 1029
1508640 1032
1508650 1034
1508660 1034
1508670 1033
1508680 1032
1508690 1032
1508700 1031
1508710 1031
1508720 1031
1508730 1029
1508740 1028
1508750 1028
1508760 1028
1508770 1029
1508780 1030
1508790 1030
1508800 1031
1508810 1031
1508820 1031
1508830 1032
1508840 1032
1508850 1032
1508860 1032
1508870 1032
1508880 1032
1508890 1033
1508900 1033
1508910 1033
1508920 1032
1508930 1033
1508940 1033
1508950 1033
1508960 1033
1508970 1033
1508980 1033
1508990 1033
1509000 1033
1509010 1033
1509020 1033
1509030 1033
1509040 1032
1509050 1032
1509060 1032
1509070 1031
1509080 1031
1509090 1030
1509100 1030
1509110 1030
1509120 1029
1509130 1029
1509140 1029
1509150 1028
1509160 1028
1509170 1028
1509180 1028
1509190 1028
1509200 1028
1509210 1027
1509220 1027
1509230 1027
1509240 1027
1509250 1027
1509260 1028
1509270 1028
1509280 1028
1509290 1028
1509300 1029
1509310 1029
1509320 1029
1509330 1029
1509340 1029
1509350 1029
1509360 1029
1509370 1029
1509380 1029
1509390 1027
1509400 1024
1509410 1024
1509420 1023
1509430 1025
1509440 1025
1509450 1027
1509460 1027
1509470 1030
1509480 1029
1509490 1029
1509500 1029
1509510 1027
1509520 1026
1509530 1026
1509540 1028
1509550 1026
1509560 1026
1509570 1021
1509580 1020
1509590 1020
1509600 1018
1509610 1015
1509620 1015
1509630 1011
1509640 1009
1509650 1010
1509660 1010
1509670 1013
1509680 1018
1509690 1018
1509700 1024
1509710 1029
1509720 1029
1509730 1033
1509740 1036
1509750 1036
1509760 1038
1509770 1041
1509780 1041
1509790 1043
1509800 1045
1509810 1045
1509820 1046
1509830 1047
1509840 1047
1509850 1050
1509860 1053
1509870 1053
1509880 1055
1509890 1058
1509900 1058
1509910 1060
1509920 1061
1509930 1061
1509940 1063
1509950 1066
1509960 1068
1509970 1068
1509980 1069
1509990 1071
1510000 1071
1510010 1072
1510020 1073
1510030 1073
1510040 1074
1510050 1075
1510060 1075
1510070 1076
1510080 1075
1510090 1075
1510100 1074
1510110 1072
1510120 1072
1510130 1074
1510140 1077
1510150 1077
1510160 1079
1510170 1080
1510180 1080
1510190 1080
1510200 1082
1510210 1082
1510220 1085
1510230 1086
1510240 1086
1510250 1086
1510260 1084
1510270 1084
1510280 1084
1510290 1085
1510300 1086
1510310 1086
1510320 1087
1510330 1088
1510340 1088
1510350 1090
1510360 1092
1510370 1092
1510380 1093
1510390 1095
1510400 1095
1510410 1099
1510420 1103
1510430 1103
1510440 1106
1510450 1109
1510460 1109
1510470 1110
1510480 1111
1510490 1111
1510500 1113
1510510 1114
1510520 1114
1510530 1115
1510540 1117
1510550 1119
1510560 1119
1510570 1126
1510580 1130
1510590 1130
1510600 1134
1510610 1135
1510620 1135
1510630 1136
1510640 1137
1510650 1137
1510660 1138
1510670 1139
1510680 1139
1510690 1140
1510700 1139
1510710 1139
1510720 1138
1510730 1135
1510740 1135
1510750 1126
1510760 1109
1510770 1109
1510780 1093
1510790 1085
1510800 1085
1510810 1080
1510820 1076
1510830 1074
1510840 1074
1510850 1081
1510860 1087
1510870 1087
1510880 1095
1510890 1094
1510900 1094
1510910 1084
1510920 1078
1510930 1078
1510940 1075
1510950 1067
1510960 1067
1510970 1060
1510980 1052
1510990 1052
1511000 1047
1511010 1053
1511020 1053
1511030 1064
1511040 1062
1511050 1062
1511060 1063
1511070 1067
1511080 1067
1511090 1064
1511100 1054
1511110 1053
1511120 1053
1511130 1054
1511140 1054
1511150 1054
1511160 1060
1511170 1061
1511180 1061
1511190 1054
1511200 1054
1511210 1054
1511220 1051
1511230 1054
1511240 1054
1511250 1058
1511260 1055
1511270 1055
1511280 1055
1511290 1062
1511300 1062
1511310 1065
1511320 1066
1511330 1066
1511340 1074
1511350 1073
1511360 1073
1511370 1062
1511380 1044
1511390 1044
1511400 1027
1511410 1033
1511420 1054
1511430 1054
1511440 1064
1511450 1063
1511460 1063
1511470 1057
1511480 1050
1511490 1050
1511500 1045
1511510 1036
1511520 1036
1511530 1029
1511540 1027
1511550 1027
1511560 1027
1511570 1025
1511580 1025
1511590 1024
1511600 1022
1511610 1022
1511620 1023
1511630 1018
1511640 1018
1511650 1014
1511660 1010
1511670 1010
1511680 1001
1511690 992
1511700 983
1511710 983
1511720 976
1511730 969
1511740 969
1511750 964
1511760 959
1511770 959
1511780 953
1511790 948
1511800 948
1511810 942
1511820 937
1511830 937
1511840 931
1511850 926
1511860 926
1511870 926
1511880 924
1511890 924
1511900 920
1511910 917
1511920 917
1511930 913
1511940 902
1511950 902
1511960 894
1511970 887
1511980 887
1511990 880
1512000 877
1512010 873
1512020 873
1512030 861
1512040 852
1512050 852
1512060 855
1512070 853
1512080 853
1512090 853
1512100 852
1512110 852
1512120 851
1512130 849
1512140 849
1512150 847
1512160 845
1512170 845
1512180 845
1512190 846
1512200 846
1512210 846
1512220 849
1512230 849
1512240 850
1512250 849
1512260 849
1512270 847
1512280 845
1512290 841
1512300 841
1512310 837
1512320 834
1512330 834
1512340 828
1512350 822
1512360 822
1512370 818
1512380 815
1512390 815
1512400 815
1512410 811
1512420 811
1512430 806
1512440 803
1512450 803
1512460 803
1512470 803
1512480 803
1512490 803
1512500 803
1512510 803
1512520 800
1512530 800
1512540 800
1512550 801
1512560 802
1512570 802
1512580 802
1512590 802
1512600 803
1512610 803
1512620 806
1512630 810
1512640 810
1512650 813
1512660 815
1512670 815
1512680 817
1512690 819
1512700 819
1512710 821
1512720 822
1512730 822
1512740 825
1512750 827
1512760 827
1512770 827
1512780 827
1512790 827
1512800 830
1512810 832
1512820 832
1512830 835
1512840 837
1512850 837
1512860 838
1512870 840
1512880 843
1512890 843
1512900 843
1512910 846
1512920 846
1512930 848
1512940 848
1512950 848
1512960 846
1512970 846
1512980 846
1512990 846
1513000 848
1513010 848
1513020 850
1513030 852
1513040 852
1513050 852
1513060 853
1513070 853
1513080 852
1513090 850
1513100 850
1513110 846
1513120 845
1513130 845
1513140 844
1513150 844
1513160 843
1513170 843
1513180 842
1513190 840
1513200 840
1513210 838
1513220 838
1513230 838
1513240 838
1513250 838
1513260 838
1513270 836
1513280 835
1513290 835
1513300 834
1513310 834
1513320 834
1513330 833
1513340 832
1513350 832
1513360 830
1513370 827
1513380 827
1513390 825
1513400 823
1513410 823
1513420 822
1513430 823
1513440 823
1513450 825
1513460 827
1513470 827
1513480 827
1513490 824
1513500 819
1513510 819
1513520 819
1513530 820
1513540 820
1513550 824
1513560 828
1513570 828
1513580 831
1513590 834
1513600 834
1513610 837
1513620 841
1513630 841
1513640 844
1513650 847
1513660 847
1513670 850
1513680 853
1513690 853
1513700 854
1513710 854
1513720 854
1513730 854
1513740 853
1513750 853
1513760 853
1513770 853
1513780 854
1513790 854
1513800 855
1513810 856
1513820 856
1513830 856
1513840 857
1513850 857
1513860 858
1513870 859
1513880 859
1513890 859
1513900 860
1513910 860
1513920 861
1513930 862
1513940 862
1513950 863
1513960 864
1513970 864
1513980 864
1513990 865
1514000 865
1514010 865
1514020 865
1514030 865
1514040 865
1514050 865
1514060 865
1514070 865
1514080 865
1514090 863
1514100 863
1514110 862
1514120 861
1514130 861
1514140 862
1514150 862
1514160 862
1514170 862
1514180 859
1514190 859
1514200 858
1514210 858
1514220 858
1514230 858
1514240 859
1514250 859
1514260 859
1514270 859
1514280 859
1514290 858
1514300 856
1514310 856
1514320 855
1514330 853
1514340 852
1514350 852
1514360 851
1514370 849
1514380 849
1514390 849
1514400 848
1514410 848
1514420 848
1514430 847
1514440 847
1514450 844
1514460 847
1514470 847
1514480 848
1514490 847
1514500 847
1514510 846
1514520 844
1514530 844
1514540 841
1514550 839
1514560 839
1514570 836
1514580 832
1514590 832
1514600 829
1514610 825
1514620 825
1514630 821
1514640 820
1514650 819
1514660 819
1514670 818
1514680 817
1514690 817
1514700 816
1514710 816
1514720 816
1514730 815
1514740 814
1514750 814
1514760 813
1514770 812
1514780 812
1514790 811
1514800 810
1514810 810
1514820 810
1514830 811
1514840 811
1514850 810
1514860 810
1514870 810
1514880 810
1514890 810
1514900 810
1514910 810
1514920 810
1514930 804
1514940 804
1514950 800
1514960 799
1514970 799
1514980 797
1514990 798
1515000 798
1515010 799
1515020 799
1515030 799
1515040 796
1515050 793
1515060 793
1515070 792
1515080 792
1515090 792
1515100 792
1515110 795
1515120 795
1515130 794
1515140 793
1515150 793
1515160 792
1515170 790
1515180 790
1515190 788
1515200 786
1515210 785
1515220 785
1515230 784
1515240 783
1515250 783
1515260 782
1515270 781
1515280 781
1515290 779
1515300 777
1515310 777
1515320 776
1515330 774
1515340 774
1515350 773
1515360 772
1515370 772
1515380 772
1515390 771
1515400 771
1515410 771
1515420 771
1515430 771
1515440 770
1515450 770
1515460 770
1515470 770
1515480 770
1515490 770
1515500 770
1515510 770
1515520 770
1515530 770
1515540 770
1515550 770
1515560 770
1515570 770
1515580 770
1515590 770
1515600 769
1515610 769
1515620 769
1515630 769
1515640 769
1515650 769
1515660 769
1515670 769
1515680 769
1515690 769
1515700 769
1515710 769
1515720 769
1515730 769
1515740 769
1515750 770
1515760 770
1515770 770
1515780 771
1515790 771
1515800 771
1515810 771
1515820 771
1515830 771
1515840 771
1515850 771
1515860 771
1515870 771
1515880 771
1515890 771
1515900 771
1515910 771
1515920 771
1515930 771
1515940 770
1515950 770
1515960 770
1515970 770
1515980 770
1515990 770
1516000 770
1516010 770
1516020 770
1516030 770
1516040 769
1516050 769
1516060 769
1516070 769
1516080 769
1516090 769
1516100 768
1516110 768
1516120 768
1516130 768
1516140 768
1516150 768
1516160 768
1516170 767
1516180 767
1516190 767
1516200 767
1516210 767
1516220 766
1516230 766
1516240 766
1516250 766
1516260 766
1516270 766
1516280 765
1516290 765
1516300 765
1516310 765
1516320 765
1516330 765
1516340 765
1516350 765
1516360 765
1516370 765
1516380 765
1516390 765
1516400 765
1516410 764
1516420 764
1516430 764
1516440 764
1516450 764
1516460 764
1516470 764
1516480 764
1516490 764
1516500 764
1516510 764
1516520 764
1516530 764
1516540 764
1516550 764
1516560 764
1516570 764
1516580 764
1516590 764
1516600 764
1516610 764
1516620 764
1516630 764
1516640 764
1516650 763
1516660 763
1516670 763
1516680 763
1516690 763
1516700 763
1516710 763
1516720 764
1516730 766
1516740 766
1516750 770
1516760 774
1516770 774
1516780 777
1516790 781
1516800 781
1516810 783
1516820 785
1516830 785
1516840 785
1516850 786
1516860 786
1516870 786
1516880 786
1516890 786
1516900 786
1516910 787
1516920 787
1516930 787
1516940 787
1516950 787
1516960 788
1516970 788
1516980 787
1516990 787
1517000 786
1517010 785
1517020 785
1517030 785
1517040 784
1517050 784
1517060 784
1517070 783
1517080 783
1517090 784
1517100 785
1517110 785
1517120 786
1517130 787
1517140 787
1517150 787
1517160 789
1517170 789
1517180 789
1517190 790
1517200 790
1517210 792
1517220 794
1517230 794
1517240 796
1517250 797
1517260 799
1517270 799
1517280 800
1517290 801
1517300 801
1517310 802
1517320 804
1517330 804
1517340 805
1517350 806
1517360 806
1517370 808
1517380 809
1517390 809
1517400 811
1517410 813
1517420 813
1517430 814
1517440 815
1517450 815
1517460 816
1517470 817
1517480 817
1517490 817
1517500 817
1517510 817
1517520 814
1517530 816
1517540 816
1517550 817
1517560 816
1517570 814
1517580 814
1517590 813
1517600 812
1517610 812
1517620 811
1517630 811
1517640 811
1517650 812
1517660 812
1517670 812
1517680 813
1517690 813
1517700 813
1517710 813
1517720 813
1517730 813
1517740 814
1517750 814
1517760 814
1517770 815
1517780 815
1517790 815
1517800 815
1517810 815
1517820 815
1517830 814
1517840 814
1517850 815
1517860 815
1517870 815
1517880 813
1517890 813
1517900 812
1517910 819
1517920 819
1517930 822
1517940 819
1517950 819
1517960 817
1517970 815
1517980 815
1517990 812
1518000 811
1518010 811
1518020 811
1518030 812
1518040 812
1518050 813
1518060 814
1518070 814
1518080 815
1518090 817
1518100 817
1518110 819
1518120 825
1518130 825
1518140 825
1518150 824
1518160 826
1518170 826
1518180 827
1518190 830
1518200 830
1518210 833
1518220 838
1518230 838
1518240 837
1518250 838
1518260 838
1518270 835
1518280 835
1518290 835
1518300 839
1518310 841
1518320 841
1518330 836
1518340 832
1518350 832
1518360 832
1518370 833
1518380 833
1518390 838
1518400 843
1518410 843
1518420 847
1518430 850
1518440 853
1518450 853
1518460 854
1518470 856
1518480 856
1518490 856
1518500 856
1518510 856
1518520 855
1518530 853
1518540 853
1518550 851
1518560 848
1518570 848
1518580 846
1518590 847
1518600 847
1518610 849
1518620 850
1518630 850
1518640 852
1518650 852
1518660 852
1518670 854
1518680 856
1518690 856
1518700 859
1518710 863
1518720 865
1518730 865
1518740 862
1518750 856
1518760 856
1518770 848
1518780 845
1518790 845
1518800 843
1518810 845
1518820 845
1518830 849
1518840 855
1518850 855
1518860 859
1518870 862
1518880 862
1518890 865
1518900 865
1518910 865
1518920 864
1518930 863
1518940 863
1518950 862
1518960 862
1518970 862
1518980 861
1518990 860
1519000 860
1519010 857
1519020 851
1519030 847
1519040 847
1519050 850
1519060 854
1519070 854
1519080 855
1519090 855
1519100 855
1519110 853
1519120 853
1519130 853
1519140 854
1519150 856
1519160 856
1519170 858
1519180 859
1519190 859
1519200 860
1519210 862
1519220 862
1519230 862
1519240 860
1519250 860
1519260 858
1519270 853
1519280 853
1519290 850
1519300 845
1519310 840
1519320 840
1519330 834
1519340 831
1519350 831
1519360 833
1519370 837
1519380 837
1519390 842
1519400 842
1519410 842
1519420 842
1519430 842
1519440 842
1519450 842
1519460 844
1519470 844
1519480 845
1519490 846
1519500 846
1519510 848
1519520 850
1519530 850
1519540 851
1519550 854
1519560 854
1519570 856
1519580 857
1519590 857
1519600 858
1519610 858
1519620 856
1519630 856
1519640 855
1519650 854
1519660 854
1519670 854
1519680 854
1519690 854
1519700 854
1519710 854
1519720 854
1519730 854
1519740 853
1519750 853
1519760 854
1519770 854
1519780 854
1519790 854
1519800 855
1519810 855
1519820 856
1519830 857
1519840 857
1519850 858
1519860 859
1519870 859
1519880 860
1519890 861
1519900 863
1519910 863
1519920 864
1519930 866
1519940 866
1519950 868
1519960 870
1519970 870
1519980 872
1519990 874
