1500000 1345
1500010 1346
1500020 1346
1500030 1347
1500040 1347
1500050 1347
1500060 1346
1500070 1346
1500080 1346
1500090 1345
1500100 1345
1500110 1345
1500120 1346
1500130 1346
1500140 1346
1500150 1346
1500160 1347
1500170 1347
1500180 1347
1500190 1345
1500200 1345
1500210 1346
1500220 1346
1500230 1346
1500240 1346
1500250 1346
1500260 1345
1500270 1345
1500280 1346
1500290 1346
1500300 1346
1500310 1346
1500320 1345
1500330 1345
1500340 1345
1500350 1346
1500360 1346
1500370 1345
1500380 1345
1500390 1345
1500400 1344
1500410 1342
1500420 1342
1500430 1341
1500440 1341
1500450 1341
1500460 1343
1500470 1345
1500480 1345
1500490 1345
1500500 1345
1500510 1345
1500520 1344
1500530 1344
1500540 1344
1500550 1344
1500560 1344
1500570 1344
1500580 1344
1500590 1344
1500600 1343
1500610 1343
1500620 1343
1500630 1342
1500640 1342
1500650 1340
1500660 1341
1500670 1341
1500680 1340
1500690 1338
1500700 1338
1500710 1335
1500720 1334
1500730 1334
1500740 1333
1500750 1334
1500760 1334
1500770 1335
1500780 1336
1500790 1336
1500800 1336
1500810 1335
1500820 1335
1500830 1334
1500840 1332
1500850 1334
1500860 1334
1500870 1336
1500880 1337
1500890 1337
1500900 1334
1500910 1333
1500920 1333
1500930 1334
1500940 1334
1500950 1334
1500960 1333
1500970 1332
1500980 1332
1500990 1330
1501000 1328
1501010 1328
1501020 1328
1501030 1329
1501040 1329
1501050 1329
1501060 1328
1501070 1328
1501080 1326
1501090 1320
1501100 1320
1501110 1316
1501120 1312
1501130 1312
1501140 1310
1501150 1309
1501160 1306
1501170 1306
1501180 1303
1501190 1299
1501200 1299
1501210 1296
1501220 1299
1501230 1299
1501240 1299
1501250 1299
1501260 1299
1501270 1298
1501280 1298
1501290 1298
1501300 1299
1501310 1301
1501320 1301
1501330 1308
1501340 1313
1501350 1313
1501360 1316
1501370 1316
1501380 1316
1501390 1315
1501400 1314
1501410 1314
1501420 1314
1501430 1316
1501440 1318
1501450 1318
1501460 1319
1501470 1319
1501480 1319
1501490 1319
1501500 1318
1501510 1318
1501520 1317
1501530 1317
1501540 1317
1501550 1316
1501560 1316
1501570 1316
1501580 1315
1501590 1314
1501600 1314
1501610 1312
1501620 1311
1501630 1311
1501640 1310
1501650 1309
1501660 1309
1501670 1309
1501680 1308
1501690 1308
1501700 1307
1501710 1305
1501720 1305
1501730 1303
1501740 1301
1501750 1300
1501760 1300
1501770 1298
1501780 1297
1501790 1297
1501800 1296
1501810 1296
1501820 1296
1501830 1295
1501840 1295
1501850 1295
1501860 1294
1501870 1293
1501880 1293
1501890 1292
1501900 1290
1501910 1290
1501920 1289
1501930 1288
1501940 1288
1501950 1288
1501960 1288
1501970 1288
1501980 1289
1501990 1289
1502000 1289
1502010 1289
1502020 1289
1502030 1289
1502040 1287
1502050 1286
1502060 1285
1502070 1285
1502080 1283
1502090 1280
1502100 1280
1502110 1278
1502120 1276
1502130 1278
1502140 1276
1502150 1275
1502160 1275
1502170 1274
1502180 1272
1502190 1272
1502200 1269
1502210 1266
1502220 1266
1502230 1263
1502240 1260
1502250 1260
1502260 1258
1502270 1256
1502280 1256
1502290 1255
1502300 1252
1502310 1252
1502320 1249
1502330 1246
1502340 1243
1502350 1243
1502360 1240
1502370 1236
1502380 1236
1502390 1232
1502400 1228
1502410 1228
1502420 1224
1502430 1221
1502440 1221
1502450 1218
1502460 1216
1502470 1216
1502480 1214
1502490 1211
1502500 1211
1502510 1208
1502520 1206
1502530 1206
1502540 1205
1502550 1202
1502560 1202
1502570 1199
1502580 1197
1502590 1197
1502600 1195
1502610 1193
1502620 1193
1502630 1190
1502640 1188
1502650 1185
1502660 1185
1502670 1183
1502680 1181
1502690 1181
1502700 1175
1502710 1166
1502720 1166
1502730 1160
1502740 1155
1502750 1155
1502760 1149
1502770 1140
1502780 1140
1502790 1131
1502800 1123
1502810 1123
1502820 1117
1502830 1112
1502840 1112
1502850 1109
1502860 1105
1502870 1105
1502880 1102
1502890 1096
1502900 1096
1502910 1090
1502920 1085
1502930 1082
1502940 1082
1502950 1073
1502960 1062
1502970 1062
1502980 1053
1502990 1051
1503000 1051
1503010 1051
1503020 1052
1503030 1052
1503040 1052
1503050 1050
1503060 1050
1503070 1049
1503080 1049
1503090 1049
1503100 1047
1503110 1040
1503120 1040
1503130 1032
1503140 1029
1503150 1029
1503160 1029
1503170 1034
1503180 1034
1503190 1044
1503200 1052
1503210 1052
1503220 1058
1503230 1064
1503240 1069
1503250 1069
1503260 1074
1503270 1077
1503280 1077
1503290 1079
1503300 1079
1503310 1079
1503320 1080
1503330 1081
1503340 1081
1503350 1082
1503360 1085
1503370 1085
1503380 1087
1503390 1087
1503400 1087
1503410 1088
1503420 1090
1503430 1090
1503440 1093
1503450 1095
1503460 1095
1503470 1097
1503480 1099
1503490 1099
1503500 1100
1503510 1099
1503520 1099
1503530 1099
1503540 1100
1503550 1101
1503560 1101
1503570 1102
1503580 1103
1503590 1103
1503600 1103
1503610 1103
1503620 1103
1503630 1102
1503640 1101
1503650 1101
1503660 1100
1503670 1101
1503680 1101
1503690 1099
1503700 1097
1503710 1097
1503720 1095
1503730 1093
1503740 1093
1503750 1092
1503760 1091
1503770 1091
1503780 1089
1503790 1085
1503800 1085
1503810 1080
1503820 1080
1503830 1082
1503840 1082
1503850 1082
1503860 1078
1503870 1078
1503880 1073
1503890 1070
1503900 1070
1503910 1072
1503920 1075
1503930 1075
1503940 1076
1503950 1077
1503960 1077
1503970 1076
1503980 1075
1503990 1075
1504000 1073
1504010 1072
1504020 1072
1504030 1070
1504040 1068
1504050 1068
1504060 1067
1504070 1065
1504080 1065
1504090 1063
1504100 1061
1504110 1061
1504120 1059
1504130 1057
1504140 1055
1504150 1055
1504160 1056
1504170 1058
1504180 1058
1504190 1059
1504200 1059
1504210 1059
1504220 1058
1504230 1058
1504240 1058
1504250 1059
1504260 1059
1504270 1059
1504280 1059
1504290 1058
1504300 1058
1504310 1055
1504320 1055
1504330 1055
1504340 1055
1504350 1054
1504360 1054
1504370 1053
1504380 1052
1504390 1052
1504400 1050
1504410 1049
1504420 1048
1504430 1048
1504440 1047
1504450 1046
1504460 1046
1504470 1046
1504480 1046
1504490 1046
1504500 1045
1504510 1042
1504520 1042
1504530 1041
1504540 1040
1504550 1040
1504560 1038
1504570 1036
1504580 1036
1504590 1033
1504600 1029
1504610 1029
1504620 1026
1504630 1024
1504640 1024
1504650 1022
1504660 1019
1504670 1019
1504680 1016
1504690 1012
1504700 1012
1504710 1011
1504720 1012
1504730 1013
1504740 1013
1504750 1015
1504760 1015
1504770 1015
1504780 1014
1504790 1011
1504800 1011
1504810 1008
1504820 1005
1504830 1005
1504840 1002
1504850 999
1504860 999
1504870 998
1504880 999
1504890 999
1504900 999
1504910 999
1504920 999
1504930 999
1504940 999
1504950 999
1504960 997
1504970 995
1504980 995
1504990 993
1505000 992
1505010 991
1505020 991
1505030 990
1505040 988
1505050 988
1505060 986
1505070 984
1505080 984
1505090 981
1505100 976
1505110 976
1505120 974
1505130 974
1505140 974
1505150 975
1505160 976
1505170 976
1505180 976
1505190 976
1505200 976
1505210 975
1505220 974
1505230 974
1505240 971
1505250 968
1505260 968
1505270 965
1505280 961
1505290 961
1505300 957
1505310 952
1505320 947
1505330 947
1505340 944
1505350 946
1505360 946
1505370 946
1505380 945
1505390 945
1505400 944
1505410 939
1505420 939
1505430 938
1505440 941
1505450 941
1505460 942
1505470 943
1505480 943
1505490 943
1505500 942
1505510 942
1505520 942
1505530 941
1505540 941
1505550 940
1505560 939
1505570 939
1505580 938
1505590 938
1505600 938
1505610 937
1505620 937
1505630 937
1505640 937
1505650 937
1505660 936
1505670 936
1505680 935
1505690 936
1505700 936
1505710 937
1505720 938
1505730 938
1505740 939
1505750 941
1505760 941
1505770 943
1505780 946
1505790 946
1505800 948
1505810 950
1505820 950
1505830 951
1505840 953
1505850 953
1505860 954
1505870 956
1505880 956
1505890 958
1505900 960
1505910 961
1505920 961
1505930 961
1505940 960
1505950 960
1505960 960
1505970 961
1505980 961
1505990 961
1506000 961
1506010 961
1506020 960
1506030 959
1506040 959
1506050 959
1506060 959
1506070 959
1506080 959
1506090 960
1506100 960
1506110 959
1506120 958
1506130 958
1506140 957
1506150 956
1506160 956
1506170 955
1506180 957
1506190 957
1506200 959
1506210 960
1506220 960
1506230 960
1506240 960
1506250 959
1506260 959
1506270 957
1506280 955
1506290 955
1506300 953
1506310 952
1506320 952
1506330 952
1506340 953
1506350 953
1506360 954
1506370 954
1506380 954
1506390 952
1506400 949
1506410 949
1506420 947
1506430 943
1506440 943
1506450 940
1506460 938
1506470 938
1506480 935
1506490 932
1506500 930
1506510 930
1506520 930
1506530 930
1506540 930
1506550 928
1506560 923
1506570 923
1506580 915
1506590 907
1506600 907
1506610 899
1506620 891
1506630 891
1506640 880
1506650 872
1506660 872
1506670 872
1506680 881
1506690 881
1506700 890
1506710 895
1506720 895
1506730 899
1506740 902
1506750 902
1506760 905
1506770 905
1506780 905
1506790 903
1506800 902
1506810 901
1506820 901
1506830 896
1506840 890
1506850 890
1506860 885
1506870 878
1506880 878
1506890 874
1506900 875
1506910 875
1506920 876
1506930 877
1506940 877
1506950 878
1506960 879
1506970 879
1506980 879
1506990 877
1507000 877
1507010 871
1507020 865
1507030 865
1507040 863
1507050 861
1507060 861
1507070 858
1507080 856
1507090 856
1507100 855
1507110 854
1507120 853
1507130 853
1507140 851
1507150 850
1507160 850
1507170 848
1507180 847
1507190 847
1507200 845
1507210 843
1507220 843
1507230 841
1507240 839
1507250 839
1507260 839
1507270 839
1507280 839
1507290 839
1507300 838
1507310 838
1507320 835
1507330 833
1507340 833
1507350 832
1507360 831
1507370 831
1507380 831
1507390 831
1507400 831
1507410 831
1507420 832
1507430 833
1507440 833
1507450 835
1507460 836
1507470 836
1507480 838
1507490 839
1507500 839
1507510 839
1507520 839
1507530 839
1507540 839
1507550 835
1507560 835
1507570 832
1507580 830
1507590 830
1507600 828
1507610 827
1507620 827
1507630 828
1507640 828
1507650 828
1507660 829
1507670 829
1507680 829
1507690 830
1507700 830
1507710 829
1507720 829
1507730 830
1507740 829
1507750 829
1507760 829
1507770 830
1507780 830
1507790 829
1507800 828
1507810 828
1507820 827
1507830 826
1507840 826
1507850 825
1507860 823
1507870 823
1507880 822
1507890 821
1507900 821
1507910 820
1507920 820
1507930 820
1507940 819
1507950 819
1507960 819
1507970 819
1507980 819
1507990 818
1508000 818
1508010 817
1508020 816
1508030 816
1508040 815
1508050 814
1508060 814
1508070 814
1508080 812
1508090 812
1508100 812
1508110 812
1508120 812
1508130 810
1508140 809
1508150 809
1508160 808
1508170 808
1508180 808
1508190 808
1508200 808
1508210 808
1508220 808
1508230 808
1508240 808
1508250 808
1508260 808
1508270 808
1508280 808
1508290 808
1508300 808
1508310 808
1508320 807
1508330 808
1508340 808
1508350 808
1508360 808
1508370 808
1508380 808
1508390 807
1508400 807
1508410 808
1508420 807
1508430 807
1508440 807
1508450 808
1508460 808
1508470 808
1508480 807
1508490 807
1508500 807
1508510 807
1508520 807
1508530 807
1508540 807
1508550 807
1508560 807
1508570 807
1508580 807
1508590 807
1508600 807
1508610 807
1508620 807
1508630 807
1508640 807
1508650 807
1508660 806
1508670 806
1508680 806
1508690 806
1508700 807
1508710 807
1508720 807
1508730 807
1508740 807
1508750 807
1508760 807
1508770 807
1508780 807
1508790 807
1508800 807
1508810 807
1508820 807
1508830 807
1508840 807
1508850 807
1508860 807
1508870 806
1508880 806
1508890 807
1508900 807
1508910 807
1508920 807
1508930 807
1508940 807
1508950 807
1508960 807
1508970 806
1508980 806
1508990 806
1509000 806
1509010 806
1509020 806
1509030 806
1509040 806
1509050 806
1509060 806
1509070 806
1509080 806
1509090 806
1509100 806
1509110 806
1509120 806
1509130 806
1509140 806
1509150 805
1509160 805
1509170 805
1509180 805
1509190 804
1509200 804
1509210 804
1509220 804
1509230 803
1509240 803
1509250 803
1509260 803
1509270 803
1509280 803
1509290 803
1509300 803
1509310 803
1509320 802
1509330 802
1509340 802
1509350 802
1509360 802
1509370 803
1509380 803
1509390 803
1509400 803
1509410 804
1509420 804
1509430 804
1509440 804
1509450 804
1509460 804
1509470 805
1509480 805
1509490 805
1509500 805
1509510 805
1509520 805
1509530 805
1509540 805
1509550 805
1509560 805
1509570 805
1509580 805
1509590 805
1509600 805
1509610 805
1509620 805
1509630 805
1509640 805
1509650 805
1509660 805
1509670 805
1509680 805
1509690 805
1509700 805
1509710 805
1509720 805
1509730 805
1509740 804
1509750 804
1509760 804
1509770 804
1509780 804
1509790 804
1509800 804
1509810 804
1509820 804
1509830 804
1509840 804
1509850 804
1509860 804
1509870 805
1509880 805
1509890 805
1509900 805
1509910 805
1509920 805
1509930 805
1509940 805
1509950 805
1509960 805
1509970 805
1509980 805
1509990 805
1510000 805
1510010 805
1510020 805
1510030 805
1510040 805
1510050 805
1510060 805
1510070 805
1510080 805
1510090 805
1510100 805
1510110 805
1510120 805
1510130 805
1510140 805
1510150 805
1510160 805
1510170 805
1510180 805
1510190 805
1510200 805
1510210 805
1510220 805
1510230 805
1510240 805
1510250 805
1510260 805
1510270 805
1510280 805
1510290 805
1510300 805
1510310 805
1510320 805
1510330 805
1510340 804
1510350 804
1510360 804
1510370 804
1510380 804
1510390 804
1510400 804
1510410 804
1510420 804
1510430 804
1510440 804
1510450 804
1510460 804
1510470 804
1510480 804
1510490 804
1510500 804
1510510 804
1510520 804
1510530 804
1510540 804
1510550 804
1510560 804
1510570 804
1510580 804
1510590 804
1510600 804
1510610 804
1510620 804
1510630 804
1510640 804
1510650 804
1510660 804
1510670 805
1510680 805
1510690 806
1510700 806
1510710 808
1510720 811
1510730 811
1510740 810
1510750 811
1510760 811
1510770 806
1510780 805
1510790 805
1510800 804
1510810 804
1510820 804
1510830 804
1510840 804
1510850 804
1510860 805
1510870 805
1510880 805
1510890 803
1510900 803
1510910 803
1510920 803
1510930 803
1510940 803
1510950 803
1510960 803
1510970 803
1510980 803
1510990 803
1511000 803
1511010 803
1511020 803
1511030 803
1511040 803
1511050 801
1511060 800
1511070 800
1511080 799
1511090 799
1511100 799
1511110 799
1511120 799
1511130 799
1511140 799
1511150 800
1511160 800
1511170 800
1511180 800
1511190 800
1511200 800
1511210 800
1511220 800
1511230 800
1511240 801
1511250 801
1511260 801
1511270 799
1511280 799
1511290 799
1511300 799
1511310 799
1511320 799
1511330 799
1511340 799
1511350 799
1511360 799
1511370 799
1511380 799
1511390 799
1511400 799
1511410 799
1511420 800
1511430 799
1511440 799
1511450 799
1511460 799
1511470 799
1511480 800
1511490 800
1511500 800
1511510 801
1511520 799
1511530 799
1511540 798
1511550 799
1511560 798
1511570 798
1511580 795
1511590 794
1511600 794
1511610 796
1511620 796
1511630 796
1511640 797
1511650 798
1511660 798
1511670 798
1511680 798
1511690 798
1511700 798
1511710 798
1511720 798
1511730 798
1511740 798
1511750 798
1511760 798
1511770 798
1511780 798
1511790 799
1511800 799
1511810 799
1511820 801
1511830 801
1511840 801
1511850 802
1511860 801
1511870 800
1511880 800
1511890 800
1511900 800
1511910 800
1511920 799
1511930 798
1511940 798
1511950 797
1511960 799
1511970 799
1511980 802
1511990 802
1512000 802
1512010 801
1512020 800
1512030 800
1512040 799
1512050 798
1512060 798
1512070 797
1512080 797
1512090 797
1512100 797
1512110 796
1512120 796
1512130 796
1512140 796
1512150 796
1512160 796
1512170 795
1512180 795
1512190 795
1512200 795
1512210 795
1512220 795
1512230 795
1512240 795
1512250 795
1512260 795
1512270 794
1512280 794
1512290 794
1512300 794
1512310 794
1512320 794
1512330 794
1512340 794
1512350 794
1512360 794
1512370 794
1512380 794
1512390 794
1512400 794
1512410 794
1512420 794
1512430 794
1512440 793
1512450 794
1512460 794
1512470 794
1512480 795
1512490 797
1512500 797
1512510 801
1512520 806
1512530 806
1512540 809
1512550 809
1512560 809
1512570 814
1512580 821
1512590 821
1512600 826
1512610 828
1512620 828
1512630 828
1512640 830
1512650 830
1512660 838
1512670 845
1512680 845
1512690 852
1512700 859
1512710 859
1512720 864
1512730 867
1512740 867
1512750 871
1512760 872
1512770 874
1512780 874
1512790 877
1512800 880
1512810 880
1512820 882
1512830 885
1512840 885
1512850 889
1512860 892
1512870 892
1512880 890
1512890 885
1512900 885
1512910 886
1512920 889
1512930 889
1512940 892
1512950 894
1512960 894
1512970 900
1512980 911
1512990 911
1513000 917
1513010 918
1513020 918
1513030 923
1513040 928
1513050 931
1513060 931
1513070 931
1513080 932
1513090 932
1513100 934
1513110 941
1513120 941
1513130 945
1513140 945
1513150 945
1513160 946
1513170 950
1513180 950
1513190 951
1513200 954
1513210 954
1513220 953
1513230 954
1513240 954
1513250 947
1513260 944
1513270 944
1513280 950
1513290 961
1513300 961
1513310 971
1513320 970
1513330 970
1513340 965
1513350 968
1513360 979
1513370 979
1513380 985
1513390 986
1513400 986
1513410 988
1513420 986
1513430 986
1513440 984
1513450 982
1513460 982
1513470 988
1513480 985
1513490 985
1513500 990
1513510 996
1513520 996
1513530 1002
1513540 1004
1513550 1004
1513560 1006
1513570 1006
1513580 1006
1513590 1006
1513600 1009
1513610 1009
1513620 1015
1513630 1018
1513640 1016
1513650 1016
1513660 1015
1513670 1019
1513680 1019
1513690 1023
1513700 1026
1513710 1026
1513720 1026
1513730 1026
1513740 1026
1513750 1029
1513760 1030
1513770 1030
1513780 1030
1513790 1032
1513800 1032
1513810 1034
1513820 1036
1513830 1036
1513840 1037
1513850 1038
1513860 1038
1513870 1040
1513880 1041
1513890 1041
1513900 1043
1513910 1043
1513920 1043
1513930 1038
1513940 1035
1513950 1037
1513960 1037
1513970 1039
1513980 1035
1513990 1035
1514000 1029
1514010 1020
1514020 1020
1514030 1007
1514040 999
1514050 999
1514060 997
1514070 1002
1514080 1002
1514090 1004
1514100 1007
1514110 1007
1514120 1012
1514130 1017
1514140 1017
1514150 1022
1514160 1027
1514170 1027
1514180 1032
1514190 1038
1514200 1038
1514210 1044
1514220 1049
1514230 1055
1514240 1055
1514250 1060
1514260 1065
1514270 1065
1514280 1071
1514290 1076
1514300 1076
1514310 1079
1514320 1082
1514330 1082
1514340 1084
1514350 1085
1514360 1085
1514370 1085
1514380 1085
1514390 1085
1514400 1087
1514410 1088
1514420 1088
1514430 1089
1514440 1089
1514450 1089
1514460 1089
1514470 1089
1514480 1089
1514490 1088
1514500 1087
1514510 1087
1514520 1087
1514530 1087
1514540 1088
1514550 1088
1514560 1087
1514570 1086
1514580 1086
1514590 1086
1514600 1087
1514610 1087
1514620 1086
1514630 1086
1514640 1086
1514650 1086
1514660 1086
1514670 1086
1514680 1086
1514690 1086
1514700 1086
1514710 1085
1514720 1086
1514730 1086
1514740 1086
1514750 1087
1514760 1087
1514770 1086
1514780 1081
1514790 1081
1514800 1076
1514810 1076
1514820 1076
1514830 1084
1514840 1091
1514850 1095
1514860 1095
1514870 1097
1514880 1097
1514890 1097
1514900 1096
1514910 1092
1514920 1092
1514930 1089
1514940 1088
1514950 1088
1514960 1086
1514970 1084
1514980 1084
1514990 1082
1515000 1081
1515010 1081
1515020 1079
1515030 1076
1515040 1076
1515050 1075
1515060 1076
1515070 1076
1515080 1075
1515090 1074
1515100 1074
1515110 1074
1515120 1074
1515130 1073
1515140 1073
1515150 1071
1515160 1069
1515170 1069
1515180 1067
1515190 1065
1515200 1065
1515210 1064
1515220 1065
1515230 1065
1515240 1066
1515250 1067
1515260 1067
1515270 1066
1515280 1063
1515290 1063
1515300 1064
1515310 1064
1515320 1064
1515330 1064
1515340 1064
1515350 1064
1515360 1064
1515370 1064
1515380 1064
1515390 1062
1515400 1061
1515410 1061
1515420 1059
1515430 1057
1515440 1052
1515450 1052
1515460 1046
1515470 1042
1515480 1042
1515490 1041
1515500 1042
1515510 1042
1515520 1043
1515530 1043
1515540 1043
1515550 1039
1515560 1033
1515570 1033
1515580 1028
1515590 1027
1515600 1027
1515610 1024
1515620 1020
1515630 1020
1515640 1015
1515650 1014
1515660 1014
1515670 1014
1515680 1016
1515690 1016
1515700 1022
1515710 1029
1515720 1034
1515730 1034
1515740 1038
1515750 1040
1515760 1040
1515770 1043
1515780 1047
1515790 1047
1515800 1052
1515810 1054
1515820 1054
1515830 1055
1515840 1056
1515850 1056
1515860 1056
1515870 1057
1515880 1057
1515890 1058
1515900 1059
1515910 1059
1515920 1060
1515930 1061
1515940 1061
1515950 1062
1515960 1063
1515970 1063
1515980 1063
1515990 1063
1516000 1063
1516010 1063
1516020 1063
1516030 1063
1516040 1063
1516050 1064
1516060 1064
1516070 1064
1516080 1064
1516090 1064
1516100 1064
1516110 1064
1516120 1065
1516130 1065
1516140 1065
1516150 1065
1516160 1065
1516170 1065
1516180 1064
1516190 1064
1516200 1065
1516210 1065
1516220 1065
1516230 1065
1516240 1065
1516250 1065
1516260 1065
1516270 1065
1516280 1065
1516290 1065
1516300 1065
1516310 1065
1516320 1065
1516330 1065
1516340 1065
1516350 1065
1516360 1065
1516370 1065
1516380 1065
1516390 1065
1516400 1065
1516410 1065
1516420 1064
1516430 1064
1516440 1064
1516450 1062
1516460 1060
1516470 1060
1516480 1058
1516490 1058
1516500 1058
1516510 1060
1516520 1064
1516530 1064
1516540 1066
1516550 1066
1516560 1066
1516570 1066
1516580 1066
1516590 1066
1516600 1066
1516610 1066
1516620 1066
1516630 1066
1516640 1066
1516650 1066
1516660 1066
1516670 1066
1516680 1066
1516690 1066
1516700 1065
1516710 1065
1516720 1065
1516730 1065
1516740 1064
1516750 1064
1516760 1064
1516770 1064
1516780 1064
1516790 1064
1516800 1064
1516810 1064
1516820 1063
1516830 1062
1516840 1062
1516850 1062
1516860 1062
1516870 1062
1516880 1063
1516890 1064
1516900 1064
1516910 1066
1516920 1067
1516930 1068
1516940 1068
1516950 1067
1516960 1066
1516970 1066
1516980 1065
1516990 1066
1517000 1066
1517010 1065
1517020 1065
1517030 1065
1517040 1065
1517050 1065
1517060 1065
1517070 1064
1517080 1062
1517090 1062
1517100 1061
1517110 1061
1517120 1061
1517130 1057
1517140 1050
1517150 1050
1517160 1044
1517170 1037
1517180 1037
1517190 1032
1517200 1029
1517210 1025
1517220 1025
1517230 1022
1517240 1025
1517250 1025
1517260 1034
1517270 1039
1517280 1039
1517290 1041
1517300 1043
1517310 1043
1517320 1045
1517330 1047
1517340 1047
1517350 1051
1517360 1056
1517370 1056
1517380 1059
1517390 1063
1517400 1063
1517410 1059
1517420 1057
1517430 1057
1517440 1054
1517450 1049
1517460 1049
1517470 1044
1517480 1041
1517490 1041
1517500 1040
1517510 1041
1517520 1042
1517530 1042
1517540 1042
1517550 1045
1517560 1045
1517570 1049
1517580 1055
1517590 1055
1517600 1061
1517610 1066
1517620 1066
1517630 1068
1517640 1072
1517650 1072
1517660 1074
1517670 1074
1517680 1074
1517690 1075
1517700 1075
1517710 1075
1517720 1076
1517730 1075
1517740 1075
1517750 1073
1517760 1071
1517770 1071
1517780 1070
1517790 1070
1517800 1070
1517810 1067
1517820 1064
1517830 1067
1517840 1067
1517850 1074
1517860 1079
1517870 1079
1517880 1084
1517890 1086
1517900 1086
1517910 1087
1517920 1088
1517930 1088
1517940 1088
1517950 1089
1517960 1089
1517970 1090
1517980 1091
1517990 1091
1518000 1092
1518010 1093
1518020 1093
1518030 1094
1518040 1094
1518050 1094
1518060 1095
1518070 1097
1518080 1097
1518090 1098
1518100 1099
1518110 1099
1518120 1099
1518130 1100
1518140 1099
1518150 1099
1518160 1101
1518170 1101
1518180 1101
1518190 1101
1518200 1101
1518210 1101
1518220 1101
1518230 1101
1518240 1101
1518250 1100
1518260 1100
1518270 1100
1518280 1100
1518290 1100
1518300 1100
1518310 1100
1518320 1099
1518330 1099
1518340 1099
1518350 1099
1518360 1099
1518370 1099
1518380 1098
1518390 1098
1518400 1098
1518410 1098
1518420 1097
1518430 1097
1518440 1097
1518450 1097
1518460 1097
1518470 1096
1518480 1096
1518490 1096
1518500 1096
1518510 1095
1518520 1095
1518530 1095
1518540 1095
1518550 1095
1518560 1095
1518570 1095
1518580 1095
1518590 1095
1518600 1096
1518610 1096
1518620 1096
1518630 1095
1518640 1095
1518650 1095
1518660 1095
1518670 1095
1518680 1095
1518690 1095
1518700 1095
1518710 1095
1518720 1095
1518730 1095
1518740 1095
1518750 1095
1518760 1095
1518770 1095
1518780 1095
1518790 1095
1518800 1095
1518810 1095
1518820 1095
1518830 1095
1518840 1096
1518850 1096
1518860 1096
1518870 1095
1518880 1096
1518890 1096
1518900 1095
1518910 1095
1518920 1095
1518930 1096
1518940 1096
1518950 1096
1518960 1096
1518970 1096
1518980 1096
1518990 1096
1519000 1097
1519010 1098
1519020 1098
1519030 1098
1519040 1099
1519050 1099
1519060 1100
1519070 1100
1519080 1100
1519090 1101
1519100 1101
1519110 1101
1519120 1102
1519130 1102
1519140 1102
1519150 1102
1519160 1102
1519170 1102
1519180 1103
1519190 1103
1519200 1103
1519210 1102
1519220 1103
1519230 1103
1519240 1102
1519250 1102
1519260 1102
1519270 1102
1519280 1102
1519290 1102
1519300 1102
1519310 1101
1519320 1101
1519330 1101
1519340 1101
1519350 1101
1519360 1101
1519370 1100
1519380 1100
1519390 1100
1519400 1099
1519410 1099
1519420 1099
1519430 1099
1519440 1099
1519450 1099
1519460 1099
1519470 1098
1519480 1098
1519490 1098
1519500 1098
1519510 1098
1519520 1098
1519530 1098
1519540 1098
1519550 1097
1519560 1097
1519570 1097
1519580 1097
1519590 1097
1519600 1098
1519610 1098
1519620 1098
1519630 1098
1519640 1098
1519650 1098
1519660 1098
1519670 1098
1519680 1098
1519690 1098
1519700 1098
1519710 1098
1519720 1098
1519730 1098
1519740 1098
1519750 1098
1519760 1098
1519770 1098
1519780 1098
1519790 1098
1519800 1097
1519810 1097
1519820 1097
1519830 1097
1519840 1097
1519850 1097
1519860 1096
1519870 1096
1519880 1096
1519890 1096
1519900 1096
1519910 1095
1519920 1095
1519930 1095
1519940 1095
1519950 1095
1519960 1095
1519970 1095
1519980 1095
1519990 1095
