1500000 1615
1500010 1615
1500020 1615
1500030 1615
1500040 1615
1500050 1616
1500060 1617
1500070 1617
1500080 1617
1500090 1617
1500100 1617
1500110 1616
1500120 1615
1500130 1615
1500140 1615
1500150 1616
1500160 1617
1500170 1617
1500180 1617
1500190 1617
1500200 1617
1500210 1618
1500220 1618
1500230 1618
1500240 1618
1500250 1618
1500260 1618
1500270 1617
1500280 1616
1500290 1616
1500300 1616
1500310 1615
1500320 1615
1500330 1615
1500340 1613
1500350 1613
1500360 1613
1500370 1613
1500380 1613
1500390 1612
1500400 1611
1500410 1611
1500420 1611
1500430 1610
1500440 1609
1500450 1609
1500460 1610
1500470 1609
1500480 1609
1500490 1609
1500500 1608
1500510 1608
1500520 1608
1500530 1608
1500540 1608
1500550 1606
1500560 1605
1500570 1605
1500580 1604
1500590 1603
1500600 1603
1500610 1602
1500620 1602
1500630 1602
1500640 1601
1500650 1601
1500660 1601
1500670 1600
1500680 1599
1500690 1599
1500700 1599
1500710 1598
1500720 1597
1500730 1597
1500740 1596
1500750 1596
1500760 1596
1500770 1595
1500780 1595
1500790 1595
1500800 1595
1500810 1595
1500820 1595
1500830 1594
1500840 1593
1500850 1593
1500860 1592
1500870 1590
1500880 1590
1500890 1588
1500900 1589
1500910 1589
1500920 1590
1500930 1591
1500940 1591
1500950 1590
1500960 1589
1500970 1589
1500980 1589
1500990 1588
1501000 1588
1501010 1588
1501020 1588
1501030 1588
1501040 1588
1501050 1587
1501060 1586
1501070 1586
1501080 1585
1501090 1584
1501100 1584
1501110 1583
1501120 1583
1501130 1583
1501140 1585
1501150 1584
1501160 1584
1501170 1583
1501180 1582
1501190 1582
1501200 1581
1501210 1581
1501220 1581
1501230 1581
1501240 1581
1501250 1581
1501260 1580
1501270 1579
1501280 1579
1501290 1578
1501300 1576
1501310 1576
1501320 1573
1501330 1572
1501340 1571
1501350 1571
1501360 1570
1501370 1569
1501380 1569
1501390 1569
1501400 1568
1501410 1568
1501420 1568
1501430 1568
1501440 1568
1501450 1567
1501460 1566
1501470 1566
1501480 1564
1501490 1563
1501500 1563
1501510 1561
1501520 1559
1501530 1559
1501540 1555
1501550 1552
1501560 1552
1501570 1550
1501580 1547
1501590 1547
1501600 1544
1501610 1542
1501620 1539
1501630 1539
1501640 1538
1501650 1537
1501660 1537
1501670 1536
1501680 1536
1501690 1536
1501700 1535
1501710 1534
1501720 1534
1501730 1530
1501740 1530
1501750 1530
1501760 1528
1501770 1526
1501780 1526
1501790 1524
1501800 1522
1501810 1522
1501820 1521
1501830 1520
1501840 1520
1501850 1519
1501860 1519
1501870 1519
1501880 1518
1501890 1517
1501900 1517
1501910 1517
1501920 1516
1501930 1516
1501940 1516
1501950 1515
1501960 1514
1501970 1514
1501980 1513
1501990 1512
1502000 1512
1502010 1511
1502020 1509
1502030 1509
1502040 1508
1502050 1507
1502060 1507
1502070 1505
1502080 1506
1502090 1506
1502100 1504
1502110 1503
1502120 1503
1502130 1501
1502140 1500
1502150 1500
1502160 1500
1502170 1499
1502180 1499
1502190 1497
1502200 1495
1502210 1495
1502220 1494
1502230 1493
1502240 1491
1502250 1491
1502260 1490
1502270 1490
1502280 1490
1502290 1489
1502300 1487
1502310 1487
1502320 1485
1502330 1483
1502340 1483
1502350 1481
1502360 1479
1502370 1479
1502380 1477
1502390 1476
1502400 1476
1502410 1475
1502420 1475
1502430 1475
1502440 1474
1502450 1474
1502460 1474
1502470 1474
1502480 1473
1502490 1473
1502500 1472
1502510 1471
1502520 1470
1502530 1470
1502540 1470
1502550 1469
1502560 1469
1502570 1467
1502580 1466
1502590 1466
1502600 1465
1502610 1463
1502620 1463
1502630 1459
1502640 1454
1502650 1454
1502660 1452
1502670 1450
1502680 1450
1502690 1449
1502700 1448
1502710 1448
1502720 1446
1502730 1441
1502740 1441
1502750 1437
1502760 1435
1502770 1435
1502780 1434
1502790 1433
1502800 1433
1502810 1432
1502820 1431
1502830 1429
1502840 1429
1502850 1427
1502860 1424
1502870 1424
1502880 1425
1502890 1422
1502900 1422
1502910 1417
1502920 1414
1502930 1414
1502940 1412
1502950 1410
1502960 1410
1502970 1410
1502980 1410
1502990 1410
1503000 1409
1503010 1410
1503020 1410
1503030 1413
1503040 1415
1503050 1415
1503060 1417
1503070 1417
1503080 1417
1503090 1418
1503100 1417
1503110 1417
1503120 1416
1503130 1416
1503140 1415
1503150 1415
1503160 1414
1503170 1414
1503180 1414
1503190 1413
1503200 1411
1503210 1411
1503220 1410
1503230 1409
1503240 1409
1503250 1407
1503260 1405
1503270 1405
1503280 1406
1503290 1407
1503300 1407
1503310 1408
1503320 1409
1503330 1409
1503340 1409
1503350 1409
1503360 1409
1503370 1408
1503380 1407
1503390 1407
1503400 1404
1503410 1402
1503420 1399
1503430 1399
1503440 1396
1503450 1395
1503460 1395
1503470 1394
1503480 1392
1503490 1392
1503500 1392
1503510 1392
1503520 1392
1503530 1392
1503540 1392
1503550 1392
1503560 1393
1503570 1394
1503580 1394
1503590 1394
1503600 1392
1503610 1392
1503620 1391
1503630 1391
1503640 1391
1503650 1390
1503660 1390
1503670 1390
1503680 1389
1503690 1389
1503700 1389
1503710 1388
1503720 1389
1503730 1390
1503740 1390
1503750 1390
1503760 1390
1503770 1390
1503780 1390
1503790 1391
1503800 1391
1503810 1390
1503820 1390
1503830 1390
1503840 1390
1503850 1389
1503860 1389
1503870 1389
1503880 1388
1503890 1388
1503900 1386
1503910 1384
1503920 1384
1503930 1383
1503940 1382
1503950 1382
1503960 1381
1503970 1381
1503980 1381
1503990 1380
1504000 1380
1504010 1380
1504020 1380
1504030 1379
1504040 1379
1504050 1379
1504060 1379
1504070 1379
1504080 1379
1504090 1378
1504100 1378
1504110 1378
1504120 1378
1504130 1377
1504140 1377
1504150 1376
1504160 1376
1504170 1376
1504180 1377
1504190 1377
1504200 1377
1504210 1378
1504220 1378
1504230 1378
1504240 1377
1504250 1376
1504260 1376
1504270 1375
1504280 1374
1504290 1374
1504300 1374
1504310 1373
1504320 1371
1504330 1371
1504340 1371
1504350 1370
1504360 1370
1504370 1371
1504380 1372
1504390 1372
1504400 1371
1504410 1371
1504420 1371
1504430 1370
1504440 1369
1504450 1369
1504460 1366
1504470 1366
1504480 1366
1504490 1366
1504500 1365
1504510 1365
1504520 1364
1504530 1363
1504540 1363
1504550 1362
1504560 1362
1504570 1362
1504580 1362
1504590 1362
1504600 1362
1504610 1362
1504620 1362
1504630 1362
1504640 1362
1504650 1361
1504660 1361
1504670 1361
1504680 1359
1504690 1358
1504700 1358
1504710 1357
1504720 1357
1504730 1357
1504740 1356
1504750 1356
1504760 1356
1504770 1354
1504780 1353
1504790 1353
1504800 1351
1504810 1349
1504820 1349
1504830 1347
1504840 1345
1504850 1345
1504860 1345
1504870 1346
1504880 1346
1504890 1346
1504900 1346
1504910 1346
1504920 1346
1504930 1345
1504940 1344
1504950 1344
1504960 1343
1504970 1342
1504980 1342
1504990 1341
1505000 1340
1505010 1340
1505020 1340
1505030 1340
1505040 1340
1505050 1340
1505060 1340
1505070 1340
1505080 1339
1505090 1339
1505100 1339
1505110 1338
1505120 1336
1505130 1336
1505140 1335
1505150 1334
1505160 1334
1505170 1333
1505180 1332
1505190 1332
1505200 1331
1505210 1330
1505220 1330
1505230 1329
1505240 1328
1505250 1327
1505260 1327
1505270 1326
1505280 1326
1505290 1326
1505300 1325
1505310 1325
1505320 1325
1505330 1324
1505340 1323
1505350 1323
1505360 1324
1505370 1325
1505380 1325
1505390 1326
1505400 1326
1505410 1326
1505420 1326
1505430 1325
1505440 1325
1505450 1325
1505460 1325
1505470 1325
1505480 1325
1505490 1324
1505500 1324
1505510 1324
1505520 1323
1505530 1323
1505540 1323
1505550 1323
1505560 1322
1505570 1322
1505580 1322
1505590 1322
1505600 1322
1505610 1323
1505620 1322
1505630 1322
1505640 1322
1505650 1322
1505660 1322
1505670 1323
1505680 1324
1505690 1324
1505700 1324
1505710 1324
1505720 1324
1505730 1323
1505740 1323
1505750 1323
1505760 1322
1505770 1321
1505780 1321
1505790 1320
1505800 1319
1505810 1319
1505820 1319
1505830 1318
1505840 1317
1505850 1317
1505860 1316
1505870 1314
1505880 1314
1505890 1313
1505900 1311
1505910 1311
1505920 1310
1505930 1309
1505940 1309
1505950 1306
1505960 1303
1505970 1303
1505980 1300
1505990 1299
1506000 1299
1506010 1298
1506020 1297
1506030 1297
1506040 1295
1506050 1293
1506060 1293
1506070 1290
1506080 1287
1506090 1287
1506100 1284
1506110 1281
1506120 1281
1506130 1279
1506140 1276
1506150 1274
1506160 1274
1506170 1273
1506180 1272
1506190 1272
1506200 1267
1506210 1264
1506220 1264
1506230 1257
1506240 1249
1506250 1249
1506260 1249
1506270 1253
1506280 1253
1506290 1254
1506300 1256
1506310 1256
1506320 1258
1506330 1261
1506340 1261
1506350 1264
1506360 1266
1506370 1266
1506380 1267
1506390 1267
1506400 1267
1506410 1266
1506420 1267
1506430 1269
1506440 1269
1506450 1270
1506460 1271
1506470 1271
1506480 1271
1506490 1271
1506500 1271
1506510 1271
1506520 1271
1506530 1271
1506540 1270
1506550 1270
1506560 1270
1506570 1270
1506580 1268
1506590 1268
1506600 1268
1506610 1269
1506620 1269
1506630 1269
1506640 1269
1506650 1269
1506660 1268
1506670 1266
1506680 1266
1506690 1265
1506700 1263
1506710 1263
1506720 1263
1506730 1265
1506740 1265
1506750 1265
1506760 1265
1506770 1264
1506780 1264
1506790 1262
1506800 1263
1506810 1263
1506820 1264
1506830 1264
1506840 1264
1506850 1263
1506860 1262
1506870 1262
1506880 1261
1506890 1260
1506900 1260
1506910 1259
1506920 1258
1506930 1258
1506940 1256
1506950 1254
1506960 1254
1506970 1251
1506980 1251
1506990 1251
1507000 1250
1507010 1247
1507020 1247
1507030 1247
1507040 1247
1507050 1245
1507060 1245
1507070 1241
1507080 1236
1507090 1236
1507100 1229
1507110 1219
1507120 1219
1507130 1217
1507140 1221
1507150 1221
1507160 1221
1507170 1220
1507180 1220
1507190 1218
1507200 1217
1507210 1217
1507220 1217
1507230 1215
1507240 1215
1507250 1213
1507260 1210
1507270 1210
1507280 1209
1507290 1208
1507300 1208
1507310 1208
1507320 1206
1507330 1205
1507340 1205
1507350 1208
1507360 1210
1507370 1210
1507380 1214
1507390 1219
1507400 1219
1507410 1220
1507420 1217
1507430 1217
1507440 1215
1507450 1217
1507460 1217
1507470 1218
1507480 1217
1507490 1217
1507500 1218
1507510 1218
1507520 1218
1507530 1217
1507540 1214
1507550 1214
1507560 1213
1507570 1212
1507580 1212
1507590 1209
1507600 1206
1507610 1206
1507620 1202
1507630 1200
1507640 1200
1507650 1200
1507660 1198
1507670 1197
1507680 1197
1507690 1196
1507700 1194
1507710 1194
1507720 1192
1507730 1190
1507740 1190
1507750 1187
1507760 1184
1507770 1184
1507780 1181
1507790 1180
1507800 1180
1507810 1179
1507820 1178
1507830 1178
1507840 1178
1507850 1176
1507860 1176
1507870 1174
1507880 1171
1507890 1171
1507900 1168
1507910 1166
1507920 1166
1507930 1167
1507940 1170
1507950 1170
1507960 1170
1507970 1168
1507980 1166
1507990 1166
1508000 1163
1508010 1160
1508020 1160
1508030 1157
1508040 1157
1508050 1157
1508060 1157
1508070 1156
1508080 1156
1508090 1158
1508100 1161
1508110 1161
1508120 1164
1508130 1168
1508140 1168
1508150 1172
1508160 1171
1508170 1171
1508180 1167
1508190 1164
1508200 1164
1508210 1161
1508220 1159
1508230 1158
1508240 1158
1508250 1158
1508260 1158
1508270 1158
1508280 1163
1508290 1164
1508300 1164
1508310 1165
1508320 1163
1508330 1163
1508340 1161
1508350 1159
1508360 1159
1508370 1156
1508380 1155
1508390 1155
1508400 1153
1508410 1153
1508420 1153
1508430 1154
1508440 1156
1508450 1156
1508460 1156
1508470 1158
1508480 1158
1508490 1160
1508500 1162
1508510 1162
1508520 1166
1508530 1169
1508540 1173
1508550 1173
1508560 1175
1508570 1175
1508580 1175
1508590 1175
1508600 1175
1508610 1175
1508620 1175
1508630 1175
1508640 1175
1508650 1174
1508660 1173
1508670 1173
1508680 1172
1508690 1171
1508700 1171
1508710 1170
1508720 1168
1508730 1168
1508740 1165
1508750 1163
1508760 1163
1508770 1161
1508780 1158
1508790 1158
1508800 1155
1508810 1152
1508820 1152
1508830 1150
1508840 1148
1508850 1146
1508860 1146
1508870 1144
1508880 1144
1508890 1144
1508900 1142
1508910 1138
1508920 1138
1508930 1134
1508940 1131
1508950 1131
1508960 1128
1508970 1123
1508980 1123
1508990 1116
1509000 1109
1509010 1109
1509020 1103
1509030 1100
1509040 1100
1509050 1099
1509060 1098
1509070 1098
1509080 1098
1509090 1097
1509100 1097
1509110 1094
1509120 1091
1509130 1088
1509140 1088
1509150 1085
1509160 1081
1509170 1081
1509180 1076
1509190 1072
1509200 1072
1509210 1069
1509220 1065
1509230 1065
1509240 1059
1509250 1054
1509260 1054
1509270 1053
1509280 1050
1509290 1050
1509300 1046
1509310 1042
1509320 1042
1509330 1039
1509340 1036
1509350 1036
1509360 1033
1509370 1029
1509380 1029
1509390 1024
1509400 1018
1509410 1018
1509420 1015
1509430 1013
1509440 1010
1509450 1010
1509460 1006
1509470 1002
1509480 1002
1509490 999
1509500 997
1509510 997
1509520 995
1509530 993
1509540 993
1509550 992
1509560 990
1509570 990
1509580 989
1509590 988
1509600 988
1509610 987
1509620 986
1509630 986
1509640 985
1509650 984
1509660 984
1509670 983
1509680 982
1509690 982
1509700 981
1509710 981
1509720 981
1509730 980
1509740 980
1509750 979
1509760 979
1509770 979
1509780 979
1509790 979
1509800 979
1509810 979
1509820 979
1509830 978
1509840 978
1509850 978
1509860 978
1509870 979
1509880 979
1509890 978
1509900 978
1509910 978
1509920 977
1509930 977
1509940 977
1509950 977
1509960 977
1509970 977
1509980 977
1509990 977
1510000 977
1510010 978
1510020 979
1510030 979
1510040 979
1510050 981
1510060 983
1510070 983
1510080 985
1510090 987
1510100 987
1510110 988
1510120 989
1510130 989
1510140 990
1510150 987
1510160 987
1510170 983
1510180 979
1510190 979
1510200 976
1510210 973
1510220 973
1510230 969
1510240 966
1510250 966
1510260 962
1510270 955
1510280 955
1510290 950
1510300 942
1510310 942
1510320 936
1510330 931
1510340 926
1510350 926
1510360 920
1510370 914
1510380 914
1510390 907
1510400 900
1510410 900
1510420 895
1510430 889
1510440 889
1510450 884
1510460 878
1510470 878
1510480 871
1510490 863
1510500 863
1510510 849
1510520 839
1510530 839
1510540 836
1510550 831
1510560 831
1510570 832
1510580 834
1510590 834
1510600 834
1510610 836
1510620 836
1510630 840
1510640 845
1510650 847
1510660 847
1510670 853
1510680 861
1510690 861
1510700 869
1510710 877
1510720 877
1510730 883
1510740 887
1510750 887
1510760 893
1510770 897
1510780 897
1510790 902
1510800 909
1510810 909
1510820 916
1510830 923
1510840 923
1510850 931
1510860 938
1510870 938
1510880 946
1510890 952
1510900 952
1510910 956
1510920 959
1510930 959
1510940 966
1510950 973
1510960 979
1510970 979
1510980 984
1510990 986
1511000 986
1511010 987
1511020 989
1511030 989
1511040 992
1511050 995
1511060 995
1511070 998
1511080 1002
1511090 1002
1511100 1006
1511110 1009
1511120 1009
1511130 1012
1511140 1014
1511150 1014
1511160 1016
1511170 1017
1511180 1017
1511190 1019
1511200 1021
1511210 1021
1511220 1023
1511230 1026
1511240 1029
1511250 1029
1511260 1034
1511270 1036
1511280 1036
1511290 1042
1511300 1051
1511310 1051
1511320 1058
1511330 1066
1511340 1066
1511350 1074
1511360 1082
1511370 1082
1511380 1090
1511390 1099
1511400 1099
1511410 1106
1511420 1110
1511430 1110
1511440 1112
1511450 1114
1511460 1114
1511470 1117
1511480 1120
1511490 1120
1511500 1123
1511510 1125
1511520 1125
1511530 1126
1511540 1127
1511550 1128
1511560 1128
1511570 1129
1511580 1130
1511590 1130
1511600 1131
1511610 1132
1511620 1132
1511630 1134
1511640 1135
1511650 1135
1511660 1137
1511670 1138
1511680 1138
1511690 1140
1511700 1141
1511710 1141
1511720 1142
1511730 1143
1511740 1143
1511750 1144
1511760 1145
1511770 1145
1511780 1146
1511790 1147
1511800 1147
1511810 1147
1511820 1146
1511830 1146
1511840 1145
1511850 1145
1511860 1146
1511870 1146
1511880 1147
1511890 1147
1511900 1147
1511910 1147
1511920 1148
1511930 1148
1511940 1152
1511950 1153
1511960 1153
1511970 1151
1511980 1146
1511990 1146
1512000 1140
1512010 1134
1512020 1134
1512030 1129
1512040 1124
1512050 1124
1512060 1118
1512070 1112
1512080 1112
1512090 1103
1512100 1096
1512110 1096
1512120 1091
1512130 1087
1512140 1084
1512150 1084
1512160 1079
1512170 1076
1512180 1076
1512190 1072
1512200 1063
1512210 1063
1512220 1054
1512230 1045
1512240 1045
1512250 1037
1512260 1034
1512270 1034
1512280 1040
1512290 1036
1512300 1036
1512310 1038
1512320 1047
1512330 1047
1512340 1055
1512350 1061
1512360 1061
1512370 1065
1512380 1068
1512390 1068
1512400 1070
1512410 1074
1512420 1074
1512430 1079
1512440 1083
1512450 1087
1512460 1087
1512470 1092
1512480 1099
1512490 1099
1512500 1104
1512510 1109
1512520 1109
1512530 1111
1512540 1112
1512550 1112
1512560 1118
1512570 1121
1512580 1121
1512590 1122
1512600 1119
1512610 1119
1512620 1116
1512630 1115
1512640 1115
1512650 1114
1512660 1115
1512670 1115
1512680 1117
1512690 1117
1512700 1117
1512710 1114
1512720 1110
1512730 1110
1512740 1106
1512750 1104
1512760 1104
1512770 1104
1512780 1105
1512790 1105
1512800 1105
1512810 1106
1512820 1108
1512830 1108
1512840 1109
1512850 1110
1512860 1110
1512870 1111
1512880 1111
1512890 1111
1512900 1109
1512910 1108
1512920 1108
1512930 1108
1512940 1108
1512950 1108
1512960 1108
1512970 1108
1512980 1108
1512990 1108
1513000 1109
1513010 1109
1513020 1110
1513030 1112
1513040 1116
1513050 1116
1513060 1118
1513070 1120
1513080 1120
1513090 1121
1513100 1121
1513110 1121
1513120 1120
1513130 1119
1513140 1119
1513150 1115
1513160 1112
1513170 1112
1513180 1109
1513190 1114
1513200 1114
1513210 1112
1513220 1110
1513230 1110
1513240 1108
1513250 1107
1513260 1107
1513270 1098
1513280 1092
1513290 1092
1513300 1097
1513310 1107
1513320 1107
1513330 1117
1513340 1122
1513350 1127
1513360 1127
1513370 1132
1513380 1136
1513390 1136
1513400 1140
1513410 1145
1513420 1145
1513430 1149
1513440 1153
1513450 1153
1513460 1158
1513470 1163
1513480 1163
1513490 1167
1513500 1171
1513510 1171
1513520 1175
1513530 1179
1513540 1179
1513550 1186
1513560 1193
1513570 1193
1513580 1200
1513590 1206
1513600 1206
1513610 1211
1513620 1217
1513630 1217
1513640 1223
1513650 1224
1513660 1225
1513670 1225
1513680 1225
1513690 1225
1513700 1225
1513710 1227
1513720 1228
1513730 1228
1513740 1229
1513750 1229
1513760 1229
1513770 1230
1513780 1230
1513790 1230
1513800 1231
1513810 1231
1513820 1231
1513830 1232
1513840 1232
1513850 1232
1513860 1232
1513870 1232
1513880 1232
1513890 1233
1513900 1233
1513910 1233
1513920 1234
1513930 1233
1513940 1234
1513950 1234
1513960 1233
1513970 1231
1513980 1231
1513990 1233
1514000 1236
1514010 1236
1514020 1237
1514030 1237
1514040 1237
1514050 1236
1514060 1236
1514070 1236
1514080 1236
1514090 1234
1514100 1234
1514110 1233
1514120 1232
1514130 1232
1514140 1231
1514150 1230
1514160 1230
1514170 1230
1514180 1230
1514190 1230
1514200 1229
1514210 1229
1514220 1229
1514230 1229
1514240 1229
1514250 1228
1514260 1228
1514270 1227
1514280 1226
1514290 1226
1514300 1226
1514310 1225
1514320 1225
1514330 1224
1514340 1223
1514350 1223
1514360 1222
1514370 1220
1514380 1220
1514390 1217
1514400 1216
1514410 1216
1514420 1214
1514430 1214
1514440 1214
1514450 1212
1514460 1210
1514470 1210
1514480 1210
1514490 1209
1514500 1209
1514510 1208
1514520 1207
1514530 1207
1514540 1206
1514550 1205
1514560 1203
1514570 1203
1514580 1202
1514590 1200
1514600 1200
1514610 1200
1514620 1200
1514630 1200
1514640 1199
1514650 1200
1514660 1200
1514670 1200
1514680 1198
1514690 1198
1514700 1197
1514710 1196
1514720 1196
1514730 1195
1514740 1194
1514750 1194
1514760 1193
1514770 1192
1514780 1192
1514790 1192
1514800 1191
1514810 1191
1514820 1191
1514830 1190
1514840 1189
1514850 1189
1514860 1189
1514870 1189
1514880 1189
1514890 1189
1514900 1189
1514910 1189
1514920 1190
1514930 1190
1514940 1190
1514950 1191
1514960 1191
1514970 1191
1514980 1191
1514990 1192
1515000 1192
1515010 1192
1515020 1192
1515030 1192
1515040 1193
1515050 1193
1515060 1193
1515070 1194
1515080 1195
1515090 1195
1515100 1196
1515110 1195
1515120 1195
1515130 1197
1515140 1196
1515150 1195
1515160 1195
1515170 1195
1515180 1194
1515190 1194
1515200 1193
1515210 1194
1515220 1194
1515230 1199
1515240 1203
1515250 1203
1515260 1205
1515270 1207
1515280 1207
1515290 1209
1515300 1210
1515310 1210
1515320 1211
1515330 1211
1515340 1211
1515350 1212
1515360 1212
1515370 1212
1515380 1211
1515390 1211
1515400 1211
1515410 1209
1515420 1209
1515430 1209
1515440 1210
1515450 1211
1515460 1212
1515470 1212
1515480 1214
1515490 1215
1515500 1215
1515510 1218
1515520 1219
1515530 1219
1515540 1221
1515550 1220
1515560 1220
1515570 1221
1515580 1222
1515590 1222
1515600 1222
1515610 1222
1515620 1222
1515630 1221
1515640 1221
1515650 1221
1515660 1222
1515670 1223
1515680 1223
1515690 1223
1515700 1224
1515710 1224
1515720 1225
1515730 1227
1515740 1228
1515750 1228
1515760 1227
1515770 1227
1515780 1227
1515790 1227
1515800 1226
1515810 1226
1515820 1224
1515830 1222
1515840 1222
1515850 1221
1515860 1220
1515870 1220
1515880 1216
1515890 1212
1515900 1212
1515910 1207
1515920 1204
1515930 1204
1515940 1201
1515950 1199
1515960 1199
1515970 1196
1515980 1194
1515990 1194
1516000 1192
1516010 1189
1516020 1189
1516030 1188
1516040 1186
1516050 1184
1516060 1184
1516070 1183
1516080 1181
1516090 1181
1516100 1178
1516110 1177
1516120 1177
1516130 1175
1516140 1174
1516150 1174
1516160 1172
1516170 1171
1516180 1171
1516190 1167
1516200 1164
1516210 1164
1516220 1163
1516230 1162
1516240 1162
1516250 1162
1516260 1161
1516270 1161
1516280 1160
1516290 1158
1516300 1158
1516310 1158
1516320 1158
1516330 1158
1516340 1158
1516350 1158
1516360 1157
1516370 1157
1516380 1155
1516390 1154
1516400 1154
1516410 1155
1516420 1154
1516430 1154
1516440 1153
1516450 1153
1516460 1153
1516470 1153
1516480 1152
1516490 1152
1516500 1152
1516510 1153
1516520 1153
1516530 1153
1516540 1153
1516550 1153
1516560 1152
1516570 1152
1516580 1152
1516590 1150
1516600 1149
1516610 1149
1516620 1147
1516630 1145
1516640 1145
1516650 1145
1516660 1143
1516670 1143
1516680 1143
1516690 1142
1516700 1140
1516710 1140
1516720 1138
1516730 1137
1516740 1137
1516750 1136
1516760 1135
1516770 1135
1516780 1135
1516790 1134
1516800 1134
1516810 1133
1516820 1132
1516830 1132
1516840 1132
1516850 1131
1516860 1131
1516870 1130
1516880 1129
1516890 1129
1516900 1127
1516910 1126
1516920 1126
1516930 1125
1516940 1124
1516950 1122
1516960 1122
1516970 1121
1516980 1120
1516990 1120
1517000 1120
1517010 1119
1517020 1119
1517030 1118
1517040 1117
1517050 1117
1517060 1116
1517070 1116
1517080 1116
1517090 1115
1517100 1114
1517110 1114
1517120 1113
1517130 1113
1517140 1113
1517150 1112
1517160 1111
1517170 1111
1517180 1109
1517190 1109
1517200 1109
1517210 1108
1517220 1108
1517230 1108
1517240 1108
1517250 1109
1517260 1106
1517270 1106
1517280 1103
1517290 1102
1517300 1102
1517310 1099
1517320 1097
1517330 1097
1517340 1093
1517350 1093
1517360 1093
1517370 1095
1517380 1101
1517390 1101
1517400 1102
1517410 1103
1517420 1103
1517430 1103
1517440 1104
1517450 1104
1517460 1104
1517470 1106
1517480 1106
1517490 1108
1517500 1111
1517510 1111
1517520 1113
1517530 1114
1517540 1114
1517550 1116
1517560 1118
1517570 1120
1517580 1120
1517590 1121
1517600 1122
1517610 1122
1517620 1122
1517630 1123
1517640 1123
1517650 1125
1517660 1125
1517670 1125
1517680 1124
1517690 1125
1517700 1125
1517710 1125
1517720 1126
1517730 1126
1517740 1127
1517750 1128
1517760 1128
1517770 1129
1517780 1129
1517790 1129
1517800 1129
1517810 1130
1517820 1130
1517830 1131
1517840 1131
1517850 1130
1517860 1130
1517870 1130
1517880 1130
1517890 1130
1517900 1131
1517910 1132
1517920 1132
1517930 1135
1517940 1137
1517950 1137
1517960 1138
1517970 1139
1517980 1139
1517990 1139
1518000 1140
1518010 1140
1518020 1141
1518030 1142
1518040 1142
1518050 1143
1518060 1144
1518070 1144
1518080 1144
1518090 1146
1518100 1146
1518110 1147
1518120 1148
1518130 1148
1518140 1149
1518150 1150
1518160 1151
1518170 1151
1518180 1152
1518190 1153
1518200 1153
1518210 1154
1518220 1155
1518230 1155
1518240 1156
1518250 1157
1518260 1157
1518270 1158
1518280 1159
1518290 1159
1518300 1159
1518310 1160
1518320 1160
1518330 1161
1518340 1162
1518350 1162
1518360 1163
1518370 1163
1518380 1163
1518390 1164
1518400 1165
1518410 1165
1518420 1165
1518430 1166
1518440 1166
1518450 1166
1518460 1167
1518470 1167
1518480 1167
1518490 1168
1518500 1169
1518510 1169
1518520 1169
1518530 1170
1518540 1170
1518550 1170
1518560 1170
1518570 1170
1518580 1170
1518590 1171
1518600 1171
1518610 1171
1518620 1171
1518630 1171
1518640 1171
1518650 1171
1518660 1171
1518670 1171
1518680 1171
1518690 1171
1518700 1171
1518710 1171
1518720 1171
1518730 1169
1518740 1169
1518750 1167
1518760 1167
1518770 1165
1518780 1163
1518790 1163
1518800 1162
1518810 1160
1518820 1160
1518830 1160
1518840 1160
1518850 1160
1518860 1160
1518870 1161
1518880 1161
1518890 1172
1518900 1175
1518910 1175
1518920 1175
1518930 1175
1518940 1175
1518950 1174
1518960 1174
1518970 1174
1518980 1171
1518990 1173
1519000 1173
1519010 1173
1519020 1174
1519030 1174
1519040 1175
1519050 1175
1519060 1175
1519070 1175
1519080 1175
1519090 1175
1519100 1175
1519110 1175
1519120 1176
1519130 1176
1519140 1176
1519150 1176
1519160 1176
1519170 1177
1519180 1177
1519190 1177
1519200 1177
1519210 1177
1519220 1177
1519230 1177
1519240 1176
1519250 1176
1519260 1175
1519270 1176
1519280 1176
1519290 1179
1519300 1181
1519310 1181
1519320 1181
1519330 1182
1519340 1182
1519350 1183
1519360 1183
1519370 1184
1519380 1184
1519390 1184
1519400 1184
1519410 1184
1519420 1185
1519430 1186
1519440 1186
1519450 1187
1519460 1187
1519470 1187
1519480 1185
1519490 1184
1519500 1184
1519510 1186
1519520 1187
1519530 1187
1519540 1185
1519550 1183
1519560 1183
1519570 1182
1519580 1183
1519590 1183
1519600 1185
1519610 1186
1519620 1186
1519630 1186
1519640 1186
1519650 1186
1519660 1186
1519670 1185
1519680 1184
1519690 1184
1519700 1185
1519710 1185
1519720 1185
1519730 1185
1519740 1186
1519750 1186
1519760 1185
1519770 1185
1519780 1185
1519790 1185
1519800 1186
1519810 1186
1519820 1186
1519830 1185
1519840 1185
1519850 1186
1519860 1186
1519870 1186
1519880 1186
1519890 1184
1519900 1184
1519910 1184
1519920 1184
1519930 1184
1519940 1183
1519950 1183
1519960 1183
1519970 1183
1519980 1183
1519990 1183
