1500000 1632
1500010 1632
1500020 1633
1500030 1632
1500040 1632
1500050 1632
1500060 1632
1500070 1632
1500080 1632
1500090 1632
1500100 1632
1500110 1633
1500120 1633
1500130 1633
1500140 1633
1500150 1633
1500160 1633
1500170 1633
1500180 1633
1500190 1633
1500200 1633
1500210 1633
1500220 1633
1500230 1633
1500240 1632
1500250 1632
1500260 1632
1500270 1632
1500280 1632
1500290 1632
1500300 1632
1500310 1632
1500320 1632
1500330 1631
1500340 1632
1500350 1632
1500360 1633
1500370 1634
1500380 1634
1500390 1634
1500400 1635
1500410 1635
1500420 1636
1500430 1636
1500440 1636
1500450 1636
1500460 1636
1500470 1635
1500480 1635
1500490 1635
1500500 1635
1500510 1635
1500520 1635
1500530 1634
1500540 1634
1500550 1632
1500560 1630
1500570 1630
1500580 1628
1500590 1626
1500600 1626
1500610 1625
1500620 1623
1500630 1623
1500640 1623
1500650 1622
1500660 1622
1500670 1622
1500680 1622
1500690 1622
1500700 1621
1500710 1621
1500720 1621
1500730 1621
1500740 1620
1500750 1618
1500760 1618
1500770 1619
1500780 1618
1500790 1618
1500800 1618
1500810 1618
1500820 1618
1500830 1618
1500840 1617
1500850 1617
1500860 1617
1500870 1617
1500880 1617
1500890 1618
1500900 1619
1500910 1619
1500920 1618
1500930 1618
1500940 1618
1500950 1620
1500960 1621
1500970 1621
1500980 1622
1500990 1622
1501000 1622
1501010 1622
1501020 1622
1501030 1622
1501040 1622
1501050 1622
1501060 1621
1501070 1621
1501080 1619
1501090 1619
1501100 1619
1501110 1619
1501120 1619
1501130 1619
1501140 1617
1501150 1616
1501160 1616
1501170 1615
1501180 1614
1501190 1614
1501200 1613
1501210 1612
1501220 1612
1501230 1611
1501240 1609
1501250 1609
1501260 1608
1501270 1606
1501280 1606
1501290 1604
1501300 1602
1501310 1602
1501320 1600
1501330 1599
1501340 1596
1501350 1596
1501360 1594
1501370 1592
1501380 1592
1501390 1590
1501400 1589
1501410 1589
1501420 1588
1501430 1588
1501440 1588
1501450 1586
1501460 1585
1501470 1585
1501480 1585
1501490 1584
1501500 1584
1501510 1585
1501520 1584
1501530 1584
1501540 1583
1501550 1582
1501560 1582
1501570 1581
1501580 1579
1501590 1579
1501600 1578
1501610 1576
1501620 1576
1501630 1574
1501640 1571
1501650 1567
1501660 1567
1501670 1568
1501680 1567
1501690 1567
1501700 1566
1501710 1564
1501720 1564
1501730 1562
1501740 1562
1501750 1562
1501760 1560
1501770 1558
1501780 1558
1501790 1555
1501800 1553
1501810 1553
1501820 1552
1501830 1550
1501840 1550
1501850 1548
1501860 1546
1501870 1546
1501880 1543
1501890 1539
1501900 1539
1501910 1536
1501920 1535
1501930 1535
1501940 1535
1501950 1533
1501960 1530
1501970 1530
1501980 1529
1501990 1528
1502000 1528
1502010 1527
1502020 1526
1502030 1526
1502040 1524
1502050 1522
1502060 1522
1502070 1521
1502080 1519
1502090 1519
1502100 1519
1502110 1518
1502120 1518
1502130 1517
1502140 1517
1502150 1517
1502160 1516
1502170 1515
1502180 1515
1502190 1514
1502200 1514
1502210 1514
1502220 1513
1502230 1512
1502240 1510
1502250 1510
1502260 1508
1502270 1507
1502280 1507
1502290 1507
1502300 1506
1502310 1506
1502320 1506
1502330 1505
1502340 1505
1502350 1503
1502360 1502
1502370 1502
1502380 1502
1502390 1501
1502400 1501
1502410 1501
1502420 1500
1502430 1500
1502440 1500
1502450 1499
1502460 1499
1502470 1498
1502480 1498
1502490 1498
1502500 1498
1502510 1497
1502520 1497
1502530 1495
1502540 1494
1502550 1493
1502560 1493
1502570 1494
1502580 1493
1502590 1493
1502600 1492
1502610 1490
1502620 1490
1502630 1488
1502640 1485
1502650 1485
1502660 1483
1502670 1482
1502680 1482
1502690 1478
1502700 1475
1502710 1475
1502720 1472
1502730 1469
1502740 1469
1502750 1467
1502760 1465
1502770 1465
1502780 1463
1502790 1462
1502800 1462
1502810 1461
1502820 1460
1502830 1460
1502840 1459
1502850 1459
1502860 1458
1502870 1458
1502880 1456
1502890 1456
1502900 1456
1502910 1455
1502920 1450
1502930 1450
1502940 1450
1502950 1448
1502960 1448
1502970 1446
1502980 1446
1502990 1446
1503000 1445
1503010 1442
1503020 1442
1503030 1439
1503040 1439
1503050 1439
1503060 1439
1503070 1440
1503080 1440
1503090 1438
1503100 1437
1503110 1437
1503120 1437
1503130 1436
1503140 1436
1503150 1436
1503160 1436
1503170 1436
1503180 1436
1503190 1436
1503200 1436
1503210 1436
1503220 1438
1503230 1440
1503240 1440
1503250 1439
1503260 1437
1503270 1437
1503280 1436
1503290 1436
1503300 1436
1503310 1435
1503320 1435
1503330 1435
1503340 1434
1503350 1433
1503360 1433
1503370 1432
1503380 1431
1503390 1431
1503400 1431
1503410 1430
1503420 1433
1503430 1432
1503440 1430
1503450 1429
1503460 1429
1503470 1428
1503480 1428
1503490 1428
1503500 1427
1503510 1426
1503520 1426
1503530 1425
1503540 1423
1503550 1423
1503560 1422
1503570 1421
1503580 1421
1503590 1419
1503600 1417
1503610 1417
1503620 1416
1503630 1414
1503640 1414
1503650 1414
1503660 1412
1503670 1412
1503680 1410
1503690 1409
1503700 1409
1503710 1409
1503720 1410
1503730 1410
1503740 1409
1503750 1408
1503760 1407
1503770 1407
1503780 1406
1503790 1405
1503800 1405
1503810 1404
1503820 1404
1503830 1404
1503840 1403
1503850 1403
1503860 1403
1503870 1403
1503880 1403
1503890 1403
1503900 1403
1503910 1403
1503920 1403
1503930 1404
1503940 1404
1503950 1404
1503960 1405
1503970 1406
1503980 1406
1503990 1408
1504000 1411
1504010 1411
1504020 1412
1504030 1413
1504040 1413
1504050 1413
1504060 1413
1504070 1413
1504080 1413
1504090 1414
1504100 1414
1504110 1414
1504120 1415
1504130 1414
1504140 1414
1504150 1414
1504160 1414
1504170 1414
1504180 1414
1504190 1415
1504200 1415
1504210 1415
1504220 1415
1504230 1415
1504240 1415
1504250 1415
1504260 1415
1504270 1414
1504280 1414
1504290 1414
1504300 1414
1504310 1414
1504320 1414
1504330 1414
1504340 1415
1504350 1416
1504360 1416
1504370 1416
1504380 1418
1504390 1418
1504400 1418
1504410 1418
1504420 1418
1504430 1417
1504440 1415
1504450 1415
1504460 1413
1504470 1412
1504480 1412
1504490 1412
1504500 1411
1504510 1411
1504520 1411
1504530 1408
1504540 1408
1504550 1406
1504560 1405
1504570 1405
1504580 1403
1504590 1402
1504600 1402
1504610 1401
1504620 1400
1504630 1400
1504640 1400
1504650 1400
1504660 1400
1504670 1400
1504680 1397
1504690 1397
1504700 1397
1504710 1396
1504720 1395
1504730 1395
1504740 1394
1504750 1394
1504760 1394
1504770 1393
1504780 1394
1504790 1394
1504800 1394
1504810 1394
1504820 1394
1504830 1393
1504840 1393
1504850 1393
1504860 1393
1504870 1391
1504880 1391
1504890 1390
1504900 1388
1504910 1388
1504920 1388
1504930 1388
1504940 1388
1504950 1387
1504960 1387
1504970 1387
1504980 1387
1504990 1386
1505000 1384
1505010 1384
1505020 1383
1505030 1381
1505040 1381
1505050 1381
1505060 1381
1505070 1381
1505080 1381
1505090 1381
1505100 1381
1505110 1382
1505120 1383
1505130 1383
1505140 1383
1505150 1383
1505160 1383
1505170 1382
1505180 1381
1505190 1381
1505200 1380
1505210 1380
1505220 1380
1505230 1378
1505240 1377
1505250 1377
1505260 1377
1505270 1376
1505280 1374
1505290 1374
1505300 1372
1505310 1369
1505320 1369
1505330 1366
1505340 1363
1505350 1363
1505360 1360
1505370 1358
1505380 1358
1505390 1358
1505400 1358
1505410 1358
1505420 1358
1505430 1357
1505440 1357
1505450 1358
1505460 1358
1505470 1358
1505480 1358
1505490 1358
1505500 1358
1505510 1357
1505520 1357
1505530 1357
1505540 1356
1505550 1356
1505560 1356
1505570 1356
1505580 1356
1505590 1356
1505600 1356
1505610 1356
1505620 1356
1505630 1356
1505640 1356
1505650 1356
1505660 1356
1505670 1355
1505680 1354
1505690 1354
1505700 1354
1505710 1354
1505720 1354
1505730 1354
1505740 1353
1505750 1353
1505760 1353
1505770 1352
1505780 1352
1505790 1352
1505800 1352
1505810 1352
1505820 1352
1505830 1352
1505840 1352
1505850 1351
1505860 1351
1505870 1350
1505880 1350
1505890 1350
1505900 1349
1505910 1349
1505920 1348
1505930 1347
1505940 1347
1505950 1346
1505960 1345
1505970 1345
1505980 1343
1505990 1342
1506000 1342
1506010 1341
1506020 1340
1506030 1340
1506040 1339
1506050 1337
1506060 1337
1506070 1336
1506080 1334
1506090 1334
1506100 1332
1506110 1331
1506120 1331
1506130 1328
1506140 1328
1506150 1327
1506160 1327
1506170 1323
1506180 1318
1506190 1318
1506200 1314
1506210 1308
1506220 1308
1506230 1302
1506240 1295
1506250 1295
1506260 1287
1506270 1282
1506280 1282
1506290 1287
1506300 1291
1506310 1291
1506320 1294
1506330 1297
1506340 1297
1506350 1300
1506360 1305
1506370 1305
1506380 1308
1506390 1308
1506400 1308
1506410 1309
1506420 1310
1506430 1310
1506440 1310
1506450 1309
1506460 1309
1506470 1309
1506480 1308
1506490 1308
1506500 1308
1506510 1308
1506520 1307
1506530 1307
1506540 1307
1506550 1306
1506560 1306
1506570 1305
1506580 1307
1506590 1307
1506600 1307
1506610 1307
1506620 1307
1506630 1307
1506640 1307
1506650 1307
1506660 1306
1506670 1306
1506680 1306
1506690 1305
1506700 1305
1506710 1305
1506720 1304
1506730 1303
1506740 1303
1506750 1303
1506760 1302
1506770 1301
1506780 1301
1506790 1302
1506800 1302
1506810 1302
1506820 1301
1506830 1303
1506840 1303
1506850 1304
1506860 1303
1506870 1303
1506880 1303
1506890 1303
1506900 1303
1506910 1302
1506920 1302
1506930 1302
1506940 1301
1506950 1300
1506960 1300
1506970 1299
1506980 1298
1506990 1298
1507000 1296
1507010 1295
1507020 1295
1507030 1293
1507040 1292
1507050 1290
1507060 1290
1507070 1286
1507080 1283
1507090 1283
1507100 1281
1507110 1281
1507120 1281
1507130 1285
1507140 1287
1507150 1287
1507160 1288
1507170 1288
1507180 1288
1507190 1286
1507200 1284
1507210 1284
1507220 1283
1507230 1282
1507240 1282
1507250 1281
1507260 1279
1507270 1279
1507280 1277
1507290 1276
1507300 1276
1507310 1275
1507320 1274
1507330 1274
1507340 1272
1507350 1271
1507360 1271
1507370 1271
1507380 1270
1507390 1269
1507400 1269
1507410 1267
1507420 1266
1507430 1266
1507440 1266
1507450 1265
1507460 1265
1507470 1264
1507480 1263
1507490 1263
1507500 1262
1507510 1261
1507520 1261
1507530 1261
1507540 1261
1507550 1261
1507560 1260
1507570 1259
1507580 1259
1507590 1257
1507600 1257
1507610 1257
1507620 1256
1507630 1256
1507640 1256
1507650 1257
1507660 1257
1507670 1256
1507680 1256
1507690 1255
1507700 1252
1507710 1252
1507720 1250
1507730 1248
1507740 1248
1507750 1247
1507760 1247
1507770 1247
1507780 1245
1507790 1243
1507800 1243
1507810 1241
1507820 1238
1507830 1238
1507840 1235
1507850 1232
1507860 1232
1507870 1230
1507880 1228
1507890 1228
1507900 1230
1507910 1228
1507920 1228
1507930 1224
1507940 1222
1507950 1222
1507960 1221
1507970 1221
1507980 1220
1507990 1220
1508000 1220
1508010 1219
1508020 1219
1508030 1219
1508040 1220
1508050 1220
1508060 1221
1508070 1223
1508080 1223
1508090 1225
1508100 1228
1508110 1228
1508120 1230
1508130 1231
1508140 1231
1508150 1230
1508160 1229
1508170 1229
1508180 1228
1508190 1226
1508200 1226
1508210 1225
1508220 1224
1508230 1224
1508240 1223
1508250 1222
1508260 1221
1508270 1221
1508280 1220
1508290 1220
1508300 1220
1508310 1219
1508320 1218
1508330 1218
1508340 1217
1508350 1216
1508360 1216
1508370 1214
1508380 1214
1508390 1214
1508400 1213
1508410 1211
1508420 1211
1508430 1210
1508440 1209
1508450 1209
1508460 1208
1508470 1208
1508480 1208
1508490 1208
1508500 1208
1508510 1208
1508520 1208
1508530 1208
1508540 1208
1508550 1208
1508560 1208
1508570 1208
1508580 1208
1508590 1208
1508600 1208
1508610 1208
1508620 1209
1508630 1208
1508640 1208
1508650 1207
1508660 1206
1508670 1206
1508680 1206
1508690 1205
1508700 1205
1508710 1205
1508720 1205
1508730 1205
1508740 1204
1508750 1205
1508760 1205
1508770 1205
1508780 1204
1508790 1204
1508800 1200
1508810 1197
1508820 1197
1508830 1194
1508840 1190
1508850 1190
1508860 1188
1508870 1186
1508880 1185
1508890 1185
1508900 1183
1508910 1180
1508920 1180
1508930 1179
1508940 1174
1508950 1174
1508960 1166
1508970 1159
1508980 1159
1508990 1153
1509000 1149
1509010 1149
1509020 1147
1509030 1142
1509040 1142
1509050 1138
1509060 1137
1509070 1137
1509080 1135
1509090 1132
1509100 1132
1509110 1128
1509120 1123
1509130 1123
1509140 1121
1509150 1118
1509160 1114
1509170 1114
1509180 1110
1509190 1105
1509200 1105
1509210 1102
1509220 1099
1509230 1099
1509240 1097
1509250 1093
1509260 1093
1509270 1088
1509280 1084
1509290 1088
1509300 1084
1509310 1080
1509320 1080
1509330 1077
1509340 1073
1509350 1073
1509360 1070
1509370 1067
1509380 1067
1509390 1064
1509400 1061
1509410 1061
1509420 1058
1509430 1055
1509440 1055
1509450 1051
1509460 1046
1509470 1041
1509480 1041
1509490 1036
1509500 1032
1509510 1032
1509520 1027
1509530 1024
1509540 1024
1509550 1021
1509560 1019
1509570 1019
1509580 1016
1509590 1012
1509600 1012
1509610 1009
1509620 1007
1509630 1007
1509640 1005
1509650 1001
1509660 1001
1509670 997
1509680 992
1509690 992
1509700 987
1509710 982
1509720 982
1509730 978
1509740 974
1509750 974
1509760 970
1509770 965
1509780 961
1509790 961
1509800 958
1509810 955
1509820 955
1509830 952
1509840 948
1509850 948
1509860 946
1509870 943
1509880 943
1509890 940
1509900 937
1509910 937
1509920 935
1509930 933
1509940 933
1509950 932
1509960 931
1509970 931
1509980 930
1509990 928
1510000 928
1510010 927
1510020 927
1510030 927
1510040 927
1510050 926
1510060 925
1510070 925
1510080 922
1510090 918
1510100 918
1510110 915
1510120 911
1510130 911
1510140 908
1510150 907
1510160 907
1510170 905
1510180 901
1510190 901
1510200 898
1510210 896
1510220 896
1510230 893
1510240 891
1510250 891
1510260 892
1510270 893
1510280 893
1510290 892
1510300 892
1510310 892
1510320 894
1510330 890
1510340 890
1510350 883
1510360 876
1510370 869
1510380 869
1510390 861
1510400 852
1510410 852
1510420 845
1510430 843
1510440 843
1510450 842
1510460 837
1510470 837
1510480 838
1510490 843
1510500 843
1510510 846
1510520 848
1510530 848
1510540 849
1510550 852
1510560 852
1510570 859
1510580 863
1510590 863
1510600 868
1510610 876
1510620 876
1510630 884
1510640 891
1510650 891
1510660 898
1510670 905
1510680 911
1510690 911
1510700 915
1510710 919
1510720 919
1510730 925
1510740 933
1510750 933
1510760 941
1510770 949
1510780 949
1510790 952
1510800 950
1510810 950
1510820 948
1510830 948
1510840 948
1510850 943
1510860 945
1510870 945
1510880 954
1510890 962
1510900 962
1510910 970
1510920 974
1510930 974
1510940 971
1510950 972
1510960 972
1510970 977
1510980 984
1510990 990
1511000 990
1511010 997
1511020 1005
1511030 1005
1511040 1012
1511050 1017
1511060 1017
1511070 1022
1511080 1028
1511090 1028
1511100 1033
1511110 1038
1511120 1038
1511130 1044
1511140 1049
1511150 1049
1511160 1053
1511170 1056
1511180 1056
1511190 1059
1511200 1060
1511210 1060
1511220 1060
1511230 1060
1511240 1060
1511250 1061
1511260 1062
1511270 1064
1511280 1064
1511290 1072
1511300 1079
1511310 1079
1511320 1085
1511330 1090
1511340 1090
1511350 1094
1511360 1098
1511370 1098
1511380 1102
1511390 1107
1511400 1107
1511410 1115
1511420 1121
1511430 1121
1511440 1126
1511450 1131
1511460 1131
1511470 1134
1511480 1137
1511490 1137
1511500 1140
1511510 1146
1511520 1146
1511530 1154
1511540 1160
1511550 1160
1511560 1165
1511570 1169
1511580 1171
1511590 1171
1511600 1175
1511610 1183
1511620 1183
1511630 1188
1511640 1190
1511650 1190
1511660 1191
1511670 1192
1511680 1192
1511690 1192
1511700 1193
1511710 1193
1511720 1194
1511730 1195
1511740 1195
1511750 1196
1511760 1196
1511770 1196
1511780 1197
1511790 1198
1511800 1198
1511810 1199
1511820 1200
1511830 1200
1511840 1200
1511850 1201
1511860 1201
1511870 1202
1511880 1202
1511890 1202
1511900 1202
1511910 1203
1511920 1203
1511930 1203
1511940 1202
1511950 1197
1511960 1197
1511970 1192
1511980 1187
1511990 1187
1512000 1180
1512010 1176
1512020 1176
1512030 1174
1512040 1172
1512050 1172
1512060 1166
1512070 1159
1512080 1159
1512090 1152
1512100 1145
1512110 1145
1512120 1139
1512130 1137
1512140 1137
1512150 1136
1512160 1131
1512170 1124
1512180 1124
1512190 1115
1512200 1105
1512210 1105
1512220 1097
1512230 1098
1512240 1098
1512250 1105
1512260 1111
1512270 1111
1512280 1108
1512290 1100
1512300 1100
1512310 1100
1512320 1105
1512330 1105
1512340 1111
1512350 1117
1512360 1117
1512370 1123
1512380 1127
1512390 1127
1512400 1134
1512410 1139
1512420 1139
1512430 1145
1512440 1150
1512450 1150
1512460 1157
1512470 1165
1512480 1171
1512490 1171
1512500 1177
1512510 1182
1512520 1182
1512530 1184
1512540 1186
1512550 1186
1512560 1187
1512570 1186
1512580 1186
1512590 1185
1512600 1181
1512610 1181
1512620 1174
1512630 1167
1512640 1167
1512650 1163
1512660 1161
1512670 1161
1512680 1160
1512690 1161
1512700 1161
1512710 1161
1512720 1160
1512730 1160
1512740 1159
1512750 1159
1512760 1159
1512770 1158
1512780 1157
1512790 1156
1512800 1156
1512810 1155
1512820 1155
1512830 1155
1512840 1153
1512850 1151
1512860 1151
1512870 1151
1512880 1153
1512890 1153
1512900 1154
1512910 1155
1512920 1155
1512930 1155
1512940 1154
1512950 1154
1512960 1154
1512970 1154
1512980 1154
1512990 1154
1513000 1155
1513010 1155
1513020 1157
1513030 1158
1513040 1158
1513050 1160
1513060 1161
1513070 1164
1513080 1164
1513090 1166
1513100 1168
1513110 1168
1513120 1171
1513130 1173
1513140 1173
1513150 1173
1513160 1171
1513170 1171
1513180 1170
1513190 1169
1513200 1169
1513210 1169
1513220 1168
1513230 1168
1513240 1166
1513250 1163
1513260 1163
1513270 1161
1513280 1160
1513290 1160
1513300 1160
1513310 1159
1513320 1159
1513330 1159
1513340 1157
1513350 1157
1513360 1154
1513370 1149
1513380 1151
1513390 1151
1513400 1159
1513410 1166
1513420 1166
1513430 1170
1513440 1174
1513450 1174
1513460 1181
1513470 1185
1513480 1185
1513490 1188
1513500 1192
1513510 1192
1513520 1197
1513530 1204
1513540 1204
1513550 1209
1513560 1214
1513570 1214
1513580 1220
1513590 1225
1513600 1225
1513610 1231
1513620 1234
1513630 1234
1513640 1240
1513650 1243
1513660 1243
1513670 1246
1513680 1247
1513690 1249
1513700 1249
1513710 1250
1513720 1250
1513730 1250
1513740 1250
1513750 1250
1513760 1250
1513770 1250
1513780 1251
1513790 1251
1513800 1251
1513810 1251
1513820 1251
1513830 1252
1513840 1254
1513850 1254
1513860 1255
1513870 1255
1513880 1255
1513890 1256
1513900 1257
1513910 1257
1513920 1258
1513930 1259
1513940 1259
1513950 1260
1513960 1261
1513970 1261
1513980 1261
1513990 1262
1514000 1262
1514010 1262
1514020 1263
1514030 1266
1514040 1266
1514050 1267
1514060 1267
1514070 1267
1514080 1268
1514090 1267
1514100 1267
1514110 1267
1514120 1267
1514130 1267
1514140 1267
1514150 1266
1514160 1266
1514170 1266
1514180 1264
1514190 1264
1514200 1263
1514210 1262
1514220 1262
1514230 1260
1514240 1259
1514250 1259
1514260 1257
1514270 1256
1514280 1255
1514290 1255
1514300 1256
1514310 1255
1514320 1255
1514330 1253
1514340 1251
1514350 1251
1514360 1252
1514370 1251
1514380 1251
1514390 1250
1514400 1250
1514410 1250
1514420 1249
1514430 1247
1514440 1247
1514450 1245
1514460 1244
1514470 1244
1514480 1244
1514490 1243
1514500 1243
1514510 1242
1514520 1241
1514530 1241
1514540 1240
1514550 1239
1514560 1239
1514570 1237
1514580 1237
1514590 1235
1514600 1235
1514610 1233
1514620 1232
1514630 1232
1514640 1231
1514650 1230
1514660 1230
1514670 1228
1514680 1228
1514690 1228
1514700 1227
1514710 1226
1514720 1226
1514730 1225
1514740 1223
1514750 1223
1514760 1221
1514770 1220
1514780 1220
1514790 1219
1514800 1218
1514810 1218
1514820 1216
1514830 1215
1514840 1215
1514850 1213
1514860 1211
1514870 1211
1514880 1210
1514890 1209
1514900 1208
1514910 1208
1514920 1206
1514930 1204
1514940 1204
1514950 1204
1514960 1204
1514970 1204
1514980 1205
1514990 1205
1515000 1205
1515010 1206
1515020 1207
1515030 1207
1515040 1207
1515050 1207
1515060 1207
1515070 1207
1515080 1206
1515090 1206
1515100 1206
1515110 1205
1515120 1205
1515130 1205
1515140 1204
1515150 1204
1515160 1202
1515170 1201
1515180 1199
1515190 1199
1515200 1198
1515210 1196
1515220 1196
1515230 1195
1515240 1193
1515250 1193
1515260 1192
1515270 1191
1515280 1191
1515290 1189
1515300 1188
1515310 1188
1515320 1186
1515330 1185
1515340 1185
1515350 1183
1515360 1182
1515370 1182
1515380 1181
1515390 1180
1515400 1180
1515410 1179
1515420 1177
1515430 1177
1515440 1177
1515450 1176
1515460 1176
1515470 1175
1515480 1175
1515490 1174
1515500 1174
1515510 1174
1515520 1173
1515530 1173
1515540 1173
1515550 1173
1515560 1173
1515570 1172
1515580 1172
1515590 1172
1515600 1171
1515610 1171
1515620 1171
1515630 1170
1515640 1170
1515650 1170
1515660 1168
1515670 1167
1515680 1167
1515690 1167
1515700 1166
1515710 1166
1515720 1166
1515730 1166
1515740 1166
1515750 1166
1515760 1165
1515770 1165
1515780 1164
1515790 1163
1515800 1163
1515810 1163
1515820 1162
1515830 1162
1515840 1162
1515850 1161
1515860 1160
1515870 1160
1515880 1160
1515890 1158
1515900 1158
1515910 1157
1515920 1156
1515930 1156
1515940 1155
1515950 1154
1515960 1154
1515970 1153
1515980 1152
1515990 1152
1516000 1151
1516010 1151
1516020 1151
1516030 1150
1516040 1149
1516050 1149
1516060 1148
1516070 1148
1516080 1147
1516090 1147
1516100 1147
1516110 1148
1516120 1148
1516130 1148
1516140 1149
1516150 1149
1516160 1149
1516170 1151
1516180 1151
1516190 1152
1516200 1154
1516210 1154
1516220 1156
1516230 1157
1516240 1157
1516250 1157
1516260 1157
1516270 1157
1516280 1158
1516290 1160
1516300 1160
1516310 1162
1516320 1162
1516330 1162
1516340 1161
1516350 1160
1516360 1160
1516370 1159
1516380 1157
1516390 1154
1516400 1154
1516410 1151
1516420 1150
1516430 1150
1516440 1151
1516450 1150
1516460 1150
1516470 1150
1516480 1151
1516490 1151
1516500 1153
1516510 1154
1516520 1154
1516530 1155
1516540 1157
1516550 1157
1516560 1158
1516570 1157
1516580 1157
1516590 1155
1516600 1154
1516610 1154
1516620 1154
1516630 1154
1516640 1154
1516650 1154
1516660 1154
1516670 1154
1516680 1154
1516690 1154
1516700 1154
1516710 1154
1516720 1153
1516730 1153
1516740 1153
1516750 1153
1516760 1152
1516770 1152
1516780 1151
1516790 1151
1516800 1151
1516810 1150
1516820 1148
1516830 1148
1516840 1147
1516850 1146
1516860 1146
1516870 1145
1516880 1143
1516890 1143
1516900 1142
1516910 1141
1516920 1141
1516930 1142
1516940 1141
1516950 1141
1516960 1140
1516970 1138
1516980 1136
1516990 1136
1517000 1135
1517010 1134
1517020 1134
1517030 1134
1517040 1133
1517050 1133
1517060 1132
1517070 1131
1517080 1131
1517090 1131
1517100 1130
1517110 1130
1517120 1129
1517130 1129
1517140 1129
1517150 1128
1517160 1127
1517170 1127
1517180 1126
1517190 1125
1517200 1125
1517210 1123
1517220 1123
1517230 1123
1517240 1122
1517250 1121
1517260 1121
1517270 1121
1517280 1120
1517290 1115
1517300 1115
1517310 1110
1517320 1106
1517330 1106
1517340 1104
1517350 1101
1517360 1101
1517370 1100
1517380 1103
1517390 1103
1517400 1105
1517410 1106
1517420 1106
1517430 1106
1517440 1107
1517450 1107
1517460 1109
1517470 1111
1517480 1111
1517490 1112
1517500 1114
1517510 1114
1517520 1116
1517530 1118
1517540 1118
1517550 1120
1517560 1122
1517570 1122
1517580 1125
1517590 1128
1517600 1131
1517610 1131
1517620 1133
1517630 1135
1517640 1135
1517650 1136
1517660 1137
1517670 1137
1517680 1137
1517690 1137
1517700 1137
1517710 1138
1517720 1138
1517730 1138
1517740 1138
1517750 1138
1517760 1138
1517770 1138
1517780 1137
1517790 1137
1517800 1138
1517810 1138
1517820 1138
1517830 1138
1517840 1138
1517850 1138
1517860 1138
1517870 1139
1517880 1139
1517890 1140
1517900 1140
1517910 1141
1517920 1141
1517930 1142
1517940 1143
1517950 1143
1517960 1142
1517970 1141
1517980 1141
1517990 1140
1518000 1140
1518010 1140
1518020 1141
1518030 1143
1518040 1143
1518050 1145
1518060 1147
1518070 1147
1518080 1145
1518090 1146
1518100 1146
1518110 1146
1518120 1147
1518130 1147
1518140 1148
1518150 1150
1518160 1150
1518170 1151
1518180 1153
1518190 1156
1518200 1156
1518210 1158
1518220 1160
1518230 1160
1518240 1162
1518250 1163
1518260 1163
1518270 1165
1518280 1166
1518290 1166
1518300 1167
1518310 1169
1518320 1169
1518330 1170
1518340 1171
1518350 1171
1518360 1173
1518370 1174
1518380 1174
1518390 1175
1518400 1176
1518410 1176
1518420 1177
1518430 1178
1518440 1178
1518450 1179
1518460 1180
1518470 1180
1518480 1181
1518490 1183
1518500 1185
1518510 1185
1518520 1186
1518530 1188
1518540 1188
1518550 1190
1518560 1191
1518570 1191
1518580 1193
1518590 1193
1518600 1193
1518610 1193
1518620 1193
1518630 1193
1518640 1193
1518650 1193
1518660 1193
1518670 1193
1518680 1192
1518690 1192
1518700 1191
1518710 1191
1518720 1191
1518730 1190
1518740 1190
1518750 1190
1518760 1190
1518770 1190
1518780 1190
1518790 1189
1518800 1189
1518810 1189
1518820 1189
1518830 1189
1518840 1189
1518850 1189
1518860 1189
1518870 1189
1518880 1189
1518890 1189
1518900 1189
1518910 1189
1518920 1189
1518930 1188
1518940 1188
1518950 1188
1518960 1189
1518970 1189
1518980 1189
1518990 1190
1519000 1190
1519010 1190
1519020 1190
1519030 1190
1519040 1191
1519050 1192
1519060 1192
1519070 1193
1519080 1193
1519090 1194
1519100 1194
1519110 1194
1519120 1195
1519130 1195
1519140 1196
1519150 1196
1519160 1196
1519170 1197
1519180 1197
1519190 1197
1519200 1197
1519210 1198
1519220 1198
1519230 1198
1519240 1198
1519250 1198
1519260 1198
1519270 1197
1519280 1197
1519290 1195
1519300 1198
1519310 1198
1519320 1200
1519330 1202
1519340 1202
1519350 1203
1519360 1204
1519370 1204
1519380 1205
1519390 1205
1519400 1206
1519410 1206
1519420 1206
1519430 1207
1519440 1207
1519450 1207
1519460 1208
1519470 1208
1519480 1208
1519490 1209
1519500 1209
1519510 1208
1519520 1208
1519530 1208
1519540 1208
1519550 1209
1519560 1209
1519570 1210
1519580 1210
1519590 1210
1519600 1210
1519610 1211
1519620 1211
1519630 1211
1519640 1210
1519650 1210
1519660 1211
1519670 1212
1519680 1212
1519690 1211
1519700 1211
1519710 1212
1519720 1212
1519730 1212
1519740 1211
1519750 1211
1519760 1211
1519770 1211
1519780 1211
1519790 1211
1519800 1211
1519810 1211
1519820 1211
1519830 1211
1519840 1211
1519850 1211
1519860 1210
1519870 1210
1519880 1210
1519890 1210
1519900 1210
1519910 1210
1519920 1210
1519930 1210
1519940 1209
1519950 1209
1519960 1209
1519970 1208
1519980 1209
1519990 1209
