1500000 1619
1500010 1619
1500020 1621
1500030 1624
1500040 1624
1500050 1627
1500060 1631
1500070 1631
1500080 1634
1500090 1638
1500100 1638
1500110 1642
1500120 1646
1500130 1646
1500140 1649
1500150 1653
1500160 1653
1500170 1656
1500180 1659
1500190 1659
1500200 1662
1500210 1666
1500220 1666
1500230 1670
1500240 1675
1500250 1675
1500260 1679
1500270 1683
1500280 1686
1500290 1686
1500300 1688
1500310 1691
1500320 1691
1500330 1693
1500340 1694
1500350 1694
1500360 1695
1500370 1697
1500380 1697
1500390 1702
1500400 1705
1500410 1705
1500420 1706
1500430 1706
1500440 1706
1500450 1705
1500460 1704
1500470 1704
1500480 1703
1500490 1702
1500500 1702
1500510 1701
1500520 1699
1500530 1699
1500540 1694
1500550 1689
1500560 1689
1500570 1683
1500580 1676
1500590 1671
1500600 1671
1500610 1665
1500620 1659
1500630 1659
1500640 1653
1500650 1646
1500660 1646
1500670 1640
1500680 1634
1500690 1634
1500700 1627
1500710 1620
1500720 1620
1500730 1613
1500740 1606
1500750 1606
1500760 1601
1500770 1595
1500780 1595
1500790 1589
1500800 1583
1500810 1583
1500820 1577
1500830 1569
1500840 1569
1500850 1562
1500860 1555
1500870 1555
1500880 1549
1500890 1543
1500900 1538
1500910 1538
1500920 1535
1500930 1533
1500940 1533
1500950 1529
1500960 1522
1500970 1522
1500980 1521
1500990 1524
1501000 1524
1501010 1523
1501020 1520
1501030 1520
1501040 1517
1501050 1518
1501060 1518
1501070 1521
1501080 1521
1501090 1521
1501100 1520
1501110 1518
1501120 1518
1501130 1517
1501140 1513
1501150 1513
1501160 1511
1501170 1511
1501180 1511
1501190 1512
1501200 1512
1501210 1511
1501220 1511
1501230 1511
1501240 1510
1501250 1510
1501260 1510
1501270 1511
1501280 1511
1501290 1513
1501300 1514
1501310 1514
1501320 1514
1501330 1518
1501340 1518
1501350 1521
1501360 1522
1501370 1522
1501380 1527
1501390 1530
1501400 1530
1501410 1534
1501420 1539
1501430 1539
1501440 1542
1501450 1544
1501460 1544
1501470 1546
1501480 1547
1501490 1548
1501500 1548
1501510 1550
1501520 1553
1501530 1553
1501540 1556
1501550 1559
1501560 1559
1501570 1561
1501580 1563
1501590 1563
1501600 1563
1501610 1562
1501620 1562
1501630 1562
1501640 1561
1501650 1561
1501660 1560
1501670 1559
1501680 1559
1501690 1558
1501700 1555
1501710 1555
1501720 1553
1501730 1550
1501740 1550
1501750 1547
1501760 1544
1501770 1544
1501780 1540
1501790 1537
1501800 1533
1501810 1533
1501820 1528
1501830 1525
1501840 1525
1501850 1524
1501860 1522
1501870 1522
1501880 1520
1501890 1520
1501900 1520
1501910 1519
1501920 1518
1501930 1518
1501940 1517
1501950 1516
1501960 1516
1501970 1514
1501980 1514
1501990 1514
1502000 1516
1502010 1518
1502020 1518
1502030 1520
1502040 1522
1502050 1522
1502060 1524
1502070 1525
1502080 1525
1502090 1525
1502100 1526
1502110 1527
1502120 1527
1502130 1528
1502140 1530
1502150 1530
1502160 1533
1502170 1535
1502180 1535
1502190 1536
1502200 1539
1502210 1539
1502220 1543
1502230 1547
1502240 1547
1502250 1550
1502260 1552
1502270 1552
1502280 1556
1502290 1559
1502300 1559
1502310 1561
1502320 1564
1502330 1564
1502340 1567
1502350 1569
1502360 1569
1502370 1572
1502380 1576
1502390 1576
1502400 1579
1502410 1583
1502420 1588
1502430 1588
1502440 1591
1502450 1593
1502460 1593
1502470 1596
1502480 1598
1502490 1598
1502500 1601
1502510 1603
1502520 1603
1502530 1605
1502540 1609
1502550 1609
1502560 1610
1502570 1612
1502580 1612
1502590 1613
1502600 1614
1502610 1614
1502620 1614
1502630 1613
1502640 1613
1502650 1612
1502660 1610
1502670 1610
1502680 1608
1502690 1607
1502700 1607
1502710 1605
1502720 1604
1502730 1601
1502740 1601
1502750 1600
1502760 1601
1502770 1601
1502780 1601
1502790 1600
1502800 1600
1502810 1598
1502820 1598
1502830 1598
1502840 1598
1502850 1597
1502860 1597
1502870 1596
1502880 1596
1502890 1596
1502900 1595
1502910 1595
1502920 1595
1502930 1595
1502940 1595
1502950 1595
1502960 1596
1502970 1598
1502980 1598
1502990 1599
1503000 1599
1503010 1599
1503020 1599
1503030 1600
1503040 1602
1503050 1602
1503060 1602
1503070 1603
1503080 1603
1503090 1604
1503100 1606
1503110 1606
1503120 1608
1503130 1608
1503140 1608
1503150 1610
1503160 1611
1503170 1611
1503180 1612
1503190 1612
1503200 1612
1503210 1612
1503220 1612
1503230 1612
1503240 1613
1503250 1613
1503260 1613
1503270 1613
1503280 1613
1503290 1613
1503300 1614
1503310 1616
1503320 1618
1503330 1618
1503340 1618
1503350 1619
1503360 1619
1503370 1618
1503380 1618
1503390 1618
1503400 1618
1503410 1618
1503420 1618
1503430 1620
1503440 1622
1503450 1622
1503460 1624
1503470 1625
1503480 1625
1503490 1627
1503500 1629
1503510 1629
1503520 1630
1503530 1631
1503540 1631
1503550 1632
1503560 1633
1503570 1633
1503580 1633
1503590 1633
1503600 1633
1503610 1632
1503620 1632
1503630 1632
1503640 1632
1503650 1632
1503660 1633
1503670 1633
1503680 1633
1503690 1633
1503700 1633
1503710 1634
1503720 1634
1503730 1634
1503740 1635
1503750 1636
1503760 1636
1503770 1636
1503780 1636
1503790 1636
1503800 1635
1503810 1634
1503820 1634
1503830 1633
1503840 1632
1503850 1632
1503860 1632
1503870 1631
1503880 1631
1503890 1630
1503900 1629
1503910 1629
1503920 1629
1503930 1629
1503940 1629
1503950 1629
1503960 1628
1503970 1628
1503980 1628
1503990 1627
1504000 1627
1504010 1627
1504020 1625
1504030 1621
1504040 1621
1504050 1618
1504060 1617
1504070 1617
1504080 1615
1504090 1614
1504100 1614
1504110 1611
1504120 1610
1504130 1610
1504140 1611
1504150 1612
1504160 1612
1504170 1613
1504180 1613
1504190 1613
1504200 1612
1504210 1612
1504220 1611
1504230 1611
1504240 1610
1504250 1610
1504260 1610
1504270 1610
1504280 1610
1504290 1610
1504300 1610
1504310 1610
1504320 1610
1504330 1609
1504340 1605
1504350 1605
1504360 1601
1504370 1597
1504380 1597
1504390 1595
1504400 1594
1504410 1594
1504420 1592
1504430 1591
1504440 1591
1504450 1589
1504460 1588
1504470 1588
1504480 1587
1504490 1586
1504500 1586
1504510 1586
1504520 1585
1504530 1585
1504540 1583
1504550 1583
1504560 1583
1504570 1583
1504580 1583
1504590 1583
1504600 1583
1504610 1583
1504620 1582
1504630 1582
1504640 1582
1504650 1582
1504660 1582
1504670 1581
1504680 1581
1504690 1581
1504700 1581
1504710 1580
1504720 1580
1504730 1580
1504740 1581
1504750 1581
1504760 1581
1504770 1582
1504780 1582
1504790 1582
1504800 1583
1504810 1583
1504820 1583
1504830 1583
1504840 1583
1504850 1583
1504860 1583
1504870 1583
1504880 1583
1504890 1582
1504900 1582
1504910 1582
1504920 1582
1504930 1582
1504940 1582
1504950 1582
1504960 1582
1504970 1582
1504980 1582
1504990 1582
1505000 1582
1505010 1582
1505020 1581
1505030 1581
1505040 1580
1505050 1579
1505060 1579
1505070 1577
1505080 1576
1505090 1576
1505100 1574
1505110 1573
1505120 1573
1505130 1572
1505140 1570
1505150 1569
1505160 1569
1505170 1568
1505180 1567
1505190 1567
1505200 1566
1505210 1564
1505220 1564
1505230 1563
1505240 1562
1505250 1562
1505260 1561
1505270 1560
1505280 1560
1505290 1558
1505300 1557
1505310 1557
1505320 1555
1505330 1554
1505340 1554
1505350 1553
1505360 1552
1505370 1552
1505380 1550
1505390 1549
1505400 1549
1505410 1548
1505420 1547
1505430 1547
1505440 1546
1505450 1545
1505460 1544
1505470 1544
1505480 1543
1505490 1542
1505500 1542
1505510 1541
1505520 1540
1505530 1540
1505540 1538
1505550 1536
1505560 1536
1505570 1534
1505580 1532
1505590 1532
1505600 1530
1505610 1528
1505620 1528
1505630 1526
1505640 1524
1505650 1524
1505660 1522
1505670 1520
1505680 1520
1505690 1518
1505700 1517
1505710 1517
1505720 1516
1505730 1514
1505740 1512
1505750 1512
1505760 1509
1505770 1506
1505780 1506
1505790 1504
1505800 1503
1505810 1503
1505820 1501
1505830 1500
1505840 1500
1505850 1498
1505860 1495
1505870 1495
1505880 1494
1505890 1492
1505900 1492
1505910 1490
1505920 1487
1505930 1487
1505940 1484
1505950 1481
1505960 1481
1505970 1480
1505980 1479
1505990 1479
1506000 1476
1506010 1474
1506020 1474
1506030 1472
1506040 1470
1506050 1468
1506060 1468
1506070 1467
1506080 1466
1506090 1466
1506100 1465
1506110 1463
1506120 1463
1506130 1462
1506140 1461
1506150 1461
1506160 1459
1506170 1458
1506180 1458
1506190 1458
1506200 1457
1506210 1457
1506220 1456
1506230 1454
1506240 1454
1506250 1453
1506260 1451
1506270 1451
1506280 1449
1506290 1447
1506300 1447
1506310 1446
1506320 1447
1506330 1447
1506340 1449
1506350 1451
1506360 1452
1506370 1452
1506380 1452
1506390 1453
1506400 1453
1506410 1454
1506420 1455
1506430 1455
1506440 1456
1506450 1457
1506460 1457
1506470 1457
1506480 1458
1506490 1458
1506500 1459
1506510 1459
1506520 1459
1506530 1459
1506540 1460
1506550 1460
1506560 1460
1506570 1460
1506580 1460
1506590 1460
1506600 1459
1506610 1459
1506620 1456
1506630 1453
1506640 1453
1506650 1453
1506660 1453
1506670 1453
1506680 1453
1506690 1453
1506700 1453
1506710 1453
1506720 1453
1506730 1454
1506740 1454
1506750 1454
1506760 1454
1506770 1454
1506780 1454
1506790 1453
1506800 1453
1506810 1453
1506820 1453
1506830 1453
1506840 1453
1506850 1453
1506860 1453
1506870 1454
1506880 1454
1506890 1454
1506900 1454
1506910 1453
1506920 1453
1506930 1453
1506940 1453
1506950 1453
1506960 1452
1506970 1452
1506980 1452
1506990 1452
1507000 1451
1507010 1451
1507020 1451
1507030 1450
1507040 1449
1507050 1449
1507060 1447
1507070 1446
1507080 1446
1507090 1446
1507100 1445
1507110 1445
1507120 1444
1507130 1443
1507140 1443
1507150 1443
1507160 1442
1507170 1442
1507180 1442
1507190 1441
1507200 1441
1507210 1441
1507220 1441
1507230 1441
1507240 1441
1507250 1440
1507260 1439
1507270 1439
1507280 1438
1507290 1437
1507300 1437
1507310 1436
1507320 1436
1507330 1436
1507340 1435
1507350 1434
1507360 1434
1507370 1433
1507380 1432
1507390 1432
1507400 1432
1507410 1432
1507420 1432
1507430 1431
1507440 1430
1507450 1430
1507460 1430
1507470 1429
1507480 1429
1507490 1428
1507500 1427
1507510 1427
1507520 1427
1507530 1426
1507540 1426
1507550 1425
1507560 1425
1507570 1425
1507580 1425
1507590 1425
1507600 1424
1507610 1424
1507620 1423
1507630 1422
1507640 1422
1507650 1417
1507660 1408
1507670 1408
1507680 1400
1507690 1393
1507700 1393
1507710 1391
1507720 1389
1507730 1389
1507740 1386
1507750 1382
1507760 1382
1507770 1378
1507780 1376
1507790 1376
1507800 1373
1507810 1373
1507820 1373
1507830 1374
1507840 1373
1507850 1373
1507860 1370
1507870 1367
1507880 1365
1507890 1365
1507900 1365
1507910 1366
1507920 1366
1507930 1366
1507940 1368
1507950 1368
1507960 1368
1507970 1368
1507980 1368
1507990 1366
1508000 1365
1508010 1365
1508020 1365
1508030 1365
1508040 1365
1508050 1364
1508060 1364
1508070 1364
1508080 1366
1508090 1367
1508100 1367
1508110 1366
1508120 1366
1508130 1366
1508140 1364
1508150 1360
1508160 1360
1508170 1356
1508180 1352
1508190 1348
1508200 1348
1508210 1344
1508220 1342
1508230 1342
1508240 1340
1508250 1339
1508260 1339
1508270 1337
1508280 1336
1508290 1336
1508300 1337
1508310 1335
1508320 1335
1508330 1331
1508340 1327
1508350 1327
1508360 1323
1508370 1320
1508380 1320
1508390 1318
1508400 1316
1508410 1316
1508420 1316
1508430 1316
1508440 1316
1508450 1316
1508460 1315
1508470 1315
1508480 1314
1508490 1313
1508500 1311
1508510 1311
1508520 1308
1508530 1305
1508540 1305
1508550 1302
1508560 1298
1508570 1298
1508580 1294
1508590 1291
1508600 1291
1508610 1290
1508620 1287
1508630 1287
1508640 1284
1508650 1283
1508660 1283
1508670 1282
1508680 1280
1508690 1280
1508700 1277
1508710 1275
1508720 1275
1508730 1274
1508740 1273
1508750 1273
1508760 1273
1508770 1273
1508780 1270
1508790 1270
1508800 1267
1508810 1263
1508820 1263
1508830 1259
1508840 1255
1508850 1255
1508860 1254
1508870 1253
1508880 1253
1508890 1251
1508900 1249
1508910 1249
1508920 1248
1508930 1250
1508940 1250
1508950 1254
1508960 1255
1508970 1255
1508980 1254
1508990 1252
1509000 1252
1509010 1251
1509020 1251
1509030 1251
1509040 1251
1509050 1251
1509060 1251
1509070 1250
1509080 1248
1509090 1237
1509100 1237
1509110 1228
1509120 1220
1509130 1220
1509140 1216
1509150 1211
1509160 1211
1509170 1206
1509180 1200
1509190 1200
1509200 1193
1509210 1185
1509220 1185
1509230 1178
1509240 1172
1509250 1172
1509260 1167
1509270 1161
1509280 1161
1509290 1157
1509300 1150
1509310 1150
1509320 1145
1509330 1138
1509340 1138
1509350 1131
1509360 1125
1509370 1125
1509380 1119
1509390 1115
1509400 1114
1509410 1114
1509420 1112
1509430 1111
1509440 1111
1509450 1110
1509460 1107
1509470 1107
1509480 1102
1509490 1095
1509500 1095
1509510 1086
1509520 1079
1509530 1079
1509540 1073
1509550 1069
1509560 1069
1509570 1065
1509580 1060
1509590 1060
1509600 1055
1509610 1049
1509620 1049
1509630 1041
1509640 1035
1509650 1035
1509660 1030
1509670 1024
1509680 1024
1509690 1019
1509700 1014
1509710 1008
1509720 1008
1509730 1004
1509740 999
1509750 999
1509760 992
1509770 987
1509780 987
1509790 980
1509800 974
1509810 974
1509820 968
1509830 963
1509840 963
1509850 958
1509860 954
1509870 954
1509880 949
1509890 945
1509900 945
1509910 937
1509920 928
1509930 928
1509940 923
1509950 922
1509960 922
1509970 924
1509980 927
1509990 927
1510000 930
1510010 935
1510020 941
1510030 941
1510040 947
1510050 953
1510060 953
1510070 962
1510080 972
1510090 972
1510100 983
1510110 989
1510120 989
1510130 994
1510140 1001
1510150 1005
1510160 1011
1510170 1018
1510180 1018
1510190 1026
1510200 1032
1510210 1032
1510220 1037
1510230 1043
1510240 1043
1510250 1050
1510260 1057
1510270 1057
1510280 1062
1510290 1070
1510300 1078
1510310 1078
1510320 1084
1510330 1090
1510340 1090
1510350 1096
1510360 1102
1510370 1102
1510380 1107
1510390 1111
1510400 1111
1510410 1117
1510420 1122
1510430 1122
1510440 1126
1510450 1130
1510460 1130
1510470 1134
1510480 1139
1510490 1139
1510500 1145
1510510 1149
1510520 1149
1510530 1151
1510540 1154
1510550 1154
1510560 1158
1510570 1161
1510580 1161
1510590 1165
1510600 1170
1510610 1174
1510620 1174
1510630 1178
1510640 1181
1510650 1181
1510660 1185
1510670 1190
1510680 1190
1510690 1195
1510700 1201
1510710 1201
1510720 1206
1510730 1211
1510740 1211
1510750 1216
1510760 1221
1510770 1221
1510780 1226
1510790 1229
1510800 1229
1510810 1232
1510820 1234
1510830 1234
1510840 1236
1510850 1239
1510860 1239
1510870 1241
1510880 1242
1510890 1242
1510900 1243
1510910 1245
1510920 1248
1510930 1248
1510940 1250
1510950 1253
1510960 1253
1510970 1256
1510980 1260
1510990 1260
1511000 1262
1511010 1265
1511020 1265
1511030 1266
1511040 1267
1511050 1267
1511060 1269
1511070 1272
1511080 1272
1511090 1274
1511100 1277
1511110 1277
1511120 1277
1511130 1278
1511140 1278
1511150 1281
1511160 1284
1511170 1284
1511180 1287
1511190 1290
1511200 1290
1511210 1293
1511220 1295
1511230 1296
1511240 1296
1511250 1297
1511260 1301
1511270 1301
1511280 1306
1511290 1309
1511300 1309
1511310 1312
1511320 1316
1511330 1316
1511340 1320
1511350 1325
1511360 1325
1511370 1328
1511380 1330
1511390 1330
1511400 1331
1511410 1333
1511420 1333
1511430 1335
1511440 1337
1511450 1337
1511460 1341
1511470 1344
1511480 1344
1511490 1348
1511500 1350
1511510 1350
1511520 1350
1511530 1350
1511540 1351
1511550 1351
1511560 1353
1511570 1356
1511580 1356
1511590 1358
1511600 1360
1511610 1360
1511620 1363
1511630 1367
1511640 1367
1511650 1371
1511660 1375
1511670 1375
1511680 1378
1511690 1378
1511700 1378
1511710 1379
1511720 1381
1511730 1381
1511740 1383
1511750 1385
1511760 1385
1511770 1388
1511780 1392
1511790 1392
1511800 1395
1511810 1398
1511820 1400
1511830 1400
1511840 1403
1511850 1404
1511860 1404
1511870 1406
1511880 1406
1511890 1406
1511900 1407
1511910 1409
1511920 1409
1511930 1412
1511940 1414
1511950 1414
1511960 1416
1511970 1416
1511980 1416
1511990 1418
1512000 1422
1512010 1422
1512020 1426
1512030 1431
1512040 1431
1512050 1434
1512060 1439
1512070 1439
1512080 1443
1512090 1448
1512100 1448
1512110 1452
1512120 1455
1512130 1458
1512140 1458
1512150 1459
1512160 1462
1512170 1462
1512180 1465
1512190 1468
1512200 1468
1512210 1470
1512220 1472
1512230 1472
1512240 1474
1512250 1477
1512260 1477
1512270 1479
1512280 1481
1512290 1481
1512300 1482
1512310 1484
1512320 1484
1512330 1485
1512340 1486
1512350 1486
1512360 1487
1512370 1488
1512380 1488
1512390 1490
1512400 1492
1512410 1492
1512420 1493
1512430 1495
1512440 1498
1512450 1498
1512460 1498
1512470 1498
1512480 1498
1512490 1499
1512500 1499
1512510 1499
1512520 1499
1512530 1499
1512540 1499
1512550 1499
1512560 1499
1512570 1499
1512580 1499
1512590 1498
1512600 1498
1512610 1498
1512620 1498
1512630 1498
1512640 1499
1512650 1499
1512660 1499
1512670 1501
1512680 1502
1512690 1502
1512700 1503
1512710 1504
1512720 1504
1512730 1505
1512740 1506
1512750 1509
1512760 1509
1512770 1511
1512780 1514
1512790 1514
1512800 1516
1512810 1519
1512820 1519
1512830 1521
1512840 1526
1512850 1526
1512860 1531
1512870 1535
1512880 1535
1512890 1538
1512900 1540
1512910 1540
1512920 1541
1512930 1543
1512940 1543
1512950 1545
1512960 1547
1512970 1547
1512980 1550
1512990 1554
1513000 1554
1513010 1558
1513020 1560
1513030 1561
1513040 1561
1513050 1561
1513060 1561
1513070 1561
1513080 1562
1513090 1562
1513100 1562
1513110 1562
1513120 1561
1513130 1561
1513140 1560
1513150 1559
1513160 1559
1513170 1557
1513180 1556
1513190 1556
1513200 1554
1513210 1552
1513220 1552
1513230 1549
1513240 1546
1513250 1546
1513260 1543
1513270 1541
1513280 1541
1513290 1538
1513300 1536
1513310 1536
1513320 1534
1513330 1530
1513340 1528
1513350 1528
1513360 1526
1513370 1525
1513380 1525
1513390 1524
1513400 1524
1513410 1524
1513420 1524
1513430 1523
1513440 1523
1513450 1522
1513460 1521
1513470 1521
1513480 1520
1513490 1519
1513500 1519
1513510 1517
1513520 1517
1513530 1517
1513540 1518
1513550 1519
1513560 1519
1513570 1519
1513580 1520
1513590 1520
1513600 1522
1513610 1524
1513620 1524
1513630 1525
1513640 1526
1513650 1528
1513660 1528
1513670 1529
1513680 1530
1513690 1530
1513700 1531
1513710 1532
1513720 1532
1513730 1531
1513740 1530
1513750 1530
1513760 1530
1513770 1530
1513780 1530
1513790 1530
1513800 1530
1513810 1530
1513820 1530
1513830 1530
1513840 1530
1513850 1529
1513860 1529
1513870 1529
1513880 1528
1513890 1527
1513900 1527
1513910 1525
1513920 1524
1513930 1524
1513940 1523
1513950 1522
1513960 1522
1513970 1522
1513980 1523
1513990 1525
1514000 1525
1514010 1526
1514020 1529
1514030 1529
1514040 1533
1514050 1537
1514060 1537
1514070 1540
1514080 1541
1514090 1541
1514100 1541
1514110 1541
1514120 1541
1514130 1540
1514140 1540
1514150 1540
1514160 1540
1514170 1539
1514180 1539
1514190 1538
1514200 1537
1514210 1537
1514220 1536
1514230 1535
1514240 1535
1514250 1533
1514260 1532
1514270 1530
1514280 1530
1514290 1530
1514300 1529
1514310 1529
1514320 1528
1514330 1527
1514340 1527
1514350 1526
1514360 1527
1514370 1527
1514380 1528
1514390 1529
1514400 1529
1514410 1529
1514420 1528
1514430 1528
1514440 1528
1514450 1528
1514460 1528
1514470 1527
1514480 1527
1514490 1527
1514500 1527
1514510 1527
1514520 1527
1514530 1526
1514540 1526
1514550 1525
1514560 1525
1514570 1524
1514580 1523
1514590 1523
1514600 1522
1514610 1521
1514620 1521
1514630 1520
1514640 1519
1514650 1519
1514660 1519
1514670 1518
1514680 1518
1514690 1515
1514700 1514
1514710 1514
1514720 1512
1514730 1510
1514740 1510
1514750 1511
1514760 1510
1514770 1510
1514780 1509
1514790 1508
1514800 1508
1514810 1506
1514820 1504
1514830 1504
1514840 1502
1514850 1500
1514860 1498
1514870 1498
1514880 1496
1514890 1495
1514900 1495
1514910 1492
1514920 1491
1514930 1491
1514940 1490
1514950 1489
1514960 1489
1514970 1487
1514980 1485
1514990 1485
1515000 1484
1515010 1483
1515020 1483
1515030 1483
1515040 1483
1515050 1483
1515060 1482
1515070 1481
1515080 1481
1515090 1480
1515100 1479
1515110 1479
1515120 1478
1515130 1477
1515140 1477
1515150 1475
1515160 1474
1515170 1471
1515180 1471
1515190 1469
1515200 1466
1515210 1466
1515220 1465
1515230 1463
1515240 1463
1515250 1463
1515260 1461
1515270 1461
1515280 1460
1515290 1458
1515300 1458
1515310 1455
1515320 1454
1515330 1454
1515340 1453
1515350 1451
1515360 1451
1515370 1450
1515380 1449
1515390 1449
1515400 1450
1515410 1451
1515420 1451
1515430 1451
1515440 1451
1515450 1451
1515460 1450
1515470 1449
1515480 1448
1515490 1448
1515500 1446
1515510 1444
1515520 1444
1515530 1441
1515540 1439
1515550 1439
1515560 1436
1515570 1432
1515580 1432
1515590 1429
1515600 1426
1515610 1426
1515620 1423
1515630 1420
1515640 1420
1515650 1417
1515660 1415
1515670 1415
1515680 1412
1515690 1410
1515700 1410
1515710 1407
1515720 1403
1515730 1403
1515740 1400
1515750 1396
1515760 1396
1515770 1393
1515780 1388
1515790 1384
1515800 1384
1515810 1381
1515820 1379
1515830 1379
1515840 1376
1515850 1373
1515860 1373
1515870 1371
1515880 1368
1515890 1368
1515900 1366
1515910 1364
1515920 1364
1515930 1362
1515940 1360
1515950 1360
1515960 1357
1515970 1355
1515980 1355
1515990 1353
1516000 1351
1516010 1351
1516020 1349
1516030 1347
1516040 1347
1516050 1345
1516060 1342
1516070 1339
1516080 1339
1516090 1336
1516100 1334
1516110 1334
1516120 1333
1516130 1331
1516140 1331
1516150 1329
1516160 1327
1516170 1327
1516180 1323
1516190 1320
1516200 1320
1516210 1317
1516220 1314
1516230 1314
1516240 1312
1516250 1310
1516260 1310
1516270 1307
1516280 1304
1516290 1304
1516300 1301
1516310 1298
1516320 1298
1516330 1296
1516340 1291
1516350 1291
1516360 1287
1516370 1285
1516380 1282
1516390 1282
1516400 1278
1516410 1275
1516420 1275
1516430 1271
1516440 1268
1516450 1268
1516460 1265
1516470 1262
1516480 1262
1516490 1258
1516500 1255
1516510 1255
1516520 1253
1516530 1251
1516540 1251
1516550 1248
1516560 1247
1516570 1247
1516580 1246
1516590 1244
1516600 1244
1516610 1243
1516620 1240
1516630 1240
1516640 1236
1516650 1233
1516660 1233
1516670 1229
1516680 1225
1516690 1221
1516700 1221
1516710 1217
1516720 1215
1516730 1215
1516740 1211
1516750 1208
1516760 1208
1516770 1204
1516780 1202
1516790 1202
1516800 1199
1516810 1197
1516820 1197
1516830 1195
1516840 1194
1516850 1194
1516860 1193
1516870 1192
1516880 1192
1516890 1190
1516900 1188
1516910 1188
1516920 1185
1516930 1183
1516940 1183
1516950 1181
1516960 1180
1516970 1180
1516980 1178
1516990 1177
1517000 1175
1517010 1175
1517020 1172
1517030 1170
1517040 1170
1517050 1169
1517060 1166
1517070 1166
1517080 1164
1517090 1162
1517100 1162
1517110 1160
1517120 1158
1517130 1158
1517140 1156
1517150 1154
1517160 1154
1517170 1152
1517180 1150
1517190 1150
1517200 1149
1517210 1147
1517220 1147
1517230 1146
1517240 1144
1517250 1144
1517260 1142
1517270 1141
1517280 1140
1517290 1140
1517300 1140
1517310 1140
1517320 1140
1517330 1139
1517340 1139
1517350 1139
1517360 1139
1517370 1139
1517380 1139
1517390 1139
1517400 1139
1517410 1139
1517420 1139
1517430 1139
1517440 1139
1517450 1140
1517460 1141
1517470 1141
1517480 1142
1517490 1142
1517500 1142
1517510 1142
1517520 1141
1517530 1141
1517540 1140
1517550 1139
1517560 1139
1517570 1139
1517580 1139
1517590 1139
1517600 1139
1517610 1140
1517620 1140
1517630 1140
1517640 1140
1517650 1140
1517660 1140
1517670 1140
1517680 1140
1517690 1140
1517700 1141
1517710 1141
1517720 1141
1517730 1141
1517740 1141
1517750 1141
1517760 1142
1517770 1143
1517780 1143
1517790 1143
1517800 1146
1517810 1146
1517820 1148
1517830 1150
1517840 1150
1517850 1152
1517860 1154
1517870 1154
1517880 1156
1517890 1157
1517900 1159
1517910 1159
1517920 1160
1517930 1161
1517940 1161
1517950 1162
1517960 1163
1517970 1163
1517980 1164
1517990 1165
1518000 1165
1518010 1165
1518020 1166
1518030 1166
1518040 1167
1518050 1168
1518060 1168
1518070 1169
1518080 1170
1518090 1170
1518100 1170
1518110 1171
1518120 1171
1518130 1172
1518140 1172
1518150 1172
1518160 1173
1518170 1174
1518180 1174
1518190 1174
1518200 1175
1518210 1175
1518220 1175
1518230 1176
1518240 1176
1518250 1176
1518260 1177
1518270 1177
1518280 1177
1518290 1177
1518300 1177
1518310 1177
1518320 1177
1518330 1177
1518340 1177
1518350 1177
1518360 1178
1518370 1178
1518380 1178
1518390 1179
1518400 1179
1518410 1179
1518420 1180
1518430 1180
1518440 1182
1518450 1182
1518460 1182
1518470 1184
1518480 1185
1518490 1185
1518500 1186
1518510 1187
1518520 1188
1518530 1188
1518540 1190
1518550 1191
1518560 1191
1518570 1192
1518580 1194
1518590 1194
1518600 1195
1518610 1197
1518620 1197
1518630 1198
1518640 1200
1518650 1200
1518660 1201
1518670 1201
1518680 1201
1518690 1202
1518700 1203
1518710 1203
1518720 1204
1518730 1204
1518740 1204
1518750 1205
1518760 1206
1518770 1206
1518780 1206
1518790 1206
1518800 1207
1518810 1207
1518820 1207
1518830 1207
1518840 1207
1518850 1207
1518860 1207
1518870 1207
1518880 1207
1518890 1207
1518900 1207
1518910 1206
1518920 1206
1518930 1206
1518940 1205
1518950 1205
1518960 1205
1518970 1204
1518980 1203
1518990 1203
1519000 1202
1519010 1202
1519020 1202
1519030 1201
1519040 1200
1519050 1200
1519060 1199
1519070 1198
1519080 1198
1519090 1197
1519100 1195
1519110 1194
1519120 1194
1519130 1193
1519140 1191
1519150 1191
1519160 1190
1519170 1188
1519180 1188
1519190 1187
1519200 1186
1519210 1186
1519220 1184
1519230 1182
1519240 1182
1519250 1181
1519260 1179
1519270 1179
1519280 1178
1519290 1176
1519300 1176
1519310 1174
1519320 1171
1519330 1171
1519340 1168
1519350 1162
1519360 1162
1519370 1156
1519380 1151
1519390 1151
1519400 1148
1519410 1145
1519420 1142
1519430 1142
1519440 1138
1519450 1135
1519460 1135
1519470 1131
1519480 1127
1519490 1127
1519500 1123
1519510 1119
1519520 1119
1519530 1117
1519540 1116
1519550 1116
1519560 1115
1519570 1114
1519580 1114
1519590 1114
1519600 1114
1519610 1114
1519620 1114
1519630 1113
1519640 1113
1519650 1113
1519660 1113
1519670 1113
1519680 1113
1519690 1113
1519700 1113
1519710 1113
1519720 1113
1519730 1113
1519740 1113
1519750 1112
1519760 1111
1519770 1111
1519780 1110
1519790 1109
1519800 1109
1519810 1109
1519820 1109
1519830 1109
1519840 1108
1519850 1108
1519860 1108
1519870 1108
1519880 1108
1519890 1108
1519900 1107
1519910 1107
1519920 1107
1519930 1107
1519940 1107
1519950 1107
1519960 1107
1519970 1106
1519980 1106
1519990 1106
