1500000 1118
1500010 1121
1500020 1121
1500030 1124
1500040 1127
1500050 1131
1500060 1131
1500070 1134
1500080 1137
1500090 1137
1500100 1141
1500110 1145
1500120 1145
1500130 1148
1500140 1151
1500150 1151
1500160 1155
1500170 1158
1500180 1158
1500190 1161
1500200 1164
1500210 1164
1500220 1166
1500230 1169
1500240 1169
1500250 1173
1500260 1176
1500270 1176
1500280 1179
1500290 1181
1500300 1181
1500310 1183
1500320 1182
1500330 1182
1500340 1181
1500350 1181
1500360 1181
1500370 1181
1500380 1181
1500390 1182
1500400 1182
1500410 1183
1500420 1184
1500430 1184
1500440 1185
1500450 1187
1500460 1187
1500470 1188
1500480 1189
1500490 1189
1500500 1189
1500510 1188
1500520 1188
1500530 1189
1500540 1189
1500550 1189
1500560 1190
1500570 1190
1500580 1190
1500590 1191
1500600 1191
1500610 1191
1500620 1191
1500630 1192
1500640 1192
1500650 1192
1500660 1192
1500670 1191
1500680 1191
1500690 1191
1500700 1190
1500710 1190
1500720 1189
1500730 1188
1500740 1188
1500750 1187
1500760 1185
1500770 1185
1500780 1183
1500790 1182
1500800 1182
1500810 1182
1500820 1182
1500830 1182
1500840 1181
1500850 1181
1500860 1181
1500870 1180
1500880 1179
1500890 1179
1500900 1178
1500910 1178
1500920 1178
1500930 1177
1500940 1177
1500950 1177
1500960 1176
1500970 1175
1500980 1174
1500990 1174
1501000 1173
1501010 1173
1501020 1173
1501030 1170
1501040 1167
1501050 1167
1501060 1164
1501070 1159
1501080 1159
1501090 1156
1501100 1151
1501110 1151
1501120 1150
1501130 1158
1501140 1158
1501150 1163
1501160 1168
1501170 1168
1501180 1172
1501190 1172
1501200 1172
1501210 1172
1501220 1172
1501230 1172
1501240 1172
1501250 1170
1501260 1170
1501270 1168
1501280 1168
1501290 1169
1501300 1169
1501310 1170
1501320 1171
1501330 1171
1501340 1171
1501350 1171
1501360 1171
1501370 1172
1501380 1172
1501390 1172
1501400 1174
1501410 1175
1501420 1175
1501430 1175
1501440 1174
1501450 1174
1501460 1173
1501470 1170
1501480 1170
1501490 1166
1501500 1165
1501510 1165
1501520 1166
1501530 1164
1501540 1164
1501550 1163
1501560 1163
1501570 1163
1501580 1162
1501590 1161
1501600 1160
1501610 1160
1501620 1161
1501630 1164
1501640 1164
1501650 1168
1501660 1172
1501670 1172
1501680 1174
1501690 1176
1501700 1176
1501710 1177
1501720 1180
1501730 1180
1501740 1183
1501750 1186
1501760 1186
1501770 1188
1501780 1188
1501790 1188
1501800 1189
1501810 1190
1501820 1190
1501830 1191
1501840 1191
1501850 1191
1501860 1192
1501870 1192
1501880 1192
1501890 1193
1501900 1193
1501910 1194
1501920 1194
1501930 1194
1501940 1194
1501950 1194
1501960 1195
1501970 1195
1501980 1195
1501990 1196
1502000 1196
1502010 1196
1502020 1196
1502030 1197
1502040 1197
1502050 1197
1502060 1197
1502070 1197
1502080 1198
1502090 1199
1502100 1199
1502110 1199
1502120 1199
1502130 1199
1502140 1200
1502150 1200
1502160 1200
1502170 1200
1502180 1201
1502190 1201
1502200 1201
1502210 1201
1502220 1202
1502230 1202
1502240 1202
1502250 1202
1502260 1202
1502270 1203
1502280 1203
1502290 1203
1502300 1204
1502310 1205
1502320 1205
1502330 1205
1502340 1204
1502350 1204
1502360 1203
1502370 1201
1502380 1201
1502390 1199
1502400 1198
1502410 1198
1502420 1198
1502430 1199
1502440 1199
1502450 1201
1502460 1198
1502470 1198
1502480 1192
1502490 1186
1502500 1186
1502510 1181
1502520 1176
1502530 1174
1502540 1174
1502550 1175
1502560 1176
1502570 1176
1502580 1176
1502590 1174
1502600 1174
1502610 1172
1502620 1169
1502630 1169
1502640 1166
1502650 1164
1502660 1164
1502670 1162
1502680 1162
1502690 1162
1502700 1162
1502710 1163
1502720 1163
1502730 1161
1502740 1155
1502750 1155
1502760 1149
1502770 1140
1502780 1140
1502790 1134
1502800 1134
1502810 1134
1502820 1135
1502830 1134
1502840 1132
1502850 1132
1502860 1127
1502870 1120
1502880 1120
1502890 1123
1502900 1119
1502910 1119
1502920 1114
1502930 1109
1502940 1109
1502950 1106
1502960 1109
1502970 1109
1502980 1115
1502990 1120
1503000 1120
1503010 1124
1503020 1128
1503030 1128
1503040 1132
1503050 1136
1503060 1136
1503070 1139
1503080 1144
1503090 1144
1503100 1150
1503110 1154
1503120 1154
1503130 1160
1503140 1164
1503150 1165
1503160 1165
1503170 1167
1503180 1170
1503190 1170
1503200 1174
1503210 1176
1503220 1176
1503230 1178
1503240 1179
1503250 1179
1503260 1177
1503270 1172
1503280 1172
1503290 1169
1503300 1174
1503310 1174
1503320 1180
1503330 1184
1503340 1184
1503350 1188
1503360 1193
1503370 1193
1503380 1195
1503390 1197
1503400 1197
1503410 1198
1503420 1198
1503430 1198
1503440 1197
1503450 1198
1503460 1199
1503470 1199
1503480 1199
1503490 1199
1503500 1199
1503510 1200
1503520 1200
1503530 1200
1503540 1200
1503550 1201
1503560 1201
1503570 1201
1503580 1202
1503590 1202
1503600 1203
1503610 1204
1503620 1204
1503630 1205
1503640 1205
1503650 1205
1503660 1206
1503670 1208
1503680 1208
1503690 1208
1503700 1207
1503710 1207
1503720 1204
1503730 1203
1503740 1203
1503750 1205
1503760 1207
1503770 1209
1503780 1209
1503790 1212
1503800 1214
1503810 1214
1503820 1217
1503830 1219
1503840 1219
1503850 1221
1503860 1223
1503870 1223
1503880 1225
1503890 1227
1503900 1227
1503910 1230
1503920 1233
1503930 1233
1503940 1237
1503950 1242
1503960 1242
1503970 1246
1503980 1250
1503990 1250
1504000 1253
1504010 1257
1504020 1257
1504030 1261
1504040 1263
1504050 1263
1504060 1266
1504070 1268
1504080 1271
1504090 1271
1504100 1273
1504110 1275
1504120 1275
1504130 1278
1504140 1280
1504150 1280
1504160 1282
1504170 1283
1504180 1283
1504190 1284
1504200 1284
1504210 1284
1504220 1283
1504230 1282
1504240 1282
1504250 1281
1504260 1279
1504270 1279
1504280 1278
1504290 1275
1504300 1275
1504310 1272
1504320 1270
1504330 1270
1504340 1267
1504350 1265
1504360 1265
1504370 1263
1504380 1260
1504390 1258
1504400 1258
1504410 1256
1504420 1255
1504430 1255
1504440 1255
1504450 1254
1504460 1254
1504470 1251
1504480 1248
1504490 1248
1504500 1246
1504510 1242
1504520 1242
1504530 1239
1504540 1236
1504550 1236
1504560 1233
1504570 1229
1504580 1229
1504590 1226
1504600 1223
1504610 1223
1504620 1220
1504630 1217
1504640 1217
1504650 1214
1504660 1210
1504670 1210
1504680 1207
1504690 1204
1504700 1200
1504710 1200
1504720 1197
1504730 1193
1504740 1193
1504750 1188
1504760 1184
1504770 1184
1504780 1179
1504790 1174
1504800 1174
1504810 1168
1504820 1163
1504830 1163
1504840 1158
1504850 1153
1504860 1153
1504870 1149
1504880 1146
1504890 1146
1504900 1143
1504910 1136
1504920 1136
1504930 1132
1504940 1129
1504950 1129
1504960 1126
1504970 1123
1504980 1123
1504990 1119
1505000 1116
1505010 1112
1505020 1112
1505030 1107
1505040 1101
1505050 1101
1505060 1094
1505070 1089
1505080 1089
1505090 1085
1505100 1082
1505110 1082
1505120 1079
1505130 1076
1505140 1076
1505150 1073
1505160 1069
1505170 1069
1505180 1067
1505190 1064
1505200 1064
1505210 1061
1505220 1059
1505230 1059
1505240 1058
1505250 1058
1505260 1058
1505270 1059
1505280 1059
1505290 1059
1505300 1058
1505310 1059
1505320 1059
1505330 1059
1505340 1059
1505350 1059
1505360 1059
1505370 1059
1505380 1059
1505390 1059
1505400 1059
1505410 1060
1505420 1060
1505430 1060
1505440 1060
1505450 1060
1505460 1061
1505470 1063
1505480 1063
1505490 1065
1505500 1067
1505510 1067
1505520 1068
1505530 1070
1505540 1070
1505550 1072
1505560 1073
1505570 1073
1505580 1075
1505590 1076
1505600 1076
1505610 1077
1505620 1079
1505630 1080
1505640 1080
1505650 1081
1505660 1082
1505670 1082
1505680 1084
1505690 1086
1505700 1086
1505710 1087
1505720 1089
1505730 1089
1505740 1091
1505750 1093
1505760 1093
1505770 1095
1505780 1098
1505790 1098
1505800 1100
1505810 1103
1505820 1103
1505830 1105
1505840 1107
1505850 1107
1505860 1110
1505870 1113
1505880 1113
1505890 1115
1505900 1119
1505910 1119
1505920 1122
1505930 1126
1505940 1129
1505950 1129
1505960 1132
1505970 1135
1505980 1135
1505990 1138
1506000 1141
1506010 1141
1506020 1144
1506030 1147
1506040 1147
1506050 1149
1506060 1151
1506070 1151
1506080 1154
1506090 1157
1506100 1157
1506110 1160
1506120 1164
1506130 1164
1506140 1168
1506150 1171
1506160 1171
1506170 1174
1506180 1177
1506190 1177
1506200 1181
1506210 1185
1506220 1185
1506230 1189
1506240 1190
1506250 1193
1506260 1193
1506270 1194
1506280 1195
1506290 1195
1506300 1196
1506310 1198
1506320 1198
1506330 1201
1506340 1203
1506350 1203
1506360 1204
1506370 1206
1506380 1206
1506390 1208
1506400 1210
1506410 1210
1506420 1211
1506430 1212
1506440 1212
1506450 1212
1506460 1212
1506470 1212
1506480 1213
1506490 1213
1506500 1213
1506510 1213
1506520 1213
1506530 1213
1506540 1213
1506550 1212
1506560 1212
1506570 1212
1506580 1211
1506590 1209
1506600 1209
1506610 1208
1506620 1208
1506630 1208
1506640 1208
1506650 1205
1506660 1205
1506670 1200
1506680 1193
1506690 1193
1506700 1188
1506710 1185
1506720 1185
1506730 1181
1506740 1174
1506750 1174
1506760 1169
1506770 1172
1506780 1172
1506790 1168
1506800 1165
1506810 1165
1506820 1164
1506830 1163
1506840 1163
1506850 1164
1506860 1163
1506870 1162
1506880 1162
1506890 1160
1506900 1162
1506910 1162
1506920 1166
1506930 1168
1506940 1168
1506950 1168
1506960 1169
1506970 1169
1506980 1170
1506990 1170
1507000 1170
1507010 1171
1507020 1172
1507030 1172
1507040 1175
1507050 1178
1507060 1178
1507070 1180
1507080 1184
1507090 1184
1507100 1187
1507110 1192
1507120 1192
1507130 1197
1507140 1202
1507150 1202
1507160 1204
1507170 1208
1507180 1210
1507190 1210
1507200 1212
1507210 1214
1507220 1214
1507230 1218
1507240 1222
1507250 1222
1507260 1225
1507270 1229
1507280 1229
1507290 1233
1507300 1237
1507310 1237
1507320 1239
1507330 1241
1507340 1241
1507350 1244
1507360 1245
1507370 1245
1507380 1248
1507390 1249
1507400 1249
1507410 1252
1507420 1254
1507430 1254
1507440 1256
1507450 1259
1507460 1259
1507470 1262
1507480 1265
1507490 1265
1507500 1269
1507510 1273
1507520 1279
1507530 1279
1507540 1282
1507550 1285
1507560 1285
1507570 1287
1507580 1290
1507590 1290
1507600 1295
1507610 1299
1507620 1299
1507630 1303
1507640 1307
1507650 1307
1507660 1310
1507670 1314
1507680 1314
1507690 1318
1507700 1322
1507710 1322
1507720 1327
1507730 1331
1507740 1331
1507750 1334
1507760 1337
1507770 1337
1507780 1341
1507790 1344
1507800 1344
1507810 1347
1507820 1349
1507830 1351
1507840 1351
1507850 1355
1507860 1358
1507870 1358
1507880 1360
1507890 1363
1507900 1363
1507910 1366
1507920 1368
1507930 1368
1507940 1370
1507950 1373
1507960 1373
1507970 1376
1507980 1378
1507990 1378
1508000 1380
1508010 1382
1508020 1382
1508030 1384
1508040 1386
1508050 1386
1508060 1389
1508070 1391
1508080 1391
1508090 1393
1508100 1395
1508110 1395
1508120 1396
1508130 1397
1508140 1399
1508150 1399
1508160 1402
1508170 1404
1508180 1404
1508190 1405
1508200 1406
1508210 1406
1508220 1408
1508230 1410
1508240 1410
1508250 1411
1508260 1412
1508270 1412
1508280 1412
1508290 1412
1508300 1412
1508310 1411
1508320 1411
1508330 1411
1508340 1410
1508350 1411
1508360 1411
1508370 1411
1508380 1411
1508390 1411
1508400 1411
1508410 1411
1508420 1411
1508430 1411
1508440 1411
1508450 1411
1508460 1411
1508470 1411
1508480 1411
1508490 1411
1508500 1411
1508510 1411
1508520 1411
1508530 1411
1508540 1411
1508550 1411
1508560 1410
1508570 1409
1508580 1409
1508590 1408
1508600 1408
1508610 1408
1508620 1408
1508630 1409
1508640 1409
1508650 1410
1508660 1411
1508670 1411
1508680 1411
1508690 1412
1508700 1412
1508710 1412
1508720 1412
1508730 1412
1508740 1411
1508750 1411
1508760 1409
1508770 1409
1508780 1408
1508790 1405
1508800 1405
1508810 1402
1508820 1402
1508830 1402
1508840 1403
1508850 1404
1508860 1404
1508870 1406
1508880 1408
1508890 1408
1508900 1408
1508910 1409
1508920 1409
1508930 1410
1508940 1411
1508950 1411
1508960 1412
1508970 1413
1508980 1413
1508990 1414
1509000 1415
1509010 1415
1509020 1416
1509030 1417
1509040 1417
1509050 1418
1509060 1419
1509070 1420
1509080 1420
1509090 1422
1509100 1424
1509110 1424
1509120 1426
1509130 1428
1509140 1428
1509150 1431
1509160 1433
1509170 1433
1509180 1435
1509190 1438
1509200 1438
1509210 1441
1509220 1443
1509230 1443
1509240 1445
1509250 1446
1509260 1446
1509270 1448
1509280 1450
1509290 1450
1509300 1452
1509310 1453
1509320 1453
1509330 1453
1509340 1454
1509350 1454
1509360 1454
1509370 1454
1509380 1453
1509390 1453
1509400 1452
1509410 1451
1509420 1451
1509430 1450
1509440 1448
1509450 1448
1509460 1446
1509470 1445
1509480 1445
1509490 1443
1509500 1442
1509510 1442
1509520 1440
1509530 1438
1509540 1438
1509550 1436
1509560 1435
1509570 1435
1509580 1433
1509590 1431
1509600 1431
1509610 1429
1509620 1428
1509630 1428
1509640 1426
1509650 1423
1509660 1423
1509670 1421
1509680 1419
1509690 1417
1509700 1417
1509710 1414
1509720 1413
1509730 1413
1509740 1410
1509750 1408
1509760 1408
1509770 1406
1509780 1404
1509790 1404
1509800 1403
1509810 1401
1509820 1401
1509830 1399
1509840 1398
1509850 1398
1509860 1396
1509870 1395
1509880 1395
1509890 1394
1509900 1392
1509910 1392
1509920 1391
1509930 1390
1509940 1390
1509950 1388
1509960 1386
1509970 1386
1509980 1384
1509990 1383
1510000 1383
1510010 1383
1510020 1382
1510030 1381
1510040 1381
1510050 1379
1510060 1378
1510070 1378
1510080 1377
1510090 1375
1510100 1375
1510110 1372
1510120 1370
1510130 1370
1510140 1367
1510150 1364
1510160 1364
1510170 1360
1510180 1356
1510190 1356
1510200 1352
1510210 1344
1510220 1344
1510230 1337
1510240 1330
1510250 1330
1510260 1323
1510270 1315
1510280 1315
1510290 1308
1510300 1302
1510310 1295
1510320 1295
1510330 1289
1510340 1283
1510350 1283
1510360 1277
1510370 1272
1510380 1272
1510390 1268
1510400 1263
1510410 1263
1510420 1258
1510430 1254
1510440 1254
1510450 1251
1510460 1247
1510470 1247
1510480 1242
1510490 1238
1510500 1238
1510510 1233
1510520 1231
1510530 1231
1510540 1231
1510550 1230
1510560 1230
1510570 1225
1510580 1220
1510590 1220
1510600 1216
1510610 1211
1510620 1207
1510630 1207
1510640 1202
1510650 1196
1510660 1196
1510670 1190
1510680 1188
1510690 1195
1510700 1198
1510710 1198
1510720 1198
1510730 1196
1510740 1195
1510750 1195
1510760 1195
1510770 1195
1510780 1195
1510790 1194
1510800 1193
1510810 1193
1510820 1190
1510830 1187
1510840 1187
1510850 1184
1510860 1182
1510870 1182
1510880 1180
1510890 1179
1510900 1179
1510910 1177
1510920 1177
1510930 1176
1510940 1176
1510950 1175
1510960 1174
1510970 1174
1510980 1173
1510990 1172
1511000 1172
1511010 1171
1511020 1170
1511030 1170
1511040 1169
1511050 1168
1511060 1168
1511070 1167
1511080 1163
1511090 1163
1511100 1155
1511110 1147
1511120 1147
1511130 1141
1511140 1133
1511150 1133
1511160 1125
1511170 1118
1511180 1118
1511190 1114
1511200 1112
1511210 1112
1511220 1108
1511230 1102
1511240 1097
1511250 1097
1511260 1091
1511270 1085
1511280 1085
1511290 1080
1511300 1076
1511310 1076
1511320 1074
1511330 1070
1511340 1070
1511350 1066
1511360 1062
1511370 1062
1511380 1059
1511390 1056
1511400 1056
1511410 1054
1511420 1052
1511430 1052
1511440 1052
1511450 1055
1511460 1055
1511470 1059
1511480 1063
1511490 1063
1511500 1069
1511510 1074
1511520 1074
1511530 1078
1511540 1082
1511550 1088
1511560 1088
1511570 1094
1511580 1099
1511590 1099
1511600 1105
1511610 1112
1511620 1112
1511630 1119
1511640 1124
1511650 1124
1511660 1130
1511670 1135
1511680 1135
1511690 1139
1511700 1147
1511710 1147
1511720 1155
1511730 1162
1511740 1162
1511750 1169
1511760 1176
1511770 1176
1511780 1181
1511790 1186
1511800 1186
1511810 1189
1511820 1193
1511830 1193
1511840 1196
1511850 1201
1511860 1206
1511870 1206
1511880 1211
1511890 1216
1511900 1216
1511910 1221
1511920 1226
1511930 1226
1511940 1231
1511950 1235
1511960 1235
1511970 1239
1511980 1242
1511990 1242
1512000 1246
1512010 1249
1512020 1249
1512030 1253
1512040 1256
1512050 1256
1512060 1258
1512070 1261
1512080 1261
1512090 1262
1512100 1263
1512110 1263
1512120 1264
1512130 1266
1512140 1266
1512150 1269
1512160 1270
1512170 1271
1512180 1271
1512190 1271
1512200 1271
1512210 1271
1512220 1272
1512230 1273
1512240 1273
1512250 1274
1512260 1275
1512270 1275
1512280 1278
1512290 1279
1512300 1279
1512310 1278
1512320 1278
1512330 1278
1512340 1281
1512350 1284
1512360 1284
1512370 1288
1512380 1294
1512390 1294
1512400 1300
1512410 1305
1512420 1305
1512430 1311
1512440 1316
1512450 1316
1512460 1320
1512470 1325
1512480 1329
1512490 1329
1512500 1333
1512510 1337
1512520 1337
1512530 1342
1512540 1346
1512550 1346
1512560 1350
1512570 1353
1512580 1353
1512590 1357
1512600 1362
1512610 1362
1512620 1367
1512630 1372
1512640 1372
1512650 1377
1512660 1381
1512670 1381
1512680 1385
1512690 1389
1512700 1389
1512710 1392
1512720 1395
1512730 1395
1512740 1396
1512750 1399
1512760 1399
1512770 1404
1512780 1411
1512790 1417
1512800 1417
1512810 1422
1512820 1429
1512830 1429
1512840 1435
1512850 1440
1512860 1440
1512870 1445
1512880 1451
1512890 1451
1512900 1457
1512910 1464
1512920 1464
1512930 1470
1512940 1475
1512950 1475
1512960 1481
1512970 1488
1512980 1488
1512990 1493
1513000 1500
1513010 1500
1513020 1505
1513030 1510
1513040 1510
1513050 1516
1513060 1521
1513070 1521
1513080 1527
1513090 1532
1513100 1538
1513110 1538
1513120 1544
1513130 1550
1513140 1550
1513150 1556
1513160 1562
1513170 1562
1513180 1568
1513190 1575
1513200 1575
1513210 1581
1513220 1586
1513230 1586
1513240 1592
1513250 1597
1513260 1597
1513270 1603
1513280 1610
1513290 1610
1513300 1616
1513310 1622
1513320 1622
1513330 1629
1513340 1635
1513350 1635
1513360 1642
1513370 1649
1513380 1649
1513390 1655
1513400 1661
1513410 1666
1513420 1666
1513430 1670
1513440 1672
1513450 1672
1513460 1675
1513470 1677
1513480 1677
1513490 1678
1513500 1678
1513510 1678
1513520 1678
1513530 1679
1513540 1679
1513550 1679
1513560 1679
1513570 1679
1513580 1680
1513590 1681
1513600 1681
1513610 1682
1513620 1683
1513630 1683
1513640 1683
1513650 1683
1513660 1683
1513670 1683
1513680 1683
1513690 1683
1513700 1682
1513710 1680
1513720 1678
1513730 1678
1513740 1674
1513750 1670
1513760 1670
1513770 1664
1513780 1658
1513790 1658
1513800 1654
1513810 1648
1513820 1648
1513830 1642
1513840 1637
1513850 1637
1513860 1631
1513870 1626
1513880 1626
1513890 1621
1513900 1617
1513910 1617
1513920 1613
1513930 1609
1513940 1609
1513950 1604
1513960 1597
1513970 1597
1513980 1594
1513990 1589
1514000 1589
1514010 1586
1514020 1583
1514030 1581
1514040 1581
1514050 1578
1514060 1574
1514070 1574
1514080 1567
1514090 1560
1514100 1560
1514110 1555
1514120 1550
1514130 1550
1514140 1545
1514150 1540
1514160 1540
1514170 1535
1514180 1527
1514190 1527
1514200 1520
1514210 1512
1514220 1512
1514230 1506
1514240 1502
1514250 1502
1514260 1498
1514270 1496
1514280 1496
1514290 1494
1514300 1491
1514310 1491
1514320 1490
1514330 1485
1514340 1482
1514350 1482
1514360 1480
1514370 1476
1514380 1476
1514390 1473
1514400 1471
1514410 1471
1514420 1467
1514430 1465
1514440 1465
1514450 1461
1514460 1456
1514470 1456
1514480 1452
1514490 1447
1514500 1447
1514510 1441
1514520 1440
1514530 1440
1514540 1434
1514550 1428
1514560 1428
1514570 1422
1514580 1417
1514590 1417
1514600 1415
1514610 1414
1514620 1414
1514630 1414
1514640 1412
1514650 1406
1514660 1406
1514670 1401
1514680 1398
1514690 1398
1514700 1394
1514710 1387
1514720 1387
1514730 1381
1514740 1387
1514750 1387
1514760 1398
1514770 1404
1514780 1404
1514790 1409
1514800 1412
1514810 1412
1514820 1410
1514830 1407
1514840 1407
1514850 1405
1514860 1400
1514870 1400
1514880 1395
1514890 1388
1514900 1388
1514910 1382
1514920 1382
1514930 1382
1514940 1384
1514950 1386
1514960 1384
1514970 1384
1514980 1383
1514990 1378
1515000 1378
1515010 1376
1515020 1370
1515030 1370
1515040 1365
1515050 1365
1515060 1365
1515070 1362
1515080 1359
1515090 1359
1515100 1356
1515110 1353
1515120 1353
1515130 1349
1515140 1342
1515150 1342
1515160 1334
1515170 1328
1515180 1328
1515190 1326
1515200 1328
1515210 1328
1515220 1333
1515230 1343
1515240 1343
1515250 1350
1515260 1356
1515270 1361
1515280 1361
1515290 1368
1515300 1375
1515310 1375
1515320 1383
1515330 1390
1515340 1390
1515350 1398
1515360 1405
1515370 1405
1515380 1414
1515390 1422
1515400 1422
1515410 1430
1515420 1438
1515430 1438
1515440 1446
1515450 1453
1515460 1453
1515470 1460
1515480 1467
1515490 1467
1515500 1473
1515510 1480
1515520 1480
1515530 1487
1515540 1493
1515550 1493
1515560 1500
1515570 1507
1515580 1513
1515590 1513
1515600 1519
1515610 1527
1515620 1527
1515630 1534
1515640 1540
1515650 1540
1515660 1547
1515670 1554
1515680 1554
1515690 1560
1515700 1566
1515710 1566
1515720 1570
1515730 1574
1515740 1574
1515750 1576
1515760 1578
1515770 1578
1515780 1580
1515790 1581
1515800 1581
1515810 1582
1515820 1583
1515830 1583
1515840 1588
1515850 1594
1515860 1594
1515870 1602
1515880 1609
1515890 1616
1515900 1616
1515910 1623
1515920 1630
1515930 1630
1515940 1637
1515950 1644
1515960 1644
1515970 1649
1515980 1654
1515990 1654
1516000 1658
1516010 1661
1516020 1661
1516030 1664
1516040 1666
1516050 1666
1516060 1667
1516070 1667
1516080 1667
1516090 1667
1516100 1668
1516110 1668
1516120 1671
1516130 1675
1516140 1675
1516150 1680
1516160 1686
1516170 1686
1516180 1691
1516190 1695
1516200 1700
1516210 1700
1516220 1705
1516230 1708
1516240 1708
1516250 1706
1516260 1697
1516270 1697
1516280 1690
1516290 1682
1516300 1682
1516310 1676
1516320 1668
1516330 1668
1516340 1659
1516350 1650
1516360 1650
1516370 1644
1516380 1644
1516390 1644
1516400 1636
1516410 1628
1516420 1628
1516430 1629
1516440 1626
1516450 1626
1516460 1618
1516470 1608
1516480 1608
1516490 1598
1516500 1594
1516510 1594
1516520 1591
1516530 1585
1516540 1584
1516550 1584
1516560 1578
1516570 1568
1516580 1568
1516590 1559
1516600 1551
1516610 1551
1516620 1541
1516630 1531
1516640 1531
1516650 1521
1516660 1513
1516670 1513
1516680 1504
1516690 1497
1516700 1497
1516710 1488
1516720 1481
1516730 1481
1516740 1478
1516750 1474
1516760 1474
1516770 1472
1516780 1472
1516790 1472
1516800 1471
1516810 1473
1516820 1473
1516830 1475
1516840 1475
1516850 1476
1516860 1476
1516870 1477
1516880 1480
1516890 1480
1516900 1486
1516910 1494
1516920 1494
1516930 1502
1516940 1511
1516950 1511
1516960 1509
1516970 1508
1516980 1508
1516990 1512
1517000 1516
1517010 1516
1517020 1509
1517030 1501
1517040 1501
1517050 1492
1517060 1482
1517070 1482
1517080 1473
1517090 1464
1517100 1464
1517110 1453
1517120 1444
1517130 1444
1517140 1437
1517150 1430
1517160 1429
1517170 1429
1517180 1431
1517190 1433
1517200 1433
1517210 1433
1517220 1432
1517230 1432
1517240 1431
1517250 1431
1517260 1431
1517270 1431
1517280 1430
1517290 1430
1517300 1429
1517310 1428
1517320 1428
1517330 1429
1517340 1430
1517350 1430
1517360 1430
1517370 1431
1517380 1431
1517390 1435
1517400 1441
1517410 1441
1517420 1446
1517430 1450
1517440 1450
1517450 1451
1517460 1455
1517470 1458
1517480 1458
1517490 1461
1517500 1462
1517510 1462
1517520 1459
1517530 1454
1517540 1454
1517550 1449
1517560 1446
1517570 1446
1517580 1444
1517590 1447
1517600 1447
1517610 1448
1517620 1448
1517630 1448
1517640 1447
1517650 1447
1517660 1447
1517670 1447
1517680 1447
1517690 1447
1517700 1449
1517710 1449
1517720 1449
1517730 1449
1517740 1449
1517750 1449
1517760 1450
1517770 1453
1517780 1459
1517790 1459
1517800 1467
1517810 1474
1517820 1474
1517830 1482
1517840 1490
1517850 1490
1517860 1498
1517870 1505
1517880 1505
1517890 1513
1517900 1521
1517910 1521
1517920 1529
1517930 1534
1517940 1534
1517950 1538
1517960 1542
1517970 1542
1517980 1546
1517990 1549
1518000 1549
1518010 1553
1518020 1556
1518030 1556
1518040 1560
1518050 1563
1518060 1563
1518070 1567
1518080 1571
1518090 1578
1518100 1578
1518110 1583
1518120 1584
1518130 1584
1518140 1585
1518150 1588
1518160 1588
1518170 1593
1518180 1597
1518190 1597
1518200 1598
1518210 1600
1518220 1600
1518230 1602
1518240 1605
1518250 1605
1518260 1608
1518270 1608
1518280 1608
1518290 1603
1518300 1596
1518310 1596
1518320 1592
1518330 1588
1518340 1588
1518350 1587
1518360 1586
1518370 1586
1518380 1586
1518390 1587
1518400 1587
1518410 1587
1518420 1583
1518430 1578
1518440 1578
1518450 1572
1518460 1567
1518470 1567
1518480 1562
1518490 1558
1518500 1558
1518510 1554
1518520 1551
1518530 1551
1518540 1548
1518550 1542
1518560 1542
1518570 1538
1518580 1535
1518590 1535
1518600 1532
1518610 1528
1518620 1528
1518630 1523
1518640 1520
1518650 1520
1518660 1520
1518670 1520
1518680 1520
1518690 1522
1518700 1523
1518710 1525
1518720 1525
1518730 1525
1518740 1526
1518750 1526
1518760 1526
1518770 1525
1518780 1525
1518790 1526
1518800 1526
1518810 1526
1518820 1526
1518830 1525
1518840 1525
1518850 1525
1518860 1525
1518870 1525
1518880 1525
1518890 1525
1518900 1525
1518910 1525
1518920 1525
1518930 1525
1518940 1525
1518950 1525
1518960 1525
1518970 1525
1518980 1525
1518990 1525
1519000 1525
1519010 1525
1519020 1524
1519030 1524
1519040 1523
1519050 1522
1519060 1522
1519070 1521
1519080 1518
1519090 1518
1519100 1516
1519110 1511
1519120 1518
1519130 1512
1519140 1506
1519150 1506
1519160 1501
1519170 1500
1519180 1500
1519190 1499
1519200 1498
1519210 1498
1519220 1496
1519230 1494
1519240 1494
1519250 1494
1519260 1495
1519270 1495
1519280 1494
1519290 1494
1519300 1494
1519310 1493
1519320 1493
1519330 1495
1519340 1495
1519350 1496
1519360 1497
1519370 1497
1519380 1498
1519390 1500
1519400 1500
1519410 1501
1519420 1503
1519430 1503
1519440 1504
1519450 1505
1519460 1505
1519470 1506
1519480 1508
1519490 1508
1519500 1509
1519510 1511
1519520 1511
1519530 1513
1519540 1515
1519550 1515
1519560 1517
1519570 1519
1519580 1519
1519590 1520
1519600 1519
1519610 1519
1519620 1520
1519630 1523
1519640 1529
1519650 1529
1519660 1533
1519670 1535
1519680 1535
1519690 1537
1519700 1540
1519710 1540
1519720 1543
1519730 1545
1519740 1545
1519750 1549
1519760 1555
1519770 1555
1519780 1558
1519790 1560
1519800 1560
1519810 1562
1519820 1564
1519830 1564
1519840 1567
1519850 1568
1519860 1568
1519870 1564
1519880 1563
1519890 1563
1519900 1564
1519910 1568
1519920 1568
1519930 1572
1519940 1576
1519950 1580
1519960 1580
1519970 1580
1519980 1582
1519990 1582
