1500000 1014
1500010 1018
1500020 1018
1500030 1023
1500040 1024
1500050 1024
1500060 1025
1500070 1026
1500080 1026
1500090 1027
1500100 1028
1500110 1028
1500120 1030
1500130 1030
1500140 1030
1500150 1031
1500160 1031
1500170 1031
1500180 1031
1500190 1031
1500200 1031
1500210 1031
1500220 1031
1500230 1031
1500240 1031
1500250 1031
1500260 1031
1500270 1031
1500280 1031
1500290 1031
1500300 1031
1500310 1031
1500320 1032
1500330 1032
1500340 1031
1500350 1031
1500360 1031
1500370 1029
1500380 1028
1500390 1028
1500400 1027
1500410 1025
1500420 1025
1500430 1024
1500440 1023
1500450 1023
1500460 1022
1500470 1021
1500480 1021
1500490 1020
1500500 1018
1500510 1018
1500520 1017
1500530 1015
1500540 1015
1500550 1013
1500560 1012
1500570 1012
1500580 1012
1500590 1012
1500600 1012
1500610 1012
1500620 1013
1500630 1014
1500640 1014
1500650 1015
1500660 1016
1500670 1016
1500680 1017
1500690 1018
1500700 1018
1500710 1019
1500720 1018
1500730 1018
1500740 1018
1500750 1022
1500760 1022
1500770 1025
1500780 1027
1500790 1027
1500800 1028
1500810 1029
1500820 1029
1500830 1030
1500840 1031
1500850 1031
1500860 1032
1500870 1034
1500880 1036
1500890 1036
1500900 1039
1500910 1044
1500920 1044
1500930 1047
1500940 1049
1500950 1049
1500960 1050
1500970 1051
1500980 1051
1500990 1052
1501000 1052
1501010 1052
1501020 1054
1501030 1057
1501040 1057
1501050 1061
1501060 1065
1501070 1065
1501080 1068
1501090 1070
1501100 1070
1501110 1073
1501120 1074
1501130 1074
1501140 1075
1501150 1076
1501160 1076
1501170 1077
1501180 1078
1501190 1080
1501200 1080
1501210 1081
1501220 1083
1501230 1083
1501240 1085
1501250 1087
1501260 1087
1501270 1090
1501280 1092
1501290 1092
1501300 1094
1501310 1093
1501320 1093
1501330 1094
1501340 1099
1501350 1099
1501360 1103
1501370 1106
1501380 1106
1501390 1111
1501400 1115
1501410 1115
1501420 1116
1501430 1116
1501440 1116
1501450 1116
1501460 1116
1501470 1116
1501480 1116
1501490 1116
1501500 1119
1501510 1119
1501520 1122
1501530 1125
1501540 1125
1501550 1127
1501560 1129
1501570 1129
1501580 1132
1501590 1135
1501600 1135
1501610 1138
1501620 1141
1501630 1141
1501640 1144
1501650 1146
1501660 1146
1501670 1148
1501680 1149
1501690 1149
1501700 1151
1501710 1151
1501720 1151
1501730 1152
1501740 1154
1501750 1154
1501760 1154
1501770 1155
1501780 1155
1501790 1156
1501800 1156
1501810 1156
1501820 1157
1501830 1157
1501840 1156
1501850 1156
1501860 1157
1501870 1157
1501880 1157
1501890 1159
1501900 1159
1501910 1159
1501920 1160
1501930 1158
1501940 1158
1501950 1157
1501960 1162
1501970 1162
1501980 1165
1501990 1168
1502000 1168
1502010 1170
1502020 1172
1502030 1172
1502040 1173
1502050 1175
1502060 1175
1502070 1178
1502080 1182
1502090 1182
1502100 1187
1502110 1191
1502120 1191
1502130 1197
1502140 1201
1502150 1206
1502160 1206
1502170 1210
1502180 1215
1502190 1215
1502200 1219
1502210 1225
1502220 1225
1502230 1230
1502240 1233
1502250 1233
1502260 1236
1502270 1240
1502280 1240
1502290 1245
1502300 1250
1502310 1250
1502320 1254
1502330 1258
1502340 1258
1502350 1263
1502360 1269
1502370 1269
1502380 1274
1502390 1278
1502400 1278
1502410 1282
1502420 1286
1502430 1286
1502440 1289
1502450 1290
1502460 1292
1502470 1292
1502480 1294
1502490 1296
1502500 1296
1502510 1298
1502520 1300
1502530 1300
1502540 1303
1502550 1305
1502560 1305
1502570 1307
1502580 1308
1502590 1308
1502600 1310
1502610 1311
1502620 1311
1502630 1313
1502640 1315
1502650 1315
1502660 1317
1502670 1319
1502680 1319
1502690 1322
1502700 1324
1502710 1324
1502720 1328
1502730 1331
1502740 1331
1502750 1333
1502760 1336
1502770 1338
1502780 1338
1502790 1340
1502800 1341
1502810 1341
1502820 1343
1502830 1344
1502840 1344
1502850 1345
1502860 1345
1502870 1345
1502880 1345
1502890 1346
1502900 1346
1502910 1347
1502920 1348
1502930 1348
1502940 1350
1502950 1349
1502960 1349
1502970 1348
1502980 1347
1502990 1347
1503000 1346
1503010 1345
1503020 1345
1503030 1344
1503040 1343
1503050 1343
1503060 1342
1503070 1340
1503080 1338
1503090 1338
1503100 1336
1503110 1335
1503120 1335
1503130 1334
1503140 1332
1503150 1332
1503160 1331
1503170 1330
1503180 1330
1503190 1329
1503200 1328
1503210 1328
1503220 1328
1503230 1328
1503240 1328
1503250 1328
1503260 1329
1503270 1329
1503280 1329
1503290 1329
1503300 1329
1503310 1329
1503320 1330
1503330 1330
1503340 1330
1503350 1331
1503360 1331
1503370 1333
1503380 1334
1503390 1334
1503400 1334
1503410 1335
1503420 1336
1503430 1336
1503440 1338
1503450 1339
1503460 1339
1503470 1339
1503480 1340
1503490 1340
1503500 1342
1503510 1343
1503520 1343
1503530 1344
1503540 1345
1503550 1345
1503560 1345
1503570 1346
1503580 1346
1503590 1347
1503600 1348
1503610 1348
1503620 1349
1503630 1350
1503640 1350
1503650 1351
1503660 1352
1503670 1352
1503680 1354
1503690 1355
1503700 1355
1503710 1356
1503720 1358
1503730 1360
1503740 1360
1503750 1362
1503760 1363
1503770 1363
1503780 1363
1503790 1363
1503800 1363
1503810 1363
1503820 1362
1503830 1362
1503840 1361
1503850 1360
1503860 1360
1503870 1358
1503880 1357
1503890 1357
1503900 1356
1503910 1354
1503920 1354
1503930 1352
1503940 1350
1503950 1350
1503960 1348
1503970 1346
1503980 1346
1503990 1344
1504000 1342
1504010 1342
1504020 1340
1504030 1336
1504040 1331
1504050 1331
1504060 1326
1504070 1324
1504080 1324
1504090 1320
1504100 1316
1504110 1316
1504120 1312
1504130 1308
1504140 1308
1504150 1301
1504160 1296
1504170 1296
1504180 1291
1504190 1285
1504200 1285
1504210 1279
1504220 1272
1504230 1272
1504240 1266
1504250 1261
1504260 1261
1504270 1256
1504280 1250
1504290 1250
1504300 1246
1504310 1241
1504320 1241
1504330 1236
1504340 1230
1504350 1226
1504360 1226
1504370 1221
1504380 1216
1504390 1216
1504400 1211
1504410 1205
1504420 1205
1504430 1198
1504440 1191
1504450 1191
1504460 1183
1504470 1175
1504480 1175
1504490 1169
1504500 1164
1504510 1164
1504520 1158
1504530 1153
1504540 1153
1504550 1147
1504560 1139
1504570 1139
1504580 1132
1504590 1123
1504600 1123
1504610 1114
1504620 1105
1504630 1105
1504640 1097
1504650 1092
1504660 1091
1504670 1091
1504680 1093
1504690 1093
1504700 1093
1504710 1093
1504720 1095
1504730 1095
1504740 1097
1504750 1100
1504760 1100
1504770 1103
1504780 1105
1504790 1105
1504800 1108
1504810 1110
1504820 1110
1504830 1112
1504840 1114
1504850 1114
1504860 1117
1504870 1119
1504880 1119
1504890 1120
1504900 1121
1504910 1121
1504920 1121
1504930 1122
1504940 1122
1504950 1125
1504960 1127
1504970 1128
1504980 1128
1504990 1130
1505000 1133
1505010 1133
1505020 1135
1505030 1136
1505040 1136
1505050 1136
1505060 1138
1505070 1138
1505080 1139
1505090 1140
1505100 1140
1505110 1141
1505120 1142
1505130 1142
1505140 1143
1505150 1144
1505160 1144
1505170 1145
1505180 1145
1505190 1145
1505200 1146
1505210 1148
1505220 1148
1505230 1149
1505240 1151
1505250 1151
1505260 1152
1505270 1153
1505280 1155
1505290 1155
1505300 1157
1505310 1160
1505320 1160
1505330 1163
1505340 1167
1505350 1167
1505360 1171
1505370 1174
1505380 1174
1505390 1176
1505400 1179
1505410 1179
1505420 1183
1505430 1188
1505440 1188
1505450 1191
1505460 1196
1505470 1196
1505480 1198
1505490 1201
1505500 1201
1505510 1205
1505520 1209
1505530 1209
1505540 1212
1505550 1217
1505560 1217
1505570 1220
1505580 1224
1505590 1224
1505600 1228
1505610 1231
1505620 1233
1505630 1233
1505640 1235
1505650 1238
1505660 1238
1505670 1242
1505680 1245
1505690 1245
1505700 1249
1505710 1252
1505720 1252
1505730 1256
1505740 1259
1505750 1259
1505760 1264
1505770 1268
1505780 1268
1505790 1271
1505800 1275
1505810 1275
1505820 1278
1505830 1280
1505840 1280
1505850 1282
1505860 1284
1505870 1284
1505880 1286
1505890 1288
1505900 1288
1505910 1289
1505920 1291
1505930 1292
1505940 1292
1505950 1294
1505960 1296
1505970 1296
1505980 1298
1505990 1300
1506000 1300
1506010 1302
1506020 1303
1506030 1303
1506040 1305
1506050 1306
1506060 1306
1506070 1307
1506080 1309
1506090 1309
1506100 1309
1506110 1311
1506120 1311
1506130 1312
1506140 1313
1506150 1313
1506160 1315
1506170 1316
1506180 1316
1506190 1317
1506200 1318
1506210 1318
1506220 1319
1506230 1321
1506240 1322
1506250 1322
1506260 1323
1506270 1324
1506280 1324
1506290 1326
1506300 1328
1506310 1328
1506320 1330
1506330 1331
1506340 1331
1506350 1331
1506360 1333
1506370 1333
1506380 1334
1506390 1335
1506400 1335
1506410 1335
1506420 1337
1506430 1337
1506440 1338
1506450 1341
1506460 1341
1506470 1343
1506480 1346
1506490 1346
1506500 1347
1506510 1351
1506520 1351
1506530 1355
1506540 1357
1506550 1359
1506560 1359
1506570 1362
1506580 1364
1506590 1364
1506600 1366
1506610 1367
1506620 1367
1506630 1369
1506640 1371
1506650 1371
1506660 1372
1506670 1372
1506680 1372
1506690 1374
1506700 1377
1506710 1377
1506720 1380
1506730 1384
1506740 1384
1506750 1387
1506760 1389
1506770 1389
1506780 1389
1506790 1390
1506800 1390
1506810 1391
1506820 1394
1506830 1394
1506840 1397
1506850 1401
1506860 1404
1506870 1404
1506880 1406
1506890 1406
1506900 1406
1506910 1404
1506920 1400
1506930 1400
1506940 1404
1506950 1407
1506960 1407
1506970 1409
1506980 1412
1506990 1412
1507000 1414
1507010 1416
1507020 1416
1507030 1418
1507040 1421
1507050 1421
1507060 1423
1507070 1425
1507080 1425
1507090 1427
1507100 1430
1507110 1430
1507120 1433
1507130 1436
1507140 1436
1507150 1438
1507160 1441
1507170 1441
1507180 1445
1507190 1448
1507200 1452
1507210 1452
1507220 1456
1507230 1460
1507240 1460
1507250 1464
1507260 1468
1507270 1468
1507280 1473
1507290 1479
1507300 1479
1507310 1485
1507320 1492
1507330 1492
1507340 1498
1507350 1504
1507360 1504
1507370 1509
1507380 1514
1507390 1514
1507400 1520
1507410 1525
1507420 1525
1507430 1531
1507440 1536
1507450 1536
1507460 1540
1507470 1541
1507480 1541
1507490 1544
1507500 1549
1507510 1553
1507520 1553
1507530 1556
1507540 1558
1507550 1558
1507560 1560
1507570 1561
1507580 1561
1507590 1560
1507600 1560
1507610 1560
1507620 1562
1507630 1564
1507640 1564
1507650 1566
1507660 1568
1507670 1568
1507680 1571
1507690 1573
1507700 1573
1507710 1576
1507720 1577
1507730 1577
1507740 1579
1507750 1579
1507760 1579
1507770 1579
1507780 1577
1507790 1577
1507800 1574
1507810 1571
1507820 1568
1507830 1568
1507840 1566
1507850 1567
1507860 1567
1507870 1570
1507880 1574
1507890 1574
1507900 1578
1507910 1582
1507920 1582
1507930 1586
1507940 1590
1507950 1590
1507960 1595
1507970 1600
1507980 1600
1507990 1605
1508000 1609
1508010 1609
1508020 1614
1508030 1616
1508040 1616
1508050 1613
1508060 1609
1508070 1609
1508080 1603
1508090 1597
1508100 1597
1508110 1589
1508120 1580
1508130 1571
1508140 1571
1508150 1564
1508160 1561
1508170 1561
1508180 1560
1508190 1560
1508200 1560
1508210 1561
1508220 1556
1508230 1556
1508240 1549
1508250 1547
1508260 1547
1508270 1548
1508280 1549
1508290 1549
1508300 1544
1508310 1539
1508320 1539
1508330 1536
1508340 1535
1508350 1535
1508360 1537
1508370 1535
1508380 1535
1508390 1527
1508400 1529
1508410 1529
1508420 1535
1508430 1540
1508440 1549
1508450 1549
1508460 1559
1508470 1564
1508480 1564
1508490 1571
1508500 1579
1508510 1579
1508520 1587
1508530 1595
1508540 1595
1508550 1603
1508560 1611
1508570 1611
1508580 1618
1508590 1625
1508600 1625
1508610 1632
1508620 1636
1508630 1636
1508640 1637
1508650 1636
1508660 1636
1508670 1636
1508680 1635
1508690 1635
1508700 1634
1508710 1632
1508720 1632
1508730 1629
1508740 1624
1508750 1619
1508760 1619
1508770 1617
1508780 1618
1508790 1618
1508800 1621
1508810 1623
1508820 1623
1508830 1623
1508840 1621
1508850 1621
1508860 1619
1508870 1619
1508880 1619
1508890 1620
1508900 1622
1508910 1622
1508920 1623
1508930 1624
1508940 1624
1508950 1624
1508960 1623
1508970 1623
1508980 1618
1508990 1614
1509000 1614
1509010 1610
1509020 1609
1509030 1609
1509040 1609
1509050 1611
1509060 1611
1509070 1613
1509080 1614
1509090 1613
1509100 1613
1509110 1613
1509120 1614
1509130 1614
1509140 1614
1509150 1615
1509160 1615
1509170 1616
1509180 1617
1509190 1617
1509200 1616
1509210 1613
1509220 1613
1509230 1610
1509240 1609
1509250 1609
1509260 1612
1509270 1615
1509280 1615
1509290 1618
1509300 1621
1509310 1621
1509320 1624
1509330 1625
1509340 1625
1509350 1626
1509360 1627
1509370 1627
1509380 1628
1509390 1627
1509400 1626
1509410 1626
1509420 1626
1509430 1628
1509440 1628
1509450 1631
1509460 1635
1509470 1640
1509480 1643
1509490 1646
1509500 1646
1509510 1648
1509520 1650
1509530 1650
1509540 1650
1509550 1651
1509560 1651
1509570 1651
1509580 1651
1509590 1651
1509600 1651
1509610 1650
1509620 1650
1509630 1649
1509640 1647
1509650 1647
1509660 1645
1509670 1642
1509680 1642
1509690 1639
1509700 1636
1509710 1633
1509720 1633
1509730 1629
1509740 1625
1509750 1625
1509760 1621
1509770 1617
1509780 1617
1509790 1615
1509800 1613
1509810 1613
1509820 1610
1509830 1608
1509840 1608
1509850 1606
1509860 1605
1509870 1605
1509880 1603
1509890 1600
1509900 1600
1509910 1598
1509920 1593
1509930 1593
1509940 1589
1509950 1585
1509960 1585
1509970 1582
1509980 1578
1509990 1578
1510000 1575
1510010 1572
1510020 1567
1510030 1567
1510040 1568
1510050 1570
1510060 1570
1510070 1570
1510080 1568
1510090 1568
1510100 1566
1510110 1564
1510120 1564
1510130 1561
1510140 1557
1510150 1557
1510160 1552
1510170 1548
1510180 1548
1510190 1545
1510200 1542
1510210 1542
1510220 1539
1510230 1536
1510240 1536
1510250 1531
1510260 1525
1510270 1525
1510280 1523
1510290 1521
1510300 1521
1510310 1519
1510320 1517
1510330 1513
1510340 1513
1510350 1508
1510360 1503
1510370 1503
1510380 1496
1510390 1492
1510400 1492
1510410 1490
1510420 1489
1510430 1489
1510440 1487
1510450 1485
1510460 1485
1510470 1482
1510480 1478
1510490 1478
1510500 1477
1510510 1480
1510520 1480
1510530 1479
1510540 1477
1510550 1477
1510560 1477
1510570 1476
1510580 1476
1510590 1477
1510600 1480
1510610 1480
1510620 1481
1510630 1482
1510640 1483
1510650 1483
1510660 1484
1510670 1484
1510680 1484
1510690 1484
1510700 1484
1510710 1484
1510720 1483
1510730 1481
1510740 1481
1510750 1478
1510760 1476
1510770 1476
1510780 1474
1510790 1471
1510800 1471
1510810 1468
1510820 1464
1510830 1464
1510840 1459
1510850 1456
1510860 1456
1510870 1458
1510880 1461
1510890 1461
1510900 1463
1510910 1464
1510920 1464
1510930 1464
1510940 1465
1510950 1465
1510960 1464
1510970 1463
1510980 1462
1510990 1462
1511000 1459
1511010 1457
1511020 1457
1511030 1454
1511040 1450
1511050 1450
1511060 1445
1511070 1440
1511080 1440
1511090 1435
1511100 1429
1511110 1429
1511120 1422
1511130 1416
1511140 1416
1511150 1412
1511160 1408
1511170 1408
1511180 1402
1511190 1397
1511200 1397
1511210 1392
1511220 1392
1511230 1392
1511240 1391
1511250 1388
1511260 1388
1511270 1387
1511280 1385
1511290 1382
1511300 1382
1511310 1379
1511320 1375
1511330 1375
1511340 1373
1511350 1373
1511360 1373
1511370 1372
1511380 1370
1511390 1370
1511400 1369
1511410 1366
1511420 1366
1511430 1363
1511440 1358
1511450 1358
1511460 1353
1511470 1347
1511480 1347
1511490 1343
1511500 1339
1511510 1339
1511520 1335
1511530 1331
1511540 1331
1511550 1328
1511560 1327
1511570 1327
1511580 1323
1511590 1320
1511600 1318
1511610 1318
1511620 1314
1511630 1309
1511640 1309
1511650 1305
1511660 1301
1511670 1301
1511680 1296
1511690 1294
1511700 1294
1511710 1293
1511720 1292
1511730 1292
1511740 1289
1511750 1286
1511760 1286
1511770 1283
1511780 1280
1511790 1280
1511800 1275
1511810 1270
1511820 1270
1511830 1264
1511840 1259
1511850 1259
1511860 1254
1511870 1248
1511880 1248
1511890 1240
1511900 1232
1511910 1226
1511920 1226
1511930 1225
1511940 1229
1511950 1229
1511960 1237
1511970 1243
1511980 1243
1511990 1245
1512000 1243
1512010 1243
1512020 1241
1512030 1240
1512040 1240
1512050 1240
1512060 1240
1512070 1240
1512080 1242
1512090 1244
1512100 1244
1512110 1241
1512120 1236
1512130 1236
1512140 1231
1512150 1225
1512160 1225
1512170 1218
1512180 1210
1512190 1210
1512200 1202
1512210 1195
1512220 1188
1512230 1188
1512240 1181
1512250 1177
1512260 1177
1512270 1172
1512280 1168
1512290 1168
1512300 1168
1512310 1171
1512320 1171
1512330 1176
1512340 1184
1512350 1184
1512360 1192
1512370 1196
1512380 1196
1512390 1197
1512400 1199
1512410 1199
1512420 1200
1512430 1203
1512440 1203
1512450 1206
1512460 1210
1512470 1210
1512480 1215
1512490 1220
1512500 1220
1512510 1222
1512520 1223
1512530 1223
1512540 1223
1512550 1222
1512560 1219
1512570 1219
1512580 1218
1512590 1216
1512600 1216
1512610 1215
1512620 1215
1512630 1215
1512640 1217
1512650 1220
1512660 1220
1512670 1221
1512680 1224
1512690 1224
1512700 1228
1512710 1229
1512720 1229
1512730 1231
1512740 1233
1512750 1233
1512760 1236
1512770 1238
1512780 1238
1512790 1241
1512800 1246
1512810 1246
1512820 1251
1512830 1258
1512840 1258
1512850 1265
1512860 1267
1512870 1274
1512880 1274
1512890 1279
1512900 1279
1512910 1279
1512920 1270
1512930 1267
1512940 1267
1512950 1272
1512960 1279
1512970 1279
1512980 1285
1512990 1293
1513000 1293
1513010 1300
1513020 1305
1513030 1305
1513040 1313
1513050 1317
1513060 1317
1513070 1321
1513080 1327
1513090 1327
1513100 1332
1513110 1340
1513120 1340
1513130 1347
1513140 1355
1513150 1355
1513160 1359
1513170 1361
1513180 1364
1513190 1364
1513200 1366
1513210 1369
1513220 1369
1513230 1371
1513240 1373
1513250 1373
1513260 1376
1513270 1379
1513280 1379
1513290 1382
1513300 1384
1513310 1384
1513320 1385
1513330 1385
1513340 1385
1513350 1386
1513360 1387
1513370 1387
1513380 1388
1513390 1388
1513400 1388
1513410 1389
1513420 1389
1513430 1389
1513440 1389
1513450 1391
1513460 1391
1513470 1394
1513480 1396
1513490 1397
1513500 1397
1513510 1398
1513520 1399
1513530 1399
1513540 1401
1513550 1402
1513560 1402
1513570 1404
1513580 1406
1513590 1406
1513600 1408
1513610 1410
1513620 1410
1513630 1412
1513640 1413
1513650 1413
1513660 1416
1513670 1417
1513680 1417
1513690 1420
1513700 1421
1513710 1421
1513720 1422
1513730 1422
1513740 1422
1513750 1423
1513760 1425
1513770 1425
1513780 1428
1513790 1431
1513800 1434
1513810 1434
1513820 1436
1513830 1438
1513840 1438
1513850 1440
1513860 1440
1513870 1440
1513880 1441
1513890 1443
1513900 1443
1513910 1445
1513920 1447
1513930 1447
1513940 1449
1513950 1451
1513960 1451
1513970 1452
1513980 1454
1513990 1454
1514000 1456
1514010 1458
1514020 1458
1514030 1460
1514040 1461
1514050 1461
1514060 1463
1514070 1465
1514080 1465
1514090 1466
1514100 1467
1514110 1468
1514120 1468
1514130 1468
1514140 1468
1514150 1468
1514160 1469
1514170 1470
1514180 1470
1514190 1470
1514200 1472
1514210 1472
1514220 1474
1514230 1474
1514240 1474
1514250 1475
1514260 1476
1514270 1476
1514280 1477
1514290 1478
1514300 1478
1514310 1479
1514320 1479
1514330 1479
1514340 1480
1514350 1481
1514360 1481
1514370 1482
1514380 1483
1514390 1483
1514400 1484
1514410 1486
1514420 1487
1514430 1487
1514440 1488
1514450 1490
1514460 1490
1514470 1492
1514480 1495
1514490 1495
1514500 1497
1514510 1499
1514520 1499
1514530 1501
1514540 1503
1514550 1503
1514560 1504
1514570 1506
1514580 1506
1514590 1509
1514600 1510
1514610 1510
1514620 1513
1514630 1515
1514640 1515
1514650 1518
1514660 1519
1514670 1519
1514680 1522
1514690 1524
1514700 1524
1514710 1527
1514720 1530
1514730 1530
1514740 1533
1514750 1536
1514760 1541
1514770 1541
1514780 1545
1514790 1549
1514800 1549
1514810 1552
1514820 1555
1514830 1555
1514840 1557
1514850 1560
1514860 1560
1514870 1563
1514880 1565
1514890 1565
1514900 1569
1514910 1574
1514920 1574
1514930 1579
1514940 1583
1514950 1583
1514960 1589
1514970 1594
1514980 1594
1514990 1599
1515000 1603
1515010 1603
1515020 1608
1515030 1612
1515040 1612
1515050 1616
1515060 1620
1515070 1624
1515080 1624
1515090 1628
1515100 1630
1515110 1630
1515120 1634
1515130 1637
1515140 1637
1515150 1641
1515160 1643
1515170 1643
1515180 1644
1515190 1645
1515200 1645
1515210 1647
1515220 1648
1515230 1648
1515240 1649
1515250 1650
1515260 1650
1515270 1651
1515280 1652
1515290 1652
1515300 1655
1515310 1656
1515320 1656
1515330 1657
1515340 1656
1515350 1656
1515360 1655
1515370 1655
1515380 1654
1515390 1654
1515400 1653
1515410 1653
1515420 1653
1515430 1651
1515440 1648
1515450 1648
1515460 1647
1515470 1651
1515480 1651
1515490 1653
1515500 1655
1515510 1655
1515520 1656
1515530 1658
1515540 1658
1515550 1660
1515560 1662
1515570 1662
1515580 1663
1515590 1665
1515600 1665
1515610 1667
1515620 1670
1515630 1670
1515640 1672
1515650 1674
1515660 1674
1515670 1675
1515680 1676
1515690 1677
1515700 1677
1515710 1678
1515720 1679
1515730 1679
1515740 1679
1515750 1680
1515760 1680
1515770 1680
1515780 1679
1515790 1679
1515800 1679
1515810 1678
1515820 1678
1515830 1677
1515840 1675
1515850 1675
1515860 1672
1515870 1670
1515880 1670
1515890 1670
1515900 1672
1515910 1672
1515920 1677
1515930 1682
1515940 1682
1515950 1687
1515960 1690
1515970 1690
1515980 1689
1515990 1688
1516000 1688
1516010 1688
1516020 1687
1516030 1687
1516040 1687
1516050 1689
1516060 1691
1516070 1691
1516080 1693
1516090 1695
1516100 1695
1516110 1698
1516120 1701
1516130 1701
1516140 1704
1516150 1707
1516160 1707
1516170 1711
1516180 1716
1516190 1716
1516200 1719
1516210 1723
1516220 1723
1516230 1727
1516240 1730
1516250 1730
1516260 1732
1516270 1733
1516280 1733
1516290 1732
1516300 1728
1516310 1728
1516320 1724
1516330 1720
1516340 1717
1516350 1717
1516360 1714
1516370 1710
1516380 1710
1516390 1706
1516400 1702
1516410 1702
1516420 1700
1516430 1701
1516440 1701
1516450 1703
1516460 1703
1516470 1703
1516480 1703
1516490 1701
1516500 1701
1516510 1700
1516520 1702
1516530 1702
1516540 1704
1516550 1705
1516560 1705
1516570 1706
1516580 1706
1516590 1706
1516600 1708
1516610 1708
1516620 1708
1516630 1709
1516640 1710
1516650 1711
1516660 1711
1516670 1712
1516680 1713
1516690 1713
1516700 1714
1516710 1715
1516720 1715
1516730 1715
1516740 1717
1516750 1717
1516760 1721
1516770 1723
1516780 1723
1516790 1725
1516800 1727
1516810 1727
1516820 1729
1516830 1732
1516840 1732
1516850 1734
1516860 1737
1516870 1737
1516880 1739
1516890 1741
1516900 1741
1516910 1744
1516920 1746
1516930 1746
1516940 1750
1516950 1751
1516960 1754
1516970 1754
1516980 1759
1516990 1764
1517000 1764
1517010 1768
1517020 1770
1517030 1770
1517040 1770
1517050 1771
1517060 1771
1517070 1775
1517080 1779
1517090 1779
1517100 1781
1517110 1782
1517120 1782
1517130 1782
1517140 1784
1517150 1784
1517160 1785
1517170 1788
1517180 1788
1517190 1790
1517200 1793
1517210 1793
1517220 1796
1517230 1798
1517240 1798
1517250 1801
1517260 1801
1517270 1800
1517280 1800
1517290 1801
1517300 1802
1517310 1802
1517320 1804
1517330 1807
1517340 1807
1517350 1810
1517360 1814
1517370 1814
1517380 1819
1517390 1825
1517400 1825
1517410 1832
1517420 1838
1517430 1838
1517440 1844
1517450 1850
1517460 1850
1517470 1856
1517480 1862
1517490 1862
1517500 1867
1517510 1872
1517520 1872
1517530 1878
1517540 1883
1517550 1883
1517560 1889
1517570 1894
1517580 1900
1517590 1900
1517600 1905
1517610 1911
1517620 1911
1517630 1916
1517640 1922
1517650 1922
1517660 1928
1517670 1934
1517680 1934
1517690 1940
1517700 1947
1517710 1947
1517720 1953
1517730 1958
1517740 1958
1517750 1964
1517760 1971
1517770 1971
1517780 1977
1517790 1984
1517800 1984
1517810 1990
1517820 1998
1517830 1998
1517840 2004
1517850 2015
1517860 2015
1517870 2021
1517880 2026
1517890 2032
1517900 2032
1517910 2042
1517920 2045
1517930 2045
1517940 2051
1517950 2058
1517960 2058
1517970 2065
1517980 2074
1517990 2074
1518000 2082
1518010 2092
1518020 2092
1518030 2109
1518040 2127
1518050 2127
1518060 2141
1518070 2155
1518080 2155
1518090 2164
1518100 2170
1518110 2170
1518120 2175
1518130 2182
1518140 2182
1518150 2192
1518160 2205
1518170 2205
1518180 2217
1518190 2226
1518200 2226
1518210 2236
1518220 2232
1518230 2239
1518240 2239
1518250 2243
1518260 2248
1518270 2248
1518280 2256
1518290 2264
1518300 2264
1518310 2271
1518320 2278
1518330 2278
1518340 2283
1518350 2288
1518360 2288
1518370 2293
1518380 2298
1518390 2298
1518400 2301
1518410 2304
1518420 2304
1518430 2308
1518440 2313
1518450 2313
1518460 2318
1518470 2322
1518480 2322
1518490 2327
1518500 2331
1518510 2331
1518520 2336
1518530 2341
1518540 2346
1518550 2346
1518560 2351
1518570 2356
1518580 2356
1518590 2360
1518600 2364
1518610 2364
1518620 2367
1518630 2369
1518640 2369
1518650 2373
1518660 2380
1518670 2380
1518680 2387
1518690 2393
1518700 2393
1518710 2399
1518720 2405
1518730 2405
1518740 2411
1518750 2417
1518760 2417
1518770 2424
1518780 2431
1518790 2431
1518800 2437
1518810 2443
1518820 2443
1518830 2448
1518840 2453
1518850 2459
1518860 2459
1518870 2465
1518880 2471
1518890 2471
1518900 2478
1518910 2485
1518920 2485
1518930 2491
1518940 2499
1518950 2499
1518960 2506
1518970 2512
1518980 2512
1518990 2517
1519000 2525
1519010 2525
1519020 2529
1519030 2534
1519040 2534
1519050 2540
1519060 2545
1519070 2545
1519080 2551
1519090 2556
1519100 2556
1519110 2562
1519120 2569
1519130 2569
1519140 2575
1519150 2578
1519160 2575
1519170 2575
1519180 2568
1519190 2559
1519200 2559
1519210 2543
1519220 2527
1519230 2527
1519240 2515
1519250 2505
1519260 2505
1519270 2493
1519280 2483
1519290 2483
1519300 2471
1519310 2461
1519320 2461
1519330 2454
1519340 2448
1519350 2448
1519360 2442
1519370 2438
1519380 2438
1519390 2431
1519400 2424
1519410 2424
1519420 2421
1519430 2421
1519440 2421
1519450 2421
1519460 2422
1519470 2425
1519480 2425
1519490 2438
1519500 2455
1519510 2455
1519520 2471
1519530 2483
1519540 2483
1519550 2486
1519560 2487
1519570 2487
1519580 2498
1519590 2492
1519600 2492
1519610 2489
1519620 2494
1519630 2494
1519640 2498
1519650 2501
1519660 2501
1519670 2496
1519680 2499
1519690 2499
1519700 2511
1519710 2511
1519720 2511
1519730 2507
1519740 2507
1519750 2507
1519760 2501
1519770 2497
1519780 2497
1519790 2500
1519800 2495
1519810 2499
1519820 2499
1519830 2500
1519840 2498
1519850 2498
1519860 2500
1519870 2507
1519880 2507
1519890 2515
1519900 2525
1519910 2525
1519920 2521
1519930 2512
1519940 2512
1519950 2505
1519960 2502
1519970 2502
1519980 2503
1519990 2504
