1500000 1020
1500010 1019
1500020 1019
1500030 1021
1500040 1022
1500050 1022
1500060 1023
1500070 1025
1500080 1025
1500090 1027
1500100 1028
1500110 1028
1500120 1030
1500130 1030
1500140 1030
1500150 1031
1500160 1031
1500170 1031
1500180 1032
1500190 1032
1500200 1032
1500210 1032
1500220 1032
1500230 1032
1500240 1033
1500250 1033
1500260 1033
1500270 1033
1500280 1034
1500290 1035
1500300 1035
1500310 1035
1500320 1036
1500330 1036
1500340 1037
1500350 1037
1500360 1037
1500370 1037
1500380 1037
1500390 1037
1500400 1038
1500410 1038
1500420 1038
1500430 1037
1500440 1037
1500450 1037
1500460 1037
1500470 1037
1500480 1037
1500490 1036
1500500 1035
1500510 1035
1500520 1035
1500530 1032
1500540 1032
1500550 1029
1500560 1027
1500570 1028
1500580 1028
1500590 1029
1500600 1029
1500610 1029
1500620 1028
1500630 1028
1500640 1028
1500650 1027
1500660 1026
1500670 1026
1500680 1026
1500690 1025
1500700 1025
1500710 1025
1500720 1024
1500730 1024
1500740 1024
1500750 1024
1500760 1024
1500770 1024
1500780 1024
1500790 1024
1500800 1024
1500810 1023
1500820 1023
1500830 1022
1500840 1020
1500850 1020
1500860 1018
1500870 1018
1500880 1018
1500890 1019
1500900 1020
1500910 1020
1500920 1020
1500930 1021
1500940 1022
1500950 1022
1500960 1025
1500970 1028
1500980 1028
1500990 1031
1501000 1033
1501010 1033
1501020 1034
1501030 1035
1501040 1035
1501050 1037
1501060 1042
1501070 1042
1501080 1045
1501090 1048
1501100 1048
1501110 1051
1501120 1055
1501130 1055
1501140 1057
1501150 1057
1501160 1057
1501170 1059
1501180 1061
1501190 1061
1501200 1061
1501210 1062
1501220 1063
1501230 1063
1501240 1064
1501250 1063
1501260 1063
1501270 1060
1501280 1064
1501290 1064
1501300 1068
1501310 1066
1501320 1066
1501330 1067
1501340 1070
1501350 1070
1501360 1075
1501370 1080
1501380 1080
1501390 1085
1501400 1089
1501410 1089
1501420 1094
1501430 1097
1501440 1097
1501450 1101
1501460 1104
1501470 1104
1501480 1106
1501490 1108
1501500 1108
1501510 1110
1501520 1114
1501530 1118
1501540 1118
1501550 1121
1501560 1122
1501570 1122
1501580 1124
1501590 1125
1501600 1125
1501610 1127
1501620 1128
1501630 1128
1501640 1129
1501650 1130
1501660 1130
1501670 1131
1501680 1132
1501690 1132
1501700 1133
1501710 1133
1501720 1133
1501730 1133
1501740 1132
1501750 1132
1501760 1130
1501770 1131
1501780 1131
1501790 1131
1501800 1128
1501810 1128
1501820 1128
1501830 1124
1501840 1120
1501850 1120
1501860 1120
1501870 1127
1501880 1127
1501890 1134
1501900 1139
1501910 1139
1501920 1144
1501930 1147
1501940 1147
1501950 1151
1501960 1155
1501970 1155
1501980 1159
1501990 1162
1502000 1162
1502010 1165
1502020 1167
1502030 1167
1502040 1170
1502050 1172
1502060 1172
1502070 1177
1502080 1183
1502090 1183
1502100 1188
1502110 1192
1502120 1192
1502130 1196
1502140 1201
1502150 1204
1502160 1204
1502170 1208
1502180 1212
1502190 1212
1502200 1216
1502210 1221
1502220 1221
1502230 1224
1502240 1228
1502250 1228
1502260 1231
1502270 1235
1502280 1235
1502290 1239
1502300 1241
1502310 1241
1502320 1243
1502330 1244
1502340 1244
1502350 1244
1502360 1245
1502370 1245
1502380 1248
1502390 1250
1502400 1250
1502410 1252
1502420 1255
1502430 1255
1502440 1258
1502450 1260
1502460 1262
1502470 1262
1502480 1263
1502490 1265
1502500 1265
1502510 1267
1502520 1269
1502530 1269
1502540 1272
1502550 1275
1502560 1275
1502570 1278
1502580 1281
1502590 1281
1502600 1285
1502610 1289
1502620 1289
1502630 1292
1502640 1295
1502650 1295
1502660 1298
1502670 1301
1502680 1301
1502690 1303
1502700 1306
1502710 1306
1502720 1310
1502730 1312
1502740 1312
1502750 1316
1502760 1319
1502770 1319
1502780 1321
1502790 1324
1502800 1325
1502810 1325
1502820 1327
1502830 1328
1502840 1328
1502850 1329
1502860 1331
1502870 1331
1502880 1331
1502890 1332
1502900 1332
1502910 1332
1502920 1333
1502930 1333
1502940 1332
1502950 1332
1502960 1330
1502970 1329
1502980 1329
1502990 1329
1503000 1329
1503010 1328
1503020 1328
1503030 1327
1503040 1327
1503050 1327
1503060 1326
1503070 1325
1503080 1325
1503090 1325
1503100 1324
1503110 1324
1503120 1324
1503130 1325
1503140 1325
1503150 1325
1503160 1326
1503170 1326
1503180 1326
1503190 1327
1503200 1327
1503210 1327
1503220 1328
1503230 1328
1503240 1328
1503250 1329
1503260 1330
1503270 1330
1503280 1331
1503290 1332
1503300 1332
1503310 1333
1503320 1334
1503330 1334
1503340 1334
1503350 1335
1503360 1335
1503370 1336
1503380 1336
1503390 1336
1503400 1337
1503410 1337
1503420 1337
1503430 1337
1503440 1338
1503450 1338
1503460 1338
1503470 1339
1503480 1340
1503490 1340
1503500 1341
1503510 1342
1503520 1342
1503530 1343
1503540 1344
1503550 1344
1503560 1346
1503570 1347
1503580 1347
1503590 1350
1503600 1352
1503610 1352
1503620 1355
1503630 1356
1503640 1356
1503650 1358
1503660 1359
1503670 1359
1503680 1360
1503690 1360
1503700 1360
1503710 1360
1503720 1359
1503730 1359
1503740 1359
1503750 1358
1503760 1358
1503770 1358
1503780 1357
1503790 1357
1503800 1357
1503810 1356
1503820 1356
1503830 1356
1503840 1355
1503850 1354
1503860 1354
1503870 1354
1503880 1353
1503890 1353
1503900 1352
1503910 1351
1503920 1351
1503930 1350
1503940 1348
1503950 1348
1503960 1346
1503970 1344
1503980 1344
1503990 1342
1504000 1339
1504010 1339
1504020 1336
1504030 1333
1504040 1330
1504050 1330
1504060 1327
1504070 1322
1504080 1322
1504090 1317
1504100 1312
1504110 1312
1504120 1306
1504130 1300
1504140 1300
1504150 1295
1504160 1289
1504170 1289
1504180 1281
1504190 1273
1504200 1273
1504210 1264
1504220 1258
1504230 1258
1504240 1252
1504250 1246
1504260 1246
1504270 1242
1504280 1238
1504290 1238
1504300 1236
1504310 1233
1504320 1233
1504330 1228
1504340 1223
1504350 1223
1504360 1218
1504370 1213
1504380 1207
1504390 1207
1504400 1201
1504410 1194
1504420 1194
1504430 1189
1504440 1184
1504450 1184
1504460 1179
1504470 1173
1504480 1173
1504490 1168
1504500 1163
1504510 1163
1504520 1158
1504530 1152
1504540 1152
1504550 1142
1504560 1134
1504570 1134
1504580 1126
1504590 1117
1504600 1117
1504610 1109
1504620 1101
1504630 1101
1504640 1095
1504650 1093
1504660 1093
1504670 1093
1504680 1095
1504690 1098
1504700 1098
1504710 1099
1504720 1100
1504730 1100
1504740 1102
1504750 1103
1504760 1103
1504770 1105
1504780 1107
1504790 1107
1504800 1109
1504810 1110
1504820 1110
1504830 1112
1504840 1113
1504850 1113
1504860 1115
1504870 1117
1504880 1117
1504890 1119
1504900 1121
1504910 1121
1504920 1122
1504930 1123
1504940 1123
1504950 1125
1504960 1127
1504970 1127
1504980 1129
1504990 1130
1505000 1131
1505010 1131
1505020 1134
1505030 1136
1505040 1136
1505050 1137
1505060 1139
1505070 1139
1505080 1141
1505090 1142
1505100 1142
1505110 1143
1505120 1144
1505130 1144
1505140 1145
1505150 1146
1505160 1146
1505170 1146
1505180 1147
1505190 1147
1505200 1148
1505210 1148
1505220 1148
1505230 1149
1505240 1151
1505250 1151
1505260 1154
1505270 1156
1505280 1156
1505290 1159
1505300 1162
1505310 1165
1505320 1165
1505330 1169
1505340 1173
1505350 1173
1505360 1177
1505370 1181
1505380 1181
1505390 1186
1505400 1191
1505410 1191
1505420 1194
1505430 1199
1505440 1199
1505450 1203
1505460 1207
1505470 1207
1505480 1211
1505490 1215
1505500 1215
1505510 1220
1505520 1225
1505530 1225
1505540 1226
1505550 1229
1505560 1229
1505570 1231
1505580 1234
1505590 1234
1505600 1238
1505610 1242
1505620 1246
1505630 1246
1505640 1250
1505650 1254
1505660 1254
1505670 1258
1505680 1262
1505690 1262
1505700 1264
1505710 1267
1505720 1267
1505730 1273
1505740 1277
1505750 1277
1505760 1281
1505770 1285
1505780 1285
1505790 1287
1505800 1290
1505810 1290
1505820 1292
1505830 1294
1505840 1294
1505850 1296
1505860 1299
1505870 1299
1505880 1302
1505890 1304
1505900 1304
1505910 1306
1505920 1308
1505930 1310
1505940 1310
1505950 1313
1505960 1315
1505970 1315
1505980 1317
1505990 1319
1506000 1319
1506010 1321
1506020 1323
1506030 1323
1506040 1325
1506050 1328
1506060 1328
1506070 1330
1506080 1331
1506090 1331
1506100 1333
1506110 1334
1506120 1334
1506130 1336
1506140 1338
1506150 1338
1506160 1341
1506170 1344
1506180 1344
1506190 1346
1506200 1348
1506210 1348
1506220 1349
1506230 1350
1506240 1350
1506250 1350
1506260 1352
1506270 1356
1506280 1356
1506290 1356
1506300 1358
1506310 1358
1506320 1359
1506330 1359
1506340 1359
1506350 1358
1506360 1356
1506370 1356
1506380 1357
1506390 1359
1506400 1359
1506410 1363
1506420 1365
1506430 1365
1506440 1366
1506450 1367
1506460 1367
1506470 1368
1506480 1370
1506490 1370
1506500 1373
1506510 1375
1506520 1375
1506530 1378
1506540 1380
1506550 1380
1506560 1382
1506570 1384
1506580 1384
1506590 1384
1506600 1387
1506610 1391
1506620 1391
1506630 1396
1506640 1399
1506650 1399
1506660 1400
1506670 1399
1506680 1399
1506690 1402
1506700 1409
1506710 1409
1506720 1413
1506730 1417
1506740 1417
1506750 1420
1506760 1423
1506770 1423
1506780 1426
1506790 1429
1506800 1429
1506810 1431
1506820 1434
1506830 1434
1506840 1435
1506850 1435
1506860 1435
1506870 1436
1506880 1437
1506890 1436
1506900 1436
1506910 1436
1506920 1437
1506930 1437
1506940 1436
1506950 1434
1506960 1434
1506970 1432
1506980 1431
1506990 1431
1507000 1431
1507010 1434
1507020 1434
1507030 1438
1507040 1442
1507050 1442
1507060 1446
1507070 1450
1507080 1450
1507090 1454
1507100 1457
1507110 1457
1507120 1459
1507130 1460
1507140 1460
1507150 1463
1507160 1466
1507170 1466
1507180 1470
1507190 1471
1507200 1471
1507210 1471
1507220 1472
1507230 1475
1507240 1475
1507250 1477
1507260 1479
1507270 1479
1507280 1481
1507290 1484
1507300 1484
1507310 1486
1507320 1489
1507330 1489
1507340 1492
1507350 1496
1507360 1496
1507370 1500
1507380 1504
1507390 1504
1507400 1507
1507410 1511
1507420 1511
1507430 1515
1507440 1519
1507450 1519
1507460 1525
1507470 1531
1507480 1531
1507490 1537
1507500 1543
1507510 1549
1507520 1549
1507530 1555
1507540 1561
1507550 1561
1507560 1567
1507570 1572
1507580 1572
1507590 1576
1507600 1581
1507610 1581
1507620 1585
1507630 1589
1507640 1589
1507650 1593
1507660 1597
1507670 1597
1507680 1601
1507690 1605
1507700 1605
1507710 1607
1507720 1610
1507730 1610
1507740 1612
1507750 1615
1507760 1615
1507770 1616
1507780 1618
1507790 1618
1507800 1619
1507810 1620
1507820 1620
1507830 1622
1507840 1623
1507850 1624
1507860 1624
1507870 1623
1507880 1621
1507890 1621
1507900 1617
1507910 1618
1507920 1618
1507930 1621
1507940 1623
1507950 1623
1507960 1626
1507970 1631
1507980 1631
1507990 1637
1508000 1643
1508010 1643
1508020 1649
1508030 1653
1508040 1653
1508050 1649
1508060 1642
1508070 1642
1508080 1637
1508090 1634
1508100 1634
1508110 1631
1508120 1628
1508130 1628
1508140 1625
1508150 1622
1508160 1620
1508170 1620
1508180 1616
1508190 1612
1508200 1612
1508210 1610
1508220 1608
1508230 1608
1508240 1605
1508250 1601
1508260 1601
1508270 1599
1508280 1598
1508290 1598
1508300 1597
1508310 1591
1508320 1591
1508330 1584
1508340 1582
1508350 1582
1508360 1580
1508370 1573
1508380 1573
1508390 1567
1508400 1571
1508410 1571
1508420 1567
1508430 1567
1508440 1567
1508450 1576
1508460 1587
1508470 1597
1508480 1597
1508490 1605
1508500 1608
1508510 1608
1508520 1609
1508530 1612
1508540 1612
1508550 1618
1508560 1622
1508570 1622
1508580 1624
1508590 1631
1508600 1631
1508610 1638
1508620 1645
1508630 1645
1508640 1652
1508650 1659
1508660 1659
1508670 1666
1508680 1673
1508690 1673
1508700 1674
1508710 1673
1508720 1673
1508730 1670
1508740 1666
1508750 1666
1508760 1664
1508770 1663
1508780 1662
1508790 1662
1508800 1663
1508810 1665
1508820 1665
1508830 1665
1508840 1664
1508850 1664
1508860 1662
1508870 1663
1508880 1663
1508890 1663
1508900 1664
1508910 1664
1508920 1665
1508930 1666
1508940 1671
1508950 1671
1508960 1671
1508970 1671
1508980 1670
1508990 1666
1509000 1666
1509010 1662
1509020 1660
1509030 1660
1509040 1661
1509050 1662
1509060 1662
1509070 1663
1509080 1662
1509090 1659
1509100 1659
1509110 1658
1509120 1659
1509130 1659
1509140 1659
1509150 1659
1509160 1659
1509170 1660
1509180 1661
1509190 1661
1509200 1662
1509210 1662
1509220 1662
1509230 1659
1509240 1656
1509250 1656
1509260 1656
1509270 1657
1509280 1657
1509290 1659
1509300 1662
1509310 1662
1509320 1664
1509330 1666
1509340 1666
1509350 1669
1509360 1670
1509370 1670
1509380 1672
1509390 1673
1509400 1675
1509410 1675
1509420 1678
1509430 1678
1509440 1678
1509450 1678
1509460 1678
1509470 1678
1509480 1679
1509490 1679
1509500 1679
1509510 1677
1509520 1676
1509530 1676
1509540 1676
1509550 1676
1509560 1676
1509570 1674
1509580 1672
1509590 1672
1509600 1670
1509610 1667
1509620 1667
1509630 1664
1509640 1661
1509650 1661
1509660 1658
1509670 1656
1509680 1656
1509690 1653
1509700 1650
1509710 1650
1509720 1645
1509730 1640
1509740 1636
1509750 1636
1509760 1634
1509770 1631
1509780 1631
1509790 1630
1509800 1628
1509810 1628
1509820 1626
1509830 1624
1509840 1624
1509850 1621
1509860 1618
1509870 1618
1509880 1613
1509890 1608
1509900 1608
1509910 1604
1509920 1601
1509930 1601
1509940 1598
1509950 1596
1509960 1596
1509970 1595
1509980 1594
1509990 1594
1510000 1592
1510010 1590
1510020 1590
1510030 1588
1510040 1586
1510050 1584
1510060 1584
1510070 1582
1510080 1580
1510090 1580
1510100 1578
1510110 1576
1510120 1576
1510130 1574
1510140 1572
1510150 1572
1510160 1569
1510170 1567
1510180 1567
1510190 1564
1510200 1561
1510210 1561
1510220 1558
1510230 1554
1510240 1554
1510250 1551
1510260 1547
1510270 1547
1510280 1543
1510290 1539
1510300 1539
1510310 1535
1510320 1534
1510330 1534
1510340 1534
1510350 1533
1510360 1532
1510370 1532
1510380 1530
1510390 1527
1510400 1527
1510410 1523
1510420 1518
1510430 1518
1510440 1513
1510450 1514
1510460 1514
1510470 1516
1510480 1517
1510490 1517
1510500 1518
1510510 1517
1510520 1517
1510530 1515
1510540 1514
1510550 1514
1510560 1514
1510570 1514
1510580 1514
1510590 1515
1510600 1517
1510610 1517
1510620 1519
1510630 1520
1510640 1520
1510650 1521
1510660 1523
1510670 1523
1510680 1523
1510690 1523
1510700 1523
1510710 1523
1510720 1522
1510730 1522
1510740 1522
1510750 1520
1510760 1518
1510770 1518
1510780 1515
1510790 1511
1510800 1511
1510810 1507
1510820 1504
1510830 1504
1510840 1503
1510850 1503
1510860 1503
1510870 1503
1510880 1503
1510890 1503
1510900 1502
1510910 1501
1510920 1501
1510930 1499
1510940 1496
1510950 1496
1510960 1493
1510970 1488
1510980 1483
1510990 1483
1511000 1478
1511010 1473
1511020 1473
1511030 1468
1511040 1464
1511050 1464
1511060 1460
1511070 1455
1511080 1455
1511090 1450
1511100 1447
1511110 1447
1511120 1443
1511130 1439
1511140 1439
1511150 1437
1511160 1436
1511170 1436
1511180 1434
1511190 1433
1511200 1433
1511210 1431
1511220 1428
1511230 1428
1511240 1425
1511250 1422
1511260 1422
1511270 1419
1511280 1415
1511290 1415
1511300 1412
1511310 1408
1511320 1404
1511330 1404
1511340 1400
1511350 1397
1511360 1397
1511370 1394
1511380 1391
1511390 1391
1511400 1387
1511410 1383
1511420 1383
1511430 1381
1511440 1378
1511450 1378
1511460 1376
1511470 1375
1511480 1375
1511490 1374
1511500 1371
1511510 1371
1511520 1368
1511530 1366
1511540 1366
1511550 1362
1511560 1358
1511570 1358
1511580 1353
1511590 1347
1511600 1347
1511610 1344
1511620 1342
1511630 1340
1511640 1340
1511650 1336
1511660 1332
1511670 1332
1511680 1328
1511690 1321
1511700 1321
1511710 1313
1511720 1304
1511730 1304
1511740 1296
1511750 1288
1511760 1288
1511770 1280
1511780 1273
1511790 1273
1511800 1265
1511810 1258
1511820 1258
1511830 1256
1511840 1259
1511850 1259
1511860 1263
1511870 1268
1511880 1268
1511890 1269
1511900 1269
1511910 1269
1511920 1274
1511930 1274
1511940 1272
1511950 1272
1511960 1268
1511970 1266
1511980 1266
1511990 1264
1512000 1263
1512010 1263
1512020 1261
1512030 1258
1512040 1258
1512050 1258
1512060 1258
1512070 1258
1512080 1256
1512090 1254
1512100 1254
1512110 1251
1512120 1248
1512130 1248
1512140 1242
1512150 1235
1512160 1235
1512170 1228
1512180 1221
1512190 1221
1512200 1214
1512210 1207
1512220 1207
1512230 1201
1512240 1196
1512250 1195
1512260 1195
1512270 1193
1512280 1189
1512290 1189
1512300 1185
1512310 1181
1512320 1181
1512330 1177
1512340 1177
1512350 1177
1512360 1180
1512370 1185
1512380 1185
1512390 1191
1512400 1197
1512410 1197
1512420 1205
1512430 1212
1512440 1212
1512450 1217
1512460 1223
1512470 1223
1512480 1226
1512490 1228
1512500 1228
1512510 1231
1512520 1234
1512530 1234
1512540 1237
1512550 1239
1512560 1242
1512570 1242
1512580 1245
1512590 1248
1512600 1248
1512610 1252
1512620 1256
1512630 1256
1512640 1260
1512650 1264
1512660 1264
1512670 1267
1512680 1272
1512690 1272
1512700 1276
1512710 1280
1512720 1280
1512730 1283
1512740 1284
1512750 1284
1512760 1286
1512770 1288
1512780 1288
1512790 1289
1512800 1291
1512810 1291
1512820 1293
1512830 1296
1512840 1296
1512850 1299
1512860 1303
1512870 1306
1512880 1306
1512890 1310
1512900 1314
1512910 1314
1512920 1318
1512930 1322
1512940 1322
1512950 1326
1512960 1330
1512970 1330
1512980 1333
1512990 1333
1513000 1333
1513010 1333
1513020 1329
1513030 1329
1513040 1325
1513050 1324
1513060 1324
1513070 1320
1513080 1315
1513090 1315
1513100 1316
1513110 1317
1513120 1317
1513130 1321
1513140 1327
1513150 1327
1513160 1334
1513170 1339
1513180 1339
1513190 1342
1513200 1340
1513210 1338
1513220 1338
1513230 1340
1513240 1342
1513250 1342
1513260 1345
1513270 1348
1513280 1348
1513290 1350
1513300 1352
1513310 1352
1513320 1354
1513330 1355
1513340 1355
1513350 1357
1513360 1359
1513370 1359
1513380 1361
1513390 1363
1513400 1363
1513410 1365
1513420 1367
1513430 1367
1513440 1369
1513450 1370
1513460 1370
1513470 1371
1513480 1372
1513490 1372
1513500 1373
1513510 1373
1513520 1373
1513530 1373
1513540 1374
1513550 1377
1513560 1377
1513570 1382
1513580 1386
1513590 1386
1513600 1390
1513610 1392
1513620 1392
1513630 1394
1513640 1396
1513650 1396
1513660 1398
1513670 1400
1513680 1400
1513690 1402
1513700 1404
1513710 1404
1513720 1404
1513730 1403
1513740 1403
1513750 1405
1513760 1406
1513770 1406
1513780 1408
1513790 1411
1513800 1411
1513810 1415
1513820 1417
1513830 1420
1513840 1420
1513850 1422
1513860 1424
1513870 1424
1513880 1426
1513890 1427
1513900 1427
1513910 1428
1513920 1431
1513930 1431
1513940 1433
1513950 1436
1513960 1436
1513970 1439
1513980 1442
1513990 1442
1514000 1446
1514010 1448
1514020 1448
1514030 1451
1514040 1456
1514050 1456
1514060 1459
1514070 1460
1514080 1460
1514090 1465
1514100 1467
1514110 1467
1514120 1468
1514130 1470
1514140 1472
1514150 1472
1514160 1473
1514170 1474
1514180 1474
1514190 1474
1514200 1474
1514210 1474
1514220 1474
1514230 1475
1514240 1475
1514250 1477
1514260 1478
1514270 1478
1514280 1480
1514290 1482
1514300 1482
1514310 1483
1514320 1485
1514330 1485
1514340 1488
1514350 1490
1514360 1490
1514370 1491
1514380 1494
1514390 1494
1514400 1496
1514410 1498
1514420 1498
1514430 1500
1514440 1500
1514450 1499
1514460 1499
1514470 1500
1514480 1503
1514490 1503
1514500 1508
1514510 1512
1514520 1512
1514530 1516
1514540 1520
1514550 1520
1514560 1523
1514570 1526
1514580 1526
1514590 1528
1514600 1531
1514610 1531
1514620 1534
1514630 1537
1514640 1537
1514650 1539
1514660 1541
1514670 1541
1514680 1543
1514690 1544
1514700 1544
1514710 1546
1514720 1547
1514730 1547
1514740 1548
1514750 1548
1514760 1548
1514770 1549
1514780 1550
1514790 1550
1514800 1550
1514810 1550
1514820 1550
1514830 1550
1514840 1550
1514850 1550
1514860 1550
1514870 1551
1514880 1553
1514890 1553
1514900 1555
1514910 1558
1514920 1558
1514930 1560
1514940 1563
1514950 1563
1514960 1567
1514970 1570
1514980 1570
1514990 1574
1515000 1577
1515010 1577
1515020 1580
1515030 1582
1515040 1582
1515050 1584
1515060 1585
1515070 1585
1515080 1587
1515090 1589
1515100 1590
1515110 1590
1515120 1592
1515130 1592
1515140 1592
1515150 1594
1515160 1596
1515170 1596
1515180 1598
1515190 1599
1515200 1599
1515210 1599
1515220 1600
1515230 1600
1515240 1601
1515250 1602
1515260 1602
1515270 1604
1515280 1605
1515290 1605
1515300 1606
1515310 1607
1515320 1607
1515330 1609
1515340 1611
1515350 1611
1515360 1613
1515370 1615
1515380 1615
1515390 1617
1515400 1620
1515410 1622
1515420 1622
1515430 1624
1515440 1626
1515450 1626
1515460 1628
1515470 1630
1515480 1630
1515490 1632
1515500 1634
1515510 1634
1515520 1636
1515530 1638
1515540 1638
1515550 1639
1515560 1641
1515570 1641
1515580 1644
1515590 1645
1515600 1645
1515610 1646
1515620 1649
1515630 1649
1515640 1650
1515650 1653
1515660 1653
1515670 1657
1515680 1662
1515690 1662
1515700 1664
1515710 1664
1515720 1664
1515730 1664
1515740 1662
1515750 1662
1515760 1662
1515770 1665
1515780 1668
1515790 1668
1515800 1672
1515810 1677
1515820 1677
1515830 1679
1515840 1680
1515850 1680
1515860 1680
1515870 1681
1515880 1681
1515890 1681
1515900 1681
1515910 1681
1515920 1681
1515930 1681
1515940 1681
1515950 1684
1515960 1687
1515970 1687
1515980 1692
1515990 1697
1516000 1697
1516010 1701
1516020 1704
1516030 1707
1516040 1707
1516050 1708
1516060 1707
1516070 1707
1516080 1708
1516090 1709
1516100 1709
1516110 1709
1516120 1709
1516130 1709
1516140 1712
1516150 1717
1516160 1717
1516170 1722
1516180 1726
1516190 1726
1516200 1731
1516210 1736
1516220 1736
1516230 1740
1516240 1744
1516250 1744
1516260 1748
1516270 1752
1516280 1752
1516290 1756
1516300 1760
1516310 1760
1516320 1758
1516330 1754
1516340 1748
1516350 1748
1516360 1745
1516370 1743
1516380 1743
1516390 1744
1516400 1746
1516410 1746
1516420 1745
1516430 1742
1516440 1742
1516450 1737
1516460 1739
1516470 1739
1516480 1745
1516490 1747
1516500 1747
1516510 1748
1516520 1747
1516530 1747
1516540 1742
1516550 1738
1516560 1738
1516570 1738
1516580 1738
1516590 1738
1516600 1740
1516610 1741
1516620 1741
1516630 1743
1516640 1745
1516650 1745
1516660 1746
1516670 1747
1516680 1747
1516690 1747
1516700 1746
1516710 1746
1516720 1746
1516730 1747
1516740 1748
1516750 1748
1516760 1750
1516770 1752
1516780 1752
1516790 1755
1516800 1758
1516810 1758
1516820 1760
1516830 1761
1516840 1761
1516850 1762
1516860 1765
1516870 1765
1516880 1768
1516890 1771
1516900 1771
1516910 1772
1516920 1773
1516930 1773
1516940 1774
1516950 1776
1516960 1776
1516970 1779
1516980 1780
1516990 1780
1517000 1780
1517010 1781
1517020 1783
1517030 1783
1517040 1785
1517050 1786
1517060 1786
1517070 1789
1517080 1793
1517090 1793
1517100 1795
1517110 1799
1517120 1799
1517130 1800
1517140 1803
1517150 1803
1517160 1807
1517170 1810
1517180 1810
1517190 1811
1517200 1813
1517210 1813
1517220 1816
1517230 1819
1517240 1819
1517250 1822
1517260 1825
1517270 1825
1517280 1827
1517290 1831
1517300 1833
1517310 1833
1517320 1836
1517330 1839
1517340 1839
1517350 1843
1517360 1845
1517370 1845
1517380 1845
1517390 1846
1517400 1846
1517410 1851
1517420 1855
1517430 1855
1517440 1854
1517450 1855
1517460 1855
1517470 1856
1517480 1860
1517490 1860
1517500 1866
1517510 1873
1517520 1873
1517530 1879
1517540 1886
1517550 1886
1517560 1892
1517570 1896
1517580 1896
1517590 1901
1517600 1907
1517610 1913
1517620 1913
1517630 1919
1517640 1923
1517650 1923
1517660 1928
1517670 1934
1517680 1934
1517690 1939
1517700 1945
1517710 1945
1517720 1951
1517730 1959
1517740 1959
1517750 1981
1517760 1996
1517770 1996
1517780 2037
1517790 2074
1517800 2074
1517810 2091
1517820 2099
1517830 2092
1517840 2120
1517850 2139
1517860 2139
1517870 2140
1517880 2142
1517890 2142
1517900 2143
1517910 2148
1517920 2143
1517930 2143
1517940 2132
1517950 2136
1517960 2136
1517970 2143
1517980 2146
1517990 2146
1518000 2143
1518010 2142
1518020 2142
1518030 2145
1518040 2150
1518050 2150
1518060 2154
1518070 2162
1518080 2162
1518090 2169
1518100 2177
1518110 2177
1518120 2186
1518130 2189
1518140 2189
1518150 2192
1518160 2197
1518170 2197
1518180 2200
1518190 2204
1518200 2204
1518210 2209
1518220 2214
1518230 2214
1518240 2218
1518250 2223
1518260 2230
1518270 2230
1518280 2236
1518290 2243
1518300 2243
1518310 2250
1518320 2257
1518330 2257
1518340 2264
1518350 2271
1518360 2271
1518370 2278
1518380 2285
1518390 2285
1518400 2293
1518410 2301
1518420 2301
1518430 2309
1518440 2317
1518450 2317
1518460 2324
1518470 2331
1518480 2331
1518490 2339
1518500 2347
1518510 2347
1518520 2354
1518530 2363
1518540 2363
1518550 2370
1518560 2376
1518570 2382
1518580 2382
1518590 2389
1518600 2396
1518610 2396
1518620 2402
1518630 2409
1518640 2409
1518650 2415
1518660 2421
1518670 2421
1518680 2426
1518690 2431
1518700 2431
1518710 2437
1518720 2443
1518730 2443
1518740 2448
1518750 2453
1518760 2453
1518770 2459
1518780 2464
1518790 2464
1518800 2471
1518810 2477
1518820 2477
1518830 2484
1518840 2491
1518850 2491
1518860 2497
1518870 2503
1518880 2511
1518890 2511
1518900 2519
1518910 2523
1518920 2523
1518930 2530
1518940 2538
1518950 2538
1518960 2543
1518970 2549
1518980 2549
1518990 2557
1519000 2556
1519010 2556
1519020 2559
1519030 2563
1519040 2563
1519050 2567
1519060 2573
1519070 2573
1519080 2581
1519090 2588
1519100 2588
1519110 2590
1519120 2591
1519130 2591
1519140 2592
1519150 2585
1519160 2585
1519170 2573
1519180 2561
1519190 2553
1519200 2553
1519210 2545
1519220 2538
1519230 2538
1519240 2531
1519250 2523
1519260 2523
1519270 2517
1519280 2511
1519290 2511
1519300 2505
1519310 2500
1519320 2500
1519330 2496
1519340 2494
1519350 2494
1519360 2492
1519370 2490
1519380 2490
1519390 2489
1519400 2504
1519410 2504
1519420 2515
1519430 2525
1519440 2525
1519450 2533
1519460 2538
1519470 2538
1519480 2543
1519490 2544
1519500 2550
1519510 2550
1519520 2563
1519530 2574
1519540 2574
1519550 2569
1519560 2569
1519570 2569
1519580 2576
1519590 2572
1519600 2572
1519610 2571
1519620 2572
1519630 2572
1519640 2573
1519650 2575
1519660 2575
1519670 2576
1519680 2577
1519690 2577
1519700 2580
1519710 2581
1519720 2581
1519730 2583
1519740 2582
1519750 2582
1519760 2581
1519770 2578
1519780 2578
1519790 2577
1519800 2577
1519810 2577
1519820 2578
1519830 2581
1519840 2583
1519850 2583
1519860 2582
1519870 2580
1519880 2580
1519890 2577
1519900 2577
1519910 2577
1519920 2571
1519930 2568
1519940 2568
1519950 2573
1519960 2572
1519970 2572
1519980 2573
1519990 2573
