1500000 1494
1500010 1498
1500020 1501
1500030 1501
1500040 1505
1500050 1509
1500060 1512
1500070 1512
1500080 1515
1500090 1519
1500100 1519
1500110 1523
1500120 1526
1500130 1526
1500140 1529
1500150 1532
1500160 1532
1500170 1533
1500180 1534
1500190 1534
1500200 1534
1500210 1533
1500220 1533
1500230 1531
1500240 1529
1500250 1529
1500260 1526
1500270 1523
1500280 1523
1500290 1518
1500300 1512
1500310 1512
1500320 1506
1500330 1499
1500340 1499
1500350 1493
1500360 1488
1500370 1483
1500380 1483
1500390 1477
1500400 1471
1500410 1471
1500420 1466
1500430 1460
1500440 1460
1500450 1455
1500460 1449
1500470 1449
1500480 1444
1500490 1440
1500500 1440
1500510 1435
1500520 1431
1500530 1431
1500540 1427
1500550 1424
1500560 1424
1500570 1421
1500580 1417
1500590 1417
1500600 1414
1500610 1412
1500620 1412
1500630 1410
1500640 1407
1500650 1407
1500660 1404
1500670 1401
1500680 1399
1500690 1399
1500700 1396
1500710 1391
1500720 1391
1500730 1387
1500740 1383
1500750 1383
1500760 1383
1500770 1383
1500780 1383
1500790 1381
1500800 1377
1500810 1377
1500820 1375
1500830 1374
1500840 1374
1500850 1372
1500860 1369
1500870 1369
1500880 1366
1500890 1361
1500900 1361
1500910 1355
1500920 1349
1500930 1349
1500940 1344
1500950 1338
1500960 1338
1500970 1333
1500980 1329
1500990 1329
1501000 1323
1501010 1318
1501020 1315
1501030 1315
1501040 1313
1501050 1309
1501060 1309
1501070 1303
1501080 1298
1501090 1298
1501100 1293
1501110 1287
1501120 1287
1501130 1284
1501140 1282
1501150 1282
1501160 1281
1501170 1278
1501180 1278
1501190 1274
1501200 1271
1501210 1271
1501220 1267
1501230 1266
1501240 1266
1501250 1264
1501260 1262
1501270 1262
1501280 1261
1501290 1258
1501300 1258
1501310 1255
1501320 1253
1501330 1250
1501340 1250
1501350 1246
1501360 1245
1501370 1245
1501380 1242
1501390 1241
1501400 1241
1501410 1239
1501420 1236
1501430 1236
1501440 1238
1501450 1238
1501460 1238
1501470 1237
1501480 1239
1501490 1239
1501500 1242
1501510 1242
1501520 1242
1501530 1241
1501540 1233
1501550 1233
1501560 1226
1501570 1222
1501580 1222
1501590 1224
1501600 1224
1501610 1224
1501620 1220
1501630 1215
1501640 1215
1501650 1209
1501660 1202
1501670 1199
1501680 1199
1501690 1198
1501700 1196
1501710 1196
1501720 1193
1501730 1195
1501740 1195
1501750 1199
1501760 1203
1501770 1203
1501780 1206
1501790 1208
1501800 1208
1501810 1210
1501820 1212
1501830 1212
1501840 1214
1501850 1215
1501860 1215
1501870 1217
1501880 1218
1501890 1218
1501900 1215
1501910 1214
1501920 1214
1501930 1217
1501940 1217
1501950 1217
1501960 1215
1501970 1213
1501980 1212
1501990 1212
1502000 1212
1502010 1210
1502020 1210
1502030 1211
1502040 1212
1502050 1212
1502060 1213
1502070 1214
1502080 1214
1502090 1221
1502100 1229
1502110 1229
1502120 1237
1502130 1243
1502140 1243
1502150 1250
1502160 1254
1502170 1254
1502180 1256
1502190 1261
1502200 1261
1502210 1268
1502220 1272
1502230 1272
1502240 1275
1502250 1273
1502260 1273
1502270 1272
1502280 1272
1502290 1272
1502300 1273
1502310 1275
1502320 1278
1502330 1278
1502340 1281
1502350 1284
1502360 1284
1502370 1288
1502380 1293
1502390 1293
1502400 1297
1502410 1299
1502420 1299
1502430 1303
1502440 1308
1502450 1308
1502460 1312
1502470 1317
1502480 1317
1502490 1322
1502500 1327
1502510 1327
1502520 1332
1502530 1337
1502540 1337
1502550 1341
1502560 1344
1502570 1344
1502580 1349
1502590 1354
1502600 1354
1502610 1361
1502620 1370
1502630 1378
1502640 1378
1502650 1386
1502660 1392
1502670 1392
1502680 1398
1502690 1404
1502700 1404
1502710 1406
1502720 1409
1502730 1409
1502740 1414
1502750 1421
1502760 1421
1502770 1427
1502780 1435
1502790 1435
1502800 1442
1502810 1450
1502820 1450
1502830 1456
1502840 1461
1502850 1461
1502860 1467
1502870 1473
1502880 1473
1502890 1478
1502900 1484
1502910 1484
1502920 1490
1502930 1496
1502940 1496
1502950 1501
1502960 1506
1502970 1511
1502980 1511
1502990 1516
1503000 1519
1503010 1519
1503020 1522
1503030 1524
1503040 1524
1503050 1526
1503060 1525
1503070 1525
1503080 1525
1503090 1524
1503100 1524
1503110 1523
1503120 1522
1503130 1522
1503140 1520
1503150 1518
1503160 1518
1503170 1516
1503180 1514
1503190 1514
1503200 1512
1503210 1510
1503220 1510
1503230 1507
1503240 1505
1503250 1505
1503260 1501
1503270 1498
1503280 1495
1503290 1495
1503300 1492
1503310 1490
1503320 1490
1503330 1488
1503340 1485
1503350 1485
1503360 1482
1503370 1479
1503380 1479
1503390 1476
1503400 1473
1503410 1473
1503420 1470
1503430 1466
1503440 1466
1503450 1463
1503460 1459
1503470 1459
1503480 1454
1503490 1450
1503500 1450
1503510 1445
1503520 1439
1503530 1439
1503540 1434
1503550 1427
1503560 1427
1503570 1421
1503580 1415
1503590 1415
1503600 1409
1503610 1404
1503620 1398
1503630 1398
1503640 1392
1503650 1387
1503660 1387
1503670 1382
1503680 1376
1503690 1376
1503700 1370
1503710 1365
1503720 1365
1503730 1359
1503740 1353
1503750 1353
1503760 1346
1503770 1341
1503780 1341
1503790 1336
1503800 1329
1503810 1329
1503820 1324
1503830 1317
1503840 1317
1503850 1308
1503860 1298
1503870 1298
1503880 1289
1503890 1289
1503900 1289
1503910 1296
1503920 1302
1503930 1308
1503940 1308
1503950 1313
1503960 1313
1503970 1313
1503980 1307
1503990 1302
1504000 1302
1504010 1296
1504020 1293
1504030 1293
1504040 1294
1504050 1293
1504060 1293
1504070 1291
1504080 1289
1504090 1289
1504100 1288
1504110 1289
1504120 1289
1504130 1288
1504140 1288
1504150 1288
1504160 1289
1504170 1289
1504180 1289
1504190 1290
1504200 1290
1504210 1290
1504220 1290
1504230 1291
1504240 1291
1504250 1291
1504260 1293
1504270 1296
1504280 1296
1504290 1298
1504300 1300
1504310 1300
1504320 1303
1504330 1307
1504340 1307
1504350 1312
1504360 1317
1504370 1317
1504380 1322
1504390 1326
1504400 1326
1504410 1332
1504420 1339
1504430 1339
1504440 1345
1504450 1350
1504460 1350
1504470 1355
1504480 1362
1504490 1362
1504500 1369
1504510 1376
1504520 1376
1504530 1383
1504540 1390
1504550 1390
1504560 1398
1504570 1405
1504580 1414
1504590 1414
1504600 1421
1504610 1430
1504620 1430
1504630 1439
1504640 1447
1504650 1447
1504660 1455
1504670 1462
1504680 1462
1504690 1468
1504700 1473
1504710 1473
1504720 1478
1504730 1482
1504740 1482
1504750 1485
1504760 1489
1504770 1489
1504780 1494
1504790 1499
1504800 1499
1504810 1504
1504820 1507
1504830 1507
1504840 1508
1504850 1509
1504860 1509
1504870 1509
1504880 1508
1504890 1508
1504900 1507
1504910 1503
1504920 1503
1504930 1505
1504940 1504
1504950 1501
1504960 1501
1504970 1497
1504980 1487
1504990 1487
1505000 1477
1505010 1469
1505020 1469
1505030 1462
1505040 1456
1505050 1456
1505060 1450
1505070 1444
1505080 1444
1505090 1437
1505100 1431
1505110 1431
1505120 1425
1505130 1418
1505140 1418
1505150 1411
1505160 1405
1505170 1405
1505180 1398
1505190 1390
1505200 1390
1505210 1384
1505220 1377
1505230 1372
1505240 1372
1505250 1367
1505260 1361
1505270 1361
1505280 1357
1505290 1352
1505300 1352
1505310 1347
1505320 1341
1505330 1341
1505340 1335
1505350 1329
1505360 1329
1505370 1323
1505380 1318
1505390 1318
1505400 1311
1505410 1306
1505420 1306
1505430 1301
1505440 1296
1505450 1296
1505460 1293
1505470 1289
1505480 1289
1505490 1284
1505500 1279
1505510 1279
1505520 1273
1505530 1269
1505540 1269
1505550 1266
1505560 1263
1505570 1261
1505580 1261
1505590 1259
1505600 1256
1505610 1256
1505620 1254
1505630 1251
1505640 1251
1505650 1249
1505660 1246
1505670 1246
1505680 1244
1505690 1243
1505700 1243
1505710 1241
1505720 1239
1505730 1239
1505740 1236
1505750 1233
1505760 1233
1505770 1230
1505780 1227
1505790 1227
1505800 1225
1505810 1220
1505820 1220
1505830 1219
1505840 1218
1505850 1218
1505860 1217
1505870 1218
1505880 1220
1505890 1220
1505900 1221
1505910 1223
1505920 1223
1505930 1225
1505940 1226
1505950 1226
1505960 1227
1505970 1227
1505980 1227
1505990 1228
1506000 1229
1506010 1229
1506020 1230
1506030 1232
1506040 1232
1506050 1233
1506060 1235
1506070 1235
1506080 1236
1506090 1238
1506100 1238
1506110 1239
1506120 1241
1506130 1241
1506140 1243
1506150 1244
1506160 1244
1506170 1246
1506180 1248
1506190 1248
1506200 1250
1506210 1252
1506220 1254
1506230 1254
1506240 1257
1506250 1259
1506260 1259
1506270 1261
1506280 1264
1506290 1264
1506300 1266
1506310 1269
1506320 1269
1506330 1271
1506340 1274
1506350 1274
1506360 1277
1506370 1280
1506380 1280
1506390 1282
1506400 1286
1506410 1286
1506420 1289
1506430 1293
1506440 1293
1506450 1297
1506460 1300
1506470 1300
1506480 1303
1506490 1306
1506500 1306
1506510 1309
1506520 1312
1506530 1316
1506540 1316
1506550 1321
1506560 1325
1506570 1325
1506580 1331
1506590 1336
1506600 1336
1506610 1341
1506620 1346
1506630 1346
1506640 1350
1506650 1354
1506660 1354
1506670 1358
1506680 1361
1506690 1361
1506700 1365
1506710 1369
1506720 1369
1506730 1375
1506740 1381
1506750 1381
1506760 1387
1506770 1393
1506780 1393
1506790 1400
1506800 1407
1506810 1407
1506820 1412
1506830 1416
1506840 1416
1506850 1419
1506860 1422
1506870 1425
1506880 1425
1506890 1427
1506900 1431
1506910 1431
1506920 1433
1506930 1435
1506940 1435
1506950 1437
1506960 1440
1506970 1440
1506980 1442
1506990 1445
1507000 1445
1507010 1446
1507020 1447
1507030 1447
1507040 1450
1507050 1454
1507060 1454
1507070 1456
1507080 1458
1507090 1458
1507100 1459
1507110 1461
1507120 1461
1507130 1463
1507140 1466
1507150 1466
1507160 1468
1507170 1471
1507180 1473
1507190 1473
1507200 1475
1507210 1477
1507220 1477
1507230 1479
1507240 1482
1507250 1482
1507260 1483
1507270 1484
1507280 1484
1507290 1486
1507300 1488
1507310 1488
1507320 1491
1507330 1495
1507340 1495
1507350 1499
1507360 1503
1507370 1503
1507380 1506
1507390 1509
1507400 1509
1507410 1512
1507420 1516
1507430 1516
1507440 1519
1507450 1522
1507460 1522
1507470 1524
1507480 1526
1507490 1526
1507500 1529
1507510 1533
1507520 1537
1507530 1537
1507540 1540
1507550 1544
1507560 1544
1507570 1548
1507580 1551
1507590 1551
1507600 1555
1507610 1560
1507620 1560
1507630 1565
1507640 1569
1507650 1569
1507660 1573
1507670 1577
1507680 1577
1507690 1581
1507700 1584
1507710 1584
1507720 1586
1507730 1589
1507740 1589
1507750 1593
1507760 1597
1507770 1597
1507780 1600
1507790 1604
1507800 1604
1507810 1606
1507820 1609
1507830 1612
1507840 1612
1507850 1615
1507860 1618
1507870 1618
1507880 1620
1507890 1622
1507900 1622
1507910 1625
1507920 1626
1507930 1626
1507940 1628
1507950 1629
1507960 1629
1507970 1629
1507980 1629
1507990 1629
1508000 1630
1508010 1631
1508020 1631
1508030 1633
1508040 1635
1508050 1635
1508060 1636
1508070 1637
1508080 1637
1508090 1640
1508100 1643
1508110 1643
1508120 1646
1508130 1648
1508140 1651
1508150 1651
1508160 1653
1508170 1655
1508180 1655
1508190 1657
1508200 1659
1508210 1659
1508220 1661
1508230 1664
1508240 1664
1508250 1667
1508260 1670
1508270 1670
1508280 1673
1508290 1675
1508300 1675
1508310 1678
1508320 1680
1508330 1680
1508340 1682
1508350 1684
1508360 1684
1508370 1686
1508380 1689
1508390 1689
1508400 1691
1508410 1693
1508420 1693
1508430 1695
1508440 1698
1508450 1698
1508460 1701
1508470 1705
1508480 1708
1508490 1708
1508500 1711
1508510 1715
1508520 1715
1508530 1718
1508540 1721
1508550 1721
1508560 1725
1508570 1728
1508580 1728
1508590 1732
1508600 1736
1508610 1736
1508620 1740
1508630 1744
1508640 1744
1508650 1748
1508660 1753
1508670 1753
1508680 1758
1508690 1764
1508700 1764
1508710 1770
1508720 1775
1508730 1775
1508740 1782
1508750 1788
1508760 1788
1508770 1794
1508780 1801
1508790 1808
1508800 1808
1508810 1816
1508820 1823
1508830 1823
1508840 1832
1508850 1839
1508860 1839
1508870 1846
1508880 1853
1508890 1853
1508900 1859
1508910 1866
1508920 1866
1508930 1872
1508940 1876
1508950 1876
1508960 1880
1508970 1884
1508980 1884
1508990 1880
1509000 1872
1509010 1872
1509020 1863
1509030 1853
1509040 1853
1509050 1839
1509060 1831
1509070 1831
1509080 1825
1509090 1820
1509100 1820
1509110 1817
1509120 1811
1509130 1810
1509140 1810
1509150 1810
1509160 1810
1509170 1810
1509180 1814
1509190 1817
1509200 1817
1509210 1806
1509220 1796
1509230 1796
1509240 1793
1509250 1790
1509260 1790
1509270 1787
1509280 1783
1509290 1783
1509300 1780
1509310 1779
1509320 1779
1509330 1779
1509340 1778
1509350 1778
1509360 1777
1509370 1776
1509380 1776
1509390 1774
1509400 1774
1509410 1774
1509420 1773
1509430 1772
1509440 1771
1509450 1771
1509460 1772
1509470 1772
1509480 1772
1509490 1772
1509500 1773
1509510 1773
1509520 1776
1509530 1778
1509540 1778
1509550 1781
1509560 1783
1509570 1783
1509580 1785
1509590 1786
1509600 1786
1509610 1788
1509620 1789
1509630 1789
1509640 1790
1509650 1792
1509660 1792
1509670 1795
1509680 1797
1509690 1797
1509700 1799
1509710 1800
1509720 1800
1509730 1802
1509740 1805
1509750 1805
1509760 1808
1509770 1811
1509780 1815
1509790 1815
1509800 1819
1509810 1823
1509820 1823
1509830 1827
1509840 1832
1509850 1832
1509860 1837
1509870 1841
1509880 1841
1509890 1845
1509900 1851
1509910 1851
1509920 1857
1509930 1863
1509940 1863
1509950 1868
1509960 1874
1509970 1874
1509980 1880
1509990 1886
1510000 1886
1510010 1891
1510020 1895
1510030 1895
1510040 1901
1510050 1909
1510060 1909
1510070 1921
1510080 1935
1510090 1950
1510100 1950
1510110 1962
1510120 1962
1510130 1962
1510140 1969
1510150 1984
1510160 1984
1510170 1996
1510180 2011
1510190 2011
1510200 2020
1510210 2022
1510220 2022
1510230 2020
1510240 2024
1510250 2024
1510260 2031
1510270 2036
1510280 2036
1510290 2036
1510300 2035
1510310 2035
1510320 2025
1510330 2016
1510340 2016
1510350 2009
1510360 2005
1510370 2005
1510380 2011
1510390 2025
1510400 2025
1510410 2045
1510420 2049
1510430 2046
1510440 2046
1510450 2035
1510460 2022
1510470 2022
1510480 2016
1510490 2025
1510500 2025
1510510 2027
1510520 2007
1510530 2007
1510540 2004
1510550 2013
1510560 2013
1510570 2012
1510580 2020
1510590 2020
1510600 2019
1510610 2007
1510620 2007
1510630 2007
1510640 2019
1510650 2019
1510660 2034
1510670 2046
1510680 2046
1510690 2038
1510700 2042
1510710 2042
1510720 2032
1510730 2015
1510740 1988
1510750 1988
1510760 1981
1510770 1978
1510780 1978
1510790 1976
1510800 1975
1510810 1975
1510820 1973
1510830 1972
1510840 1972
1510850 1971
1510860 1970
1510870 1970
1510880 1969
1510890 1969
1510900 1969
1510910 1970
1510920 1972
1510930 1972
1510940 1975
1510950 1979
1510960 1979
1510970 1982
1510980 1987
1510990 1987
1511000 1992
1511010 1997
1511020 1997
1511030 2003
1511040 2010
1511050 2010
1511060 2016
1511070 2019
1511080 2019
1511090 2019
1511100 2037
1511110 2080
1511120 2080
1511130 2114
1511140 2127
1511150 2127
1511160 2146
1511170 2165
1511180 2165
1511190 2177
1511200 2189
1511210 2189
1511220 2207
1511230 2222
1511240 2222
1511250 2240
1511260 2253
1511270 2253
1511280 2267
1511290 2285
1511300 2285
1511310 2304
1511320 2322
1511330 2322
1511340 2336
1511350 2366
1511360 2366
1511370 2383
1511380 2386
1511390 2395
1511400 2395
1511410 2404
1511420 2401
1511430 2401
1511440 2400
1511450 2412
1511460 2412
1511470 2423
1511480 2432
1511490 2432
1511500 2437
1511510 2432
1511520 2432
1511530 2434
1511540 2437
1511550 2437
1511560 2445
1511570 2476
1511580 2476
1511590 2507
1511600 2537
1511610 2537
1511620 2559
1511630 2556
1511640 2556
1511650 2557
1511660 2556
1511670 2556
1511680 2557
1511690 2554
1511700 2556
1511710 2556
1511720 2558
1511730 2554
1511740 2554
1511750 2535
1511760 2510
1511770 2510
1511780 2499
1511790 2495
1511800 2495
1511810 2495
1511820 2495
1511830 2495
1511840 2494
1511850 2502
1511860 2502
1511870 2546
1511880 2590
1511890 2590
1511900 2621
1511910 2624
1511920 2624
1511930 2603
1511940 2589
1511950 2589
1511960 2580
1511970 2573
1511980 2573
1511990 2565
1512000 2565
1512010 2565
1512020 2575
1512030 2588
1512040 2606
1512050 2606
1512060 2611
1512070 2612
1512080 2612
1512090 2624
1512100 2632
1512110 2632
1512120 2637
1512130 2659
1512140 2659
1512150 2675
1512160 2686
1512170 2686
1512180 2693
1512190 2698
1512200 2698
1512210 2701
1512220 2703
1512230 2703
1512240 2702
1512250 2699
1512260 2699
1512270 2690
1512280 2679
1512290 2679
1512300 2678
1512310 2654
1512320 2654
1512330 2632
1512340 2617
1512350 2613
1512360 2613
1512370 2621
1512380 2625
1512390 2625
1512400 2633
1512410 2635
1512420 2635
1512430 2636
1512440 2632
1512450 2632
1512460 2638
1512470 2643
1512480 2643
1512490 2644
1512500 2649
1512510 2649
1512520 2647
1512530 2656
1512540 2656
1512550 2661
1512560 2667
1512570 2667
1512580 2673
1512590 2673
1512600 2673
1512610 2671
1512620 2677
1512630 2677
1512640 2684
1512650 2691
1512660 2691
1512670 2684
1512680 2664
1512690 2646
1512700 2646
1512710 2643
1512720 2631
1512730 2631
1512740 2622
1512750 2652
1512760 2652
1512770 2679
1512780 2691
1512790 2691
1512800 2682
1512810 2664
1512820 2664
1512830 2637
1512840 2612
1512850 2612
1512860 2599
1512870 2588
1512880 2588
1512890 2568
1512900 2553
1512910 2553
1512920 2541
1512930 2534
1512940 2534
1512950 2519
1512960 2496
1512970 2496
1512980 2466
1512990 2447
1513000 2438
1513010 2438
1513020 2427
1513030 2427
1513040 2427
1513050 2442
1513060 2445
1513070 2445
1513080 2412
1513090 2436
1513100 2436
1513110 2440
1513120 2414
1513130 2414
1513140 2401
1513150 2385
1513160 2385
1513170 2369
1513180 2353
1513190 2353
1513200 2358
1513210 2356
1513220 2356
1513230 2350
1513240 2358
1513250 2358
1513260 2369
1513270 2375
1513280 2375
1513290 2374
1513300 2366
1513310 2366
1513320 2370
1513330 2385
1513340 2388
1513350 2388
1513360 2389
1513370 2391
1513380 2391
1513390 2383
1513400 2368
1513410 2368
1513420 2355
1513430 2349
1513440 2349
1513450 2354
1513460 2368
1513470 2368
1513480 2384
1513490 2393
1513500 2393
1513510 2377
1513520 2348
1513530 2348
1513540 2334
1513550 2320
1513560 2320
1513570 2304
1513580 2294
1513590 2294
1513600 2290
1513610 2287
1513620 2287
1513630 2292
1513640 2300
1513650 2290
1513660 2290
1513670 2278
1513680 2279
1513690 2279
1513700 2278
1513710 2286
1513720 2286
1513730 2289
1513740 2287
1513750 2287
1513760 2279
1513770 2268
1513780 2268
1513790 2267
1513800 2269
1513810 2269
1513820 2254
1513830 2236
1513840 2236
1513850 2235
1513860 2229
1513870 2229
1513880 2227
1513890 2224
1513900 2224
1513910 2221
1513920 2216
1513930 2216
1513940 2225
1513950 2243
1513960 2243
1513970 2253
1513980 2268
1513990 2282
1514000 2282
1514010 2303
1514020 2324
1514030 2324
1514040 2342
1514050 2356
1514060 2356
1514070 2377
1514080 2380
1514090 2380
1514100 2389
1514110 2392
1514120 2392
1514130 2379
1514140 2366
1514150 2366
1514160 2349
1514170 2340
1514180 2340
1514190 2340
1514200 2345
1514210 2345
1514220 2317
1514230 2298
1514240 2298
1514250 2228
1514260 2203
1514270 2203
1514280 2263
1514290 2256
1514300 2232
1514310 2232
1514320 2221
1514330 2194
1514340 2194
1514350 2184
1514360 2181
1514370 2181
1514380 2180
1514390 2179
1514400 2179
1514410 2177
1514420 2177
1514430 2177
1514440 2179
1514450 2182
1514460 2182
1514470 2183
1514480 2182
1514490 2182
1514500 2183
1514510 2191
1514520 2191
1514530 2190
1514540 2189
1514550 2189
1514560 2191
1514570 2189
1514580 2189
1514590 2193
1514600 2193
1514610 2193
1514620 2194
1514630 2198
1514640 2200
1514650 2200
1514660 2202
1514670 2204
1514680 2204
1514690 2207
1514700 2210
1514710 2210
1514720 2217
1514730 2219
1514740 2219
1514750 2218
1514760 2214
1514770 2214
1514780 2210
1514790 2211
1514800 2211
1514810 2213
1514820 2217
1514830 2217
1514840 2220
1514850 2223
1514860 2223
1514870 2226
1514880 2228
1514890 2228
1514900 2231
1514910 2234
1514920 2234
1514930 2238
1514940 2240
1514950 2242
1514960 2242
1514970 2240
1514980 2243
1514990 2243
1515000 2247
1515010 2292
1515020 2292
1515030 2327
1515040 2356
1515050 2356
1515060 2371
1515070 2387
1515080 2387
1515090 2415
1515100 2439
1515110 2439
1515120 2436
1515130 2432
1515140 2432
1515150 2432
1515160 2441
1515170 2441
1515180 2450
1515190 2460
1515200 2460
1515210 2487
1515220 2507
1515230 2507
1515240 2520
1515250 2542
1515260 2542
1515270 2524
1515280 2497
1515290 2486
1515300 2486
1515310 2469
1515320 2470
1515330 2470
1515340 2473
1515350 2489
1515360 2489
1515370 2499
1515380 2505
1515390 2505
1515400 2513
1515410 2524
1515420 2524
1515430 2535
1515440 2547
1515450 2547
1515460 2559
1515470 2571
1515480 2571
1515490 2581
1515500 2599
1515510 2599
1515520 2640
1515530 2680
1515540 2680
1515550 2696
1515560 2693
1515570 2693
1515580 2690
1515590 2685
1515600 2704
1515610 2704
1515620 2718
1515630 2713
1515640 2713
1515650 2721
1515660 2744
1515670 2744
1515680 2752
1515690 2759
1515700 2759
1515710 2769
1515720 2770
1515730 2770
1515740 2767
1515750 2763
1515760 2763
1515770 2764
1515780 2766
1515790 2766
1515800 2774
1515810 2780
1515820 2780
1515830 2783
1515840 2789
1515850 2789
1515860 2798
1515870 2807
1515880 2807
1515890 2817
1515900 2810
1515910 2810
1515920 2749
1515930 2725
1515940 2691
1515950 2691
1515960 2672
1515970 2676
1515980 2676
1515990 2723
1516000 2768
1516010 2768
1516020 2770
1516030 2743
1516040 2743
1516050 2717
1516060 2696
1516070 2696
1516080 2681
1516090 2670
1516100 2670
1516110 2662
1516120 2658
1516130 2658
1516140 2657
1516150 2658
1516160 2658
1516170 2662
1516180 2669
1516190 2669
1516200 2670
1516210 2669
1516220 2669
1516230 2670
1516240 2671
1516250 2671
1516260 2671
1516270 2670
1516280 2669
1516290 2669
1516300 2667
1516310 2666
1516320 2666
1516330 2664
1516340 2662
1516350 2662
1516360 2661
1516370 2659
1516380 2659
1516390 2657
1516400 2655
1516410 2655
1516420 2654
1516430 2652
1516440 2652
1516450 2650
1516460 2649
1516470 2649
1516480 2647
1516490 2645
1516500 2645
1516510 2644
1516520 2642
1516530 2642
1516540 2641
1516550 2640
1516560 2640
1516570 2638
1516580 2637
1516590 2636
1516600 2636
1516610 2635
1516620 2634
1516630 2634
1516640 2634
1516650 2633
1516660 2633
1516670 2632
1516680 2632
1516690 2632
1516700 2631
1516710 2631
1516720 2631
1516730 2630
1516740 2630
1516750 2630
1516760 2630
1516770 2631
1516780 2631
1516790 2632
1516800 2633
1516810 2633
1516820 2634
1516830 2636
1516840 2636
1516850 2638
1516860 2641
1516870 2641
1516880 2646
1516890 2649
1516900 2647
1516910 2647
1516920 2644
1516930 2640
1516940 2640
1516950 2638
1516960 2635
1516970 2635
1516980 2631
1516990 2628
1517000 2628
1517010 2625
1517020 2619
1517030 2619
1517040 2615
1517050 2611
1517060 2611
1517070 2608
1517080 2605
1517090 2605
1517100 2602
1517110 2600
1517120 2600
1517130 2596
1517140 2591
1517150 2591
1517160 2583
1517170 2577
1517180 2577
1517190 2572
1517200 2568
1517210 2568
1517220 2565
1517230 2562
1517240 2560
1517250 2560
1517260 2558
1517270 2557
1517280 2557
1517290 2556
1517300 2555
1517310 2555
1517320 2554
1517330 2553
1517340 2553
1517350 2552
1517360 2551
1517370 2551
1517380 2550
1517390 2550
1517400 2550
1517410 2549
1517420 2549
1517430 2549
1517440 2548
1517450 2547
1517460 2547
1517470 2547
1517480 2547
1517490 2547
1517500 2547
1517510 2546
1517520 2546
1517530 2546
1517540 2545
1517550 2545
1517560 2545
1517570 2545
1517580 2544
1517590 2544
1517600 2544
1517610 2544
1517620 2544
1517630 2543
1517640 2543
1517650 2543
1517660 2543
1517670 2543
1517680 2543
1517690 2546
1517700 2546
1517710 2546
1517720 2547
1517730 2546
1517740 2546
1517750 2542
1517760 2543
1517770 2543
1517780 2540
1517790 2535
1517800 2535
1517810 2533
1517820 2530
1517830 2530
1517840 2528
1517850 2525
1517860 2525
1517870 2523
1517880 2522
1517890 2521
1517900 2521
1517910 2518
1517920 2515
1517930 2515
1517940 2510
1517950 2507
1517960 2507
1517970 2506
1517980 2504
1517990 2504
1518000 2503
1518010 2503
1518020 2503
1518030 2504
1518040 2504
1518050 2504
1518060 2505
1518070 2505
1518080 2505
1518090 2502
1518100 2498
1518110 2498
1518120 2494
1518130 2491
1518140 2491
1518150 2490
1518160 2488
1518170 2488
1518180 2486
1518190 2483
1518200 2478
1518210 2478
1518220 2474
1518230 2471
1518240 2471
1518250 2469
1518260 2467
1518270 2467
1518280 2466
1518290 2469
1518300 2469
1518310 2471
1518320 2470
1518330 2470
1518340 2467
1518350 2464
1518360 2464
1518370 2463
1518380 2464
1518390 2464
1518400 2464
1518410 2465
1518420 2465
1518430 2465
1518440 2466
1518450 2466
1518460 2466
1518470 2467
1518480 2467
1518490 2465
1518500 2463
1518510 2463
1518520 2461
1518530 2455
1518540 2451
1518550 2451
1518560 2445
1518570 2439
1518580 2439
1518590 2433
1518600 2426
1518610 2426
1518620 2416
1518630 2409
1518640 2409
1518650 2404
1518660 2401
1518670 2401
1518680 2401
1518690 2399
1518700 2399
1518710 2397
1518720 2392
1518730 2392
1518740 2389
1518750 2383
1518760 2383
1518770 2376
1518780 2368
1518790 2368
1518800 2363
1518810 2360
1518820 2360
1518830 2357
1518840 2353
1518850 2348
1518860 2348
1518870 2341
1518880 2335
1518890 2335
1518900 2330
1518910 2326
1518920 2326
1518930 2321
1518940 2317
1518950 2316
1518960 2312
1518970 2307
1518980 2307
1518990 2302
1519000 2298
1519010 2298
1519020 2294
1519030 2289
1519040 2289
1519050 2284
1519060 2280
1519070 2280
1519080 2276
1519090 2273
1519100 2273
1519110 2271
1519120 2270
1519130 2270
1519140 2270
1519150 2271
1519160 2271
1519170 2270
1519180 2272
1519190 2272
1519200 2272
1519210 2270
1519220 2267
1519230 2267
1519240 2263
1519250 2260
1519260 2260
1519270 2258
1519280 2257
1519290 2257
1519300 2254
1519310 2252
1519320 2252
1519330 2251
1519340 2250
1519350 2250
1519360 2251
1519370 2252
1519380 2252
1519390 2255
1519400 2257
1519410 2257
1519420 2258
1519430 2261
1519440 2261
1519450 2265
1519460 2267
1519470 2267
1519480 2269
1519490 2271
1519500 2273
1519510 2273
1519520 2277
1519530 2280
1519540 2280
1519550 2283
1519560 2289
1519570 2289
1519580 2295
1519590 2298
1519600 2298
1519610 2300
1519620 2301
1519630 2301
1519640 2299
1519650 2298
1519660 2298
1519670 2297
1519680 2297
1519690 2297
1519700 2295
1519710 2295
1519720 2295
1519730 2295
1519740 2295
1519750 2295
1519760 2294
1519770 2295
1519780 2295
1519790 2297
1519800 2298
1519810 2301
1519820 2301
1519830 2305
1519840 2309
1519850 2309
1519860 2311
1519870 2313
1519880 2313
1519890 2313
1519900 2312
1519910 2312
1519920 2309
1519930 2305
1519940 2305
1519950 2302
1519960 2298
1519970 2298
1519980 2292
1519990 2286
