1500000 1362
1500010 1363
1500020 1366
1500030 1366
1500040 1371
1500050 1376
1500060 1376
1500070 1379
1500080 1381
1500090 1381
1500100 1383
1500110 1384
1500120 1385
1500130 1385
1500140 1385
1500150 1385
1500160 1385
1500170 1385
1500180 1385
1500190 1385
1500200 1385
1500210 1385
1500220 1385
1500230 1385
1500240 1384
1500250 1384
1500260 1385
1500270 1385
1500280 1385
1500290 1385
1500300 1386
1500310 1386
1500320 1386
1500330 1385
1500340 1385
1500350 1384
1500360 1383
1500370 1383
1500380 1383
1500390 1383
1500400 1383
1500410 1384
1500420 1384
1500430 1384
1500440 1384
1500450 1383
1500460 1383
1500470 1383
1500480 1382
1500490 1380
1500500 1380
1500510 1376
1500520 1371
1500530 1371
1500540 1370
1500550 1369
1500560 1369
1500570 1371
1500580 1372
1500590 1372
1500600 1371
1500610 1370
1500620 1370
1500630 1374
1500640 1377
1500650 1377
1500660 1378
1500670 1380
1500680 1380
1500690 1380
1500700 1380
1500710 1380
1500720 1380
1500730 1380
1500740 1380
1500750 1379
1500760 1378
1500770 1377
1500780 1377
1500790 1375
1500800 1373
1500810 1373
1500820 1371
1500830 1370
1500840 1370
1500850 1370
1500860 1371
1500870 1371
1500880 1372
1500890 1373
1500900 1373
1500910 1374
1500920 1377
1500930 1377
1500940 1380
1500950 1383
1500960 1383
1500970 1386
1500980 1388
1500990 1388
1501000 1391
1501010 1392
1501020 1392
1501030 1393
1501040 1392
1501050 1392
1501060 1391
1501070 1388
1501080 1385
1501090 1385
1501100 1382
1501110 1379
1501120 1379
1501130 1378
1501140 1378
1501150 1378
1501160 1377
1501170 1376
1501180 1376
1501190 1375
1501200 1374
1501210 1374
1501220 1374
1501230 1374
1501240 1374
1501250 1374
1501260 1375
1501270 1375
1501280 1378
1501290 1380
1501300 1380
1501310 1383
1501320 1385
1501330 1385
1501340 1387
1501350 1389
1501360 1389
1501370 1391
1501380 1393
1501390 1393
1501400 1395
1501410 1396
1501420 1397
1501430 1397
1501440 1398
1501450 1398
1501460 1398
1501470 1396
1501480 1394
1501490 1394
1501500 1391
1501510 1388
1501520 1388
1501530 1385
1501540 1382
1501550 1382
1501560 1379
1501570 1376
1501580 1376
1501590 1374
1501600 1371
1501610 1371
1501620 1368
1501630 1364
1501640 1364
1501650 1359
1501660 1355
1501670 1355
1501680 1352
1501690 1349
1501700 1349
1501710 1346
1501720 1343
1501730 1339
1501740 1339
1501750 1336
1501760 1334
1501770 1334
1501780 1334
1501790 1336
1501800 1336
1501810 1337
1501820 1337
1501830 1337
1501840 1337
1501850 1337
1501860 1337
1501870 1336
1501880 1335
1501890 1335
1501900 1334
1501910 1331
1501920 1331
1501930 1328
1501940 1330
1501950 1330
1501960 1336
1501970 1340
1501980 1340
1501990 1342
1502000 1346
1502010 1346
1502020 1345
1502030 1350
1502040 1350
1502050 1354
1502060 1356
1502070 1360
1502080 1360
1502090 1365
1502100 1367
1502110 1367
1502120 1366
1502130 1363
1502140 1363
1502150 1359
1502160 1361
1502170 1361
1502180 1371
1502190 1381
1502200 1381
1502210 1386
1502220 1388
1502230 1388
1502240 1387
1502250 1385
1502260 1385
1502270 1382
1502280 1380
1502290 1380
1502300 1378
1502310 1376
1502320 1376
1502330 1376
1502340 1381
1502350 1381
1502360 1380
1502370 1373
1502380 1365
1502390 1365
1502400 1353
1502410 1348
1502420 1348
1502430 1354
1502440 1359
1502450 1359
1502460 1361
1502470 1362
1502480 1362
1502490 1370
1502500 1379
1502510 1379
1502520 1386
1502530 1393
1502540 1393
1502550 1399
1502560 1406
1502570 1406
1502580 1415
1502590 1421
1502600 1421
1502610 1421
1502620 1419
1502630 1419
1502640 1418
1502650 1417
1502660 1417
1502670 1415
1502680 1422
1502690 1422
1502700 1428
1502710 1431
1502720 1433
1502730 1433
1502740 1434
1502750 1434
1502760 1434
1502770 1437
1502780 1441
1502790 1441
1502800 1445
1502810 1448
1502820 1448
1502830 1450
1502840 1453
1502850 1453
1502860 1456
1502870 1459
1502880 1459
1502890 1461
1502900 1462
1502910 1462
1502920 1466
1502930 1468
1502940 1468
1502950 1469
1502960 1470
1502970 1470
1502980 1470
1502990 1471
1503000 1471
1503010 1472
1503020 1472
1503030 1472
1503040 1472
1503050 1472
1503060 1471
1503070 1471
1503080 1470
1503090 1470
1503100 1470
1503110 1469
1503120 1468
1503130 1468
1503140 1468
1503150 1468
1503160 1468
1503170 1467
1503180 1466
1503190 1466
1503200 1467
1503210 1468
1503220 1468
1503230 1467
1503240 1466
1503250 1466
1503260 1463
1503270 1462
1503280 1462
1503290 1462
1503300 1461
1503310 1461
1503320 1462
1503330 1461
1503340 1461
1503350 1459
1503360 1458
1503370 1454
1503380 1454
1503390 1450
1503400 1451
1503410 1451
1503420 1454
1503430 1455
1503440 1455
1503450 1455
1503460 1454
1503470 1454
1503480 1454
1503490 1454
1503500 1454
1503510 1453
1503520 1453
1503530 1453
1503540 1452
1503550 1451
1503560 1451
1503570 1450
1503580 1449
1503590 1449
1503600 1448
1503610 1447
1503620 1447
1503630 1446
1503640 1444
1503650 1444
1503660 1443
1503670 1443
1503680 1443
1503690 1442
1503700 1441
1503710 1441
1503720 1441
1503730 1440
1503740 1440
1503750 1440
1503760 1440
1503770 1438
1503780 1438
1503790 1436
1503800 1435
1503810 1435
1503820 1434
1503830 1433
1503840 1433
1503850 1431
1503860 1429
1503870 1429
1503880 1427
1503890 1424
1503900 1424
1503910 1421
1503920 1419
1503930 1419
1503940 1416
1503950 1413
1503960 1413
1503970 1407
1503980 1403
1503990 1403
1504000 1401
1504010 1397
1504020 1391
1504030 1391
1504040 1384
1504050 1380
1504060 1380
1504070 1375
1504080 1369
1504090 1369
1504100 1361
1504110 1357
1504120 1357
1504130 1362
1504140 1369
1504150 1369
1504160 1377
1504170 1381
1504180 1381
1504190 1381
1504200 1381
1504210 1381
1504220 1380
1504230 1380
1504240 1380
1504250 1379
1504260 1379
1504270 1379
1504280 1380
1504290 1381
1504300 1381
1504310 1382
1504320 1383
1504330 1383
1504340 1383
1504350 1383
1504360 1384
1504370 1384
1504380 1382
1504390 1378
1504400 1378
1504410 1376
1504420 1374
1504430 1374
1504440 1372
1504450 1372
1504460 1372
1504470 1377
1504480 1385
1504490 1385
1504500 1394
1504510 1403
1504520 1403
1504530 1411
1504540 1419
1504550 1419
1504560 1425
1504570 1432
1504580 1432
1504590 1438
1504600 1443
1504610 1443
1504620 1448
1504630 1452
1504640 1452
1504650 1457
1504660 1461
1504670 1466
1504680 1466
1504690 1471
1504700 1478
1504710 1478
1504720 1483
1504730 1488
1504740 1488
1504750 1493
1504760 1499
1504770 1499
1504780 1505
1504790 1510
1504800 1510
1504810 1515
1504820 1520
1504830 1520
1504840 1525
1504850 1529
1504860 1529
1504870 1532
1504880 1534
1504890 1534
1504900 1537
1504910 1538
1504920 1538
1504930 1539
1504940 1540
1504950 1540
1504960 1539
1504970 1536
1504980 1536
1504990 1532
1505000 1528
1505010 1524
1505020 1524
1505030 1521
1505040 1518
1505050 1518
1505060 1514
1505070 1512
1505080 1512
1505090 1513
1505100 1509
1505110 1509
1505120 1502
1505130 1495
1505140 1495
1505150 1488
1505160 1482
1505170 1482
1505180 1477
1505190 1471
1505200 1471
1505210 1467
1505220 1463
1505230 1463
1505240 1459
1505250 1455
1505260 1455
1505270 1450
1505280 1443
1505290 1443
1505300 1437
1505310 1431
1505320 1423
1505330 1423
1505340 1417
1505350 1413
1505360 1413
1505370 1408
1505380 1403
1505390 1403
1505400 1398
1505410 1392
1505420 1392
1505430 1387
1505440 1384
1505450 1384
1505460 1382
1505470 1378
1505480 1378
1505490 1374
1505500 1368
1505510 1368
1505520 1363
1505530 1356
1505540 1356
1505550 1351
1505560 1346
1505570 1346
1505580 1341
1505590 1334
1505600 1334
1505610 1328
1505620 1320
1505630 1320
1505640 1313
1505650 1307
1505660 1300
1505670 1300
1505680 1298
1505690 1296
1505700 1296
1505710 1294
1505720 1291
1505730 1291
1505740 1288
1505750 1284
1505760 1284
1505770 1281
1505780 1278
1505790 1278
1505800 1275
1505810 1272
1505820 1272
1505830 1269
1505840 1266
1505850 1266
1505860 1264
1505870 1262
1505880 1262
1505890 1260
1505900 1258
1505910 1258
1505920 1257
1505930 1256
1505940 1256
1505950 1255
1505960 1254
1505970 1253
1505980 1253
1505990 1253
1506000 1254
1506010 1254
1506020 1254
1506030 1254
1506040 1254
1506050 1254
1506060 1253
1506070 1253
1506080 1253
1506090 1250
1506100 1250
1506110 1248
1506120 1246
1506130 1246
1506140 1243
1506150 1244
1506160 1244
1506170 1244
1506180 1245
1506190 1245
1506200 1247
1506210 1251
1506220 1251
1506230 1254
1506240 1257
1506250 1257
1506260 1258
1506270 1260
1506280 1260
1506290 1261
1506300 1263
1506310 1264
1506320 1264
1506330 1266
1506340 1267
1506350 1267
1506360 1269
1506370 1271
1506380 1271
1506390 1273
1506400 1276
1506410 1276
1506420 1278
1506430 1280
1506440 1280
1506450 1282
1506460 1283
1506470 1283
1506480 1285
1506490 1287
1506500 1287
1506510 1290
1506520 1292
1506530 1292
1506540 1294
1506550 1297
1506560 1297
1506570 1300
1506580 1303
1506590 1303
1506600 1306
1506610 1308
1506620 1311
1506630 1311
1506640 1314
1506650 1315
1506660 1315
1506670 1319
1506680 1322
1506690 1322
1506700 1325
1506710 1328
1506720 1328
1506730 1331
1506740 1333
1506750 1333
1506760 1334
1506770 1336
1506780 1336
1506790 1338
1506800 1341
1506810 1341
1506820 1344
1506830 1350
1506840 1350
1506850 1354
1506860 1358
1506870 1358
1506880 1361
1506890 1365
1506900 1365
1506910 1370
1506920 1374
1506930 1374
1506940 1380
1506950 1385
1506960 1390
1506970 1390
1506980 1394
1506990 1398
1507000 1398
1507010 1403
1507020 1407
1507030 1407
1507040 1412
1507050 1416
1507060 1416
1507070 1420
1507080 1423
1507090 1423
1507100 1425
1507110 1428
1507120 1428
1507130 1432
1507140 1437
1507150 1437
1507160 1443
1507170 1449
1507180 1449
1507190 1455
1507200 1459
1507210 1459
1507220 1463
1507230 1466
1507240 1466
1507250 1467
1507260 1469
1507270 1471
1507280 1471
1507290 1473
1507300 1475
1507310 1475
1507320 1477
1507330 1480
1507340 1480
1507350 1484
1507360 1488
1507370 1488
1507380 1492
1507390 1496
1507400 1496
1507410 1500
1507420 1504
1507430 1504
1507440 1507
1507450 1511
1507460 1511
1507470 1515
1507480 1518
1507490 1518
1507500 1521
1507510 1523
1507520 1523
1507530 1526
1507540 1528
1507550 1528
1507560 1529
1507570 1530
1507580 1530
1507590 1531
1507600 1530
1507610 1530
1507620 1530
1507630 1530
1507640 1530
1507650 1530
1507660 1528
1507670 1528
1507680 1528
1507690 1529
1507700 1527
1507710 1527
1507720 1527
1507730 1526
1507740 1526
1507750 1524
1507760 1523
1507770 1523
1507780 1524
1507790 1526
1507800 1526
1507810 1527
1507820 1530
1507830 1530
1507840 1530
1507850 1529
1507860 1529
1507870 1529
1507880 1530
1507890 1530
1507900 1533
1507910 1536
1507920 1538
1507930 1538
1507940 1541
1507950 1543
1507960 1543
1507970 1546
1507980 1551
1507990 1551
1508000 1555
1508010 1556
1508020 1556
1508030 1559
1508040 1560
1508050 1560
1508060 1559
1508070 1564
1508080 1564
1508090 1565
1508100 1567
1508110 1567
1508120 1570
1508130 1574
1508140 1574
1508150 1576
1508160 1578
1508170 1578
1508180 1579
1508190 1579
1508200 1579
1508210 1579
1508220 1579
1508230 1579
1508240 1580
1508250 1580
1508260 1580
1508270 1580
1508280 1581
1508290 1582
1508300 1582
1508310 1583
1508320 1584
1508330 1584
1508340 1586
1508350 1587
1508360 1587
1508370 1587
1508380 1589
1508390 1589
1508400 1591
1508410 1594
1508420 1594
1508430 1597
1508440 1600
1508450 1600
1508460 1602
1508470 1603
1508480 1603
1508490 1604
1508500 1605
1508510 1605
1508520 1605
1508530 1604
1508540 1604
1508550 1604
1508560 1605
1508570 1606
1508580 1606
1508590 1607
1508600 1608
1508610 1608
1508620 1609
1508630 1609
1508640 1609
1508650 1607
1508660 1605
1508670 1605
1508680 1605
1508690 1609
1508700 1609
1508710 1610
1508720 1609
1508730 1609
1508740 1605
1508750 1605
1508760 1605
1508770 1605
1508780 1606
1508790 1606
1508800 1609
1508810 1613
1508820 1613
1508830 1617
1508840 1616
1508850 1616
1508860 1614
1508870 1613
1508880 1613
1508890 1615
1508900 1617
1508910 1618
1508920 1618
1508930 1619
1508940 1620
1508950 1620
1508960 1621
1508970 1622
1508980 1622
1508990 1623
1509000 1625
1509010 1625
1509020 1626
1509030 1629
1509040 1629
1509050 1632
1509060 1635
1509070 1635
1509080 1636
1509090 1635
1509100 1635
1509110 1636
1509120 1636
1509130 1636
1509140 1636
1509150 1637
1509160 1637
1509170 1640
1509180 1644
1509190 1644
1509200 1647
1509210 1649
1509220 1648
1509230 1648
1509240 1650
1509250 1653
1509260 1653
1509270 1656
1509280 1657
1509290 1657
1509300 1657
1509310 1658
1509320 1658
1509330 1661
1509340 1666
1509350 1666
1509360 1672
1509370 1677
1509380 1677
1509390 1681
1509400 1684
1509410 1684
1509420 1688
1509430 1693
1509440 1693
1509450 1698
1509460 1703
1509470 1703
1509480 1710
1509490 1716
1509500 1716
1509510 1730
1509520 1743
1509530 1743
1509540 1750
1509550 1755
1509560 1761
1509570 1761
1509580 1766
1509590 1770
1509600 1770
1509610 1773
1509620 1772
1509630 1772
1509640 1775
1509650 1779
1509660 1779
1509670 1780
1509680 1781
1509690 1781
1509700 1782
1509710 1784
1509720 1784
1509730 1786
1509740 1789
1509750 1789
1509760 1793
1509770 1795
1509780 1795
1509790 1799
1509800 1802
1509810 1802
1509820 1802
1509830 1803
1509840 1803
1509850 1802
1509860 1801
1509870 1806
1509880 1806
1509890 1811
1509900 1815
1509910 1815
1509920 1821
1509930 1826
1509940 1826
1509950 1831
1509960 1837
1509970 1837
1509980 1842
1509990 1847
1510000 1847
1510010 1853
1510020 1858
1510030 1858
1510040 1863
1510050 1869
1510060 1869
1510070 1872
1510080 1873
1510090 1873
1510100 1885
1510110 1902
1510120 1902
1510130 1914
1510140 1930
1510150 1930
1510160 1946
1510170 1961
1510180 1961
1510190 1975
1510200 1984
1510210 1990
1510220 1990
1510230 2005
1510240 2038
1510250 2038
1510260 2037
1510270 2029
1510280 2029
1510290 2043
1510300 2058
1510310 2058
1510320 2074
1510330 2089
1510340 2089
1510350 2096
1510360 2108
1510370 2108
1510380 2128
1510390 2141
1510400 2141
1510410 2134
1510420 2121
1510430 2121
1510440 2113
1510450 2111
1510460 2111
1510470 2130
1510480 2149
1510490 2149
1510500 2163
1510510 2187
1510520 2212
1510530 2212
1510540 2224
1510550 2234
1510560 2234
1510570 2246
1510580 2248
1510590 2248
1510600 2235
1510610 2235
1510620 2235
1510630 2229
1510640 2211
1510650 2211
1510660 2174
1510670 2146
1510680 2146
1510690 2144
1510700 2149
1510710 2149
1510720 2158
1510730 2168
1510740 2168
1510750 2182
1510760 2197
1510770 2197
1510780 2214
1510790 2221
1510800 2221
1510810 2227
1510820 2219
1510830 2219
1510840 2218
1510850 2220
1510860 2215
1510870 2215
1510880 2220
1510890 2228
1510900 2228
1510910 2236
1510920 2250
1510930 2250
1510940 2268
1510950 2279
1510960 2279
1510970 2288
1510980 2296
1510990 2296
1511000 2299
1511010 2306
1511020 2306
1511030 2311
1511040 2317
1511050 2317
1511060 2321
1511070 2339
1511080 2339
1511090 2344
1511100 2345
1511110 2345
1511120 2346
1511130 2347
1511140 2347
1511150 2348
1511160 2351
1511170 2354
1511180 2354
1511190 2355
1511200 2338
1511210 2338
1511220 2328
1511230 2314
1511240 2314
1511250 2304
1511260 2300
1511270 2300
1511280 2299
1511290 2298
1511300 2298
1511310 2304
1511320 2306
1511330 2306
1511340 2309
1511350 2312
1511360 2312
1511370 2313
1511380 2315
1511390 2315
1511400 2317
1511410 2320
1511420 2320
1511430 2323
1511440 2327
1511450 2327
1511460 2331
1511470 2335
1511480 2335
1511490 2340
1511500 2345
1511510 2350
1511520 2350
1511530 2354
1511540 2360
1511550 2360
1511560 2365
1511570 2370
1511580 2370
1511590 2375
1511600 2379
1511610 2379
1511620 2385
1511630 2391
1511640 2391
1511650 2398
1511660 2404
1511670 2404
1511680 2412
1511690 2419
1511700 2419
1511710 2430
1511720 2445
1511730 2445
1511740 2457
1511750 2463
1511760 2463
1511770 2469
1511780 2472
1511790 2472
1511800 2472
1511810 2471
1511820 2470
1511830 2470
1511840 2469
1511850 2471
1511860 2471
1511870 2474
1511880 2478
1511890 2478
1511900 2482
1511910 2486
1511920 2486
1511930 2491
1511940 2502
1511950 2502
1511960 2509
1511970 2509
1511980 2509
1511990 2511
1512000 2514
1512010 2514
1512020 2517
1512030 2521
1512040 2521
1512050 2526
1512060 2536
1512070 2536
1512080 2547
1512090 2550
1512100 2550
1512110 2554
1512120 2565
1512130 2565
1512140 2576
1512150 2585
1512160 2600
1512170 2600
1512180 2627
1512190 2658
1512200 2658
1512210 2687
1512220 2711
1512230 2711
1512240 2724
1512250 2732
1512260 2732
1512270 2753
1512280 2781
1512290 2781
1512300 2808
1512310 2832
1512320 2832
1512330 2855
1512340 2877
1512350 2877
1512360 2899
1512370 2895
1512380 2895
1512390 2877
1512400 2863
1512410 2863
1512420 2846
1512430 2830
1512440 2830
1512450 2814
1512460 2794
1512470 2772
1512480 2772
1512490 2753
1512500 2736
1512510 2736
1512520 2723
1512530 2714
1512540 2714
1512550 2704
1512560 2694
1512570 2694
1512580 2683
1512590 2676
1512600 2676
1512610 2671
1512620 2665
1512630 2665
1512640 2658
1512650 2652
1512660 2652
1512670 2647
1512680 2642
1512690 2642
1512700 2638
1512710 2634
1512720 2634
1512730 2629
1512740 2625
1512750 2625
1512760 2622
1512770 2619
1512780 2619
1512790 2617
1512800 2614
1512810 2613
1512820 2613
1512830 2612
1512840 2612
1512850 2612
1512860 2612
1512870 2612
1512880 2612
1512890 2613
1512900 2614
1512910 2614
1512920 2616
1512930 2618
1512940 2618
1512950 2621
1512960 2624
1512970 2624
1512980 2626
1512990 2629
1513000 2629
1513010 2634
1513020 2639
1513030 2639
1513040 2644
1513050 2650
1513060 2650
1513070 2657
1513080 2665
1513090 2665
1513100 2674
1513110 2682
1513120 2690
1513130 2690
1513140 2697
1513150 2706
1513160 2706
1513170 2717
1513180 2725
1513190 2725
1513200 2731
1513210 2737
1513220 2737
1513230 2745
1513240 2757
1513250 2757
1513260 2769
1513270 2779
1513280 2779
1513290 2789
1513300 2800
1513310 2800
1513320 2810
1513330 2819
1513340 2819
1513350 2826
1513360 2834
1513370 2834
1513380 2843
1513390 2853
1513400 2853
1513410 2863
1513420 2873
1513430 2873
1513440 2883
1513450 2889
1513460 2895
1513470 2895
1513480 2902
1513490 2909
1513500 2909
1513510 2908
1513520 2892
1513530 2892
1513540 2879
1513550 2865
1513560 2865
1513570 2849
1513580 2838
1513590 2838
1513600 2826
1513610 2802
1513620 2802
1513630 2771
1513640 2749
1513650 2749
1513660 2732
1513670 2700
1513680 2700
1513690 2682
1513700 2679
1513710 2679
1513720 2679
1513730 2680
1513740 2680
1513750 2681
1513760 2683
1513770 2685
1513780 2685
1513790 2688
1513800 2690
1513810 2690
1513820 2692
1513830 2694
1513840 2694
1513850 2696
1513860 2696
1513870 2696
1513880 2697
1513890 2696
1513900 2696
1513910 2695
1513920 2693
1513930 2693
1513940 2691
1513950 2689
1513960 2689
1513970 2687
1513980 2686
1513990 2686
1514000 2685
1514010 2684
1514020 2684
1514030 2683
1514040 2683
1514050 2683
1514060 2684
1514070 2685
1514080 2685
1514090 2686
1514100 2688
1514110 2689
1514120 2689
1514130 2690
1514140 2692
1514150 2692
1514160 2693
1514170 2694
1514180 2694
1514190 2695
1514200 2695
1514210 2695
1514220 2696
1514230 2697
1514240 2697
1514250 2697
1514260 2698
1514270 2698
1514280 2698
1514290 2699
1514300 2699
1514310 2700
1514320 2702
1514330 2702
1514340 2704
1514350 2706
1514360 2706
1514370 2709
1514380 2712
1514390 2712
1514400 2716
1514410 2720
1514420 2727
1514430 2727
1514440 2737
1514450 2765
1514460 2765
1514470 2787
1514480 2797
1514490 2797
1514500 2812
1514510 2829
1514520 2829
1514530 2847
1514540 2867
1514550 2867
1514560 2883
1514570 2897
1514580 2897
1514590 2910
1514600 2908
1514610 2908
1514620 2894
1514630 2879
1514640 2879
1514650 2871
1514660 2868
1514670 2868
1514680 2865
1514690 2861
1514700 2861
1514710 2858
1514720 2853
1514730 2853
1514740 2849
1514750 2844
1514760 2840
1514770 2840
1514780 2835
1514790 2831
1514800 2831
1514810 2827
1514820 2823
1514830 2823
1514840 2818
1514850 2815
1514860 2815
1514870 2811
1514880 2808
1514890 2808
1514900 2806
1514910 2803
1514920 2803
1514930 2800
1514940 2797
1514950 2797
1514960 2793
1514970 2788
1514980 2788
1514990 2783
1515000 2777
1515010 2777
1515020 2770
1515030 2765
1515040 2765
1515050 2761
1515060 2757
1515070 2757
1515080 2753
1515090 2749
1515100 2746
1515110 2746
1515120 2744
1515130 2741
1515140 2741
1515150 2739
1515160 2737
1515170 2737
1515180 2735
1515190 2733
1515200 2733
1515210 2731
1515220 2730
1515230 2730
1515240 2728
1515250 2727
1515260 2727
1515270 2725
1515280 2724
1515290 2724
1515300 2722
1515310 2721
1515320 2721
1515330 2719
1515340 2717
1515350 2717
1515360 2715
1515370 2713
1515380 2713
1515390 2711
1515400 2708
1515410 2706
1515420 2706
1515430 2703
1515440 2701
1515450 2701
1515460 2698
1515470 2695
1515480 2695
1515490 2693
1515500 2690
1515510 2690
1515520 2687
1515530 2684
1515540 2684
1515550 2681
1515560 2678
1515570 2678
1515580 2675
1515590 2672
1515600 2672
1515610 2669
1515620 2666
1515630 2666
1515640 2662
1515650 2658
1515660 2658
1515670 2654
1515680 2651
1515690 2651
1515700 2647
1515710 2643
1515720 2643
1515730 2640
1515740 2636
1515750 2633
1515760 2633
1515770 2631
1515780 2628
1515790 2628
1515800 2626
1515810 2624
1515820 2624
1515830 2623
1515840 2622
1515850 2622
1515860 2621
1515870 2620
1515880 2620
1515890 2619
1515900 2617
1515910 2617
1515920 2617
1515930 2616
1515940 2616
1515950 2615
1515960 2615
1515970 2615
1515980 2614
1515990 2613
1516000 2613
1516010 2612
1516020 2611
1516030 2611
1516040 2610
1516050 2609
1516060 2608
1516070 2608
1516080 2606
1516090 2605
1516100 2605
1516110 2603
1516120 2602
1516130 2602
1516140 2601
1516150 2599
1516160 2599
1516170 2598
1516180 2596
1516190 2596
1516200 2594
1516210 2593
1516220 2593
1516230 2592
1516240 2591
1516250 2591
1516260 2590
1516270 2589
1516280 2589
1516290 2588
1516300 2587
1516310 2587
1516320 2587
1516330 2586
1516340 2586
1516350 2586
1516360 2586
1516370 2586
1516380 2585
1516390 2585
1516400 2585
1516410 2585
1516420 2585
1516430 2584
1516440 2584
1516450 2584
1516460 2584
1516470 2584
1516480 2584
1516490 2584
1516500 2584
1516510 2584
1516520 2584
1516530 2584
1516540 2584
1516550 2584
1516560 2584
1516570 2584
1516580 2585
1516590 2585
1516600 2585
1516610 2585
1516620 2585
1516630 2585
1516640 2586
1516650 2586
1516660 2586
1516670 2586
1516680 2586
1516690 2587
1516700 2587
1516710 2588
1516720 2588
1516730 2588
1516740 2589
1516750 2589
1516760 2589
1516770 2589
1516780 2589
1516790 2589
1516800 2590
1516810 2590
1516820 2590
1516830 2590
1516840 2590
1516850 2591
1516860 2591
1516870 2591
1516880 2592
1516890 2593
1516900 2593
1516910 2594
1516920 2595
1516930 2595
1516940 2597
1516950 2599
1516960 2599
1516970 2602
1516980 2605
1516990 2605
1517000 2610
1517010 2617
1517020 2617
1517030 2627
1517040 2645
1517050 2658
1517060 2658
1517070 2667
1517080 2675
1517090 2675
1517100 2682
1517110 2688
1517120 2688
1517130 2698
1517140 2711
1517150 2711
1517160 2721
1517170 2720
1517180 2720
1517190 2712
1517200 2702
1517210 2702
1517220 2692
1517230 2683
1517240 2683
1517250 2666
1517260 2644
1517270 2644
1517280 2626
1517290 2611
1517300 2611
1517310 2598
1517320 2589
1517330 2589
1517340 2581
1517350 2575
1517360 2571
1517370 2571
1517380 2567
1517390 2561
1517400 2561
1517410 2556
1517420 2550
1517430 2550
1517440 2546
1517450 2541
1517460 2541
1517470 2535
1517480 2531
1517490 2531
1517500 2528
1517510 2524
1517520 2524
1517530 2517
1517540 2513
1517550 2513
1517560 2510
1517570 2507
1517580 2507
1517590 2503
1517600 2500
1517610 2500
1517620 2497
1517630 2495
1517640 2495
1517650 2494
1517660 2493
1517670 2493
1517680 2492
1517690 2490
1517700 2488
1517710 2488
1517720 2487
1517730 2486
1517740 2486
1517750 2486
1517760 2484
1517770 2484
1517780 2480
1517790 2478
1517800 2478
1517810 2476
1517820 2475
1517830 2475
1517840 2472
1517850 2470
1517860 2470
1517870 2467
1517880 2463
1517890 2463
1517900 2459
1517910 2456
1517920 2456
1517930 2453
1517940 2451
1517950 2451
1517960 2448
1517970 2444
1517980 2444
1517990 2440
1518000 2437
1518010 2434
1518020 2434
1518030 2429
1518040 2425
1518050 2425
1518060 2421
1518070 2417
1518080 2417
1518090 2413
1518100 2408
1518110 2408
1518120 2404
1518130 2402
1518140 2402
1518150 2401
1518160 2399
1518170 2399
1518180 2396
1518190 2392
1518200 2392
1518210 2389
1518220 2385
1518230 2385
1518240 2383
1518250 2382
1518260 2382
1518270 2383
1518280 2383
1518290 2383
1518300 2383
1518310 2383
1518320 2383
1518330 2383
1518340 2382
1518350 2381
1518360 2381
1518370 2381
1518380 2379
1518390 2379
1518400 2376
1518410 2372
1518420 2372
1518430 2367
1518440 2364
1518450 2364
1518460 2359
1518470 2355
1518480 2355
1518490 2352
1518500 2347
1518510 2347
1518520 2336
1518530 2325
1518540 2325
1518550 2318
1518560 2314
1518570 2314
1518580 2310
1518590 2307
1518600 2307
1518610 2305
1518620 2302
1518630 2302
1518640 2297
1518650 2293
1518660 2291
1518670 2291
1518680 2291
1518690 2290
1518700 2290
1518710 2290
1518720 2290
1518730 2290
1518740 2290
1518750 2290
1518760 2290
1518770 2291
1518780 2294
1518790 2294
1518800 2296
1518810 2298
1518820 2298
1518830 2299
1518840 2300
1518850 2300
1518860 2302
1518870 2305
1518880 2305
1518890 2308
1518900 2310
1518910 2310
1518920 2311
1518930 2313
1518940 2313
1518950 2315
1518960 2318
1518970 2318
1518980 2320
1518990 2319
1519000 2318
1519010 2318
1519020 2317
1519030 2314
1519040 2314
1519050 2308
1519060 2302
1519070 2302
1519080 2298
1519090 2298
1519100 2298
1519110 2297
1519120 2294
1519130 2294
1519140 2293
1519150 2293
1519160 2293
1519170 2292
1519180 2291
1519190 2291
1519200 2290
1519210 2287
1519220 2287
1519230 2284
1519240 2284
1519250 2284
1519260 2282
1519270 2278
1519280 2278
1519290 2274
1519300 2272
1519310 2272
1519320 2268
1519330 2263
1519340 2262
1519350 2262
1519360 2260
1519370 2258
1519380 2258
1519390 2257
1519400 2256
1519410 2256
1519420 2257
1519430 2261
1519440 2261
1519450 2264
1519460 2265
1519470 2265
1519480 2265
1519490 2264
1519500 2264
1519510 2266
1519520 2266
1519530 2266
1519540 2266
1519550 2264
1519560 2264
1519570 2262
1519580 2259
1519590 2259
1519600 2258
1519610 2256
1519620 2256
1519630 2254
1519640 2251
1519650 2249
1519660 2249
1519670 2248
1519680 2249
1519690 2249
1519700 2249
1519710 2249
1519720 2249
1519730 2249
1519740 2248
1519750 2248
1519760 2245
1519770 2242
1519780 2242
1519790 2237
1519800 2231
1519810 2231
1519820 2221
1519830 2211
1519840 2211
1519850 2205
1519860 2202
1519870 2202
1519880 2203
1519890 2204
1519900 2204
1519910 2203
1519920 2202
1519930 2202
1519940 2201
1519950 2202
1519960 2202
1519970 2204
1519980 2204
1519990 2206
