1500000 1108
1500010 1111
1500020 1113
1500030 1113
1500040 1116
1500050 1119
1500060 1119
1500070 1121
1500080 1123
1500090 1123
1500100 1122
1500110 1120
1500120 1120
1500130 1120
1500140 1124
1500150 1124
1500160 1126
1500170 1128
1500180 1128
1500190 1134
1500200 1139
1500210 1139
1500220 1142
1500230 1145
1500240 1147
1500250 1147
1500260 1148
1500270 1150
1500280 1150
1500290 1152
1500300 1154
1500310 1154
1500320 1155
1500330 1157
1500340 1157
1500350 1159
1500360 1161
1500370 1161
1500380 1162
1500390 1164
1500400 1164
1500410 1167
1500420 1169
1500430 1169
1500440 1171
1500450 1173
1500460 1173
1500470 1174
1500480 1175
1500490 1175
1500500 1176
1500510 1174
1500520 1174
1500530 1176
1500540 1181
1500550 1184
1500560 1184
1500570 1185
1500580 1186
1500590 1186
1500600 1189
1500610 1192
1500620 1192
1500630 1194
1500640 1197
1500650 1197
1500660 1203
1500670 1205
1500680 1205
1500690 1204
1500700 1205
1500710 1205
1500720 1202
1500730 1201
1500740 1201
1500750 1201
1500760 1202
1500770 1202
1500780 1203
1500790 1204
1500800 1204
1500810 1204
1500820 1206
1500830 1206
1500840 1209
1500850 1212
1500860 1212
1500870 1215
1500880 1218
1500890 1223
1500900 1223
1500910 1226
1500920 1225
1500930 1225
1500940 1218
1500950 1216
1500960 1216
1500970 1215
1500980 1215
1500990 1215
1501000 1218
1501010 1225
1501020 1225
1501030 1229
1501040 1233
1501050 1233
1501060 1236
1501070 1241
1501080 1241
1501090 1245
1501100 1248
1501110 1248
1501120 1253
1501130 1257
1501140 1257
1501150 1261
1501160 1266
1501170 1266
1501180 1271
1501190 1275
1501200 1275
1501210 1280
1501220 1285
1501230 1290
1501240 1290
1501250 1296
1501260 1302
1501270 1302
1501280 1308
1501290 1316
1501300 1316
1501310 1324
1501320 1332
1501330 1332
1501340 1339
1501350 1346
1501360 1346
1501370 1353
1501380 1359
1501390 1359
1501400 1366
1501410 1372
1501420 1372
1501430 1379
1501440 1386
1501450 1386
1501460 1394
1501470 1401
1501480 1401
1501490 1408
1501500 1416
1501510 1416
1501520 1423
1501530 1430
1501540 1438
1501550 1438
1501560 1446
1501570 1455
1501580 1455
1501590 1464
1501600 1473
1501610 1473
1501620 1483
1501630 1492
1501640 1492
1501650 1501
1501660 1511
1501670 1511
1501680 1521
1501690 1531
1501700 1531
1501710 1536
1501720 1538
1501730 1538
1501740 1539
1501750 1542
1501760 1542
1501770 1545
1501780 1551
1501790 1551
1501800 1556
1501810 1560
1501820 1560
1501830 1564
1501840 1569
1501850 1569
1501860 1574
1501870 1579
1501880 1584
1501890 1584
1501900 1588
1501910 1594
1501920 1594
1501930 1598
1501940 1603
1501950 1603
1501960 1606
1501970 1607
1501980 1607
1501990 1611
1502000 1616
1502010 1616
1502020 1623
1502030 1628
1502040 1628
1502050 1631
1502060 1634
1502070 1634
1502080 1640
1502090 1647
1502100 1647
1502110 1650
1502120 1653
1502130 1653
1502140 1658
1502150 1659
1502160 1659
1502170 1660
1502180 1657
1502190 1656
1502200 1656
1502210 1661
1502220 1665
1502230 1665
1502240 1667
1502250 1669
1502260 1669
1502270 1668
1502280 1668
1502290 1668
1502300 1671
1502310 1670
1502320 1670
1502330 1666
1502340 1663
1502350 1663
1502360 1661
1502370 1659
1502380 1659
1502390 1657
1502400 1657
1502410 1657
1502420 1660
1502430 1661
1502440 1661
1502450 1664
1502460 1666
1502470 1666
1502480 1668
1502490 1669
1502500 1669
1502510 1671
1502520 1674
1502530 1676
1502540 1676
1502550 1677
1502560 1676
1502570 1676
1502580 1677
1502590 1680
1502600 1680
1502610 1684
1502620 1686
1502630 1686
1502640 1690
1502650 1694
1502660 1694
1502670 1699
1502680 1703
1502690 1703
1502700 1706
1502710 1710
1502720 1710
1502730 1713
1502740 1716
1502750 1716
1502760 1718
1502770 1720
1502780 1720
1502790 1721
1502800 1722
1502810 1722
1502820 1724
1502830 1724
1502840 1724
1502850 1724
1502860 1723
1502870 1721
1502880 1721
1502890 1721
1502900 1723
1502910 1723
1502920 1724
1502930 1726
1502940 1726
1502950 1727
1502960 1727
1502970 1727
1502980 1729
1502990 1730
1503000 1730
1503010 1732
1503020 1734
1503030 1734
1503040 1736
1503050 1739
1503060 1739
1503070 1742
1503080 1743
1503090 1743
1503100 1744
1503110 1746
1503120 1746
1503130 1750
1503140 1752
1503150 1752
1503160 1754
1503170 1756
1503180 1757
1503190 1757
1503200 1759
1503210 1761
1503220 1761
1503230 1762
1503240 1764
1503250 1764
1503260 1765
1503270 1767
1503280 1767
1503290 1769
1503300 1771
1503310 1771
1503320 1773
1503330 1773
1503340 1773
1503350 1772
1503360 1771
1503370 1771
1503380 1769
1503390 1767
1503400 1767
1503410 1765
1503420 1763
1503430 1763
1503440 1760
1503450 1758
1503460 1758
1503470 1755
1503480 1751
1503490 1751
1503500 1748
1503510 1742
1503520 1736
1503530 1736
1503540 1729
1503550 1722
1503560 1722
1503570 1717
1503580 1712
1503590 1712
1503600 1708
1503610 1704
1503620 1704
1503630 1700
1503640 1694
1503650 1694
1503660 1689
1503670 1685
1503680 1685
1503690 1681
1503700 1677
1503710 1677
1503720 1673
1503730 1669
1503740 1669
1503750 1664
1503760 1660
1503770 1660
1503780 1655
1503790 1651
1503800 1651
1503810 1645
1503820 1641
1503830 1641
1503840 1636
1503850 1631
1503860 1626
1503870 1626
1503880 1623
1503890 1618
1503900 1618
1503910 1612
1503920 1608
1503930 1608
1503940 1603
1503950 1598
1503960 1598
1503970 1595
1503980 1592
1503990 1592
1504000 1589
1504010 1586
1504020 1586
1504030 1585
1504040 1584
1504050 1584
1504060 1583
1504070 1583
1504080 1583
1504090 1582
1504100 1581
1504110 1581
1504120 1581
1504130 1580
1504140 1580
1504150 1579
1504160 1579
1504170 1578
1504180 1578
1504190 1577
1504200 1577
1504210 1577
1504220 1576
1504230 1575
1504240 1575
1504250 1575
1504260 1577
1504270 1577
1504280 1576
1504290 1576
1504300 1576
1504310 1574
1504320 1572
1504330 1572
1504340 1572
1504350 1573
1504360 1573
1504370 1574
1504380 1573
1504390 1573
1504400 1572
1504410 1571
1504420 1571
1504430 1571
1504440 1569
1504450 1569
1504460 1572
1504470 1571
1504480 1571
1504490 1570
1504500 1570
1504510 1571
1504520 1571
1504530 1573
1504540 1574
1504550 1574
1504560 1575
1504570 1577
1504580 1577
1504590 1579
1504600 1583
1504610 1583
1504620 1588
1504630 1593
1504640 1593
1504650 1598
1504660 1603
1504670 1603
1504680 1609
1504690 1615
1504700 1615
1504710 1621
1504720 1626
1504730 1626
1504740 1632
1504750 1637
1504760 1637
1504770 1646
1504780 1657
1504790 1657
1504800 1674
1504810 1683
1504820 1679
1504830 1679
1504840 1681
1504850 1686
1504860 1686
1504870 1690
1504880 1698
1504890 1698
1504900 1705
1504910 1705
1504920 1705
1504930 1705
1504940 1705
1504950 1705
1504960 1704
1504970 1702
1504980 1702
1504990 1698
1505000 1695
1505010 1695
1505020 1695
1505030 1694
1505040 1694
1505050 1694
1505060 1693
1505070 1693
1505080 1692
1505090 1689
1505100 1689
1505110 1687
1505120 1684
1505130 1684
1505140 1682
1505150 1679
1505160 1674
1505170 1674
1505180 1668
1505190 1661
1505200 1661
1505210 1654
1505220 1646
1505230 1646
1505240 1637
1505250 1626
1505260 1626
1505270 1617
1505280 1605
1505290 1605
1505300 1593
1505310 1584
1505320 1584
1505330 1573
1505340 1562
1505350 1562
1505360 1553
1505370 1545
1505380 1545
1505390 1537
1505400 1529
1505410 1529
1505420 1518
1505430 1506
1505440 1506
1505450 1499
1505460 1492
1505470 1492
1505480 1485
1505490 1478
1505500 1470
1505510 1470
1505520 1464
1505530 1457
1505540 1457
1505550 1450
1505560 1444
1505570 1444
1505580 1438
1505590 1433
1505600 1433
1505610 1428
1505620 1423
1505630 1423
1505640 1417
1505650 1413
1505660 1413
1505670 1408
1505680 1404
1505690 1404
1505700 1400
1505710 1398
1505720 1398
1505730 1395
1505740 1392
1505750 1392
1505760 1392
1505770 1390
1505780 1390
1505790 1387
1505800 1382
1505810 1377
1505820 1377
1505830 1375
1505840 1374
1505850 1374
1505860 1372
1505870 1371
1505880 1371
1505890 1368
1505900 1366
1505910 1366
1505920 1364
1505930 1361
1505940 1361
1505950 1359
1505960 1357
1505970 1357
1505980 1355
1505990 1354
1506000 1354
1506010 1353
1506020 1353
1506030 1353
1506040 1354
1506050 1355
1506060 1355
1506070 1355
1506080 1354
1506090 1354
1506100 1353
1506110 1351
1506120 1351
1506130 1351
1506140 1353
1506150 1354
1506160 1354
1506170 1354
1506180 1357
1506190 1357
1506200 1358
1506210 1361
1506220 1361
1506230 1362
1506240 1364
1506250 1364
1506260 1366
1506270 1369
1506280 1369
1506290 1372
1506300 1374
1506310 1374
1506320 1377
1506330 1380
1506340 1380
1506350 1383
1506360 1386
1506370 1386
1506380 1388
1506390 1390
1506400 1390
1506410 1395
1506420 1401
1506430 1401
1506440 1405
1506450 1409
1506460 1414
1506470 1414
1506480 1420
1506490 1425
1506500 1425
1506510 1430
1506520 1434
1506530 1434
1506540 1438
1506550 1442
1506560 1442
1506570 1446
1506580 1449
1506590 1449
1506600 1453
1506610 1455
1506620 1455
1506630 1458
1506640 1460
1506650 1460
1506660 1462
1506670 1464
1506680 1464
1506690 1466
1506700 1466
1506710 1466
1506720 1467
1506730 1466
1506740 1466
1506750 1465
1506760 1464
1506770 1464
1506780 1462
1506790 1460
1506800 1459
1506810 1459
1506820 1458
1506830 1456
1506840 1456
1506850 1454
1506860 1452
1506870 1452
1506880 1450
1506890 1446
1506900 1446
1506910 1444
1506920 1447
1506930 1447
1506940 1451
1506950 1453
1506960 1453
1506970 1455
1506980 1456
1506990 1456
1507000 1458
1507010 1460
1507020 1460
1507030 1461
1507040 1463
1507050 1463
1507060 1464
1507070 1461
1507080 1461
1507090 1455
1507100 1454
1507110 1454
1507120 1455
1507130 1458
1507140 1464
1507150 1464
1507160 1468
1507170 1468
1507180 1468
1507190 1470
1507200 1471
1507210 1471
1507220 1471
1507230 1470
1507240 1470
1507250 1471
1507260 1471
1507270 1471
1507280 1471
1507290 1471
1507300 1471
1507310 1471
1507320 1470
1507330 1470
1507340 1469
1507350 1468
1507360 1468
1507370 1469
1507380 1473
1507390 1473
1507400 1478
1507410 1482
1507420 1482
1507430 1483
1507440 1485
1507450 1486
1507460 1486
1507470 1484
1507480 1484
1507490 1484
1507500 1488
1507510 1488
1507520 1488
1507530 1488
1507540 1487
1507550 1487
1507560 1487
1507570 1486
1507580 1486
1507590 1487
1507600 1487
1507610 1487
1507620 1487
1507630 1486
1507640 1486
1507650 1487
1507660 1487
1507670 1487
1507680 1488
1507690 1489
1507700 1489
1507710 1490
1507720 1491
1507730 1491
1507740 1494
1507750 1495
1507760 1495
1507770 1497
1507780 1499
1507790 1500
1507800 1500
1507810 1502
1507820 1504
1507830 1504
1507840 1506
1507850 1509
1507860 1509
1507870 1512
1507880 1515
1507890 1515
1507900 1518
1507910 1521
1507920 1521
1507930 1524
1507940 1529
1507950 1529
1507960 1532
1507970 1536
1507980 1536
1507990 1540
1508000 1545
1508010 1545
1508020 1549
1508030 1552
1508040 1552
1508050 1556
1508060 1562
1508070 1562
1508080 1568
1508090 1572
1508100 1579
1508110 1579
1508120 1586
1508130 1594
1508140 1594
1508150 1604
1508160 1612
1508170 1612
1508180 1618
1508190 1626
1508200 1626
1508210 1633
1508220 1640
1508230 1640
1508240 1645
1508250 1649
1508260 1649
1508270 1654
1508280 1659
1508290 1659
1508300 1663
1508310 1667
1508320 1667
1508330 1671
1508340 1674
1508350 1674
1508360 1677
1508370 1681
1508380 1681
1508390 1686
1508400 1690
1508410 1690
1508420 1694
1508430 1699
1508440 1703
1508450 1703
1508460 1708
1508470 1712
1508480 1712
1508490 1718
1508500 1723
1508510 1723
1508520 1726
1508530 1729
1508540 1729
1508550 1731
1508560 1733
1508570 1733
1508580 1737
1508590 1738
1508600 1738
1508610 1738
1508620 1742
1508630 1742
1508640 1744
1508650 1744
1508660 1744
1508670 1744
1508680 1748
1508690 1748
1508700 1754
1508710 1760
1508720 1760
1508730 1763
1508740 1762
1508750 1762
1508760 1760
1508770 1759
1508780 1758
1508790 1758
1508800 1757
1508810 1757
1508820 1757
1508830 1758
1508840 1758
1508850 1758
1508860 1756
1508870 1751
1508880 1751
1508890 1746
1508900 1744
1508910 1744
1508920 1742
1508930 1740
1508940 1740
1508950 1738
1508960 1737
1508970 1737
1508980 1737
1508990 1738
1509000 1738
1509010 1740
1509020 1741
1509030 1741
1509040 1743
1509050 1747
1509060 1747
1509070 1750
1509080 1752
1509090 1751
1509100 1751
1509110 1750
1509120 1752
1509130 1752
1509140 1753
1509150 1755
1509160 1755
1509170 1756
1509180 1757
1509190 1757
1509200 1758
1509210 1758
1509220 1758
1509230 1757
1509240 1758
1509250 1758
1509260 1761
1509270 1766
1509280 1766
1509290 1771
1509300 1776
1509310 1776
1509320 1781
1509330 1785
1509340 1785
1509350 1789
1509360 1793
1509370 1793
1509380 1796
1509390 1799
1509400 1799
1509410 1802
1509420 1807
1509430 1810
1509440 1810
1509450 1813
1509460 1815
1509470 1815
1509480 1817
1509490 1819
1509500 1819
1509510 1820
1509520 1821
1509530 1821
1509540 1822
1509550 1824
1509560 1824
1509570 1826
1509580 1829
1509590 1829
1509600 1836
1509610 1842
1509620 1842
1509630 1847
1509640 1851
1509650 1851
1509660 1854
1509670 1857
1509680 1857
1509690 1859
1509700 1860
1509710 1860
1509720 1860
1509730 1861
1509740 1862
1509750 1862
1509760 1891
1509770 1933
1509780 1933
1509790 1950
1509800 1967
1509810 1967
1509820 1986
1509830 2005
1509840 2005
1509850 2029
1509860 2022
1509870 2022
1509880 2011
1509890 2012
1509900 2012
1509910 2012
1509920 2019
1509930 2019
1509940 2031
1509950 2039
1509960 2039
1509970 2059
1509980 2096
1509990 2096
1510000 2124
1510010 2173
1510020 2173
1510030 2210
1510040 2237
1510050 2237
1510060 2232
1510070 2218
1510080 2206
1510090 2206
1510100 2197
1510110 2191
1510120 2191
1510130 2172
1510140 2180
1510150 2180
1510160 2206
1510170 2228
1510180 2228
1510190 2242
1510200 2253
1510210 2253
1510220 2274
1510230 2315
1510240 2315
1510250 2335
1510260 2342
1510270 2342
1510280 2351
1510290 2362
1510300 2362
1510310 2370
1510320 2381
1510330 2381
1510340 2391
1510350 2399
1510360 2399
1510370 2406
1510380 2399
1510390 2399
1510400 2390
1510410 2376
1510420 2361
1510430 2361
1510440 2351
1510450 2342
1510460 2342
1510470 2331
1510480 2337
1510490 2337
1510500 2350
1510510 2357
1510520 2357
1510530 2363
1510540 2357
1510550 2357
1510560 2342
1510570 2326
1510580 2326
1510590 2309
1510600 2298
1510610 2298
1510620 2285
1510630 2285
1510640 2285
1510650 2283
1510660 2282
1510670 2282
1510680 2280
1510690 2277
1510700 2277
1510710 2274
1510720 2271
1510730 2271
1510740 2271
1510750 2273
1510760 2276
1510770 2276
1510780 2280
1510790 2280
1510800 2280
1510810 2280
1510820 2278
1510830 2278
1510840 2276
1510850 2277
1510860 2277
1510870 2279
1510880 2279
1510890 2279
1510900 2277
1510910 2275
1510920 2275
1510930 2272
1510940 2273
1510950 2273
1510960 2275
1510970 2277
1510980 2277
1510990 2278
1511000 2274
1511010 2274
1511020 2272
1511030 2274
1511040 2274
1511050 2271
1511060 2265
1511070 2260
1511080 2260
1511090 2257
1511100 2254
1511110 2254
1511120 2255
1511130 2257
1511140 2257
1511150 2256
1511160 2254
1511170 2254
1511180 2253
1511190 2252
1511200 2252
1511210 2250
1511220 2244
1511230 2244
1511240 2240
1511250 2237
1511260 2237
1511270 2238
1511280 2241
1511290 2241
1511300 2243
1511310 2245
1511320 2245
1511330 2246
1511340 2247
1511350 2247
1511360 2248
1511370 2248
1511380 2248
1511390 2248
1511400 2250
1511410 2253
1511420 2253
1511430 2255
1511440 2256
1511450 2256
1511460 2257
1511470 2258
1511480 2258
1511490 2260
1511500 2264
1511510 2264
1511520 2269
1511530 2273
1511540 2273
1511550 2277
1511560 2280
1511570 2280
1511580 2282
1511590 2283
1511600 2283
1511610 2281
1511620 2281
1511630 2281
1511640 2282
1511650 2281
1511660 2281
1511670 2280
1511680 2278
1511690 2278
1511700 2275
1511710 2275
1511720 2276
1511730 2276
1511740 2277
1511750 2276
1511760 2276
1511770 2275
1511780 2277
1511790 2277
1511800 2279
1511810 2282
1511820 2282
1511830 2285
1511840 2287
1511850 2287
1511860 2290
1511870 2294
1511880 2294
1511890 2299
1511900 2306
1511910 2306
1511920 2314
1511930 2324
1511940 2324
1511950 2334
1511960 2342
1511970 2342
1511980 2350
1511990 2359
1512000 2359
1512010 2365
1512020 2369
1512030 2369
1512040 2387
1512050 2408
1512060 2420
1512070 2420
1512080 2432
1512090 2451
1512100 2451
1512110 2466
1512120 2481
1512130 2481
1512140 2501
1512150 2516
1512160 2516
1512170 2529
1512180 2542
1512190 2542
1512200 2554
1512210 2565
1512220 2565
1512230 2574
1512240 2582
1512250 2582
1512260 2591
1512270 2600
1512280 2600
1512290 2611
1512300 2622
1512310 2622
1512320 2636
1512330 2650
1512340 2650
1512350 2661
1512360 2668
1512370 2667
1512380 2667
1512390 2659
1512400 2649
1512410 2649
1512420 2619
1512430 2598
1512440 2598
1512450 2587
1512460 2570
1512470 2570
1512480 2540
1512490 2513
1512500 2513
1512510 2475
1512520 2445
1512530 2445
1512540 2429
1512550 2419
1512560 2419
1512570 2413
1512580 2408
1512590 2408
1512600 2405
1512610 2403
1512620 2403
1512630 2402
1512640 2400
1512650 2400
1512660 2397
1512670 2394
1512680 2394
1512690 2391
1512700 2390
1512710 2389
1512720 2389
1512730 2389
1512740 2389
1512750 2389
1512760 2388
1512770 2388
1512780 2388
1512790 2388
1512800 2386
1512810 2386
1512820 2384
1512830 2385
1512840 2385
1512850 2386
1512860 2388
1512870 2388
1512880 2390
1512890 2391
1512900 2391
1512910 2393
1512920 2396
1512930 2396
1512940 2399
1512950 2403
1512960 2403
1512970 2407
1512980 2410
1512990 2410
1513000 2413
1513010 2416
1513020 2420
1513030 2420
1513040 2423
1513050 2426
1513060 2426
1513070 2429
1513080 2433
1513090 2433
1513100 2436
1513110 2440
1513120 2440
1513130 2444
1513140 2448
1513150 2448
1513160 2452
1513170 2455
1513180 2455
1513190 2461
1513200 2467
1513210 2467
1513220 2471
1513230 2476
1513240 2476
1513250 2480
1513260 2483
1513270 2483
1513280 2486
1513290 2488
1513300 2488
1513310 2489
1513320 2490
1513330 2490
1513340 2489
1513350 2485
1513360 2484
1513370 2484
1513380 2485
1513390 2487
1513400 2487
1513410 2490
1513420 2492
1513430 2492
1513440 2495
1513450 2497
1513460 2497
1513470 2500
1513480 2503
1513490 2503
1513500 2506
1513510 2510
1513520 2510
1513530 2514
1513540 2518
1513550 2518
1513560 2521
1513570 2525
1513580 2525
1513590 2528
1513600 2531
1513610 2531
1513620 2534
1513630 2537
1513640 2537
1513650 2540
1513660 2542
1513670 2542
1513680 2544
1513690 2546
1513700 2548
1513710 2548
1513720 2549
1513730 2551
1513740 2551
1513750 2552
1513760 2553
1513770 2553
1513780 2554
1513790 2555
1513800 2555
1513810 2557
1513820 2559
1513830 2559
1513840 2560
1513850 2562
1513860 2562
1513870 2561
1513880 2561
1513890 2561
1513900 2562
1513910 2562
1513920 2562
1513930 2561
1513940 2561
1513950 2561
1513960 2559
1513970 2556
1513980 2556
1513990 2553
1514000 2550
1514010 2546
1514020 2546
1514030 2545
1514040 2548
1514050 2548
1514060 2560
1514070 2585
1514080 2585
1514090 2607
1514100 2624
1514110 2624
1514120 2637
1514130 2648
1514140 2648
1514150 2657
1514160 2667
1514170 2667
1514180 2682
1514190 2688
1514200 2688
1514210 2690
1514220 2697
1514230 2697
1514240 2708
1514250 2718
1514260 2718
1514270 2730
1514280 2733
1514290 2733
1514300 2723
1514310 2710
1514320 2710
1514330 2695
1514340 2685
1514350 2679
1514360 2679
1514370 2675
1514380 2671
1514390 2671
1514400 2667
1514410 2664
1514420 2664
1514430 2661
1514440 2658
1514450 2658
1514460 2656
1514470 2654
1514480 2654
1514490 2652
1514500 2651
1514510 2651
1514520 2649
1514530 2648
1514540 2648
1514550 2647
1514560 2645
1514570 2645
1514580 2644
1514590 2643
1514600 2643
1514610 2642
1514620 2641
1514630 2641
1514640 2640
1514650 2639
1514660 2638
1514670 2638
1514680 2637
1514690 2636
1514700 2636
1514710 2635
1514720 2634
1514730 2634
1514740 2633
1514750 2632
1514760 2632
1514770 2631
1514780 2630
1514790 2630
1514800 2629
1514810 2628
1514820 2628
1514830 2627
1514840 2625
1514850 2625
1514860 2624
1514870 2623
1514880 2623
1514890 2622
1514900 2620
1514910 2620
1514920 2619
1514930 2618
1514940 2618
1514950 2617
1514960 2616
1514970 2616
1514980 2615
1514990 2614
1515000 2613
1515010 2613
1515020 2613
1515030 2612
1515040 2612
1515050 2611
1515060 2610
1515070 2610
1515080 2609
1515090 2609
1515100 2609
1515110 2608
1515120 2607
1515130 2606
1515140 2605
1515150 2604
1515160 2604
1515170 2604
1515180 2603
1515190 2603
1515200 2602
1515210 2602
1515220 2602
1515230 2600
1515240 2599
1515250 2599
1515260 2598
1515270 2597
1515280 2597
1515290 2596
1515300 2594
1515310 2594
1515320 2593
1515330 2592
1515340 2591
1515350 2591
1515360 2590
1515370 2588
1515380 2588
1515390 2587
1515400 2583
1515410 2583
1515420 2580
1515430 2577
1515440 2577
1515450 2573
1515460 2568
1515470 2568
1515480 2564
1515490 2559
1515500 2559
1515510 2554
1515520 2550
1515530 2550
1515540 2544
1515550 2540
1515560 2540
1515570 2537
1515580 2533
1515590 2533
1515600 2529
1515610 2525
1515620 2525
1515630 2521
1515640 2518
1515650 2514
1515660 2514
1515670 2511
1515680 2508
1515690 2508
1515700 2505
1515710 2502
1515720 2502
1515730 2499
1515740 2496
1515750 2496
1515760 2493
1515770 2491
1515780 2491
1515790 2489
1515800 2487
1515810 2487
1515820 2486
1515830 2485
1515840 2485
1515850 2485
1515860 2484
1515870 2484
1515880 2483
1515890 2483
1515900 2483
1515910 2483
1515920 2483
1515930 2483
1515940 2483
1515950 2483
1515960 2483
1515970 2483
1515980 2483
1515990 2484
1516000 2484
1516010 2485
1516020 2485
1516030 2485
1516040 2485
1516050 2485
1516060 2485
1516070 2485
1516080 2485
1516090 2485
1516100 2485
1516110 2485
1516120 2485
1516130 2485
1516140 2485
1516150 2485
1516160 2485
1516170 2485
1516180 2485
1516190 2484
1516200 2484
1516210 2484
1516220 2484
1516230 2484
1516240 2484
1516250 2484
1516260 2483
1516270 2483
1516280 2483
1516290 2483
1516300 2482
1516310 2482
1516320 2482
1516330 2481
1516340 2481
1516350 2481
1516360 2480
1516370 2480
1516380 2479
1516390 2478
1516400 2478
1516410 2478
1516420 2477
1516430 2477
1516440 2476
1516450 2476
1516460 2476
1516470 2475
1516480 2475
1516490 2475
1516500 2474
1516510 2474
1516520 2474
1516530 2473
1516540 2472
1516550 2472
1516560 2472
1516570 2471
1516580 2471
1516590 2471
1516600 2470
1516610 2470
1516620 2469
1516630 2468
1516640 2467
1516650 2467
1516660 2466
1516670 2465
1516680 2465
1516690 2464
1516700 2463
1516710 2463
1516720 2462
1516730 2461
1516740 2461
1516750 2460
1516760 2459
1516770 2459
1516780 2458
1516790 2456
1516800 2456
1516810 2454
1516820 2452
1516830 2452
1516840 2449
1516850 2446
1516860 2446
1516870 2443
1516880 2440
1516890 2440
1516900 2437
1516910 2434
1516920 2434
1516930 2430
1516940 2427
1516950 2427
1516960 2426
1516970 2427
1516980 2428
1516990 2428
1517000 2430
1517010 2430
1517020 2430
1517030 2432
1517040 2433
1517050 2433
1517060 2434
1517070 2436
1517080 2436
1517090 2437
1517100 2440
1517110 2440
1517120 2444
1517130 2449
1517140 2449
1517150 2453
1517160 2458
1517170 2458
1517180 2463
1517190 2467
1517200 2467
1517210 2473
1517220 2478
1517230 2478
1517240 2483
1517250 2489
1517260 2489
1517270 2502
1517280 2531
1517290 2549
1517300 2549
1517310 2558
1517320 2567
1517330 2567
1517340 2576
1517350 2589
1517360 2589
1517370 2611
1517380 2637
1517390 2637
1517400 2681
1517410 2725
1517420 2725
1517430 2745
1517440 2755
1517450 2755
1517460 2765
1517470 2773
1517480 2773
1517490 2780
1517500 2782
1517510 2782
1517520 2779
1517530 2775
1517540 2775
1517550 2772
1517560 2768
1517570 2768
1517580 2763
1517590 2759
1517600 2759
1517610 2755
1517620 2751
1517630 2747
1517640 2747
1517650 2744
1517660 2740
1517670 2740
1517680 2736
1517690 2732
1517700 2732
1517710 2729
1517720 2725
1517730 2725
1517740 2722
1517750 2718
1517760 2718
1517770 2715
1517780 2711
1517790 2711
1517800 2707
1517810 2703
1517820 2703
1517830 2698
1517840 2691
1517850 2691
1517860 2683
1517870 2675
1517880 2675
1517890 2669
1517900 2663
1517910 2663
1517920 2658
1517930 2648
1517940 2648
1517950 2639
1517960 2633
1517970 2627
1517980 2627
1517990 2618
1518000 2611
1518010 2611
1518020 2600
1518030 2588
1518040 2588
1518050 2578
1518060 2572
1518070 2572
1518080 2564
1518090 2557
1518100 2557
1518110 2552
1518120 2547
1518130 2547
1518140 2543
1518150 2539
1518160 2539
1518170 2534
1518180 2530
1518190 2530
1518200 2525
1518210 2521
1518220 2521
1518230 2515
1518240 2507
1518250 2507
1518260 2500
1518270 2492
1518280 2483
1518290 2483
1518300 2475
1518310 2468
1518320 2468
1518330 2463
1518340 2459
1518350 2459
1518360 2455
1518370 2451
1518380 2451
1518390 2447
1518400 2444
1518410 2444
1518420 2440
1518430 2433
1518440 2433
1518450 2430
1518460 2429
1518470 2429
1518480 2424
1518490 2419
1518500 2419
1518510 2410
1518520 2406
1518530 2406
1518540 2402
1518550 2395
1518560 2395
1518570 2387
1518580 2379
1518590 2379
1518600 2370
1518610 2363
1518620 2357
1518630 2357
1518640 2351
1518650 2346
1518660 2346
1518670 2343
1518680 2341
1518690 2341
1518700 2337
1518710 2335
1518720 2335
1518730 2332
1518740 2328
1518750 2328
1518760 2327
1518770 2324
1518780 2324
1518790 2320
1518800 2315
1518810 2315
1518820 2312
1518830 2311
1518840 2311
1518850 2311
1518860 2309
1518870 2309
1518880 2308
1518890 2307
1518900 2307
1518910 2305
1518920 2305
1518930 2305
1518940 2305
1518950 2303
1518960 2300
1518970 2300
1518980 2296
1518990 2292
1519000 2292
1519010 2287
1519020 2283
1519030 2283
1519040 2279
1519050 2276
1519060 2272
1519070 2270
1519080 2268
1519090 2268
1519100 2267
1519110 2266
1519120 2266
1519130 2264
1519140 2259
1519150 2259
1519160 2257
1519170 2256
1519180 2256
1519190 2255
1519200 2257
1519210 2257
1519220 2261
1519230 2264
1519240 2264
1519250 2266
1519260 2268
1519270 2271
1519280 2271
1519290 2277
1519300 2282
1519310 2282
1519320 2283
1519330 2281
1519340 2281
1519350 2280
1519360 2283
1519370 2283
1519380 2281
1519390 2277
1519400 2277
1519410 2274
1519420 2270
1519430 2270
1519440 2267
1519450 2266
1519460 2266
1519470 2264
1519480 2261
1519490 2261
1519500 2259
1519510 2259
1519520 2259
1519530 2259
1519540 2258
1519550 2258
1519560 2255
1519570 2252
1519580 2252
1519590 2251
1519600 2247
1519610 2245
1519620 2245
1519630 2242
1519640 2239
1519650 2239
1519660 2235
1519670 2233
1519680 2233
1519690 2232
1519700 2230
1519710 2230
1519720 2230
1519730 2230
1519740 2230
1519750 2228
1519760 2225
1519770 2225
1519780 2223
1519790 2222
1519800 2222
1519810 2221
1519820 2221
1519830 2221
1519840 2223
1519850 2222
1519860 2222
1519870 2220
1519880 2221
1519890 2221
1519900 2219
1519910 2215
1519920 2215
1519930 2215
1519940 2215
1519950 2214
1519960 2214
1519970 2212
1519980 2210
1519990 2210
