1500000 1567
1500010 1581
1500020 1593
1500030 1604
1500040 1604
1500050 1612
1500060 1618
1500070 1618
1500080 1624
1500090 1631
1500100 1631
1500110 1639
1500120 1646
1500130 1646
1500140 1652
1500150 1657
1500160 1657
1500170 1665
1500180 1677
1500190 1677
1500200 1687
1500210 1700
1500220 1700
1500230 1710
1500240 1718
1500250 1718
1500260 1732
1500270 1746
1500280 1746
1500290 1759
1500300 1768
1500310 1768
1500320 1776
1500330 1784
1500340 1784
1500350 1791
1500360 1798
1500370 1798
1500380 1805
1500390 1813
1500400 1820
1500410 1820
1500420 1827
1500430 1835
1500440 1835
1500450 1843
1500460 1851
1500470 1851
1500480 1859
1500490 1867
1500500 1867
1500510 1876
1500520 1891
1500530 1891
1500540 1904
1500550 1915
1500560 1915
1500570 1925
1500580 1951
1500590 1951
1500600 1967
1500610 1975
1500620 1975
1500630 1981
1500640 1986
1500650 1986
1500660 1993
1500670 1999
1500680 1999
1500690 2005
1500700 2011
1500710 2011
1500720 2018
1500730 2022
1500740 2005
1500750 2005
1500760 1970
1500770 1952
1500780 1952
1500790 1933
1500800 1910
1500810 1910
1500820 1888
1500830 1864
1500840 1864
1500850 1837
1500860 1809
1500870 1809
1500880 1790
1500890 1775
1500900 1775
1500910 1760
1500920 1747
1500930 1747
1500940 1736
1500950 1726
1500960 1726
1500970 1716
1500980 1708
1500990 1708
1501000 1701
1501010 1694
1501020 1694
1501030 1689
1501040 1686
1501050 1686
1501060 1681
1501070 1674
1501080 1667
1501090 1667
1501100 1663
1501110 1660
1501120 1660
1501130 1657
1501140 1653
1501150 1653
1501160 1649
1501170 1645
1501180 1645
1501190 1640
1501200 1635
1501210 1635
1501220 1634
1501230 1640
1501240 1640
1501250 1650
1501260 1653
1501270 1653
1501280 1648
1501290 1643
1501300 1643
1501310 1640
1501320 1639
1501330 1639
1501340 1640
1501350 1647
1501360 1647
1501370 1659
1501380 1672
1501390 1672
1501400 1682
1501410 1692
1501420 1705
1501430 1705
1501440 1717
1501450 1722
1501460 1722
1501470 1721
1501480 1719
1501490 1719
1501500 1712
1501510 1708
1501520 1708
1501530 1715
1501540 1724
1501550 1724
1501560 1732
1501570 1740
1501580 1740
1501590 1741
1501600 1735
1501610 1735
1501620 1742
1501630 1768
1501640 1768
1501650 1792
1501660 1795
1501670 1795
1501680 1782
1501690 1769
1501700 1769
1501710 1751
1501720 1727
1501730 1727
1501740 1705
1501750 1693
1501760 1693
1501770 1681
1501780 1666
1501790 1651
1501800 1651
1501810 1637
1501820 1625
1501830 1625
1501840 1611
1501850 1595
1501860 1595
1501870 1578
1501880 1565
1501890 1565
1501900 1553
1501910 1538
1501920 1538
1501930 1518
1501940 1493
1501950 1493
1501960 1474
1501970 1474
1501980 1474
1501990 1488
1502000 1491
1502010 1491
1502020 1481
1502030 1487
1502040 1487
1502050 1494
1502060 1490
1502070 1490
1502080 1490
1502090 1491
1502100 1491
1502110 1480
1502120 1483
1502130 1510
1502140 1510
1502150 1537
1502160 1554
1502170 1554
1502180 1565
1502190 1563
1502200 1563
1502210 1554
1502220 1545
1502230 1545
1502240 1534
1502250 1519
1502260 1519
1502270 1510
1502280 1516
1502290 1516
1502300 1517
1502310 1505
1502320 1505
1502330 1493
1502340 1495
1502350 1495
1502360 1487
1502370 1479
1502380 1479
1502390 1469
1502400 1461
1502410 1461
1502420 1449
1502430 1437
1502440 1437
1502450 1430
1502460 1425
1502470 1419
1502480 1419
1502490 1412
1502500 1406
1502510 1406
1502520 1402
1502530 1398
1502540 1398
1502550 1396
1502560 1398
1502570 1398
1502580 1398
1502590 1397
1502600 1397
1502610 1399
1502620 1401
1502630 1401
1502640 1403
1502650 1404
1502660 1404
1502670 1402
1502680 1397
1502690 1397
1502700 1391
1502710 1384
1502720 1384
1502730 1378
1502740 1372
1502750 1372
1502760 1368
1502770 1365
1502780 1365
1502790 1363
1502800 1359
1502810 1352
1502820 1352
1502830 1347
1502840 1342
1502850 1342
1502860 1337
1502870 1333
1502880 1333
1502890 1331
1502900 1328
1502910 1328
1502920 1327
1502930 1326
1502940 1326
1502950 1325
1502960 1326
1502970 1326
1502980 1326
1502990 1327
1503000 1327
1503010 1326
1503020 1324
1503030 1324
1503040 1321
1503050 1321
1503060 1321
1503070 1321
1503080 1321
1503090 1321
1503100 1324
1503110 1328
1503120 1328
1503130 1330
1503140 1331
1503150 1330
1503160 1330
1503170 1330
1503180 1331
1503190 1331
1503200 1333
1503210 1335
1503220 1335
1503230 1334
1503240 1334
1503250 1334
1503260 1335
1503270 1334
1503280 1334
1503290 1330
1503300 1325
1503310 1325
1503320 1319
1503330 1313
1503340 1313
1503350 1306
1503360 1300
1503370 1300
1503380 1295
1503390 1281
1503400 1281
1503410 1227
1503420 1165
1503430 1165
1503440 1152
1503450 1148
1503460 1148
1503470 1145
1503480 1145
1503490 1145
1503500 1145
1503510 1144
1503520 1141
1503530 1141
1503540 1137
1503550 1132
1503560 1132
1503570 1127
1503580 1121
1503590 1121
1503600 1116
1503610 1112
1503620 1112
1503630 1110
1503640 1109
1503650 1109
1503660 1107
1503670 1104
1503680 1104
1503690 1101
1503700 1098
1503710 1098
1503720 1094
1503730 1090
1503740 1090
1503750 1086
1503760 1082
1503770 1082
1503780 1078
1503790 1073
1503800 1073
1503810 1068
1503820 1063
1503830 1063
1503840 1058
1503850 1052
1503860 1047
1503870 1047
1503880 1042
1503890 1037
1503900 1037
1503910 1031
1503920 1026
1503930 1026
1503940 1020
1503950 1015
1503960 1015
1503970 1010
1503980 1004
1503990 1004
1504000 1000
1504010 995
1504020 995
1504030 991
1504040 986
1504050 986
1504060 981
1504070 977
1504080 977
1504090 973
1504100 969
1504110 969
1504120 965
1504130 962
1504140 962
1504150 960
1504160 959
1504170 959
1504180 960
1504190 959
1504200 958
1504210 958
1504220 955
1504230 953
1504240 953
1504250 951
1504260 949
1504270 949
1504280 946
1504290 944
1504300 944
1504310 941
1504320 938
1504330 938
1504340 937
1504350 936
1504360 936
1504370 937
1504380 937
1504390 937
1504400 938
1504410 937
1504420 937
1504430 936
1504440 935
1504450 935
1504460 933
1504470 933
1504480 933
1504490 931
1504500 928
1504510 928
1504520 927
1504530 927
1504540 927
1504550 927
1504560 927
1504570 927
1504580 927
1504590 928
1504600 928
1504610 928
1504620 929
1504630 929
1504640 929
1504650 929
1504660 930
1504670 930
1504680 931
1504690 931
1504700 931
1504710 932
1504720 933
1504730 933
1504740 934
1504750 935
1504760 935
1504770 936
1504780 936
1504790 936
1504800 937
1504810 937
1504820 937
1504830 937
1504840 937
1504850 937
1504860 937
1504870 938
1504880 938
1504890 938
1504900 938
1504910 939
1504920 939
1504930 940
1504940 940
1504950 940
1504960 941
1504970 943
1504980 943
1504990 947
1505000 952
1505010 952
1505020 957
1505030 964
1505040 964
1505050 971
1505060 976
1505070 976
1505080 982
1505090 988
1505100 988
1505110 994
1505120 1001
1505130 1001
1505140 1007
1505150 1014
1505160 1014
1505170 1024
1505180 1035
1505190 1035
1505200 1041
1505210 1050
1505220 1050
1505230 1063
1505240 1072
1505250 1081
1505260 1081
1505270 1089
1505280 1094
1505290 1094
1505300 1098
1505310 1102
1505320 1102
1505330 1106
1505340 1111
1505350 1111
1505360 1116
1505370 1121
1505380 1121
1505390 1129
1505400 1138
1505410 1138
1505420 1142
1505430 1149
1505440 1149
1505450 1159
1505460 1170
1505470 1170
1505480 1177
1505490 1183
1505500 1183
1505510 1188
1505520 1193
1505530 1193
1505540 1199
1505550 1205
1505560 1205
1505570 1212
1505580 1218
1505590 1225
1505600 1225
1505610 1230
1505620 1235
1505630 1235
1505640 1246
1505650 1258
1505660 1258
1505670 1264
1505680 1269
1505690 1269
1505700 1273
1505710 1277
1505720 1277
1505730 1281
1505740 1285
1505750 1285
1505760 1290
1505770 1295
1505780 1295
1505790 1301
1505800 1311
1505810 1311
1505820 1321
1505830 1326
1505840 1326
1505850 1330
1505860 1334
1505870 1334
1505880 1339
1505890 1344
1505900 1344
1505910 1348
1505920 1353
1505930 1359
1505940 1359
1505950 1365
1505960 1371
1505970 1371
1505980 1375
1505990 1379
1506000 1379
1506010 1385
1506020 1392
1506030 1392
1506040 1398
1506050 1402
1506060 1402
1506070 1407
1506080 1409
1506090 1409
1506100 1411
1506110 1410
1506120 1410
1506130 1410
1506140 1418
1506150 1418
1506160 1426
1506170 1428
1506180 1428
1506190 1425
1506200 1418
1506210 1418
1506220 1415
1506230 1415
1506240 1415
1506250 1418
1506260 1424
1506270 1430
1506280 1430
1506290 1435
1506300 1437
1506310 1437
1506320 1438
1506330 1437
1506340 1437
1506350 1439
1506360 1446
1506370 1446
1506380 1456
1506390 1463
1506400 1463
1506410 1470
1506420 1480
1506430 1480
1506440 1486
1506450 1488
1506460 1488
1506470 1492
1506480 1496
1506490 1496
1506500 1499
1506510 1503
1506520 1503
1506530 1507
1506540 1510
1506550 1510
1506560 1515
1506570 1520
1506580 1520
1506590 1523
1506600 1526
1506610 1526
1506620 1530
1506630 1533
1506640 1536
1506650 1536
1506660 1540
1506670 1544
1506680 1544
1506690 1548
1506700 1553
1506710 1553
1506720 1559
1506730 1565
1506740 1565
1506750 1569
1506760 1575
1506770 1575
1506780 1584
1506790 1593
1506800 1593
1506810 1597
1506820 1603
1506830 1603
1506840 1608
1506850 1611
1506860 1611
1506870 1614
1506880 1619
1506890 1619
1506900 1625
1506910 1630
1506920 1630
1506930 1632
1506940 1635
1506950 1635
1506960 1642
1506970 1648
1506980 1651
1506990 1651
1507000 1654
1507010 1659
1507020 1659
1507030 1663
1507040 1666
1507050 1666
1507060 1670
1507070 1677
1507080 1677
1507090 1680
1507100 1684
1507110 1684
1507120 1689
1507130 1693
1507140 1693
1507150 1697
1507160 1702
1507170 1702
1507180 1707
1507190 1712
1507200 1712
1507210 1717
1507220 1719
1507230 1719
1507240 1719
1507250 1720
1507260 1720
1507270 1721
1507280 1723
1507290 1723
1507300 1724
1507310 1724
1507320 1728
1507330 1730
1507340 1733
1507350 1736
1507360 1736
1507370 1739
1507380 1741
1507390 1741
1507400 1743
1507410 1748
1507420 1748
1507430 1753
1507440 1757
1507450 1757
1507460 1760
1507470 1763
1507480 1763
1507490 1765
1507500 1768
1507510 1768
1507520 1770
1507530 1767
1507540 1767
1507550 1765
1507560 1768
1507570 1768
1507580 1771
1507590 1776
1507600 1776
1507610 1780
1507620 1782
1507630 1782
1507640 1782
1507650 1781
1507660 1781
1507670 1781
1507680 1781
1507690 1776
1507700 1776
1507710 1772
1507720 1773
1507730 1773
1507740 1775
1507750 1778
1507760 1778
1507770 1780
1507780 1781
1507790 1781
1507800 1781
1507810 1780
1507820 1780
1507830 1779
1507840 1776
1507850 1776
1507860 1774
1507870 1773
1507880 1773
1507890 1770
1507900 1770
1507910 1770
1507920 1772
1507930 1775
1507940 1775
1507950 1780
1507960 1781
1507970 1781
1507980 1776
1507990 1775
1508000 1778
1508010 1778
1508020 1780
1508030 1784
1508040 1784
1508050 1788
1508060 1791
1508070 1791
1508080 1790
1508090 1791
1508100 1791
1508110 1792
1508120 1790
1508130 1790
1508140 1789
1508150 1790
1508160 1790
1508170 1791
1508180 1789
1508190 1789
1508200 1789
1508210 1791
1508220 1791
1508230 1791
1508240 1792
1508250 1792
1508260 1793
1508270 1790
1508280 1790
1508290 1786
1508300 1781
1508310 1781
1508320 1779
1508330 1776
1508340 1776
1508350 1775
1508360 1778
1508370 1776
1508380 1776
1508390 1774
1508400 1772
1508410 1772
1508420 1771
1508430 1769
1508440 1769
1508450 1769
1508460 1770
1508470 1770
1508480 1773
1508490 1777
1508500 1777
1508510 1781
1508520 1783
1508530 1783
1508540 1784
1508550 1785
1508560 1785
1508570 1788
1508580 1788
1508590 1788
1508600 1788
1508610 1789
1508620 1789
1508630 1790
1508640 1791
1508650 1791
1508660 1792
1508670 1797
1508680 1797
1508690 1802
1508700 1807
1508710 1811
1508720 1811
1508730 1815
1508740 1819
1508750 1819
1508760 1820
1508770 1823
1508780 1823
1508790 1825
1508800 1825
1508810 1825
1508820 1822
1508830 1821
1508840 1821
1508850 1822
1508860 1822
1508870 1822
1508880 1823
1508890 1825
1508900 1825
1508910 1826
1508920 1827
1508930 1827
1508940 1825
1508950 1823
1508960 1823
1508970 1823
1508980 1821
1508990 1821
1509000 1818
1509010 1816
1509020 1816
1509030 1815
1509040 1814
1509050 1814
1509060 1814
1509070 1813
1509080 1815
1509090 1815
1509100 1817
1509110 1817
1509120 1817
1509130 1818
1509140 1819
1509150 1819
1509160 1819
1509170 1817
1509180 1817
1509190 1814
1509200 1809
1509210 1809
1509220 1806
1509230 1804
1509240 1804
1509250 1802
1509260 1802
1509270 1802
1509280 1802
1509290 1802
1509300 1802
1509310 1804
1509320 1805
1509330 1805
1509340 1805
1509350 1807
1509360 1807
1509370 1809
1509380 1811
1509390 1813
1509400 1813
1509410 1815
1509420 1817
1509430 1817
1509440 1820
1509450 1824
1509460 1824
1509470 1830
1509480 1837
1509490 1837
1509500 1841
1509510 1846
1509520 1846
1509530 1847
1509540 1842
1509550 1842
1509560 1836
1509570 1831
1509580 1831
1509590 1828
1509600 1822
1509610 1822
1509620 1818
1509630 1821
1509640 1821
1509650 1825
1509660 1827
1509670 1827
1509680 1827
1509690 1831
1509700 1831
1509710 1837
1509720 1844
1509730 1844
1509740 1852
1509750 1863
1509760 1871
1509770 1871
1509780 1876
1509790 1881
1509800 1881
1509810 1886
1509820 1892
1509830 1892
1509840 1898
1509850 1904
1509860 1904
1509870 1906
1509880 1908
1509890 1908
1509900 1910
1509910 1911
1509920 1911
1509930 1915
1509940 1920
1509950 1920
1509960 1926
1509970 1931
1509980 1931
1509990 1935
1510000 1938
1510010 1938
1510020 1939
1510030 1941
1510040 1941
1510050 1942
1510060 1941
1510070 1941
1510080 1940
1510090 1939
1510100 1935
1510110 1935
1510120 1930
1510130 1922
1510140 1922
1510150 1910
1510160 1898
1510170 1898
1510180 1890
1510190 1883
1510200 1883
1510210 1878
1510220 1871
1510230 1871
1510240 1866
1510250 1862
1510260 1862
1510270 1856
1510280 1847
1510290 1847
1510300 1836
1510310 1827
1510320 1827
1510330 1821
1510340 1817
1510350 1817
1510360 1810
1510370 1799
1510380 1799
1510390 1793
1510400 1791
1510410 1791
1510420 1786
1510430 1780
1510440 1774
1510450 1774
1510460 1772
1510470 1769
1510480 1769
1510490 1765
1510500 1761
1510510 1761
1510520 1757
1510530 1754
1510540 1754
1510550 1752
1510560 1750
1510570 1750
1510580 1750
1510590 1750
1510600 1750
1510610 1746
1510620 1742
1510630 1742
1510640 1739
1510650 1736
1510660 1736
1510670 1734
1510680 1734
1510690 1734
1510700 1736
1510710 1737
1510720 1737
1510730 1736
1510740 1735
1510750 1735
1510760 1736
1510770 1737
1510780 1737
1510790 1737
1510800 1736
1510810 1733
1510820 1733
1510830 1728
1510840 1722
1510850 1722
1510860 1718
1510870 1717
1510880 1717
1510890 1717
1510900 1718
1510910 1718
1510920 1721
1510930 1723
1510940 1723
1510950 1723
1510960 1723
1510970 1723
1510980 1719
1510990 1717
1511000 1717
1511010 1716
1511020 1715
1511030 1715
1511040 1715
1511050 1716
1511060 1716
1511070 1718
1511080 1721
1511090 1721
1511100 1724
1511110 1727
1511120 1736
1511130 1736
1511140 1745
1511150 1751
1511160 1751
1511170 1756
1511180 1761
1511190 1761
1511200 1768
1511210 1776
1511220 1776
1511230 1779
1511240 1782
1511250 1782
1511260 1787
1511270 1794
1511280 1794
1511290 1802
1511300 1811
1511310 1811
1511320 1823
1511330 1837
1511340 1837
1511350 1855
1511360 1872
1511370 1872
1511380 1884
1511390 1893
1511400 1893
1511410 1908
1511420 1922
1511430 1922
1511440 1938
1511450 1954
1511460 1965
1511470 1965
1511480 1971
1511490 1971
1511500 1971
1511510 1969
1511520 1966
1511530 1966
1511540 1962
1511550 1957
1511560 1957
1511570 1952
1511580 1946
1511590 1946
1511600 1935
1511610 1925
1511620 1925
1511630 1914
1511640 1901
1511650 1901
1511660 1884
1511670 1868
1511680 1868
1511690 1858
1511700 1852
1511710 1852
1511720 1851
1511730 1853
1511740 1853
1511750 1855
1511760 1854
1511770 1854
1511780 1851
1511790 1848
1511800 1848
1511810 1847
1511820 1844
1511830 1844
1511840 1844
1511850 1848
1511860 1849
1511870 1849
1511880 1850
1511890 1852
1511900 1852
1511910 1856
1511920 1858
1511930 1858
1511940 1859
1511950 1859
1511960 1859
1511970 1856
1511980 1849
1511990 1849
1512000 1842
1512010 1840
1512020 1840
1512030 1838
1512040 1834
1512050 1834
1512060 1830
1512070 1825
1512080 1825
1512090 1814
1512100 1803
1512110 1803
1512120 1798
1512130 1794
1512140 1794
1512150 1790
1512160 1789
1512170 1785
1512180 1785
1512190 1782
1512200 1780
1512210 1780
1512220 1776
1512230 1774
1512240 1774
1512250 1772
1512260 1768
1512270 1768
1512280 1761
1512290 1756
1512300 1756
1512310 1749
1512320 1744
1512330 1744
1512340 1740
1512350 1738
1512360 1738
1512370 1735
1512380 1734
1512390 1732
1512400 1732
1512410 1733
1512420 1733
1512430 1734
1512440 1735
1512450 1735
1512460 1736
1512470 1735
1512480 1735
1512490 1734
1512500 1734
1512510 1734
1512520 1734
1512530 1736
1512540 1738
1512550 1738
1512560 1739
1512570 1740
1512580 1740
1512590 1741
1512600 1743
1512610 1743
1512620 1746
1512630 1748
1512640 1748
1512650 1750
1512660 1752
1512670 1752
1512680 1752
1512690 1752
1512700 1752
1512710 1754
1512720 1758
1512730 1758
1512740 1760
1512750 1763
1512760 1763
1512770 1767
1512780 1768
1512790 1768
1512800 1767
1512810 1765
1512820 1765
1512830 1760
1512840 1758
1512850 1756
1512860 1756
1512870 1751
1512880 1750
1512890 1750
1512900 1754
1512910 1755
1512920 1755
1512930 1754
1512940 1752
1512950 1752
1512960 1749
1512970 1747
1512980 1747
1512990 1747
1513000 1750
1513010 1750
1513020 1753
1513030 1756
1513040 1756
1513050 1762
1513060 1768
1513070 1768
1513080 1776
1513090 1788
1513100 1788
1513110 1802
1513120 1813
1513130 1813
1513140 1830
1513150 1855
1513160 1855
1513170 1882
1513180 1903
1513190 1903
1513200 1916
1513210 1926
1513220 1933
1513230 1933
1513240 1941
1513250 1950
1513260 1950
1513270 1961
1513280 1969
1513290 1969
1513300 1974
1513310 1975
1513320 1975
1513330 1975
1513340 1976
1513350 1976
1513360 1979
1513370 1982
1513380 1982
1513390 1985
1513400 1988
1513410 1988
1513420 1989
1513430 1989
1513440 1989
1513450 1989
1513460 1988
1513470 1988
1513480 1987
1513490 1988
1513500 1988
1513510 1988
1513520 1989
1513530 1989
1513540 1989
1513550 1990
1513560 1990
1513570 1990
1513580 1992
1513590 1993
1513600 1993
1513610 1994
1513620 1995
1513630 1995
1513640 1996
1513650 1995
1513660 1995
1513670 1995
1513680 1993
1513690 1993
1513700 1990
1513710 1986
1513720 1986
1513730 1980
1513740 1973
1513750 1973
1513760 1965
1513770 1956
1513780 1956
1513790 1948
1513800 1942
1513810 1942
1513820 1936
1513830 1928
1513840 1928
1513850 1923
1513860 1920
1513870 1920
1513880 1920
1513890 1920
1513900 1918
1513910 1918
1513920 1920
1513930 1921
1513940 1921
1513950 1924
1513960 1927
1513970 1927
1513980 1929
1513990 1931
1514000 1931
1514010 1932
1514020 1932
1514030 1932
1514040 1932
1514050 1933
1514060 1933
1514070 1935
1514080 1936
1514090 1936
1514100 1937
1514110 1939
1514120 1939
1514130 1938
1514140 1941
1514150 1941
1514160 1944
1514170 1946
1514180 1946
1514190 1950
1514200 1954
1514210 1954
1514220 1956
1514230 1957
1514240 1955
1514250 1955
1514260 1955
1514270 1960
1514280 1960
1514290 1966
1514300 1972
1514310 1972
1514320 1978
1514330 1985
1514340 1985
1514350 1987
1514360 1978
1514370 1978
1514380 1962
1514390 1950
1514400 1950
1514410 1941
1514420 1928
1514430 1928
1514440 1918
1514450 1912
1514460 1912
1514470 1907
1514480 1902
1514490 1902
1514500 1897
1514510 1890
1514520 1890
1514530 1891
1514540 1892
1514550 1892
1514560 1890
1514570 1889
1514580 1886
1514590 1886
1514600 1882
1514610 1879
1514620 1879
1514630 1877
1514640 1876
1514650 1876
1514660 1875
1514670 1873
1514680 1873
1514690 1871
1514700 1872
1514710 1872
1514720 1873
1514730 1874
1514740 1874
1514750 1873
1514760 1872
1514770 1872
1514780 1870
1514790 1869
1514800 1869
1514810 1869
1514820 1869
1514830 1869
1514840 1871
1514850 1873
1514860 1873
1514870 1875
1514880 1877
1514890 1877
1514900 1879
1514910 1878
1514920 1878
1514930 1876
1514940 1875
1514950 1875
1514960 1875
1514970 1874
1514980 1873
1514990 1873
1515000 1875
1515010 1875
1515020 1875
1515030 1873
1515040 1874
1515050 1874
1515060 1872
1515070 1873
1515080 1873
1515090 1876
1515100 1878
1515110 1878
1515120 1878
1515130 1877
1515140 1877
1515150 1874
1515160 1873
1515170 1873
1515180 1875
1515190 1878
1515200 1878
1515210 1880
1515220 1886
1515230 1886
1515240 1890
1515250 1891
1515260 1891
1515270 1892
1515280 1893
1515290 1893
1515300 1893
1515310 1894
1515320 1895
1515330 1895
1515340 1895
1515350 1895
1515360 1895
1515370 1895
1515380 1893
1515390 1893
1515400 1890
1515410 1887
1515420 1887
1515430 1884
1515440 1884
1515450 1884
1515460 1887
1515470 1890
1515480 1890
1515490 1891
1515500 1890
1515510 1890
1515520 1890
1515530 1887
1515540 1887
1515550 1885
1515560 1883
1515570 1883
1515580 1882
1515590 1881
1515600 1881
1515610 1882
1515620 1882
1515630 1880
1515640 1880
1515650 1877
1515660 1875
1515670 1875
1515680 1874
1515690 1874
1515700 1874
1515710 1873
1515720 1871
1515730 1871
1515740 1872
1515750 1881
1515760 1881
1515770 1885
1515780 1884
1515790 1884
1515800 1885
1515810 1887
1515820 1887
1515830 1888
1515840 1887
1515850 1887
1515860 1889
1515870 1890
1515880 1890
1515890 1890
1515900 1890
1515910 1890
1515920 1888
1515930 1886
1515940 1886
1515950 1884
1515960 1884
1515970 1883
1515980 1883
1515990 1883
1516000 1881
1516010 1881
1516020 1880
1516030 1879
1516040 1879
1516050 1879
1516060 1879
1516070 1879
1516080 1877
1516090 1872
1516100 1872
1516110 1869
1516120 1866
1516130 1866
1516140 1863
1516150 1860
1516160 1860
1516170 1859
1516180 1857
1516190 1857
1516200 1855
1516210 1854
1516220 1854
1516230 1855
1516240 1855
1516250 1855
1516260 1855
1516270 1856
1516280 1856
1516290 1855
1516300 1852
1516310 1849
1516320 1849
1516330 1847
1516340 1844
1516350 1844
1516360 1841
1516370 1840
1516380 1840
1516390 1841
1516400 1840
1516410 1840
1516420 1841
1516430 1838
1516440 1838
1516450 1835
1516460 1831
1516470 1831
1516480 1826
1516490 1822
1516500 1822
1516510 1817
1516520 1813
1516530 1813
1516540 1809
1516550 1804
1516560 1804
1516570 1800
1516580 1797
1516590 1797
1516600 1793
1516610 1790
1516620 1790
1516630 1787
1516640 1785
1516650 1785
1516660 1782
1516670 1779
1516680 1775
1516690 1775
1516700 1770
1516710 1764
1516720 1764
1516730 1759
1516740 1755
1516750 1755
1516760 1752
1516770 1748
1516780 1748
1516790 1745
1516800 1743
1516810 1743
1516820 1741
1516830 1739
1516840 1739
1516850 1735
1516860 1730
1516870 1730
1516880 1724
1516890 1717
1516900 1717
1516910 1698
1516920 1687
1516930 1687
1516940 1683
1516950 1681
1516960 1681
1516970 1681
1516980 1680
1516990 1680
1517000 1678
1517010 1677
1517020 1676
1517030 1676
1517040 1676
1517050 1677
1517060 1677
1517070 1678
1517080 1680
1517090 1680
1517100 1682
1517110 1684
1517120 1684
1517130 1686
1517140 1687
1517150 1687
1517160 1685
1517170 1681
1517180 1681
1517190 1679
1517200 1679
1517210 1679
1517220 1679
1517230 1680
1517240 1680
1517250 1683
1517260 1685
1517270 1685
1517280 1687
1517290 1689
1517300 1689
1517310 1693
1517320 1697
1517330 1697
1517340 1699
1517350 1700
1517360 1701
1517370 1701
1517380 1704
1517390 1705
1517400 1705
1517410 1708
1517420 1708
1517430 1708
1517440 1710
1517450 1715
1517460 1715
1517470 1721
1517480 1726
1517490 1726
1517500 1732
1517510 1737
1517520 1737
1517530 1741
1517540 1743
1517550 1743
1517560 1746
1517570 1748
1517580 1748
1517590 1750
1517600 1751
1517610 1751
1517620 1752
1517630 1757
1517640 1757
1517650 1767
1517660 1777
1517670 1777
1517680 1786
1517690 1792
1517700 1797
1517710 1797
1517720 1801
1517730 1804
1517740 1804
1517750 1805
1517760 1805
1517770 1805
1517780 1806
1517790 1807
1517800 1807
1517810 1808
1517820 1809
1517830 1809
1517840 1809
1517850 1808
1517860 1808
1517870 1808
1517880 1812
1517890 1812
1517900 1814
1517910 1818
1517920 1818
1517930 1823
1517940 1829
1517950 1829
1517960 1833
1517970 1840
1517980 1840
1517990 1847
1518000 1851
1518010 1851
1518020 1851
1518030 1849
1518040 1847
1518050 1847
1518060 1847
1518070 1853
1518080 1853
1518090 1856
1518100 1861
1518110 1861
1518120 1865
1518130 1866
1518140 1866
1518150 1867
1518160 1869
1518170 1869
1518180 1868
1518190 1867
1518200 1867
1518210 1862
1518220 1861
1518230 1861
1518240 1863
1518250 1864
1518260 1864
1518270 1865
1518280 1865
1518290 1865
1518300 1864
1518310 1861
1518320 1861
1518330 1862
1518340 1862
1518350 1862
1518360 1860
1518370 1859
1518380 1859
1518390 1857
1518400 1856
1518410 1854
1518420 1854
1518430 1855
1518440 1858
1518450 1858
1518460 1860
1518470 1861
1518480 1861
1518490 1862
1518500 1863
1518510 1863
1518520 1865
1518530 1871
1518540 1871
1518550 1875
1518560 1878
1518570 1878
1518580 1879
1518590 1879
1518600 1879
1518610 1880
1518620 1885
1518630 1885
1518640 1889
1518650 1891
1518660 1891
1518670 1891
1518680 1892
1518690 1892
1518700 1892
1518710 1891
1518720 1891
1518730 1890
1518740 1889
1518750 1888
1518760 1888
1518770 1887
1518780 1888
1518790 1888
1518800 1889
1518810 1891
1518820 1891
1518830 1889
1518840 1888
1518850 1888
1518860 1888
1518870 1889
1518880 1889
1518890 1890
1518900 1891
1518910 1891
1518920 1893
1518930 1893
1518940 1893
1518950 1892
1518960 1892
1518970 1892
1518980 1890
1518990 1889
1519000 1889
1519010 1887
1519020 1886
1519030 1886
1519040 1889
1519050 1894
1519060 1894
1519070 1896
1519080 1895
1519090 1893
1519100 1893
1519110 1890
1519120 1888
1519130 1888
1519140 1886
1519150 1885
1519160 1885
1519170 1884
1519180 1886
1519190 1886
1519200 1885
1519210 1884
1519220 1884
1519230 1883
1519240 1881
1519250 1881
1519260 1879
1519270 1877
1519280 1877
1519290 1876
1519300 1874
1519310 1874
1519320 1871
1519330 1868
1519340 1868
1519350 1863
1519360 1858
1519370 1858
1519380 1852
1519390 1850
1519400 1850
1519410 1849
1519420 1847
1519430 1843
1519440 1843
1519450 1838
1519460 1835
1519470 1835
1519480 1830
1519490 1826
1519500 1826
1519510 1824
1519520 1823
1519530 1823
1519540 1820
1519550 1817
1519560 1817
1519570 1814
1519580 1812
1519590 1812
1519600 1811
1519610 1811
1519620 1811
1519630 1811
1519640 1811
1519650 1811
1519660 1813
1519670 1814
1519680 1814
1519690 1815
1519700 1816
1519710 1816
1519720 1815
1519730 1815
1519740 1815
1519750 1814
1519760 1813
1519770 1811
1519780 1811
1519790 1808
1519800 1804
1519810 1804
1519820 1801
1519830 1798
1519840 1798
1519850 1796
1519860 1792
1519870 1792
1519880 1789
1519890 1787
1519900 1787
1519910 1785
1519920 1783
1519930 1783
1519940 1779
1519950 1774
1519960 1774
1519970 1765
1519980 1756
1519990 1756
