1500000 1563
1500010 1569
1500020 1573
1500030 1573
1500040 1575
1500050 1577
1500060 1577
1500070 1578
1500080 1578
1500090 1578
1500100 1579
1500110 1580
1500120 1580
1500130 1581
1500140 1580
1500150 1580
1500160 1578
1500170 1577
1500180 1577
1500190 1576
1500200 1575
1500210 1575
1500220 1574
1500230 1572
1500240 1570
1500250 1570
1500260 1567
1500270 1564
1500280 1564
1500290 1562
1500300 1560
1500310 1560
1500320 1557
1500330 1555
1500340 1555
1500350 1553
1500360 1550
1500370 1550
1500380 1547
1500390 1544
1500400 1544
1500410 1540
1500420 1536
1500430 1536
1500440 1532
1500450 1530
1500460 1530
1500470 1527
1500480 1526
1500490 1526
1500500 1525
1500510 1523
1500520 1523
1500530 1522
1500540 1521
1500550 1521
1500560 1521
1500570 1519
1500580 1519
1500590 1514
1500600 1506
1500610 1498
1500620 1498
1500630 1493
1500640 1489
1500650 1489
1500660 1487
1500670 1483
1500680 1483
1500690 1480
1500700 1479
1500710 1479
1500720 1477
1500730 1474
1500740 1474
1500750 1472
1500760 1470
1500770 1470
1500780 1468
1500790 1466
1500800 1466
1500810 1463
1500820 1462
1500830 1462
1500840 1460
1500850 1460
1500860 1460
1500870 1463
1500880 1466
1500890 1466
1500900 1469
1500910 1471
1500920 1471
1500930 1471
1500940 1470
1500950 1470
1500960 1470
1500970 1468
1500980 1464
1500990 1464
1501000 1459
1501010 1456
1501020 1456
1501030 1450
1501040 1444
1501050 1444
1501060 1440
1501070 1437
1501080 1437
1501090 1433
1501100 1427
1501110 1427
1501120 1416
1501130 1402
1501140 1402
1501150 1391
1501160 1382
1501170 1382
1501180 1370
1501190 1357
1501200 1357
1501210 1345
1501220 1335
1501230 1335
1501240 1327
1501250 1316
1501260 1316
1501270 1306
1501280 1298
1501290 1294
1501300 1294
1501310 1293
1501320 1290
1501330 1290
1501340 1288
1501350 1285
1501360 1285
1501370 1281
1501380 1275
1501390 1275
1501400 1268
1501410 1260
1501420 1260
1501430 1253
1501440 1245
1501450 1245
1501460 1230
1501470 1218
1501480 1218
1501490 1209
1501500 1204
1501510 1204
1501520 1200
1501530 1196
1501540 1196
1501550 1192
1501560 1187
1501570 1187
1501580 1183
1501590 1178
1501600 1178
1501610 1174
1501620 1173
1501630 1173
1501640 1169
1501650 1160
1501660 1148
1501670 1148
1501680 1138
1501690 1126
1501700 1126
1501710 1118
1501720 1110
1501730 1110
1501740 1100
1501750 1089
1501760 1089
1501770 1079
1501780 1072
1501790 1072
1501800 1063
1501810 1054
1501820 1054
1501830 1047
1501840 1042
1501850 1042
1501860 1036
1501870 1031
1501880 1031
1501890 1025
1501900 1019
1501910 1019
1501920 1014
1501930 1010
1501940 1010
1501950 1005
1501960 1001
1501970 1001
1501980 997
1501990 992
1502000 987
1502010 987
1502020 985
1502030 984
1502040 984
1502050 983
1502060 983
1502070 983
1502080 983
1502090 984
1502100 984
1502110 984
1502120 982
1502130 982
1502140 979
1502150 975
1502160 975
1502170 972
1502180 969
1502190 969
1502200 962
1502210 954
1502220 954
1502230 946
1502240 939
1502250 939
1502260 932
1502270 925
1502280 925
1502290 919
1502300 913
1502310 913
1502320 912
1502330 916
1502340 916
1502350 921
1502360 923
1502370 923
1502380 923
1502390 924
1502400 929
1502410 929
1502420 931
1502430 934
1502440 934
1502450 936
1502460 936
1502470 936
1502480 936
1502490 935
1502500 935
1502510 935
1502520 938
1502530 938
1502540 941
1502550 943
1502560 943
1502570 945
1502580 948
1502590 948
1502600 952
1502610 954
1502620 954
1502630 960
1502640 967
1502650 967
1502660 974
1502670 980
1502680 980
1502690 981
1502700 980
1502710 980
1502720 980
1502730 979
1502740 976
1502750 976
1502760 976
1502770 977
1502780 977
1502790 977
1502800 976
1502810 976
1502820 975
1502830 972
1502840 972
1502850 971
1502860 970
1502870 970
1502880 970
1502890 973
1502900 973
1502910 972
1502920 969
1502930 969
1502940 968
1502950 969
1502960 969
1502970 970
1502980 972
1502990 972
1503000 973
1503010 974
1503020 974
1503030 975
1503040 977
1503050 979
1503060 979
1503070 980
1503080 980
1503090 980
1503100 980
1503110 982
1503120 982
1503130 983
1503140 983
1503150 983
1503160 982
1503170 983
1503180 983
1503190 985
1503200 986
1503210 986
1503220 987
1503230 988
1503240 988
1503250 991
1503260 993
1503270 993
1503280 994
1503290 997
1503300 997
1503310 1003
1503320 1009
1503330 1009
1503340 1015
1503350 1018
1503360 1018
1503370 1018
1503380 1019
1503390 1019
1503400 1021
1503410 1022
1503420 1024
1503430 1024
1503440 1024
1503450 1025
1503460 1025
1503470 1025
1503480 1027
1503490 1027
1503500 1030
1503510 1033
1503520 1033
1503530 1036
1503540 1042
1503550 1042
1503560 1047
1503570 1046
1503580 1046
1503590 1043
1503600 1040
1503610 1040
1503620 1038
1503630 1036
1503640 1036
1503650 1034
1503660 1033
1503670 1033
1503680 1031
1503690 1030
1503700 1030
1503710 1029
1503720 1031
1503730 1031
1503740 1035
1503750 1038
1503760 1039
1503770 1039
1503780 1038
1503790 1038
1503800 1038
1503810 1039
1503820 1041
1503830 1041
1503840 1043
1503850 1045
1503860 1045
1503870 1047
1503880 1050
1503890 1050
1503900 1053
1503910 1056
1503920 1056
1503930 1059
1503940 1061
1503950 1061
1503960 1064
1503970 1067
1503980 1067
1503990 1069
1504000 1072
1504010 1072
1504020 1075
1504030 1078
1504040 1078
1504050 1081
1504060 1083
1504070 1083
1504080 1086
1504090 1088
1504100 1092
1504110 1092
1504120 1095
1504130 1098
1504140 1098
1504150 1101
1504160 1104
1504170 1104
1504180 1107
1504190 1111
1504200 1111
1504210 1114
1504220 1118
1504230 1118
1504240 1121
1504250 1125
1504260 1125
1504270 1129
1504280 1133
1504290 1133
1504300 1137
1504310 1141
1504320 1141
1504330 1146
1504340 1149
1504350 1149
1504360 1154
1504370 1159
1504380 1159
1504390 1165
1504400 1170
1504410 1170
1504420 1176
1504430 1181
1504440 1181
1504450 1190
1504460 1200
1504470 1209
1504480 1209
1504490 1217
1504500 1224
1504510 1224
1504520 1232
1504530 1239
1504540 1239
1504550 1245
1504560 1252
1504570 1252
1504580 1257
1504590 1263
1504600 1263
1504610 1268
1504620 1273
1504630 1273
1504640 1279
1504650 1284
1504660 1284
1504670 1289
1504680 1293
1504690 1293
1504700 1298
1504710 1303
1504720 1303
1504730 1308
1504740 1312
1504750 1312
1504760 1316
1504770 1322
1504780 1322
1504790 1328
1504800 1333
1504810 1338
1504820 1338
1504830 1344
1504840 1351
1504850 1351
1504860 1360
1504870 1369
1504880 1369
1504890 1378
1504900 1386
1504910 1386
1504920 1394
1504930 1400
1504940 1400
1504950 1406
1504960 1411
1504970 1411
1504980 1416
1504990 1422
1505000 1422
1505010 1427
1505020 1429
1505030 1429
1505040 1431
1505050 1437
1505060 1437
1505070 1441
1505080 1444
1505090 1444
1505100 1446
1505110 1449
1505120 1449
1505130 1452
1505140 1455
1505150 1455
1505160 1457
1505170 1460
1505180 1464
1505190 1464
1505200 1466
1505210 1468
1505220 1468
1505230 1471
1505240 1474
1505250 1474
1505260 1477
1505270 1480
1505280 1480
1505290 1483
1505300 1485
1505310 1485
1505320 1486
1505330 1487
1505340 1487
1505350 1489
1505360 1489
1505370 1489
1505380 1491
1505390 1492
1505400 1492
1505410 1492
1505420 1492
1505430 1492
1505440 1493
1505450 1495
1505460 1495
1505470 1495
1505480 1497
1505490 1497
1505500 1500
1505510 1502
1505520 1504
1505530 1504
1505540 1508
1505550 1512
1505560 1512
1505570 1515
1505580 1518
1505590 1518
1505600 1522
1505610 1525
1505620 1525
1505630 1528
1505640 1532
1505650 1532
1505660 1536
1505670 1540
1505680 1540
1505690 1542
1505700 1545
1505710 1545
1505720 1549
1505730 1553
1505740 1553
1505750 1557
1505760 1560
1505770 1560
1505780 1563
1505790 1565
1505800 1565
1505810 1568
1505820 1571
1505830 1571
1505840 1575
1505850 1579
1505860 1581
1505870 1581
1505880 1584
1505890 1586
1505900 1586
1505910 1589
1505920 1592
1505930 1592
1505940 1594
1505950 1596
1505960 1596
1505970 1598
1505980 1598
1505990 1598
1506000 1601
1506010 1605
1506020 1605
1506030 1609
1506040 1612
1506050 1612
1506060 1613
1506070 1615
1506080 1615
1506090 1618
1506100 1621
1506110 1621
1506120 1625
1506130 1628
1506140 1628
1506150 1631
1506160 1634
1506170 1634
1506180 1638
1506190 1640
1506200 1640
1506210 1641
1506220 1643
1506230 1645
1506240 1645
1506250 1649
1506260 1652
1506270 1652
1506280 1654
1506290 1653
1506300 1653
1506310 1653
1506320 1654
1506330 1654
1506340 1657
1506350 1661
1506360 1661
1506370 1664
1506380 1667
1506390 1667
1506400 1671
1506410 1674
1506420 1674
1506430 1675
1506440 1677
1506450 1677
1506460 1679
1506470 1681
1506480 1681
1506490 1682
1506500 1683
1506510 1683
1506520 1685
1506530 1686
1506540 1686
1506550 1690
1506560 1693
1506570 1695
1506580 1695
1506590 1697
1506600 1701
1506610 1701
1506620 1704
1506630 1707
1506640 1707
1506650 1709
1506660 1711
1506670 1711
1506680 1711
1506690 1712
1506700 1712
1506710 1714
1506720 1713
1506730 1713
1506740 1708
1506750 1703
1506760 1703
1506770 1701
1506780 1701
1506790 1701
1506800 1701
1506810 1701
1506820 1701
1506830 1703
1506840 1707
1506850 1707
1506860 1708
1506870 1711
1506880 1711
1506890 1713
1506900 1715
1506910 1716
1506920 1716
1506930 1717
1506940 1719
1506950 1719
1506960 1721
1506970 1724
1506980 1724
1506990 1728
1507000 1729
1507010 1729
1507020 1731
1507030 1733
1507040 1733
1507050 1736
1507060 1737
1507070 1737
1507080 1737
1507090 1737
1507100 1737
1507110 1737
1507120 1737
1507130 1737
1507140 1738
1507150 1738
1507160 1738
1507170 1738
1507180 1739
1507190 1739
1507200 1738
1507210 1740
1507220 1740
1507230 1742
1507240 1744
1507250 1744
1507260 1747
1507270 1748
1507280 1750
1507290 1750
1507300 1751
1507310 1753
1507320 1753
1507330 1753
1507340 1752
1507350 1752
1507360 1752
1507370 1753
1507380 1753
1507390 1755
1507400 1752
1507410 1752
1507420 1751
1507430 1754
1507440 1754
1507450 1754
1507460 1753
1507470 1753
1507480 1756
1507490 1757
1507500 1757
1507510 1757
1507520 1756
1507530 1756
1507540 1755
1507550 1754
1507560 1754
1507570 1755
1507580 1754
1507590 1754
1507600 1752
1507610 1752
1507620 1752
1507630 1752
1507640 1754
1507650 1754
1507660 1754
1507670 1755
1507680 1758
1507690 1758
1507700 1762
1507710 1762
1507720 1762
1507730 1760
1507740 1760
1507750 1760
1507760 1760
1507770 1762
1507780 1762
1507790 1768
1507800 1771
1507810 1771
1507820 1773
1507830 1774
1507840 1774
1507850 1776
1507860 1778
1507870 1778
1507880 1781
1507890 1784
1507900 1784
1507910 1786
1507920 1789
1507930 1789
1507940 1792
1507950 1796
1507960 1802
1507970 1802
1507980 1806
1507990 1806
1508000 1806
1508010 1807
1508020 1807
1508030 1807
1508040 1807
1508050 1809
1508060 1809
1508070 1814
1508080 1820
1508090 1820
1508100 1825
1508110 1829
1508120 1829
1508130 1833
1508140 1835
1508150 1835
1508160 1836
1508170 1840
1508180 1840
1508190 1843
1508200 1845
1508210 1845
1508220 1848
1508230 1850
1508240 1850
1508250 1850
1508260 1847
1508270 1847
1508280 1844
1508290 1843
1508300 1843
1508310 1841
1508320 1839
1508330 1838
1508340 1838
1508350 1838
1508360 1838
1508370 1838
1508380 1836
1508390 1824
1508400 1824
1508410 1807
1508420 1796
1508430 1796
1508440 1790
1508450 1783
1508460 1783
1508470 1774
1508480 1764
1508490 1764
1508500 1753
1508510 1743
1508520 1743
1508530 1732
1508540 1719
1508550 1719
1508560 1706
1508570 1694
1508580 1694
1508590 1684
1508600 1674
1508610 1674
1508620 1666
1508630 1658
1508640 1658
1508650 1650
1508660 1643
1508670 1634
1508680 1634
1508690 1627
1508700 1625
1508710 1625
1508720 1626
1508730 1628
1508740 1628
1508750 1631
1508760 1635
1508770 1635
1508780 1638
1508790 1641
1508800 1641
1508810 1644
1508820 1643
1508830 1643
1508840 1642
1508850 1642
1508860 1642
1508870 1641
1508880 1643
1508890 1643
1508900 1646
1508910 1648
1508920 1648
1508930 1651
1508940 1655
1508950 1655
1508960 1662
1508970 1668
1508980 1668
1508990 1672
1509000 1671
1509010 1671
1509020 1670
1509030 1670
1509040 1671
1509050 1671
1509060 1672
1509070 1674
1509080 1674
1509090 1677
1509100 1682
1509110 1682
1509120 1688
1509130 1692
1509140 1692
1509150 1695
1509160 1699
1509170 1699
1509180 1702
1509190 1703
1509200 1703
1509210 1703
1509220 1704
1509230 1704
1509240 1706
1509250 1707
1509260 1707
1509270 1708
1509280 1711
1509290 1711
1509300 1712
1509310 1714
1509320 1714
1509330 1716
1509340 1718
1509350 1718
1509360 1722
1509370 1725
1509380 1726
1509390 1726
1509400 1725
1509410 1724
1509420 1724
1509430 1722
1509440 1721
1509450 1721
1509460 1719
1509470 1711
1509480 1711
1509490 1703
1509500 1701
1509510 1701
1509520 1701
1509530 1700
1509540 1700
1509550 1702
1509560 1702
1509570 1702
1509580 1700
1509590 1697
1509600 1697
1509610 1694
1509620 1695
1509630 1695
1509640 1696
1509650 1695
1509660 1695
1509670 1695
1509680 1696
1509690 1696
1509700 1696
1509710 1696
1509720 1696
1509730 1696
1509740 1695
1509750 1694
1509760 1694
1509770 1692
1509780 1690
1509790 1690
1509800 1687
1509810 1684
1509820 1684
1509830 1681
1509840 1678
1509850 1678
1509860 1675
1509870 1673
1509880 1673
1509890 1670
1509900 1668
1509910 1668
1509920 1666
1509930 1666
1509940 1666
1509950 1665
1509960 1662
1509970 1662
1509980 1662
1509990 1661
1510000 1661
1510010 1659
1510020 1656
1510030 1656
1510040 1652
1510050 1650
1510060 1650
1510070 1649
1510080 1647
1510090 1644
1510100 1644
1510110 1641
1510120 1639
1510130 1639
1510140 1638
1510150 1635
1510160 1635
1510170 1633
1510180 1632
1510190 1632
1510200 1631
1510210 1630
1510220 1630
1510230 1628
1510240 1628
1510250 1628
1510260 1628
1510270 1629
1510280 1629
1510290 1630
1510300 1632
1510310 1632
1510320 1634
1510330 1634
1510340 1634
1510350 1633
1510360 1634
1510370 1634
1510380 1634
1510390 1631
1510400 1631
1510410 1631
1510420 1630
1510430 1629
1510440 1629
1510450 1630
1510460 1628
1510470 1628
1510480 1625
1510490 1622
1510500 1622
1510510 1620
1510520 1620
1510530 1620
1510540 1620
1510550 1621
1510560 1621
1510570 1620
1510580 1618
1510590 1618
1510600 1616
1510610 1613
1510620 1613
1510630 1610
1510640 1608
1510650 1608
1510660 1604
1510670 1601
1510680 1601
1510690 1600
1510700 1601
1510710 1601
1510720 1599
1510730 1596
1510740 1596
1510750 1593
1510760 1590
1510770 1588
1510780 1588
1510790 1587
1510800 1585
1510810 1585
1510820 1579
1510830 1573
1510840 1573
1510850 1569
1510860 1566
1510870 1566
1510880 1563
1510890 1563
1510900 1563
1510910 1566
1510920 1570
1510930 1570
1510940 1573
1510950 1576
1510960 1576
1510970 1578
1510980 1579
1510990 1579
1511000 1581
1511010 1581
1511020 1581
1511030 1581
1511040 1581
1511050 1581
1511060 1577
1511070 1573
1511080 1573
1511090 1567
1511100 1563
1511110 1563
1511120 1559
1511130 1554
1511140 1549
1511150 1549
1511160 1546
1511170 1542
1511180 1542
1511190 1537
1511200 1535
1511210 1535
1511220 1532
1511230 1530
1511240 1530
1511250 1528
1511260 1527
1511270 1527
1511280 1525
1511290 1524
1511300 1524
1511310 1522
1511320 1520
1511330 1520
1511340 1517
1511350 1518
1511360 1518
1511370 1519
1511380 1521
1511390 1515
1511400 1517
1511410 1522
1511420 1522
1511430 1527
1511440 1529
1511450 1529
1511460 1530
1511470 1535
1511480 1540
1511490 1540
1511500 1541
1511510 1543
1511520 1543
1511530 1546
1511540 1550
1511550 1550
1511560 1555
1511570 1562
1511580 1562
1511590 1571
1511600 1581
1511610 1581
1511620 1591
1511630 1599
1511640 1599
1511650 1609
1511660 1617
1511670 1617
1511680 1623
1511690 1635
1511700 1635
1511710 1644
1511720 1652
1511730 1652
1511740 1658
1511750 1665
1511760 1665
1511770 1670
1511780 1675
1511790 1675
1511800 1680
1511810 1684
1511820 1688
1511830 1688
1511840 1693
1511850 1697
1511860 1697
1511870 1701
1511880 1704
1511890 1704
1511900 1707
1511910 1709
1511920 1709
1511930 1710
1511940 1711
1511950 1711
1511960 1710
1511970 1709
1511980 1709
1511990 1710
1512000 1713
1512010 1713
1512020 1714
1512030 1714
1512040 1714
1512050 1715
1512060 1715
1512070 1715
1512080 1714
1512090 1715
1512100 1715
1512110 1714
1512120 1712
1512130 1712
1512140 1709
1512150 1707
1512160 1707
1512170 1704
1512180 1701
1512190 1699
1512200 1699
1512210 1696
1512220 1694
1512230 1694
1512240 1694
1512250 1691
1512260 1691
1512270 1690
1512280 1688
1512290 1688
1512300 1686
1512310 1682
1512320 1682
1512330 1679
1512340 1678
1512350 1678
1512360 1677
1512370 1674
1512380 1674
1512390 1670
1512400 1665
1512410 1665
1512420 1662
1512430 1659
1512440 1659
1512450 1656
1512460 1652
1512470 1652
1512480 1651
1512490 1651
1512500 1651
1512510 1647
1512520 1644
1512530 1642
1512540 1642
1512550 1639
1512560 1637
1512570 1637
1512580 1636
1512590 1635
1512600 1635
1512610 1633
1512620 1630
1512630 1630
1512640 1628
1512650 1626
1512660 1626
1512670 1624
1512680 1622
1512690 1622
1512700 1621
1512710 1619
1512720 1619
1512730 1617
1512740 1615
1512750 1615
1512760 1613
1512770 1611
1512780 1611
1512790 1609
1512800 1607
1512810 1607
1512820 1607
1512830 1608
1512840 1608
1512850 1609
1512860 1609
1512870 1609
1512880 1609
1512890 1608
1512900 1608
1512910 1608
1512920 1608
1512930 1605
1512940 1605
1512950 1601
1512960 1598
1512970 1598
1512980 1595
1512990 1592
1513000 1592
1513010 1586
1513020 1581
1513030 1581
1513040 1577
1513050 1571
1513060 1571
1513070 1566
1513080 1563
1513090 1563
1513100 1558
1513110 1554
1513120 1554
1513130 1548
1513140 1543
1513150 1543
1513160 1540
1513170 1539
1513180 1539
1513190 1537
1513200 1534
1513210 1534
1513220 1532
1513230 1531
1513240 1530
1513250 1530
1513260 1528
1513270 1524
1513280 1524
1513290 1521
1513300 1517
1513310 1517
1513320 1512
1513330 1507
1513340 1507
1513350 1502
1513360 1497
1513370 1497
1513380 1493
1513390 1488
1513400 1488
1513410 1481
1513420 1474
1513430 1474
1513440 1467
1513450 1460
1513460 1460
1513470 1455
1513480 1450
1513490 1450
1513500 1447
1513510 1442
1513520 1442
1513530 1436
1513540 1428
1513550 1428
1513560 1415
1513570 1405
1513580 1400
1513590 1400
1513600 1396
1513610 1392
1513620 1392
1513630 1388
1513640 1383
1513650 1383
1513660 1379
1513670 1376
1513680 1376
1513690 1376
1513700 1375
1513710 1375
1513720 1374
1513730 1372
1513740 1372
1513750 1369
1513760 1365
1513770 1365
1513780 1361
1513790 1358
1513800 1358
1513810 1354
1513820 1350
1513830 1350
1513840 1347
1513850 1344
1513860 1344
1513870 1338
1513880 1332
1513890 1332
1513900 1324
1513910 1316
1513920 1316
1513930 1310
1513940 1304
1513950 1299
1513960 1299
1513970 1293
1513980 1287
1513990 1287
1514000 1283
1514010 1282
1514020 1282
1514030 1281
1514040 1281
1514050 1281
1514060 1280
1514070 1280
1514080 1280
1514090 1281
1514100 1281
1514110 1281
1514120 1279
1514130 1276
1514140 1276
1514150 1273
1514160 1272
1514170 1272
1514180 1271
1514190 1270
1514200 1270
1514210 1271
1514220 1275
1514230 1275
1514240 1279
1514250 1283
1514260 1283
1514270 1289
1514280 1294
1514290 1304
1514300 1304
1514310 1315
1514320 1319
1514330 1319
1514340 1320
1514350 1319
1514360 1319
1514370 1320
1514380 1320
1514390 1320
1514400 1320
1514410 1320
1514420 1320
1514430 1324
1514440 1330
1514450 1330
1514460 1341
1514470 1352
1514480 1352
1514490 1363
1514500 1374
1514510 1374
1514520 1387
1514530 1397
1514540 1397
1514550 1409
1514560 1422
1514570 1422
1514580 1436
1514590 1445
1514600 1445
1514610 1452
1514620 1457
1514630 1460
1514640 1460
1514650 1464
1514660 1468
1514670 1468
1514680 1471
1514690 1468
1514700 1468
1514710 1466
1514720 1462
1514730 1462
1514740 1458
1514750 1452
1514760 1452
1514770 1428
1514780 1395
1514790 1395
1514800 1360
1514810 1332
1514820 1332
1514830 1323
1514840 1323
1514850 1323
1514860 1323
1514870 1323
1514880 1323
1514890 1323
1514900 1324
1514910 1324
1514920 1326
1514930 1329
1514940 1329
1514950 1332
1514960 1336
1514970 1336
1514980 1338
1514990 1340
1515000 1342
1515010 1342
1515020 1344
1515030 1346
1515040 1346
1515050 1350
1515060 1353
1515070 1353
1515080 1356
1515090 1358
1515100 1358
1515110 1360
1515120 1364
1515130 1364
1515140 1369
1515150 1372
1515160 1372
1515170 1374
1515180 1375
1515190 1375
1515200 1377
1515210 1378
1515220 1378
1515230 1381
1515240 1382
1515250 1382
1515260 1385
1515270 1389
1515280 1389
1515290 1393
1515300 1397
1515310 1397
1515320 1399
1515330 1401
1515340 1402
1515350 1402
1515360 1402
1515370 1402
1515380 1402
1515390 1403
1515400 1404
1515410 1404
1515420 1406
1515430 1409
1515440 1409
1515450 1413
1515460 1415
1515470 1415
1515480 1415
1515490 1415
1515500 1415
1515510 1416
1515520 1419
1515530 1419
1515540 1420
1515550 1419
1515560 1419
1515570 1418
1515580 1416
1515590 1416
1515600 1414
1515610 1412
1515620 1412
1515630 1418
1515640 1426
1515650 1426
1515660 1434
1515670 1442
1515680 1450
1515690 1450
1515700 1455
1515710 1463
1515720 1463
1515730 1469
1515740 1473
1515750 1473
1515760 1472
1515770 1474
1515780 1474
1515790 1477
1515800 1485
1515810 1485
1515820 1489
1515830 1491
1515840 1491
1515850 1491
1515860 1493
1515870 1493
1515880 1493
1515890 1492
1515900 1492
1515910 1490
1515920 1488
1515930 1488
1515940 1485
1515950 1484
1515960 1484
1515970 1483
1515980 1481
1515990 1481
1516000 1479
1516010 1477
1516020 1477
1516030 1473
1516040 1466
1516050 1462
1516060 1462
1516070 1465
1516080 1474
1516090 1474
1516100 1484
1516110 1496
1516120 1496
1516130 1510
1516140 1530
1516150 1530
1516160 1547
1516170 1556
1516180 1556
1516190 1564
1516200 1572
1516210 1572
1516220 1578
1516230 1582
1516240 1582
1516250 1585
1516260 1588
1516270 1588
1516280 1592
1516290 1596
1516300 1596
1516310 1601
1516320 1607
1516330 1607
1516340 1613
1516350 1619
1516360 1619
1516370 1625
1516380 1629
1516390 1634
1516400 1634
1516410 1644
1516420 1654
1516430 1654
1516440 1669
1516450 1692
1516460 1692
1516470 1714
1516480 1738
1516490 1738
1516500 1770
1516510 1787
1516520 1787
1516530 1803
1516540 1813
1516550 1813
1516560 1823
1516570 1831
1516580 1831
1516590 1839
1516600 1845
1516610 1845
1516620 1852
1516630 1860
1516640 1860
1516650 1865
1516660 1868
1516670 1868
1516680 1871
1516690 1874
1516700 1874
1516710 1877
1516720 1880
1516730 1883
1516740 1883
1516750 1885
1516760 1888
1516770 1888
1516780 1891
1516790 1894
1516800 1894
1516810 1896
1516820 1898
1516830 1898
1516840 1900
1516850 1900
1516860 1900
1516870 1900
1516880 1900
1516890 1900
1516900 1900
1516910 1901
1516920 1901
1516930 1902
1516940 1902
1516950 1902
1516960 1901
1516970 1903
1516980 1903
1516990 1905
1517000 1907
1517010 1907
1517020 1908
1517030 1910
1517040 1910
1517050 1911
1517060 1912
1517070 1912
1517080 1912
1517090 1913
1517100 1913
1517110 1913
1517120 1914
1517130 1915
1517140 1915
1517150 1915
1517160 1916
1517170 1916
1517180 1916
1517190 1915
1517200 1915
1517210 1915
1517220 1915
1517230 1915
1517240 1914
1517250 1911
1517260 1911
1517270 1909
1517280 1906
1517290 1906
1517300 1905
1517310 1905
1517320 1905
1517330 1903
1517340 1900
1517350 1900
1517360 1897
1517370 1896
1517380 1896
1517390 1895
1517400 1893
1517410 1893
1517420 1893
1517430 1892
1517440 1890
1517450 1890
1517460 1890
1517470 1890
1517480 1890
1517490 1890
1517500 1887
1517510 1887
1517520 1889
1517530 1891
1517540 1891
1517550 1887
1517560 1888
1517570 1888
1517580 1892
1517590 1896
1517600 1896
1517610 1899
1517620 1901
1517630 1901
1517640 1903
1517650 1906
1517660 1906
1517670 1910
1517680 1912
1517690 1912
1517700 1911
1517710 1909
1517720 1909
1517730 1904
1517740 1900
1517750 1900
1517760 1895
1517770 1889
1517780 1883
1517790 1883
1517800 1878
1517810 1875
1517820 1875
1517830 1870
1517840 1870
1517850 1870
1517860 1868
1517870 1867
1517880 1867
1517890 1866
1517900 1861
1517910 1861
1517920 1857
1517930 1854
1517940 1854
1517950 1851
1517960 1848
1517970 1848
1517980 1847
1517990 1849
1518000 1849
1518010 1851
1518020 1854
1518030 1854
1518040 1850
1518050 1850
1518060 1850
1518070 1852
1518080 1850
1518090 1850
1518100 1849
1518110 1849
1518120 1849
1518130 1849
1518140 1848
1518150 1847
1518160 1847
1518170 1848
1518180 1847
1518190 1847
1518200 1846
1518210 1843
1518220 1843
1518230 1841
1518240 1839
1518250 1839
1518260 1836
1518270 1834
1518280 1834
1518290 1834
1518300 1839
1518310 1839
1518320 1839
1518330 1839
1518340 1839
1518350 1838
1518360 1837
1518370 1837
1518380 1834
1518390 1829
1518400 1829
1518410 1826
1518420 1818
1518430 1818
1518440 1812
1518450 1806
1518460 1806
1518470 1804
1518480 1803
1518490 1802
1518500 1802
1518510 1796
1518520 1793
1518530 1793
1518540 1787
1518550 1791
1518560 1791
1518570 1797
1518580 1798
1518590 1798
1518600 1799
1518610 1803
1518620 1803
1518630 1809
1518640 1818
1518650 1818
1518660 1825
1518670 1829
1518680 1829
1518690 1832
1518700 1837
1518710 1837
1518720 1843
1518730 1851
1518740 1851
1518750 1859
1518760 1866
1518770 1866
1518780 1871
1518790 1878
1518800 1878
1518810 1886
1518820 1893
1518830 1893
1518840 1904
1518850 1913
1518860 1921
1518870 1921
1518880 1929
1518890 1934
1518900 1934
1518910 1940
1518920 1946
1518930 1946
1518940 1952
1518950 1958
1518960 1958
1518970 1960
1518980 1953
1518990 1953
1519000 1942
1519010 1931
1519020 1931
1519030 1920
1519040 1910
1519050 1910
1519060 1905
1519070 1898
1519080 1898
1519090 1893
1519100 1887
1519110 1887
1519120 1881
1519130 1875
1519140 1875
1519150 1869
1519160 1863
1519170 1863
1519180 1857
1519190 1852
1519200 1848
1519210 1848
1519220 1843
1519230 1840
1519240 1840
1519250 1835
1519260 1832
1519270 1832
1519280 1829
1519290 1824
1519300 1824
1519310 1821
1519320 1819
1519330 1819
1519340 1815
1519350 1812
1519360 1812
1519370 1808
1519380 1805
1519390 1805
1519400 1802
1519410 1797
1519420 1797
1519430 1793
1519440 1790
1519450 1790
1519460 1787
1519470 1783
1519480 1783
1519490 1779
1519500 1776
1519510 1776
1519520 1773
1519530 1765
1519540 1756
1519550 1756
1519560 1749
1519570 1745
1519580 1745
1519590 1738
1519600 1732
1519610 1732
1519620 1720
1519630 1711
1519640 1712
1519650 1703
1519660 1691
1519670 1691
1519680 1680
1519690 1664
1519700 1664
1519710 1653
1519720 1646
1519730 1646
1519740 1637
1519750 1629
1519760 1629
1519770 1610
1519780 1575
1519790 1575
1519800 1556
1519810 1542
1519820 1542
1519830 1532
1519840 1519
1519850 1519
1519860 1507
1519870 1492
1519880 1492
1519890 1481
1519900 1469
1519910 1447
1519920 1447
1519930 1421
1519940 1404
1519950 1404
1519960 1391
1519970 1364
1519980 1364
1519990 1338
