1500000 1528
1500010 1527
1500020 1527
1500030 1526
1500040 1525
1500050 1523
1500060 1523
1500070 1519
1500080 1521
1500090 1521
1500100 1525
1500110 1528
1500120 1528
1500130 1530
1500140 1533
1500150 1533
1500160 1535
1500170 1536
1500180 1536
1500190 1536
1500200 1536
1500210 1536
1500220 1534
1500230 1528
1500240 1528
1500250 1524
1500260 1520
1500270 1520
1500280 1516
1500290 1512
1500300 1512
1500310 1507
1500320 1507
1500330 1507
1500340 1506
1500350 1501
1500360 1501
1500370 1494
1500380 1486
1500390 1478
1500400 1478
1500410 1471
1500420 1465
1500430 1465
1500440 1460
1500450 1454
1500460 1454
1500470 1448
1500480 1443
1500490 1443
1500500 1438
1500510 1434
1500520 1434
1500530 1431
1500540 1428
1500550 1428
1500560 1426
1500570 1423
1500580 1423
1500590 1418
1500600 1412
1500610 1412
1500620 1406
1500630 1401
1500640 1401
1500650 1396
1500660 1390
1500670 1390
1500680 1386
1500690 1382
1500700 1382
1500710 1380
1500720 1376
1500730 1376
1500740 1372
1500750 1370
1500760 1367
1500770 1367
1500780 1365
1500790 1361
1500800 1361
1500810 1358
1500820 1354
1500830 1354
1500840 1349
1500850 1343
1500860 1343
1500870 1338
1500880 1334
1500890 1334
1500900 1331
1500910 1328
1500920 1328
1500930 1325
1500940 1321
1500950 1321
1500960 1319
1500970 1315
1500980 1315
1500990 1311
1501000 1304
1501010 1304
1501020 1298
1501030 1292
1501040 1292
1501050 1285
1501060 1277
1501070 1277
1501080 1270
1501090 1263
1501100 1257
1501110 1257
1501120 1250
1501130 1239
1501140 1239
1501150 1231
1501160 1228
1501170 1228
1501180 1226
1501190 1224
1501200 1224
1501210 1223
1501220 1219
1501230 1219
1501240 1213
1501250 1207
1501260 1207
1501270 1204
1501280 1201
1501290 1201
1501300 1197
1501310 1193
1501320 1193
1501330 1189
1501340 1186
1501350 1186
1501360 1183
1501370 1177
1501380 1177
1501390 1172
1501400 1167
1501410 1167
1501420 1164
1501430 1162
1501440 1162
1501450 1158
1501460 1155
1501470 1152
1501480 1152
1501490 1148
1501500 1145
1501510 1145
1501520 1143
1501530 1139
1501540 1139
1501550 1136
1501560 1133
1501570 1133
1501580 1131
1501590 1129
1501600 1129
1501610 1127
1501620 1126
1501630 1126
1501640 1124
1501650 1121
1501660 1121
1501670 1116
1501680 1110
1501690 1110
1501700 1106
1501710 1101
1501720 1101
1501730 1096
1501740 1091
1501750 1091
1501760 1085
1501770 1080
1501780 1080
1501790 1074
1501800 1068
1501810 1057
1501820 1057
1501830 1044
1501840 1035
1501850 1035
1501860 1026
1501870 1014
1501880 1014
1501890 1001
1501900 994
1501910 994
1501920 994
1501930 998
1501940 998
1501950 1001
1501960 995
1501970 995
1501980 981
1501990 973
1502000 973
1502010 976
1502020 978
1502030 978
1502040 972
1502050 967
1502060 967
1502070 964
1502080 957
1502090 957
1502100 949
1502110 944
1502120 944
1502130 937
1502140 931
1502150 931
1502160 925
1502170 920
1502180 915
1502190 915
1502200 910
1502210 904
1502220 904
1502230 899
1502240 894
1502250 894
1502260 888
1502270 884
1502280 884
1502290 881
1502300 877
1502310 877
1502320 873
1502330 868
1502340 868
1502350 864
1502360 860
1502370 860
1502380 857
1502390 855
1502400 855
1502410 855
1502420 855
1502430 855
1502440 854
1502450 854
1502460 854
1502470 851
1502480 846
1502490 846
1502500 844
1502510 844
1502520 845
1502530 845
1502540 849
1502550 853
1502560 853
1502570 856
1502580 859
1502590 859
1502600 862
1502610 864
1502620 864
1502630 866
1502640 866
1502650 866
1502660 867
1502670 867
1502680 867
1502690 867
1502700 868
1502710 868
1502720 871
1502730 879
1502740 879
1502750 890
1502760 898
1502770 898
1502780 904
1502790 911
1502800 911
1502810 917
1502820 919
1502830 919
1502840 920
1502850 922
1502860 922
1502870 926
1502880 931
1502890 936
1502900 936
1502910 940
1502920 945
1502930 945
1502940 950
1502950 951
1502960 951
1502970 952
1502980 954
1502990 954
1503000 957
1503010 959
1503020 959
1503030 960
1503040 962
1503050 962
1503060 962
1503070 960
1503080 960
1503090 956
1503100 952
1503110 952
1503120 952
1503130 955
1503140 955
1503150 962
1503160 971
1503170 971
1503180 974
1503190 977
1503200 977
1503210 981
1503220 985
1503230 991
1503240 991
1503250 998
1503260 1005
1503270 1005
1503280 1012
1503290 1019
1503300 1019
1503310 1025
1503320 1033
1503330 1033
1503340 1038
1503350 1045
1503360 1045
1503370 1058
1503380 1069
1503390 1069
1503400 1076
1503410 1082
1503420 1082
1503430 1088
1503440 1092
1503450 1092
1503460 1096
1503470 1099
1503480 1099
1503490 1099
1503500 1101
1503510 1101
1503520 1101
1503530 1101
1503540 1101
1503550 1102
1503560 1102
1503570 1102
1503580 1102
1503590 1101
1503600 1099
1503610 1099
1503620 1095
1503630 1090
1503640 1090
1503650 1090
1503660 1095
1503670 1095
1503680 1101
1503690 1106
1503700 1106
1503710 1108
1503720 1110
1503730 1110
1503740 1112
1503750 1114
1503760 1114
1503770 1116
1503780 1118
1503790 1118
1503800 1118
1503810 1118
1503820 1118
1503830 1119
1503840 1119
1503850 1119
1503860 1120
1503870 1120
1503880 1120
1503890 1121
1503900 1123
1503910 1123
1503920 1125
1503930 1126
1503940 1128
1503950 1128
1503960 1129
1503970 1130
1503980 1130
1503990 1130
1504000 1130
1504010 1130
1504020 1131
1504030 1134
1504040 1134
1504050 1135
1504060 1136
1504070 1136
1504080 1134
1504090 1129
1504100 1129
1504110 1124
1504120 1126
1504130 1126
1504140 1129
1504150 1127
1504160 1127
1504170 1116
1504180 1100
1504190 1100
1504200 1094
1504210 1098
1504220 1098
1504230 1105
1504240 1116
1504250 1116
1504260 1131
1504270 1143
1504280 1143
1504290 1149
1504300 1153
1504310 1156
1504320 1156
1504330 1159
1504340 1162
1504350 1162
1504360 1164
1504370 1165
1504380 1165
1504390 1168
1504400 1171
1504410 1171
1504420 1174
1504430 1178
1504440 1178
1504450 1181
1504460 1185
1504470 1185
1504480 1190
1504490 1195
1504500 1195
1504510 1199
1504520 1200
1504530 1200
1504540 1201
1504550 1205
1504560 1205
1504570 1211
1504580 1218
1504590 1218
1504600 1222
1504610 1229
1504620 1229
1504630 1238
1504640 1245
1504650 1250
1504660 1250
1504670 1257
1504680 1263
1504690 1263
1504700 1269
1504710 1276
1504720 1276
1504730 1281
1504740 1284
1504750 1284
1504760 1288
1504770 1292
1504780 1292
1504790 1297
1504800 1302
1504810 1302
1504820 1308
1504830 1313
1504840 1313
1504850 1315
1504860 1317
1504870 1317
1504880 1320
1504890 1324
1504900 1324
1504910 1327
1504920 1330
1504930 1330
1504940 1332
1504950 1336
1504960 1336
1504970 1340
1504980 1342
1504990 1342
1505000 1345
1505010 1348
1505020 1352
1505030 1352
1505040 1355
1505050 1355
1505060 1355
1505070 1357
1505080 1360
1505090 1360
1505100 1363
1505110 1366
1505120 1366
1505130 1370
1505140 1374
1505150 1374
1505160 1378
1505170 1382
1505180 1382
1505190 1386
1505200 1387
1505210 1387
1505220 1389
1505230 1393
1505240 1393
1505250 1396
1505260 1399
1505270 1399
1505280 1404
1505290 1408
1505300 1408
1505310 1412
1505320 1416
1505330 1416
1505340 1421
1505350 1428
1505360 1433
1505370 1433
1505380 1437
1505390 1441
1505400 1441
1505410 1445
1505420 1449
1505430 1449
1505440 1454
1505450 1459
1505460 1459
1505470 1462
1505480 1466
1505490 1466
1505500 1469
1505510 1471
1505520 1471
1505530 1473
1505540 1475
1505550 1475
1505560 1479
1505570 1484
1505580 1484
1505590 1488
1505600 1490
1505610 1490
1505620 1492
1505630 1494
1505640 1494
1505650 1496
1505660 1500
1505670 1500
1505680 1503
1505690 1505
1505700 1505
1505710 1505
1505720 1505
1505730 1506
1505740 1506
1505750 1505
1505760 1506
1505770 1506
1505780 1509
1505790 1512
1505800 1512
1505810 1513
1505820 1514
1505830 1514
1505840 1515
1505850 1514
1505860 1514
1505870 1512
1505880 1511
1505890 1511
1505900 1509
1505910 1506
1505920 1506
1505930 1503
1505940 1500
1505950 1500
1505960 1497
1505970 1497
1505980 1497
1505990 1497
1506000 1498
1506010 1498
1506020 1500
1506030 1501
1506040 1501
1506050 1503
1506060 1504
1506070 1505
1506080 1505
1506090 1505
1506100 1506
1506110 1506
1506120 1509
1506130 1511
1506140 1511
1506150 1513
1506160 1514
1506170 1514
1506180 1515
1506190 1519
1506200 1519
1506210 1522
1506220 1522
1506230 1522
1506240 1523
1506250 1525
1506260 1525
1506270 1526
1506280 1526
1506290 1526
1506300 1527
1506310 1530
1506320 1530
1506330 1531
1506340 1531
1506350 1531
1506360 1530
1506370 1529
1506380 1529
1506390 1529
1506400 1533
1506410 1537
1506420 1537
1506430 1541
1506440 1545
1506450 1545
1506460 1548
1506470 1552
1506480 1552
1506490 1555
1506500 1557
1506510 1557
1506520 1559
1506530 1562
1506540 1562
1506550 1564
1506560 1566
1506570 1566
1506580 1569
1506590 1574
1506600 1574
1506610 1578
1506620 1584
1506630 1584
1506640 1587
1506650 1590
1506660 1590
1506670 1592
1506680 1594
1506690 1594
1506700 1596
1506710 1596
1506720 1596
1506730 1597
1506740 1597
1506750 1597
1506760 1598
1506770 1601
1506780 1603
1506790 1603
1506800 1603
1506810 1603
1506820 1603
1506830 1605
1506840 1606
1506850 1606
1506860 1607
1506870 1609
1506880 1609
1506890 1611
1506900 1612
1506910 1612
1506920 1613
1506930 1613
1506940 1613
1506950 1612
1506960 1610
1506970 1610
1506980 1608
1506990 1609
1507000 1609
1507010 1611
1507020 1617
1507030 1617
1507040 1620
1507050 1622
1507060 1622
1507070 1623
1507080 1625
1507090 1625
1507100 1625
1507110 1623
1507120 1623
1507130 1623
1507140 1623
1507150 1624
1507160 1624
1507170 1625
1507180 1620
1507190 1620
1507200 1609
1507210 1594
1507220 1594
1507230 1582
1507240 1575
1507250 1575
1507260 1570
1507270 1567
1507280 1567
1507290 1564
1507300 1561
1507310 1561
1507320 1558
1507330 1558
1507340 1558
1507350 1558
1507360 1558
1507370 1558
1507380 1557
1507390 1557
1507400 1557
1507410 1556
1507420 1555
1507430 1555
1507440 1555
1507450 1556
1507460 1556
1507470 1557
1507480 1558
1507490 1560
1507500 1560
1507510 1563
1507520 1565
1507530 1565
1507540 1568
1507550 1569
1507560 1569
1507570 1570
1507580 1572
1507590 1572
1507600 1575
1507610 1577
1507620 1577
1507630 1579
1507640 1580
1507650 1580
1507660 1582
1507670 1587
1507680 1587
1507690 1591
1507700 1594
1507710 1594
1507720 1595
1507730 1596
1507740 1596
1507750 1597
1507760 1599
1507770 1599
1507780 1600
1507790 1602
1507800 1602
1507810 1604
1507820 1606
1507830 1609
1507840 1609
1507850 1611
1507860 1613
1507870 1613
1507880 1613
1507890 1612
1507900 1612
1507910 1613
1507920 1615
1507930 1615
1507940 1617
1507950 1619
1507960 1619
1507970 1621
1507980 1624
1507990 1624
1508000 1626
1508010 1628
1508020 1628
1508030 1630
1508040 1632
1508050 1632
1508060 1634
1508070 1634
1508080 1634
1508090 1633
1508100 1635
1508110 1635
1508120 1636
1508130 1637
1508140 1637
1508150 1638
1508160 1640
1508170 1640
1508180 1643
1508190 1645
1508200 1648
1508210 1648
1508220 1653
1508230 1656
1508240 1656
1508250 1657
1508260 1659
1508270 1659
1508280 1658
1508290 1655
1508300 1655
1508310 1653
1508320 1653
1508330 1653
1508340 1652
1508350 1651
1508360 1651
1508370 1651
1508380 1650
1508390 1650
1508400 1651
1508410 1653
1508420 1653
1508430 1654
1508440 1656
1508450 1656
1508460 1657
1508470 1658
1508480 1658
1508490 1661
1508500 1664
1508510 1664
1508520 1668
1508530 1673
1508540 1676
1508550 1676
1508560 1679
1508570 1680
1508580 1680
1508590 1681
1508600 1683
1508610 1683
1508620 1685
1508630 1686
1508640 1686
1508650 1687
1508660 1688
1508670 1688
1508680 1688
1508690 1688
1508700 1688
1508710 1688
1508720 1689
1508730 1689
1508740 1691
1508750 1693
1508760 1693
1508770 1694
1508780 1694
1508790 1694
1508800 1695
1508810 1695
1508820 1695
1508830 1695
1508840 1695
1508850 1695
1508860 1695
1508870 1695
1508880 1695
1508890 1696
1508900 1693
1508910 1690
1508920 1690
1508930 1686
1508940 1681
1508950 1681
1508960 1678
1508970 1677
1508980 1677
1508990 1676
1509000 1676
1509010 1676
1509020 1676
1509030 1678
1509040 1678
1509050 1683
1509060 1687
1509070 1687
1509080 1691
1509090 1695
1509100 1695
1509110 1698
1509120 1698
1509130 1698
1509140 1696
1509150 1697
1509160 1697
1509170 1701
1509180 1703
1509190 1703
1509200 1703
1509210 1703
1509220 1703
1509230 1701
1509240 1702
1509250 1704
1509260 1704
1509270 1701
1509280 1701
1509290 1701
1509300 1702
1509310 1704
1509320 1704
1509330 1703
1509340 1700
1509350 1700
1509360 1696
1509370 1694
1509380 1694
1509390 1692
1509400 1687
1509410 1687
1509420 1683
1509430 1683
1509440 1683
1509450 1681
1509460 1675
1509470 1675
1509480 1670
1509490 1668
1509500 1668
1509510 1667
1509520 1663
1509530 1663
1509540 1661
1509550 1659
1509560 1659
1509570 1658
1509580 1657
1509590 1657
1509600 1657
1509610 1657
1509620 1656
1509630 1656
1509640 1655
1509650 1655
1509660 1655
1509670 1654
1509680 1654
1509690 1654
1509700 1656
1509710 1659
1509720 1659
1509730 1661
1509740 1662
1509750 1662
1509760 1660
1509770 1658
1509780 1658
1509790 1656
1509800 1654
1509810 1654
1509820 1651
1509830 1648
1509840 1648
1509850 1646
1509860 1645
1509870 1645
1509880 1645
1509890 1646
1509900 1646
1509910 1643
1509920 1639
1509930 1639
1509940 1636
1509950 1635
1509960 1633
1509970 1633
1509980 1632
1509990 1632
1510000 1632
1510010 1633
1510020 1633
1510030 1633
1510040 1634
1510050 1636
1510060 1636
1510070 1635
1510080 1634
1510090 1634
1510100 1633
1510110 1632
1510120 1632
1510130 1629
1510140 1625
1510150 1625
1510160 1620
1510170 1618
1510180 1618
1510190 1615
1510200 1613
1510210 1613
1510220 1610
1510230 1608
1510240 1608
1510250 1606
1510260 1605
1510270 1605
1510280 1601
1510290 1598
1510300 1598
1510310 1597
1510320 1595
1510330 1593
1510340 1593
1510350 1591
1510360 1591
1510370 1591
1510380 1589
1510390 1589
1510400 1589
1510410 1590
1510420 1591
1510430 1591
1510440 1597
1510450 1603
1510460 1603
1510470 1604
1510480 1605
1510490 1605
1510500 1608
1510510 1614
1510520 1614
1510530 1620
1510540 1620
1510550 1620
1510560 1625
1510570 1631
1510580 1627
1510590 1634
1510600 1640
1510610 1640
1510620 1647
1510630 1654
1510640 1654
1510650 1661
1510660 1664
1510670 1664
1510680 1664
1510690 1663
1510700 1664
1510710 1664
1510720 1665
1510730 1664
1510740 1664
1510750 1664
1510760 1665
1510770 1665
1510780 1665
1510790 1663
1510800 1663
1510810 1662
1510820 1663
1510830 1663
1510840 1662
1510850 1661
1510860 1661
1510870 1660
1510880 1659
1510890 1659
1510900 1663
1510910 1668
1510920 1668
1510930 1670
1510940 1670
1510950 1670
1510960 1670
1510970 1670
1510980 1670
1510990 1670
1511000 1671
1511010 1673
1511020 1673
1511030 1679
1511040 1686
1511050 1686
1511060 1694
1511070 1702
1511080 1702
1511090 1706
1511100 1707
1511110 1707
1511120 1706
1511130 1704
1511140 1704
1511150 1701
1511160 1702
1511170 1702
1511180 1701
1511190 1698
1511200 1698
1511210 1695
1511220 1695
1511230 1695
1511240 1698
1511250 1703
1511260 1703
1511270 1709
1511280 1712
1511290 1712
1511300 1715
1511310 1716
1511320 1716
1511330 1715
1511340 1714
1511350 1714
1511360 1712
1511370 1709
1511380 1705
1511390 1705
1511400 1701
1511410 1696
1511420 1696
1511430 1692
1511440 1690
1511450 1690
1511460 1687
1511470 1685
1511480 1685
1511490 1682
1511500 1674
1511510 1674
1511520 1668
1511530 1664
1511540 1664
1511550 1661
1511560 1655
1511570 1655
1511580 1647
1511590 1642
1511600 1642
1511610 1637
1511620 1631
1511630 1631
1511640 1631
1511650 1631
1511660 1631
1511670 1628
1511680 1624
1511690 1624
1511700 1622
1511710 1620
1511720 1617
1511730 1617
1511740 1613
1511750 1609
1511760 1609
1511770 1608
1511780 1607
1511790 1607
1511800 1603
1511810 1599
1511820 1599
1511830 1597
1511840 1593
1511850 1593
1511860 1590
1511870 1587
1511880 1587
1511890 1583
1511900 1577
1511910 1577
1511920 1572
1511930 1567
1511940 1567
1511950 1556
1511960 1547
1511970 1547
1511980 1542
1511990 1537
1512000 1537
1512010 1531
1512020 1527
1512030 1527
1512040 1520
1512050 1514
1512060 1514
1512070 1507
1512080 1502
1512090 1498
1512100 1498
1512110 1495
1512120 1501
1512130 1501
1512140 1506
1512150 1510
1512160 1510
1512170 1513
1512180 1515
1512190 1515
1512200 1517
1512210 1517
1512220 1517
1512230 1515
1512240 1513
1512250 1513
1512260 1510
1512270 1506
1512280 1506
1512290 1503
1512300 1500
1512310 1500
1512320 1497
1512330 1493
1512340 1493
1512350 1489
1512360 1485
1512370 1485
1512380 1479
1512390 1473
1512400 1473
1512410 1468
1512420 1464
1512430 1458
1512440 1458
1512450 1450
1512460 1444
1512470 1444
1512480 1438
1512490 1433
1512500 1433
1512510 1429
1512520 1425
1512530 1425
1512540 1420
1512550 1417
1512560 1417
1512570 1413
1512580 1409
1512590 1409
1512600 1406
1512610 1403
1512620 1403
1512630 1401
1512640 1399
1512650 1399
1512660 1397
1512670 1395
1512680 1395
1512690 1393
1512700 1389
1512710 1389
1512720 1386
1512730 1382
1512740 1382
1512750 1379
1512760 1375
1512770 1375
1512780 1371
1512790 1368
1512800 1364
1512810 1364
1512820 1361
1512830 1358
1512840 1358
1512850 1354
1512860 1352
1512870 1352
1512880 1351
1512890 1350
1512900 1350
1512910 1350
1512920 1350
1512930 1350
1512940 1349
1512950 1346
1512960 1346
1512970 1344
1512980 1341
1512990 1341
1513000 1338
1513010 1338
1513020 1338
1513030 1338
1513040 1336
1513050 1336
1513060 1336
1513070 1334
1513080 1334
1513090 1335
1513100 1335
1513110 1335
1513120 1333
1513130 1331
1513140 1330
1513150 1330
1513160 1329
1513170 1328
1513180 1328
1513190 1327
1513200 1326
1513210 1326
1513220 1324
1513230 1323
1513240 1323
1513250 1322
1513260 1322
1513270 1322
1513280 1322
1513290 1321
1513300 1321
1513310 1320
1513320 1319
1513330 1319
1513340 1319
1513350 1317
1513360 1317
1513370 1315
1513380 1311
1513390 1311
1513400 1309
1513410 1304
1513420 1304
1513430 1299
1513440 1296
1513450 1296
1513460 1292
1513470 1288
1513480 1288
1513490 1285
1513500 1284
1513510 1283
1513520 1283
1513530 1282
1513540 1278
1513550 1278
1513560 1272
1513570 1267
1513580 1267
1513590 1264
1513600 1263
1513610 1263
1513620 1262
1513630 1260
1513640 1260
1513650 1258
1513660 1258
1513670 1258
1513680 1259
1513690 1259
1513700 1259
1513710 1259
1513720 1259
1513730 1259
1513740 1259
1513750 1262
1513760 1262
1513770 1266
1513780 1270
1513790 1270
1513800 1277
1513810 1291
1513820 1291
1513830 1301
1513840 1309
1513850 1313
1513860 1313
1513870 1311
1513880 1311
1513890 1311
1513900 1312
1513910 1310
1513920 1310
1513930 1309
1513940 1311
1513950 1311
1513960 1313
1513970 1313
1513980 1313
1513990 1312
1514000 1312
1514010 1312
1514020 1310
1514030 1306
1514040 1306
1514050 1302
1514060 1298
1514070 1298
1514080 1293
1514090 1288
1514100 1288
1514110 1282
1514120 1276
1514130 1276
1514140 1271
1514150 1267
1514160 1267
1514170 1262
1514180 1259
1514190 1259
1514200 1256
1514210 1254
1514220 1251
1514230 1251
1514240 1248
1514250 1246
1514260 1246
1514270 1243
1514280 1241
1514290 1241
1514300 1239
1514310 1238
1514320 1238
1514330 1237
1514340 1238
1514350 1238
1514360 1239
1514370 1240
1514380 1240
1514390 1239
1514400 1237
1514410 1237
1514420 1236
1514430 1235
1514440 1235
1514450 1233
1514460 1230
1514470 1230
1514480 1226
1514490 1221
1514500 1221
1514510 1215
1514520 1210
1514530 1210
1514540 1205
1514550 1201
1514560 1197
1514570 1197
1514580 1193
1514590 1188
1514600 1188
1514610 1184
1514620 1179
1514630 1179
1514640 1172
1514650 1167
1514660 1167
1514670 1162
1514680 1158
1514690 1158
1514700 1156
1514710 1152
1514720 1152
1514730 1147
1514740 1139
1514750 1139
1514760 1133
1514770 1125
1514780 1125
1514790 1117
1514800 1109
1514810 1109
1514820 1101
1514830 1093
1514840 1093
1514850 1079
1514860 1070
1514870 1070
1514880 1066
1514890 1064
1514900 1064
1514910 1064
1514920 1062
1514930 1058
1514940 1058
1514950 1054
1514960 1051
1514970 1051
1514980 1048
1514990 1044
1515000 1044
1515010 1038
1515020 1034
1515030 1034
1515040 1030
1515050 1026
1515060 1026
1515070 1022
1515080 1019
1515090 1019
1515100 1016
1515110 1014
1515120 1014
1515130 1011
1515140 1009
1515150 1009
1515160 1006
1515170 1001
1515180 1001
1515190 995
1515200 984
1515210 984
1515220 978
1515230 980
1515240 980
1515250 984
1515260 984
1515270 981
1515280 981
1515290 978
1515300 976
1515310 976
1515320 972
1515330 968
1515340 968
1515350 965
1515360 961
1515370 961
1515380 944
1515390 927
1515400 927
1515410 917
1515420 910
1515430 910
1515440 903
1515450 896
1515460 896
1515470 887
1515480 879
1515490 879
1515500 873
1515510 866
1515520 866
1515530 859
1515540 854
1515550 854
1515560 850
1515570 846
1515580 846
1515590 845
1515600 843
1515610 843
1515620 841
1515630 839
1515640 837
1515650 837
1515660 834
1515670 832
1515680 832
1515690 829
1515700 827
1515710 827
1515720 829
1515730 831
1515740 831
1515750 833
1515760 834
1515770 834
1515780 836
1515790 837
1515800 837
1515810 838
1515820 839
1515830 839
1515840 843
1515850 847
1515860 847
1515870 851
1515880 855
1515890 855
1515900 859
1515910 862
1515920 862
1515930 865
1515940 868
1515950 868
1515960 871
1515970 874
1515980 877
1515990 877
1516000 880
1516010 883
1516020 883
1516030 886
1516040 888
1516050 888
1516060 887
1516070 888
1516080 888
1516090 891
1516100 896
1516110 896
1516120 915
1516130 936
1516140 936
1516150 953
1516160 980
1516170 980
1516180 1005
1516190 1019
1516200 1019
1516210 1028
1516220 1036
1516230 1036
1516240 1045
1516250 1052
1516260 1052
1516270 1061
1516280 1074
1516290 1074
1516300 1094
1516310 1135
1516320 1179
1516330 1179
1516340 1203
1516350 1216
1516360 1216
1516370 1232
1516380 1263
1516390 1263
1516400 1348
1516410 1402
1516420 1402
1516430 1438
1516440 1463
1516450 1463
1516460 1480
1516470 1498
1516480 1498
1516490 1517
1516500 1547
1516510 1547
1516520 1561
1516530 1563
1516540 1563
1516550 1566
1516560 1570
1516570 1570
1516580 1574
1516590 1580
1516600 1580
1516610 1584
1516620 1587
1516630 1587
1516640 1589
1516650 1594
1516660 1594
1516670 1597
1516680 1597
1516690 1597
1516700 1597
1516710 1598
1516720 1596
1516730 1596
1516740 1593
1516750 1593
1516760 1593
1516770 1595
1516780 1597
1516790 1597
1516800 1597
1516810 1596
1516820 1596
1516830 1592
1516840 1589
1516850 1589
1516860 1589
1516870 1589
1516880 1589
1516890 1590
1516900 1592
1516910 1592
1516920 1596
1516930 1602
1516940 1602
1516950 1606
1516960 1608
1516970 1608
1516980 1610
1516990 1613
1517000 1613
1517010 1616
1517020 1619
1517030 1623
1517040 1623
1517050 1629
1517060 1635
1517070 1635
1517080 1643
1517090 1646
1517100 1646
1517110 1652
1517120 1656
1517130 1656
1517140 1659
1517150 1661
1517160 1661
1517170 1662
1517180 1664
1517190 1664
1517200 1667
1517210 1670
1517220 1670
1517230 1672
1517240 1674
1517250 1674
1517260 1674
1517270 1674
1517280 1674
1517290 1673
1517300 1671
1517310 1671
1517320 1670
1517330 1669
1517340 1669
1517350 1668
1517360 1666
1517370 1666
1517380 1663
1517390 1660
1517400 1657
1517410 1657
1517420 1655
1517430 1654
1517440 1654
1517450 1657
1517460 1659
1517470 1659
1517480 1660
1517490 1664
1517500 1664
1517510 1671
1517520 1680
1517530 1680
1517540 1685
1517550 1687
1517560 1687
1517570 1691
1517580 1693
1517590 1693
1517600 1699
1517610 1705
1517620 1705
1517630 1712
1517640 1721
1517650 1721
1517660 1732
1517670 1747
1517680 1747
1517690 1760
1517700 1769
1517710 1769
1517720 1779
1517730 1793
1517740 1805
1517750 1805
1517760 1815
1517770 1824
1517780 1824
1517790 1831
1517800 1836
1517810 1836
1517820 1843
1517830 1848
1517840 1848
1517850 1853
1517860 1859
1517870 1859
1517880 1863
1517890 1865
1517900 1865
1517910 1866
1517920 1866
1517930 1866
1517940 1864
1517950 1860
1517960 1860
1517970 1857
1517980 1854
1517990 1854
1518000 1852
1518010 1850
1518020 1850
1518030 1848
1518040 1847
1518050 1847
1518060 1845
1518070 1842
1518080 1842
1518090 1838
1518100 1834
1518110 1830
1518120 1830
1518130 1826
1518140 1822
1518150 1822
1518160 1818
1518170 1813
1518180 1813
1518190 1810
1518200 1806
1518210 1806
1518220 1801
1518230 1796
1518240 1796
1518250 1789
1518260 1781
1518270 1781
1518280 1775
1518290 1769
1518300 1769
1518310 1761
1518320 1751
1518330 1751
1518340 1740
1518350 1727
1518360 1727
1518370 1715
1518380 1695
1518390 1695
1518400 1676
1518410 1665
1518420 1665
1518430 1657
1518440 1646
1518450 1625
1518460 1625
1518470 1612
1518480 1605
1518490 1605
1518500 1598
1518510 1591
1518520 1591
1518530 1584
1518540 1577
1518550 1577
1518560 1568
1518570 1558
1518580 1558
1518590 1549
1518600 1542
1518610 1542
1518620 1536
1518630 1529
1518640 1529
1518650 1521
1518660 1513
1518670 1513
1518680 1506
1518690 1496
1518700 1496
1518710 1485
1518720 1471
1518730 1471
1518740 1456
1518750 1446
1518760 1446
1518770 1437
1518780 1429
1518790 1429
1518800 1423
1518810 1417
1518820 1408
1518830 1408
1518840 1395
1518850 1384
1518860 1384
1518870 1377
1518880 1372
1518890 1372
1518900 1366
1518910 1361
1518920 1361
1518930 1357
1518940 1353
1518950 1353
1518960 1348
1518970 1343
1518980 1343
1518990 1336
1519000 1330
1519010 1330
1519020 1323
1519030 1320
1519040 1320
1519050 1316
1519060 1311
1519070 1311
1519080 1306
1519090 1302
1519100 1302
1519110 1302
1519120 1304
1519130 1304
1519140 1306
1519150 1308
1519160 1311
1519170 1311
1519180 1318
1519190 1327
1519200 1327
1519210 1332
1519220 1336
1519230 1336
1519240 1342
1519250 1350
1519260 1350
1519270 1352
1519280 1355
1519290 1355
1519300 1362
1519310 1371
1519320 1371
1519330 1380
1519340 1388
1519350 1388
1519360 1387
1519370 1382
1519380 1382
1519390 1377
1519400 1374
1519410 1374
1519420 1372
1519430 1369
1519440 1369
1519450 1364
1519460 1358
1519470 1358
1519480 1352
1519490 1343
1519500 1343
1519510 1333
1519520 1322
1519530 1287
1519540 1287
1519550 1269
1519560 1262
1519570 1262
1519580 1256
1519590 1251
1519600 1251
1519610 1247
1519620 1237
1519630 1237
1519640 1229
1519650 1223
1519660 1223
1519670 1215
1519680 1205
1519690 1205
1519700 1196
1519710 1187
1519720 1187
1519730 1178
1519740 1170
1519750 1170
1519760 1162
1519770 1154
1519780 1154
1519790 1132
1519800 1111
1519810 1111
1519820 1093
1519830 1076
1519840 1076
1519850 1066
1519860 1056
1519870 1035
1519880 1035
1519890 1019
1519900 1003
1519910 1003
1519920 983
1519930 966
1519940 966
1519950 953
1519960 940
1519970 940
1519980 921
1519990 911
