1500000 1314
1500010 1311
1500020 1311
1500030 1309
1500040 1307
1500050 1307
1500060 1308
1500070 1308
1500080 1308
1500090 1308
1500100 1309
1500110 1309
1500120 1308
1500130 1307
1500140 1307
1500150 1309
1500160 1311
1500170 1312
1500180 1312
1500190 1314
1500200 1316
1500210 1316
1500220 1318
1500230 1320
1500240 1320
1500250 1322
1500260 1325
1500270 1325
1500280 1327
1500290 1328
1500300 1328
1500310 1329
1500320 1329
1500330 1329
1500340 1330
1500350 1331
1500360 1331
1500370 1333
1500380 1334
1500390 1334
1500400 1335
1500410 1335
1500420 1335
1500430 1336
1500440 1337
1500450 1337
1500460 1338
1500470 1339
1500480 1339
1500490 1340
1500500 1340
1500510 1340
1500520 1340
1500530 1340
1500540 1340
1500550 1340
1500560 1339
1500570 1339
1500580 1339
1500590 1337
1500600 1335
1500610 1335
1500620 1334
1500630 1332
1500640 1332
1500650 1332
1500660 1333
1500670 1333
1500680 1334
1500690 1336
1500700 1336
1500710 1339
1500720 1342
1500730 1342
1500740 1344
1500750 1345
1500760 1345
1500770 1345
1500780 1345
1500790 1345
1500800 1346
1500810 1349
1500820 1349
1500830 1353
1500840 1356
1500850 1356
1500860 1358
1500870 1360
1500880 1361
1500890 1361
1500900 1362
1500910 1360
1500920 1360
1500930 1357
1500940 1352
1500950 1352
1500960 1345
1500970 1337
1500980 1337
1500990 1331
1501000 1324
1501010 1324
1501020 1321
1501030 1317
1501040 1317
1501050 1314
1501060 1312
1501070 1312
1501080 1311
1501090 1311
1501100 1311
1501110 1311
1501120 1312
1501130 1312
1501140 1313
1501150 1312
1501160 1312
1501170 1311
1501180 1306
1501190 1306
1501200 1303
1501210 1299
1501220 1299
1501230 1296
1501240 1295
1501250 1294
1501260 1294
1501270 1295
1501280 1296
1501290 1296
1501300 1296
1501310 1294
1501320 1294
1501330 1291
1501340 1288
1501350 1288
1501360 1286
1501370 1283
1501380 1283
1501390 1280
1501400 1278
1501410 1278
1501420 1277
1501430 1275
1501440 1275
1501450 1271
1501460 1269
1501470 1269
1501480 1266
1501490 1263
1501500 1263
1501510 1259
1501520 1255
1501530 1255
1501540 1250
1501550 1245
1501560 1245
1501570 1241
1501580 1233
1501590 1233
1501600 1227
1501610 1221
1501620 1214
1501630 1214
1501640 1209
1501650 1205
1501660 1205
1501670 1201
1501680 1195
1501690 1195
1501700 1189
1501710 1182
1501720 1182
1501730 1177
1501740 1172
1501750 1172
1501760 1168
1501770 1165
1501780 1165
1501790 1161
1501800 1155
1501810 1155
1501820 1149
1501830 1142
1501840 1142
1501850 1137
1501860 1131
1501870 1131
1501880 1124
1501890 1117
1501900 1117
1501910 1111
1501920 1106
1501930 1106
1501940 1100
1501950 1095
1501960 1091
1501970 1091
1501980 1089
1501990 1086
1502000 1086
1502010 1081
1502020 1075
1502030 1075
1502040 1069
1502050 1064
1502060 1064
1502070 1058
1502080 1052
1502090 1052
1502100 1047
1502110 1044
1502120 1044
1502130 1041
1502140 1038
1502150 1038
1502160 1036
1502170 1035
1502180 1035
1502190 1033
1502200 1031
1502210 1031
1502220 1029
1502230 1028
1502240 1028
1502250 1026
1502260 1025
1502270 1025
1502280 1024
1502290 1021
1502300 1021
1502310 1019
1502320 1017
1502330 1014
1502340 1014
1502350 1012
1502360 1010
1502370 1010
1502380 1008
1502390 1006
1502400 1006
1502410 1004
1502420 1001
1502430 1001
1502440 999
1502450 998
1502460 998
1502470 998
1502480 996
1502490 996
1502500 992
1502510 986
1502520 986
1502530 982
1502540 980
1502550 980
1502560 978
1502570 977
1502580 977
1502590 977
1502600 976
1502610 976
1502620 976
1502630 971
1502640 971
1502650 962
1502660 956
1502670 952
1502680 952
1502690 948
1502700 945
1502710 945
1502720 939
1502730 934
1502740 934
1502750 929
1502760 923
1502770 923
1502780 917
1502790 912
1502800 912
1502810 906
1502820 899
1502830 899
1502840 893
1502850 887
1502860 887
1502870 881
1502880 877
1502890 877
1502900 873
1502910 869
1502920 869
1502930 864
1502940 860
1502950 860
1502960 856
1502970 853
1502980 853
1502990 850
1503000 847
1503010 847
1503020 843
1503030 840
1503040 838
1503050 838
1503060 836
1503070 834
1503080 834
1503090 832
1503100 830
1503110 830
1503120 827
1503130 825
1503140 825
1503150 823
1503160 821
1503170 821
1503180 819
1503190 817
1503200 817
1503210 815
1503220 813
1503230 813
1503240 812
1503250 811
1503260 811
1503270 809
1503280 808
1503290 808
1503300 807
1503310 806
1503320 806
1503330 805
1503340 804
1503350 804
1503360 804
1503370 803
1503380 803
1503390 803
1503400 802
1503410 802
1503420 802
1503430 801
1503440 801
1503450 801
1503460 800
1503470 800
1503480 800
1503490 800
1503500 800
1503510 800
1503520 801
1503530 800
1503540 800
1503550 800
1503560 799
1503570 799
1503580 799
1503590 799
1503600 799
1503610 799
1503620 799
1503630 799
1503640 798
1503650 796
1503660 796
1503670 796
1503680 796
1503690 796
1503700 796
1503710 795
1503720 795
1503730 793
1503740 792
1503750 791
1503760 791
1503770 790
1503780 789
1503790 789
1503800 789
1503810 789
1503820 789
1503830 788
1503840 788
1503850 788
1503860 787
1503870 787
1503880 787
1503890 787
1503900 786
1503910 786
1503920 785
1503930 785
1503940 785
1503950 785
1503960 785
1503970 785
1503980 786
1503990 786
1504000 786
1504010 786
1504020 785
1504030 785
1504040 785
1504050 785
1504060 785
1504070 785
1504080 784
1504090 784
1504100 784
1504110 784
1504120 784
1504130 784
1504140 783
1504150 783
1504160 783
1504170 783
1504180 783
1504190 783
1504200 783
1504210 783
1504220 783
1504230 785
1504240 788
1504250 788
1504260 790
1504270 792
1504280 792
1504290 792
1504300 793
1504310 793
1504320 793
1504330 794
1504340 794
1504350 797
1504360 798
1504370 798
1504380 800
1504390 803
1504400 803
1504410 805
1504420 807
1504430 807
1504440 809
1504450 806
1504460 808
1504470 808
1504480 812
1504490 818
1504500 818
1504510 822
1504520 828
1504530 828
1504540 835
1504550 849
1504560 849
1504570 866
1504580 876
1504590 876
1504600 882
1504610 889
1504620 889
1504630 898
1504640 904
1504650 904
1504660 909
1504670 914
1504680 914
1504690 920
1504700 926
1504710 926
1504720 933
1504730 941
1504740 941
1504750 949
1504760 953
1504770 953
1504780 959
1504790 966
1504800 966
1504810 971
1504820 976
1504830 980
1504840 980
1504850 985
1504860 990
1504870 990
1504880 996
1504890 1001
1504900 1001
1504910 1007
1504920 1013
1504930 1013
1504940 1019
1504950 1024
1504960 1024
1504970 1029
1504980 1034
1504990 1034
1505000 1039
1505010 1044
1505020 1044
1505030 1049
1505040 1051
1505050 1051
1505060 1052
1505070 1054
1505080 1054
1505090 1056
1505100 1061
1505110 1061
1505120 1066
1505130 1072
1505140 1072
1505150 1078
1505160 1084
1505170 1091
1505180 1091
1505190 1097
1505200 1103
1505210 1103
1505220 1109
1505230 1113
1505240 1113
1505250 1117
1505260 1121
1505270 1121
1505280 1125
1505290 1129
1505300 1129
1505310 1134
1505320 1138
1505330 1138
1505340 1142
1505350 1146
1505360 1146
1505370 1151
1505380 1156
1505390 1156
1505400 1160
1505410 1163
1505420 1163
1505430 1167
1505440 1171
1505450 1171
1505460 1174
1505470 1179
1505480 1179
1505490 1183
1505500 1189
1505510 1189
1505520 1195
1505530 1204
1505540 1213
1505550 1213
1505560 1220
1505570 1225
1505580 1225
1505590 1230
1505600 1235
1505610 1235
1505620 1241
1505630 1249
1505640 1249
1505650 1257
1505660 1264
1505670 1264
1505680 1268
1505690 1271
1505700 1271
1505710 1274
1505720 1279
1505730 1279
1505740 1283
1505750 1286
1505760 1286
1505770 1290
1505780 1294
1505790 1294
1505800 1299
1505810 1304
1505820 1304
1505830 1309
1505840 1314
1505850 1314
1505860 1318
1505870 1320
1505880 1320
1505890 1322
1505900 1325
1505910 1328
1505920 1328
1505930 1330
1505940 1332
1505950 1332
1505960 1334
1505970 1335
1505980 1335
1505990 1337
1506000 1339
1506010 1339
1506020 1341
1506030 1344
1506040 1344
1506050 1347
1506060 1350
1506070 1350
1506080 1353
1506090 1357
1506100 1357
1506110 1361
1506120 1365
1506130 1365
1506140 1369
1506150 1371
1506160 1371
1506170 1374
1506180 1377
1506190 1377
1506200 1380
1506210 1384
1506220 1384
1506230 1388
1506240 1393
1506250 1395
1506260 1395
1506270 1396
1506280 1395
1506290 1395
1506300 1394
1506310 1395
1506320 1395
1506330 1397
1506340 1398
1506350 1398
1506360 1398
1506370 1395
1506380 1395
1506390 1391
1506400 1390
1506410 1390
1506420 1390
1506430 1391
1506440 1391
1506450 1392
1506460 1394
1506470 1394
1506480 1395
1506490 1396
1506500 1396
1506510 1398
1506520 1400
1506530 1400
1506540 1403
1506550 1404
1506560 1404
1506570 1407
1506580 1409
1506590 1409
1506600 1410
1506610 1410
1506620 1411
1506630 1411
1506640 1412
1506650 1413
1506660 1413
1506670 1413
1506680 1411
1506690 1411
1506700 1412
1506710 1415
1506720 1415
1506730 1419
1506740 1421
1506750 1421
1506760 1422
1506770 1418
1506780 1418
1506790 1411
1506800 1400
1506810 1400
1506820 1389
1506830 1380
1506840 1380
1506850 1373
1506860 1366
1506870 1366
1506880 1362
1506890 1358
1506900 1358
1506910 1353
1506920 1350
1506930 1350
1506940 1349
1506950 1349
1506960 1348
1506970 1348
1506980 1348
1506990 1350
1507000 1350
1507010 1354
1507020 1358
1507030 1358
1507040 1363
1507050 1369
1507060 1369
1507070 1377
1507080 1385
1507090 1385
1507100 1392
1507110 1400
1507120 1400
1507130 1407
1507140 1412
1507150 1412
1507160 1416
1507170 1420
1507180 1420
1507190 1422
1507200 1423
1507210 1423
1507220 1425
1507230 1427
1507240 1427
1507250 1428
1507260 1428
1507270 1428
1507280 1428
1507290 1430
1507300 1430
1507310 1430
1507320 1429
1507330 1427
1507340 1427
1507350 1427
1507360 1427
1507370 1427
1507380 1426
1507390 1424
1507400 1424
1507410 1423
1507420 1422
1507430 1422
1507440 1421
1507450 1421
1507460 1421
1507470 1420
1507480 1418
1507490 1418
1507500 1417
1507510 1417
1507520 1417
1507530 1417
1507540 1418
1507550 1418
1507560 1419
1507570 1419
1507580 1419
1507590 1419
1507600 1420
1507610 1420
1507620 1422
1507630 1425
1507640 1425
1507650 1427
1507660 1427
1507670 1428
1507680 1428
1507690 1430
1507700 1432
1507710 1432
1507720 1431
1507730 1433
1507740 1433
1507750 1436
1507760 1438
1507770 1438
1507780 1441
1507790 1443
1507800 1443
1507810 1445
1507820 1447
1507830 1447
1507840 1451
1507850 1454
1507860 1454
1507870 1456
1507880 1459
1507890 1459
1507900 1461
1507910 1464
1507920 1464
1507930 1467
1507940 1468
1507950 1468
1507960 1470
1507970 1471
1507980 1471
1507990 1470
1508000 1469
1508010 1469
1508020 1471
1508030 1473
1508040 1473
1508050 1473
1508060 1473
1508070 1473
1508080 1473
1508090 1472
1508100 1471
1508110 1471
1508120 1469
1508130 1468
1508140 1468
1508150 1468
1508160 1470
1508170 1470
1508180 1472
1508190 1473
1508200 1473
1508210 1475
1508220 1478
1508230 1478
1508240 1480
1508250 1481
1508260 1481
1508270 1484
1508280 1487
1508290 1487
1508300 1489
1508310 1491
1508320 1491
1508330 1491
1508340 1491
1508350 1491
1508360 1491
1508370 1490
1508380 1490
1508390 1490
1508400 1492
1508410 1494
1508420 1494
1508430 1496
1508440 1496
1508450 1496
1508460 1496
1508470 1497
1508480 1497
1508490 1499
1508500 1499
1508510 1499
1508520 1500
1508530 1503
1508540 1503
1508550 1507
1508560 1509
1508570 1509
1508580 1510
1508590 1516
1508600 1516
1508610 1523
1508620 1525
1508630 1525
1508640 1525
1508650 1525
1508660 1525
1508670 1526
1508680 1527
1508690 1527
1508700 1530
1508710 1534
1508720 1534
1508730 1535
1508740 1534
1508750 1533
1508760 1533
1508770 1533
1508780 1533
1508790 1533
1508800 1533
1508810 1532
1508820 1532
1508830 1532
1508840 1531
1508850 1531
1508860 1529
1508870 1528
1508880 1528
1508890 1528
1508900 1530
1508910 1530
1508920 1531
1508930 1531
1508940 1531
1508950 1531
1508960 1532
1508970 1532
1508980 1534
1508990 1538
1509000 1538
1509010 1539
1509020 1536
1509030 1536
1509040 1536
1509050 1537
1509060 1537
1509070 1539
1509080 1539
1509090 1539
1509100 1537
1509110 1534
1509120 1533
1509130 1533
1509140 1532
1509150 1530
1509160 1530
1509170 1529
1509180 1527
1509190 1527
1509200 1526
1509210 1527
1509220 1527
1509230 1525
1509240 1524
1509250 1524
1509260 1524
1509270 1523
1509280 1523
1509290 1521
1509300 1519
1509310 1519
1509320 1519
1509330 1518
1509340 1518
1509350 1517
1509360 1515
1509370 1515
1509380 1513
1509390 1511
1509400 1511
1509410 1511
1509420 1511
1509430 1511
1509440 1512
1509450 1513
1509460 1513
1509470 1513
1509480 1514
1509490 1515
1509500 1515
1509510 1515
1509520 1514
1509530 1514
1509540 1513
1509550 1512
1509560 1512
1509570 1512
1509580 1511
1509590 1511
1509600 1511
1509610 1513
1509620 1513
1509630 1516
1509640 1517
1509650 1517
1509660 1519
1509670 1520
1509680 1520
1509690 1521
1509700 1521
1509710 1521
1509720 1522
1509730 1523
1509740 1523
1509750 1522
1509760 1521
1509770 1521
1509780 1519
1509790 1518
1509800 1518
1509810 1520
1509820 1521
1509830 1520
1509840 1520
1509850 1520
1509860 1521
1509870 1521
1509880 1523
1509890 1524
1509900 1524
1509910 1526
1509920 1528
1509930 1528
1509940 1528
1509950 1526
1509960 1526
1509970 1525
1509980 1527
1509990 1527
1510000 1529
1510010 1528
1510020 1528
1510030 1526
1510040 1525
1510050 1525
1510060 1524
1510070 1525
1510080 1525
1510090 1527
1510100 1528
1510110 1527
1510120 1528
1510130 1527
1510140 1527
1510150 1525
1510160 1528
1510170 1530
1510180 1530
1510190 1531
1510200 1531
1510210 1531
1510220 1531
1510230 1531
1510240 1531
1510250 1531
1510260 1530
1510270 1530
1510280 1529
1510290 1528
1510300 1528
1510310 1526
1510320 1525
1510330 1525
1510340 1525
1510350 1524
1510360 1524
1510370 1523
1510380 1525
1510390 1525
1510400 1528
1510410 1529
1510420 1529
1510430 1529
1510440 1530
1510450 1530
1510460 1531
1510470 1532
1510480 1532
1510490 1533
1510500 1534
1510510 1534
1510520 1536
1510530 1539
1510540 1540
1510550 1540
1510560 1539
1510570 1539
1510580 1539
1510590 1541
1510600 1544
1510610 1544
1510620 1546
1510630 1548
1510640 1548
1510650 1551
1510660 1552
1510670 1552
1510680 1552
1510690 1553
1510700 1553
1510710 1553
1510720 1553
1510730 1553
1510740 1556
1510750 1558
1510760 1558
1510770 1560
1510780 1564
1510790 1564
1510800 1567
1510810 1568
1510820 1568
1510830 1571
1510840 1575
1510850 1575
1510860 1578
1510870 1580
1510880 1580
1510890 1583
1510900 1585
1510910 1585
1510920 1585
1510930 1585
1510940 1583
1510950 1583
1510960 1581
1510970 1579
1510980 1579
1510990 1578
1511000 1577
1511010 1577
1511020 1576
1511030 1577
1511040 1577
1511050 1578
1511060 1578
1511070 1578
1511080 1579
1511090 1580
1511100 1580
1511110 1581
1511120 1583
1511130 1583
1511140 1585
1511150 1587
1511160 1587
1511170 1587
1511180 1587
1511190 1587
1511200 1586
1511210 1585
1511220 1585
1511230 1586
1511240 1588
1511250 1589
1511260 1589
1511270 1589
1511280 1588
1511290 1588
1511300 1588
1511310 1585
1511320 1585
1511330 1582
1511340 1579
1511350 1579
1511360 1577
1511370 1575
1511380 1575
1511390 1574
1511400 1571
1511410 1571
1511420 1567
1511430 1565
1511440 1565
1511450 1563
1511460 1561
1511470 1561
1511480 1559
1511490 1554
1511500 1554
1511510 1549
1511520 1544
1511530 1544
1511540 1540
1511550 1534
1511560 1534
1511570 1528
1511580 1522
1511590 1522
1511600 1519
1511610 1515
1511620 1512
1511630 1512
1511640 1510
1511650 1507
1511660 1507
1511670 1504
1511680 1501
1511690 1501
1511700 1498
1511710 1495
1511720 1495
1511730 1493
1511740 1492
1511750 1492
1511760 1490
1511770 1488
1511780 1488
1511790 1487
1511800 1487
1511810 1487
1511820 1488
1511830 1490
1511840 1490
1511850 1494
1511860 1497
1511870 1497
1511880 1495
1511890 1492
1511900 1492
1511910 1488
1511920 1484
1511930 1484
1511940 1478
1511950 1472
1511960 1466
1511970 1466
1511980 1458
1511990 1446
1512000 1446
1512010 1435
1512020 1428
1512030 1428
1512040 1419
1512050 1407
1512060 1407
1512070 1399
1512080 1394
1512090 1394
1512100 1390
1512110 1387
1512120 1387
1512130 1383
1512140 1380
1512150 1380
1512160 1376
1512170 1372
1512180 1372
1512190 1367
1512200 1364
1512210 1364
1512220 1360
1512230 1356
1512240 1356
1512250 1353
1512260 1350
1512270 1350
1512280 1347
1512290 1344
1512300 1344
1512310 1343
1512320 1340
1512330 1337
1512340 1337
1512350 1334
1512360 1330
1512370 1330
1512380 1328
1512390 1325
1512400 1325
1512410 1322
1512420 1319
1512430 1319
1512440 1316
1512450 1313
1512460 1313
1512470 1310
1512480 1308
1512490 1308
1512500 1306
1512510 1304
1512520 1304
1512530 1303
1512540 1302
1512550 1302
1512560 1302
1512570 1302
1512580 1302
1512590 1301
1512600 1300
1512610 1300
1512620 1298
1512630 1296
1512640 1296
1512650 1294
1512660 1293
1512670 1289
1512680 1289
1512690 1284
1512700 1279
1512710 1279
1512720 1275
1512730 1271
1512740 1271
1512750 1267
1512760 1263
1512770 1263
1512780 1261
1512790 1261
1512800 1261
1512810 1264
1512820 1269
1512830 1269
1512840 1272
1512850 1272
1512860 1272
1512870 1270
1512880 1267
1512890 1267
1512900 1265
1512910 1262
1512920 1262
1512930 1258
1512940 1254
1512950 1254
1512960 1251
1512970 1249
1512980 1249
1512990 1249
1513000 1248
1513010 1248
1513020 1246
1513030 1244
1513040 1243
1513050 1243
1513060 1241
1513070 1240
1513080 1240
1513090 1240
1513100 1240
1513110 1240
1513120 1238
1513130 1234
1513140 1234
1513150 1228
1513160 1221
1513170 1221
1513180 1215
1513190 1209
1513200 1209
1513210 1203
1513220 1197
1513230 1197
1513240 1193
1513250 1188
1513260 1188
1513270 1184
1513280 1179
1513290 1179
1513300 1172
1513310 1167
1513320 1167
1513330 1164
1513340 1162
1513350 1162
1513360 1161
1513370 1161
1513380 1161
1513390 1160
1513400 1160
1513410 1161
1513420 1161
1513430 1156
1513440 1146
1513450 1146
1513460 1139
1513470 1136
1513480 1136
1513490 1133
1513500 1130
1513510 1130
1513520 1127
1513530 1124
1513540 1124
1513550 1122
1513560 1120
1513570 1120
1513580 1118
1513590 1117
1513600 1117
1513610 1117
1513620 1117
1513630 1117
1513640 1116
1513650 1115
1513660 1115
1513670 1115
1513680 1116
1513690 1116
1513700 1118
1513710 1122
1513720 1122
1513730 1127
1513740 1131
1513750 1129
1513760 1129
1513770 1124
1513780 1119
1513790 1119
1513800 1119
1513810 1117
1513820 1117
1513830 1114
1513840 1110
1513850 1110
1513860 1104
1513870 1097
1513880 1097
1513890 1091
1513900 1086
1513910 1086
1513920 1080
1513930 1075
1513940 1075
1513950 1068
1513960 1063
1513970 1063
1513980 1057
1513990 1053
1514000 1053
1514010 1048
1514020 1045
1514030 1045
1514040 1042
1514050 1040
1514060 1040
1514070 1038
1514080 1038
1514090 1038
1514100 1038
1514110 1039
1514120 1038
1514130 1038
1514140 1034
1514150 1029
1514160 1029
1514170 1023
1514180 1017
1514190 1017
1514200 1011
1514210 1004
1514220 1004
1514230 998
1514240 979
1514250 979
1514260 958
1514270 946
1514280 946
1514290 938
1514300 930
1514310 930
1514320 923
1514330 915
1514340 915
1514350 908
1514360 902
1514370 902
1514380 896
1514390 890
1514400 890
1514410 884
1514420 878
1514430 878
1514440 873
1514450 868
1514460 864
1514470 864
1514480 861
1514490 858
1514500 858
1514510 857
1514520 858
1514530 858
1514540 861
1514550 864
1514560 864
1514570 864
1514580 864
1514590 864
1514600 864
1514610 864
1514620 864
1514630 863
1514640 861
1514650 861
1514660 859
1514670 859
1514680 859
1514690 858
1514700 855
1514710 855
1514720 854
1514730 853
1514740 853
1514750 852
1514760 849
1514770 849
1514780 843
1514790 837
1514800 837
1514810 831
1514820 826
1514830 822
1514840 822
1514850 818
1514860 815
1514870 815
1514880 813
1514890 817
1514900 817
1514910 818
1514920 819
1514930 819
1514940 820
1514950 823
1514960 823
1514970 827
1514980 832
1514990 832
1515000 836
1515010 839
1515020 839
1515030 840
1515040 840
1515050 840
1515060 840
1515070 843
1515080 843
1515090 846
1515100 848
1515110 848
1515120 849
1515130 852
1515140 852
1515150 856
1515160 861
1515170 877
1515180 877
1515190 888
1515200 894
1515210 894
1515220 899
1515230 901
1515240 901
1515250 903
1515260 905
1515270 905
1515280 906
1515290 907
1515300 907
1515310 908
1515320 909
1515330 909
1515340 910
1515350 911
1515360 911
1515370 910
1515380 910
1515390 910
1515400 913
1515410 918
1515420 918
1515430 927
1515440 938
1515450 938
1515460 945
1515470 949
1515480 949
1515490 954
1515500 959
1515510 959
1515520 962
1515530 962
1515540 961
1515550 961
1515560 961
1515570 960
1515580 960
1515590 959
1515600 958
1515610 958
1515620 957
1515630 956
1515640 956
1515650 954
1515660 951
1515670 951
1515680 946
1515690 938
1515700 938
1515710 935
1515720 934
1515730 934
1515740 933
1515750 933
1515760 933
1515770 935
1515780 934
1515790 934
1515800 931
1515810 928
1515820 928
1515830 924
1515840 920
1515850 920
1515860 914
1515870 905
1515880 852
1515890 852
1515900 811
1515910 793
1515920 793
1515930 775
1515940 759
1515950 759
1515960 735
1515970 718
1515980 718
1515990 702
1516000 686
1516010 686
1516020 678
1516030 673
1516040 673
1516050 670
1516060 666
1516070 666
1516080 664
1516090 662
1516100 662
1516110 657
1516120 653
1516130 653
1516140 649
1516150 644
1516160 644
1516170 640
1516180 636
1516190 636
1516200 631
1516210 627
1516220 627
1516230 623
1516240 618
1516250 615
1516260 615
1516270 613
1516280 611
1516290 611
1516300 607
1516310 603
1516320 603
1516330 602
1516340 603
1516350 603
1516360 605
1516370 605
1516380 605
1516390 604
1516400 602
1516410 602
1516420 601
1516430 599
1516440 599
1516450 597
1516460 596
1516470 596
1516480 596
1516490 596
1516500 596
1516510 596
1516520 596
1516530 596
1516540 596
1516550 598
1516560 598
1516570 601
1516580 603
1516590 603
1516600 605
1516610 607
1516620 608
1516630 608
1516640 610
1516650 611
1516660 611
1516670 612
1516680 613
1516690 613
1516700 613
1516710 614
1516720 614
1516730 615
1516740 616
1516750 616
1516760 615
1516770 613
1516780 613
1516790 612
1516800 612
1516810 612
1516820 613
1516830 613
1516840 613
1516850 613
1516860 612
1516870 612
1516880 610
1516890 610
1516900 610
1516910 609
1516920 609
1516930 609
1516940 609
1516950 610
1516960 612
1516970 612
1516980 613
1516990 615
1517000 615
1517010 617
1517020 619
1517030 619
1517040 622
1517050 624
1517060 624
1517070 626
1517080 627
1517090 627
1517100 629
1517110 630
1517120 630
1517130 631
1517140 632
1517150 632
1517160 634
1517170 635
1517180 635
1517190 636
1517200 638
1517210 638
1517220 639
1517230 642
1517240 642
1517250 645
1517260 647
1517270 647
1517280 648
1517290 651
1517300 651
1517310 652
1517320 653
1517330 655
1517340 655
1517350 656
1517360 657
1517370 657
1517380 657
1517390 657
1517400 657
1517410 658
1517420 662
1517430 662
1517440 665
1517450 665
1517460 665
1517470 666
1517480 666
1517490 666
1517500 664
1517510 665
1517520 665
1517530 665
1517540 666
1517550 666
1517560 668
1517570 669
1517580 669
1517590 669
1517600 671
1517610 671
1517620 688
1517630 703
1517640 703
1517650 707
1517660 710
1517670 715
1517680 715
1517690 716
1517700 722
1517710 722
1517720 726
1517730 728
1517740 728
1517750 732
1517760 745
1517770 745
1517780 762
1517790 788
1517800 788
1517810 802
1517820 809
1517830 809
1517840 814
1517850 817
1517860 817
1517870 821
1517880 825
1517890 825
1517900 831
1517910 846
1517920 846
1517930 861
1517940 871
1517950 871
1517960 878
1517970 887
1517980 887
1517990 896
1518000 906
1518010 906
1518020 919
1518030 933
1518040 948
1518050 948
1518060 959
1518070 966
1518080 966
1518090 973
1518100 978
1518110 978
1518120 981
1518130 984
1518140 984
1518150 985
1518160 985
1518170 985
1518180 986
1518190 988
1518200 988
1518210 989
1518220 989
1518230 989
1518240 994
1518250 1015
1518260 1015
1518270 1030
1518280 1037
1518290 1037
1518300 1043
1518310 1045
1518320 1045
1518330 1047
1518340 1051
1518350 1051
1518360 1051
1518370 1050
1518380 1050
1518390 1047
1518400 1041
1518410 1039
1518420 1039
1518430 1040
1518440 1043
1518450 1043
1518460 1047
1518470 1049
1518480 1049
1518490 1049
1518500 1045
1518510 1045
1518520 1040
1518530 1036
1518540 1036
1518550 1034
1518560 1034
1518570 1034
1518580 1048
1518590 1063
1518600 1063
1518610 1081
1518620 1094
1518630 1094
1518640 1106
1518650 1118
1518660 1118
1518670 1122
1518680 1138
1518690 1138
1518700 1149
1518710 1160
1518720 1160
1518730 1165
1518740 1169
1518750 1170
1518760 1170
1518770 1171
1518780 1171
1518790 1171
1518800 1172
1518810 1171
1518820 1171
1518830 1173
1518840 1171
1518850 1171
1518860 1169
1518870 1165
1518880 1165
1518890 1167
1518900 1170
1518910 1170
1518920 1165
1518930 1157
1518940 1157
1518950 1167
1518960 1178
1518970 1178
1518980 1182
1518990 1184
1519000 1184
1519010 1184
1519020 1183
1519030 1183
1519040 1181
1519050 1181
1519060 1181
1519070 1180
1519080 1176
1519090 1176
1519100 1170
1519110 1164
1519120 1158
1519130 1158
1519140 1152
1519150 1145
1519160 1145
1519170 1139
1519180 1133
1519190 1133
1519200 1120
1519210 1106
1519220 1106
1519230 1091
1519240 1075
1519250 1075
1519260 1063
1519270 1054
1519280 1054
1519290 1048
1519300 1040
1519310 1040
1519320 1033
1519330 1026
1519340 1026
1519350 1020
1519360 1016
1519370 1016
1519380 1012
1519390 1007
1519400 1007
1519410 999
1519420 991
1519430 991
1519440 983
1519450 977
1519460 970
1519470 970
1519480 965
1519490 959
1519500 959
1519510 954
1519520 949
1519530 949
1519540 944
1519550 939
1519560 939
1519570 933
1519580 923
1519590 923
1519600 896
1519610 875
1519620 875
1519630 863
1519640 839
1519650 839
1519660 819
1519670 808
1519680 808
1519690 800
1519700 793
1519710 793
1519720 785
1519730 778
1519740 778
1519750 770
1519760 764
1519770 764
1519780 758
1519790 752
1519800 752
1519810 747
1519820 742
1519830 735
1519840 735
1519850 723
1519860 714
1519870 714
1519880 709
1519890 703
1519900 703
1519910 697
1519920 692
1519930 692
1519940 686
1519950 681
1519960 681
1519970 675
1519980 671
1519990 671
