1500000 1165
1500010 1160
1500020 1160
1500030 1169
1500040 1169
1500050 1177
1500060 1183
1500070 1183
1500080 1188
1500090 1194
1500100 1194
1500110 1201
1500120 1207
1500130 1207
1500140 1213
1500150 1219
1500160 1219
1500170 1224
1500180 1228
1500190 1228
1500200 1230
1500210 1233
1500220 1233
1500230 1239
1500240 1243
1500250 1243
1500260 1248
1500270 1251
1500280 1251
1500290 1253
1500300 1255
1500310 1255
1500320 1257
1500330 1257
1500340 1257
1500350 1257
1500360 1257
1500370 1257
1500380 1257
1500390 1257
1500400 1257
1500410 1257
1500420 1257
1500430 1257
1500440 1257
1500450 1256
1500460 1256
1500470 1256
1500480 1255
1500490 1256
1500500 1256
1500510 1256
1500520 1256
1500530 1256
1500540 1255
1500550 1253
1500560 1253
1500570 1256
1500580 1258
1500590 1258
1500600 1259
1500610 1259
1500620 1259
1500630 1258
1500640 1260
1500650 1260
1500660 1262
1500670 1263
1500680 1263
1500690 1263
1500700 1262
1500710 1262
1500720 1263
1500730 1264
1500740 1264
1500750 1264
1500760 1264
1500770 1263
1500780 1263
1500790 1264
1500800 1265
1500810 1265
1500820 1265
1500830 1264
1500840 1264
1500850 1264
1500860 1265
1500870 1265
1500880 1265
1500890 1265
1500900 1265
1500910 1265
1500920 1265
1500930 1265
1500940 1265
1500950 1265
1500960 1265
1500970 1264
1500980 1264
1500990 1264
1501000 1264
1501010 1263
1501020 1263
1501030 1262
1501040 1261
1501050 1261
1501060 1260
1501070 1259
1501080 1259
1501090 1257
1501100 1256
1501110 1256
1501120 1255
1501130 1254
1501140 1253
1501150 1253
1501160 1252
1501170 1252
1501180 1252
1501190 1251
1501200 1250
1501210 1250
1501220 1248
1501230 1246
1501240 1246
1501250 1244
1501260 1243
1501270 1243
1501280 1241
1501290 1239
1501300 1239
1501310 1237
1501320 1235
1501330 1235
1501340 1232
1501350 1228
1501360 1228
1501370 1222
1501380 1215
1501390 1215
1501400 1210
1501410 1207
1501420 1207
1501430 1204
1501440 1202
1501450 1202
1501460 1200
1501470 1198
1501480 1198
1501490 1197
1501500 1195
1501510 1192
1501520 1192
1501530 1189
1501540 1186
1501550 1186
1501560 1187
1501570 1188
1501580 1188
1501590 1190
1501600 1192
1501610 1192
1501620 1193
1501630 1194
1501640 1194
1501650 1195
1501660 1195
1501670 1195
1501680 1196
1501690 1197
1501700 1197
1501710 1198
1501720 1198
1501730 1198
1501740 1197
1501750 1196
1501760 1196
1501770 1195
1501780 1195
1501790 1195
1501800 1194
1501810 1193
1501820 1193
1501830 1191
1501840 1188
1501850 1188
1501860 1186
1501870 1185
1501880 1185
1501890 1185
1501900 1184
1501910 1184
1501920 1184
1501930 1184
1501940 1187
1501950 1187
1501960 1189
1501970 1187
1501980 1187
1501990 1185
1502000 1183
1502010 1183
1502020 1180
1502030 1176
1502040 1176
1502050 1172
1502060 1168
1502070 1168
1502080 1165
1502090 1161
1502100 1161
1502110 1156
1502120 1151
1502130 1151
1502140 1147
1502150 1145
1502160 1145
1502170 1144
1502180 1142
1502190 1142
1502200 1141
1502210 1140
1502220 1140
1502230 1139
1502240 1139
1502250 1140
1502260 1140
1502270 1140
1502280 1139
1502290 1139
1502300 1138
1502310 1137
1502320 1137
1502330 1136
1502340 1134
1502350 1134
1502360 1132
1502370 1130
1502380 1130
1502390 1128
1502400 1126
1502410 1126
1502420 1124
1502430 1121
1502440 1121
1502450 1120
1502460 1123
1502470 1123
1502480 1122
1502490 1122
1502500 1122
1502510 1121
1502520 1121
1502530 1121
1502540 1121
1502550 1120
1502560 1120
1502570 1120
1502580 1119
1502590 1119
1502600 1118
1502610 1117
1502620 1117
1502630 1117
1502640 1116
1502650 1115
1502660 1115
1502670 1115
1502680 1115
1502690 1115
1502700 1115
1502710 1114
1502720 1114
1502730 1113
1502740 1112
1502750 1112
1502760 1110
1502770 1107
1502780 1107
1502790 1105
1502800 1103
1502810 1103
1502820 1101
1502830 1099
1502840 1099
1502850 1096
1502860 1093
1502870 1093
1502880 1089
1502890 1086
1502900 1086
1502910 1082
1502920 1078
1502930 1078
1502940 1074
1502950 1069
1502960 1069
1502970 1065
1502980 1059
1502990 1052
1503000 1052
1503010 1047
1503020 1045
1503030 1045
1503040 1044
1503050 1043
1503060 1043
1503070 1042
1503080 1040
1503090 1040
1503100 1037
1503110 1035
1503120 1035
1503130 1034
1503140 1031
1503150 1031
1503160 1029
1503170 1026
1503180 1026
1503190 1024
1503200 1021
1503210 1021
1503220 1018
1503230 1016
1503240 1016
1503250 1014
1503260 1012
1503270 1012
1503280 1011
1503290 1011
1503300 1011
1503310 1010
1503320 1010
1503330 1010
1503340 1011
1503350 1011
1503360 1011
1503370 1011
1503380 1010
1503390 1009
1503400 1009
1503410 1008
1503420 1005
1503430 1005
1503440 1002
1503450 998
1503460 998
1503470 993
1503480 988
1503490 988
1503500 984
1503510 981
1503520 981
1503530 978
1503540 974
1503550 974
1503560 971
1503570 969
1503580 969
1503590 967
1503600 966
1503610 966
1503620 964
1503630 962
1503640 962
1503650 960
1503660 958
1503670 958
1503680 957
1503690 955
1503700 955
1503710 952
1503720 949
1503730 945
1503740 945
1503750 941
1503760 936
1503770 936
1503780 931
1503790 926
1503800 926
1503810 921
1503820 916
1503830 916
1503840 910
1503850 905
1503860 905
1503870 898
1503880 892
1503890 892
1503900 888
1503910 886
1503920 886
1503930 883
1503940 880
1503950 880
1503960 879
1503970 878
1503980 878
1503990 878
1504000 880
1504010 880
1504020 884
1504030 888
1504040 888
1504050 892
1504060 899
1504070 899
1504080 904
1504090 907
1504100 908
1504110 908
1504120 908
1504130 908
1504140 908
1504150 908
1504160 907
1504170 907
1504180 905
1504190 902
1504200 902
1504210 901
1504220 899
1504230 899
1504240 895
1504250 892
1504260 892
1504270 889
1504280 885
1504290 885
1504300 880
1504310 875
1504320 875
1504330 871
1504340 866
1504350 866
1504360 861
1504370 855
1504380 855
1504390 850
1504400 846
1504410 846
1504420 842
1504430 837
1504440 837
1504450 834
1504460 830
1504470 827
1504480 827
1504490 824
1504500 822
1504510 822
1504520 820
1504530 817
1504540 817
1504550 815
1504560 811
1504570 811
1504580 808
1504590 804
1504600 804
1504610 801
1504620 799
1504630 799
1504640 797
1504650 796
1504660 796
1504670 795
1504680 793
1504690 793
1504700 792
1504710 790
1504720 790
1504730 789
1504740 787
1504750 787
1504760 784
1504770 783
1504780 783
1504790 781
1504800 781
1504810 781
1504820 779
1504830 778
1504840 776
1504850 776
1504860 774
1504870 771
1504880 771
1504890 768
1504900 766
1504910 766
1504920 764
1504930 762
1504940 762
1504950 760
1504960 759
1504970 759
1504980 758
1504990 758
1505000 758
1505010 756
1505020 755
1505030 755
1505040 755
1505050 754
1505060 754
1505070 753
1505080 753
1505090 753
1505100 752
1505110 752
1505120 752
1505130 751
1505140 750
1505150 750
1505160 749
1505170 749
1505180 749
1505190 748
1505200 747
1505210 747
1505220 747
1505230 746
1505240 745
1505250 745
1505260 745
1505270 744
1505280 744
1505290 744
1505300 743
1505310 743
1505320 742
1505330 742
1505340 742
1505350 741
1505360 741
1505370 741
1505380 740
1505390 740
1505400 740
1505410 739
1505420 739
1505430 739
1505440 738
1505450 738
1505460 738
1505470 738
1505480 738
1505490 738
1505500 736
1505510 735
1505520 735
1505530 735
1505540 735
1505550 735
1505560 734
1505570 734
1505580 734
1505590 734
1505600 734
1505610 734
1505620 734
1505630 734
1505640 734
1505650 734
1505660 734
1505670 734
1505680 734
1505690 734
1505700 734
1505710 734
1505720 735
1505730 735
1505740 735
1505750 735
1505760 734
1505770 734
1505780 734
1505790 734
1505800 734
1505810 734
1505820 734
1505830 734
1505840 733
1505850 733
1505860 733
1505870 733
1505880 733
1505890 733
1505900 734
1505910 736
1505920 736
1505930 739
1505940 743
1505950 746
1505960 746
1505970 748
1505980 751
1505990 751
1506000 753
1506010 756
1506020 756
1506030 759
1506040 761
1506050 761
1506060 763
1506070 765
1506080 765
1506090 769
1506100 774
1506110 774
1506120 777
1506130 781
1506140 781
1506150 784
1506160 788
1506170 788
1506180 792
1506190 797
1506200 797
1506210 800
1506220 803
1506230 803
1506240 807
1506250 811
1506260 811
1506270 816
1506280 820
1506290 820
1506300 824
1506310 828
1506320 832
1506330 832
1506340 835
1506350 838
1506360 838
1506370 840
1506380 841
1506390 841
1506400 843
1506410 845
1506420 845
1506430 847
1506440 849
1506450 849
1506460 852
1506470 855
1506480 855
1506490 857
1506500 857
1506510 857
1506520 858
1506530 863
1506540 863
1506550 868
1506560 872
1506570 872
1506580 874
1506590 876
1506600 876
1506610 878
1506620 880
1506630 880
1506640 881
1506650 882
1506660 882
1506670 885
1506680 887
1506690 888
1506700 888
1506710 888
1506720 889
1506730 889
1506740 892
1506750 893
1506760 893
1506770 890
1506780 888
1506790 888
1506800 891
1506810 898
1506820 898
1506830 904
1506840 907
1506850 907
1506860 909
1506870 911
1506880 911
1506890 911
1506900 911
1506910 911
1506920 911
1506930 909
1506940 909
1506950 908
1506960 904
1506970 904
1506980 895
1506990 887
1507000 887
1507010 881
1507020 876
1507030 876
1507040 873
1507050 871
1507060 871
1507070 871
1507080 870
1507090 868
1507100 868
1507110 866
1507120 865
1507130 865
1507140 865
1507150 866
1507160 866
1507170 866
1507180 867
1507190 867
1507200 867
1507210 866
1507220 866
1507230 864
1507240 864
1507250 864
1507260 865
1507270 865
1507280 865
1507290 867
1507300 870
1507310 870
1507320 875
1507330 881
1507340 881
1507350 889
1507360 897
1507370 897
1507380 904
1507390 910
1507400 910
1507410 912
1507420 914
1507430 914
1507440 914
1507450 915
1507460 918
1507470 918
1507480 920
1507490 920
1507500 920
1507510 922
1507520 925
1507530 925
1507540 928
1507550 930
1507560 930
1507570 933
1507580 937
1507590 937
1507600 941
1507610 944
1507620 944
1507630 947
1507640 951
1507650 951
1507660 956
1507670 960
1507680 960
1507690 966
1507700 972
1507710 972
1507720 978
1507730 983
1507740 983
1507750 986
1507760 990
1507770 990
1507780 993
1507790 997
1507800 1001
1507810 1001
1507820 1005
1507830 1009
1507840 1009
1507850 1013
1507860 1017
1507870 1017
1507880 1021
1507890 1024
1507900 1024
1507910 1028
1507920 1033
1507930 1033
1507940 1038
1507950 1042
1507960 1042
1507970 1045
1507980 1049
1507990 1049
1508000 1053
1508010 1055
1508020 1055
1508030 1058
1508040 1061
1508050 1061
1508060 1065
1508070 1070
1508080 1070
1508090 1075
1508100 1080
1508110 1080
1508120 1084
1508130 1087
1508140 1087
1508150 1091
1508160 1097
1508170 1104
1508180 1104
1508190 1109
1508200 1113
1508210 1113
1508220 1117
1508230 1119
1508240 1119
1508250 1122
1508260 1124
1508270 1124
1508280 1125
1508290 1126
1508300 1126
1508310 1126
1508320 1127
1508330 1127
1508340 1127
1508350 1126
1508360 1126
1508370 1121
1508380 1114
1508390 1114
1508400 1110
1508410 1109
1508420 1109
1508430 1108
1508440 1106
1508450 1106
1508460 1104
1508470 1102
1508480 1102
1508490 1100
1508500 1094
1508510 1094
1508520 1086
1508530 1079
1508540 1074
1508550 1074
1508560 1067
1508570 1061
1508580 1061
1508590 1054
1508600 1044
1508610 1044
1508620 1035
1508630 1027
1508640 1027
1508650 1021
1508660 1015
1508670 1015
1508680 1009
1508690 1003
1508700 1003
1508710 996
1508720 990
1508730 990
1508740 983
1508750 976
1508760 976
1508770 970
1508780 965
1508790 965
1508800 959
1508810 953
1508820 953
1508830 949
1508840 944
1508850 944
1508860 939
1508870 934
1508880 934
1508890 931
1508900 924
1508910 916
1508920 916
1508930 910
1508940 905
1508950 905
1508960 904
1508970 906
1508980 906
1508990 909
1509000 911
1509010 911
1509020 914
1509030 916
1509040 916
1509050 917
1509060 917
1509070 917
1509080 916
1509090 915
1509100 915
1509110 915
1509120 915
1509130 915
1509140 914
1509150 913
1509160 913
1509170 913
1509180 912
1509190 912
1509200 909
1509210 907
1509220 907
1509230 907
1509240 908
1509250 908
1509260 910
1509270 911
1509280 913
1509290 913
1509300 916
1509310 919
1509320 919
1509330 923
1509340 925
1509350 925
1509360 926
1509370 928
1509380 928
1509390 929
1509400 928
1509410 928
1509420 929
1509430 930
1509440 930
1509450 930
1509460 930
1509470 930
1509480 932
1509490 934
1509500 934
1509510 937
1509520 938
1509530 938
1509540 940
1509550 940
1509560 937
1509570 934
1509580 936
1509590 936
1509600 942
1509610 949
1509620 949
1509630 953
1509640 955
1509650 957
1509660 957
1509670 960
1509680 963
1509690 963
1509700 965
1509710 968
1509720 968
1509730 972
1509740 976
1509750 976
1509760 980
1509770 985
1509780 985
1509790 990
1509800 995
1509810 995
1509820 1000
1509830 1003
1509840 1003
1509850 1004
1509860 1005
1509870 1005
1509880 1005
1509890 1005
1509900 1005
1509910 1004
1509920 1005
1509930 1005
1509940 1006
1509950 1009
1509960 1009
1509970 1012
1509980 1015
1509990 1015
1510000 1018
1510010 1022
1510020 1025
1510030 1025
1510040 1029
1510050 1034
1510060 1034
1510070 1039
1510080 1043
1510090 1043
1510100 1047
1510110 1050
1510120 1050
1510130 1052
1510140 1054
1510150 1054
1510160 1056
1510170 1058
1510180 1058
1510190 1062
1510200 1068
1510210 1068
1510220 1074
1510230 1080
1510240 1080
1510250 1085
1510260 1089
1510270 1089
1510280 1093
1510290 1099
1510300 1099
1510310 1104
1510320 1110
1510330 1110
1510340 1116
1510350 1122
1510360 1122
1510370 1128
1510380 1134
1510390 1140
1510400 1140
1510410 1146
1510420 1153
1510430 1153
1510440 1161
1510450 1169
1510460 1169
1510470 1175
1510480 1183
1510490 1183
1510500 1190
1510510 1197
1510520 1197
1510530 1203
1510540 1210
1510550 1210
1510560 1218
1510570 1224
1510580 1224
1510590 1232
1510600 1240
1510610 1240
1510620 1248
1510630 1255
1510640 1255
1510650 1263
1510660 1270
1510670 1270
1510680 1278
1510690 1286
1510700 1286
1510710 1293
1510720 1301
1510730 1301
1510740 1309
1510750 1316
1510760 1323
1510770 1323
1510780 1328
1510790 1331
1510800 1331
1510810 1333
1510820 1335
1510830 1335
1510840 1337
1510850 1339
1510860 1339
1510870 1341
1510880 1343
1510890 1343
1510900 1344
1510910 1345
1510920 1345
1510930 1345
1510940 1345
1510950 1345
1510960 1345
1510970 1346
1510980 1346
1510990 1347
1511000 1348
1511010 1348
1511020 1350
1511030 1351
1511040 1351
1511050 1352
1511060 1353
1511070 1353
1511080 1353
1511090 1353
1511100 1353
1511110 1353
1511120 1352
1511130 1352
1511140 1352
1511150 1351
1511160 1351
1511170 1351
1511180 1351
1511190 1352
1511200 1352
1511210 1353
1511220 1356
1511230 1356
1511240 1361
1511250 1367
1511260 1367
1511270 1373
1511280 1378
1511290 1378
1511300 1385
1511310 1393
1511320 1393
1511330 1398
1511340 1403
1511350 1403
1511360 1407
1511370 1411
1511380 1411
1511390 1415
1511400 1420
1511410 1420
1511420 1424
1511430 1429
1511440 1429
1511450 1432
1511460 1434
1511470 1434
1511480 1437
1511490 1439
1511500 1439
1511510 1441
1511520 1442
1511530 1443
1511540 1443
1511550 1442
1511560 1439
1511570 1439
1511580 1436
1511590 1436
1511600 1436
1511610 1437
1511620 1438
1511630 1438
1511640 1439
1511650 1441
1511660 1441
1511670 1442
1511680 1443
1511690 1443
1511700 1445
1511710 1446
1511720 1446
1511730 1447
1511740 1447
1511750 1447
1511760 1447
1511770 1447
1511780 1447
1511790 1447
1511800 1446
1511810 1446
1511820 1445
1511830 1443
1511840 1443
1511850 1440
1511860 1436
1511870 1436
1511880 1434
1511890 1434
1511900 1436
1511910 1436
1511920 1436
1511930 1436
1511940 1436
1511950 1436
1511960 1436
1511970 1436
1511980 1436
1511990 1435
1512000 1435
1512010 1434
1512020 1436
1512030 1436
1512040 1441
1512050 1445
1512060 1445
1512070 1445
1512080 1445
1512090 1445
1512100 1445
1512110 1443
1512120 1443
1512130 1442
1512140 1441
1512150 1441
1512160 1442
1512170 1447
1512180 1447
1512190 1447
1512200 1447
1512210 1447
1512220 1449
1512230 1451
1512240 1451
1512250 1452
1512260 1452
1512270 1450
1512280 1450
1512290 1449
1512300 1449
1512310 1449
1512320 1450
1512330 1451
1512340 1451
1512350 1453
1512360 1455
1512370 1455
1512380 1456
1512390 1457
1512400 1457
1512410 1460
1512420 1463
1512430 1463
1512440 1465
1512450 1467
1512460 1467
1512470 1470
1512480 1473
1512490 1473
1512500 1476
1512510 1478
1512520 1478
1512530 1480
1512540 1482
1512550 1482
1512560 1484
1512570 1485
1512580 1485
1512590 1485
1512600 1483
1512610 1483
1512620 1479
1512630 1474
1512640 1470
1512650 1470
1512660 1466
1512670 1461
1512680 1461
1512690 1456
1512700 1451
1512710 1451
1512720 1449
1512730 1447
1512740 1447
1512750 1445
1512760 1443
1512770 1443
1512780 1441
1512790 1440
1512800 1440
1512810 1437
1512820 1435
1512830 1435
1512840 1433
1512850 1434
1512860 1434
1512870 1434
1512880 1437
1512890 1437
1512900 1441
1512910 1443
1512920 1443
1512930 1444
1512940 1444
1512950 1444
1512960 1445
1512970 1448
1512980 1448
1512990 1451
1513000 1452
1513010 1454
1513020 1454
1513030 1457
1513040 1461
1513050 1461
1513060 1464
1513070 1465
1513080 1465
1513090 1466
1513100 1466
1513110 1466
1513120 1465
1513130 1467
1513140 1467
1513150 1469
1513160 1472
1513170 1472
1513180 1477
1513190 1482
1513200 1482
1513210 1486
1513220 1490
1513230 1490
1513240 1493
1513250 1495
1513260 1495
1513270 1496
1513280 1496
1513290 1496
1513300 1495
1513310 1496
1513320 1496
1513330 1498
1513340 1498
1513350 1498
1513360 1497
1513370 1494
1513380 1492
1513390 1492
1513400 1492
1513410 1493
1513420 1493
1513430 1493
1513440 1494
1513450 1494
1513460 1495
1513470 1496
1513480 1496
1513490 1497
1513500 1498
1513510 1498
1513520 1497
1513530 1497
1513540 1497
1513550 1496
1513560 1494
1513570 1494
1513580 1493
1513590 1493
1513600 1493
1513610 1494
1513620 1495
1513630 1495
1513640 1497
1513650 1499
1513660 1499
1513670 1500
1513680 1502
1513690 1502
1513700 1503
1513710 1505
1513720 1505
1513730 1506
1513740 1507
1513750 1507
1513760 1507
1513770 1506
1513780 1505
1513790 1505
1513800 1504
1513810 1503
1513820 1503
1513830 1503
1513840 1503
1513850 1503
1513860 1502
1513870 1501
1513880 1501
1513890 1501
1513900 1503
1513910 1503
1513920 1507
1513930 1512
1513940 1512
1513950 1517
1513960 1523
1513970 1523
1513980 1529
1513990 1535
1514000 1535
1514010 1541
1514020 1547
1514030 1547
1514040 1552
1514050 1559
1514060 1559
1514070 1565
1514080 1571
1514090 1571
1514100 1578
1514110 1584
1514120 1590
1514130 1590
1514140 1596
1514150 1601
1514160 1601
1514170 1607
1514180 1613
1514190 1613
1514200 1619
1514210 1625
1514220 1625
1514230 1632
1514240 1643
1514250 1643
1514260 1653
1514270 1660
1514280 1660
1514290 1665
1514300 1676
1514310 1676
1514320 1690
1514330 1695
1514340 1695
1514350 1700
1514360 1717
1514370 1717
1514380 1732
1514390 1741
1514400 1741
1514410 1753
1514420 1760
1514430 1760
1514440 1764
1514450 1768
1514460 1768
1514470 1775
1514480 1787
1514490 1803
1514500 1803
1514510 1816
1514520 1832
1514530 1832
1514540 1849
1514550 1858
1514560 1858
1514570 1863
1514580 1865
1514590 1865
1514600 1868
1514610 1872
1514620 1872
1514630 1874
1514640 1876
1514650 1876
1514660 1877
1514670 1878
1514680 1878
1514690 1879
1514700 1880
1514710 1880
1514720 1882
1514730 1879
1514740 1879
1514750 1873
1514760 1868
1514770 1868
1514780 1871
1514790 1878
1514800 1878
1514810 1882
1514820 1885
1514830 1885
1514840 1889
1514850 1892
1514860 1893
1514870 1893
1514880 1886
1514890 1872
1514900 1872
1514910 1855
1514920 1837
1514930 1837
1514940 1823
1514950 1822
1514960 1822
1514970 1837
1514980 1849
1514990 1849
1515000 1848
1515010 1840
1515020 1840
1515030 1831
1515040 1828
1515050 1828
1515060 1838
1515070 1847
1515080 1847
1515090 1846
1515100 1839
1515110 1839
1515120 1829
1515130 1821
1515140 1821
1515150 1812
1515160 1804
1515170 1804
1515180 1796
1515190 1788
1515200 1788
1515210 1780
1515220 1773
1515230 1763
1515240 1763
1515250 1754
1515260 1746
1515270 1746
1515280 1739
1515290 1733
1515300 1733
1515310 1727
1515320 1722
1515330 1722
1515340 1719
1515350 1714
1515360 1714
1515370 1709
1515380 1703
1515390 1703
1515400 1696
1515410 1691
1515420 1691
1515430 1685
1515440 1678
1515450 1678
1515460 1673
1515470 1666
1515480 1666
1515490 1660
1515500 1653
1515510 1653
1515520 1646
1515530 1634
1515540 1634
1515550 1619
1515560 1601
1515570 1601
1515580 1592
1515590 1585
1515600 1578
1515610 1578
1515620 1573
1515630 1565
1515640 1565
1515650 1555
1515660 1544
1515670 1544
1515680 1534
1515690 1528
1515700 1528
1515710 1522
1515720 1514
1515730 1514
1515740 1500
1515750 1491
1515760 1491
1515770 1486
1515780 1480
1515790 1480
1515800 1476
1515810 1474
1515820 1474
1515830 1473
1515840 1471
1515850 1471
1515860 1467
1515870 1463
1515880 1463
1515890 1455
1515900 1448
1515910 1448
1515920 1445
1515930 1443
1515940 1443
1515950 1442
1515960 1440
1515970 1438
1515980 1438
1515990 1435
1516000 1433
1516010 1433
1516020 1432
1516030 1432
1516040 1432
1516050 1434
1516060 1436
1516070 1436
1516080 1435
1516090 1433
1516100 1433
1516110 1431
1516120 1430
1516130 1430
1516140 1428
1516150 1424
1516160 1424
1516170 1417
1516180 1407
1516190 1407
1516200 1399
1516210 1394
1516220 1394
1516230 1389
1516240 1386
1516250 1386
1516260 1387
1516270 1388
1516280 1388
1516290 1389
1516300 1389
1516310 1389
1516320 1390
1516330 1393
1516340 1399
1516350 1399
1516360 1402
1516370 1403
1516380 1403
1516390 1403
1516400 1402
1516410 1402
1516420 1402
1516430 1401
1516440 1401
1516450 1399
1516460 1391
1516470 1391
1516480 1379
1516490 1370
1516500 1370
1516510 1362
1516520 1350
1516530 1350
1516540 1340
1516550 1334
1516560 1334
1516570 1327
1516580 1320
1516590 1320
1516600 1306
1516610 1295
1516620 1295
1516630 1290
1516640 1281
1516650 1281
1516660 1272
1516670 1265
1516680 1265
1516690 1262
1516700 1261
1516710 1260
1516720 1260
1516730 1260
1516740 1260
1516750 1260
1516760 1259
1516770 1257
1516780 1257
1516790 1256
1516800 1254
1516810 1254
1516820 1255
1516830 1256
1516840 1256
1516850 1259
1516860 1264
1516870 1264
1516880 1268
1516890 1271
1516900 1271
1516910 1271
1516920 1270
1516930 1270
1516940 1271
1516950 1270
1516960 1270
1516970 1268
1516980 1267
1516990 1267
1517000 1267
1517010 1268
1517020 1268
1517030 1271
1517040 1272
1517050 1272
1517060 1273
1517070 1273
1517080 1272
1517090 1272
1517100 1273
1517110 1273
1517120 1273
1517130 1272
1517140 1270
1517150 1270
1517160 1268
1517170 1267
1517180 1267
1517190 1266
1517200 1266
1517210 1266
1517220 1267
1517230 1269
1517240 1269
1517250 1270
1517260 1272
1517270 1272
1517280 1274
1517290 1276
1517300 1276
1517310 1278
1517320 1281
1517330 1281
1517340 1284
1517350 1287
1517360 1287
1517370 1290
1517380 1292
1517390 1292
1517400 1293
1517410 1294
1517420 1294
1517430 1293
1517440 1294
1517450 1295
1517460 1295
1517470 1298
1517480 1300
1517490 1300
1517500 1305
1517510 1309
1517520 1309
1517530 1310
1517540 1311
1517550 1311
1517560 1313
1517570 1315
1517580 1315
1517590 1318
1517600 1320
1517610 1320
1517620 1323
1517630 1325
1517640 1325
1517650 1327
1517660 1330
1517670 1330
1517680 1331
1517690 1333
1517700 1333
1517710 1333
1517720 1336
1517730 1336
1517740 1339
1517750 1342
1517760 1342
1517770 1344
1517780 1347
1517790 1347
1517800 1349
1517810 1351
1517820 1354
1517830 1354
1517840 1357
1517850 1360
1517860 1360
1517870 1363
1517880 1366
1517890 1366
1517900 1368
1517910 1370
1517920 1370
1517930 1373
1517940 1381
1517950 1381
1517960 1387
1517970 1391
1517980 1391
1517990 1400
1518000 1406
1518010 1406
1518020 1409
1518030 1412
1518040 1412
1518050 1415
1518060 1418
1518070 1418
1518080 1421
1518090 1425
1518100 1425
1518110 1427
1518120 1429
1518130 1429
1518140 1433
1518150 1437
1518160 1437
1518170 1439
1518180 1441
1518190 1444
1518200 1444
1518210 1444
1518220 1442
1518230 1442
1518240 1439
1518250 1434
1518260 1434
1518270 1430
1518280 1423
1518290 1423
1518300 1416
1518310 1403
1518320 1403
1518330 1391
1518340 1380
1518350 1380
1518360 1372
1518370 1361
1518380 1361
1518390 1338
1518400 1316
1518410 1316
1518420 1298
1518430 1288
1518440 1288
1518450 1279
1518460 1271
1518470 1271
1518480 1262
1518490 1252
1518500 1252
1518510 1241
1518520 1230
1518530 1230
1518540 1216
1518550 1205
1518560 1196
1518570 1196
1518580 1186
1518590 1174
1518600 1174
1518610 1163
1518620 1153
1518630 1153
1518640 1144
1518650 1137
1518660 1137
1518670 1130
1518680 1123
1518690 1123
1518700 1115
1518710 1108
1518720 1108
1518730 1098
1518740 1088
1518750 1088
1518760 1081
1518770 1074
1518780 1074
1518790 1071
1518800 1067
1518810 1067
1518820 1063
1518830 1062
1518840 1062
1518850 1067
1518860 1064
1518870 1064
1518880 1054
1518890 1041
1518900 1041
1518910 1025
1518920 1015
1518930 1006
1518940 1006
1518950 994
1518960 976
1518970 976
1518980 963
1518990 939
1519000 939
1519010 905
1519020 886
1519030 886
1519040 867
1519050 851
1519060 851
1519070 837
1519080 831
1519090 831
1519100 833
1519110 836
1519120 836
1519130 839
1519140 823
1519150 823
1519160 810
1519170 805
1519180 805
1519190 798
1519200 790
1519210 790
1519220 778
1519230 765
1519240 765
1519250 746
1519260 731
1519270 731
1519280 717
1519290 705
1519300 692
1519310 692
1519320 679
1519330 666
1519340 666
1519350 654
1519360 640
1519370 640
1519380 626
1519390 611
1519400 611
1519410 594
1519420 579
1519430 579
1519440 569
1519450 564
1519460 564
1519470 560
1519480 552
1519490 552
1519500 553
1519510 553
1519520 553
1519530 550
1519540 548
1519550 548
1519560 547
1519570 544
1519580 544
1519590 538
1519600 529
1519610 529
1519620 521
1519630 516
1519640 516
1519650 510
1519660 508
1519670 508
1519680 508
1519690 508
1519700 508
1519710 508
1519720 508
1519730 508
1519740 508
1519750 508
1519760 508
1519770 508
1519780 508
1519790 508
1519800 508
1519810 508
1519820 508
1519830 508
1519840 508
1519850 508
1519860 508
1519870 508
1519880 508
1519890 508
1519900 508
1519910 508
1519920 508
1519930 508
1519940 508
1519950 508
1519960 508
1519970 508
1519980 508
1519990 508
