1500000 1079
1500010 1079
1500020 1080
1500030 1080
1500040 1080
1500050 1080
1500060 1080
1500070 1081
1500080 1081
1500090 1081
1500100 1082
1500110 1083
1500120 1083
1500130 1082
1500140 1081
1500150 1081
1500160 1082
1500170 1083
1500180 1083
1500190 1083
1500200 1083
1500210 1082
1500220 1082
1500230 1083
1500240 1084
1500250 1084
1500260 1084
1500270 1084
1500280 1084
1500290 1082
1500300 1075
1500310 1075
1500320 1068
1500330 1063
1500340 1063
1500350 1058
1500360 1060
1500370 1060
1500380 1069
1500390 1078
1500400 1078
1500410 1080
1500420 1079
1500430 1079
1500440 1077
1500450 1074
1500460 1074
1500470 1071
1500480 1068
1500490 1068
1500500 1065
1500510 1063
1500520 1063
1500530 1063
1500540 1060
1500550 1055
1500560 1055
1500570 1051
1500580 1047
1500590 1047
1500600 1043
1500610 1038
1500620 1038
1500630 1041
1500640 1044
1500650 1044
1500660 1043
1500670 1044
1500680 1044
1500690 1044
1500700 1044
1500710 1044
1500720 1044
1500730 1045
1500740 1045
1500750 1050
1500760 1052
1500770 1052
1500780 1055
1500790 1059
1500800 1059
1500810 1063
1500820 1066
1500830 1066
1500840 1067
1500850 1069
1500860 1069
1500870 1071
1500880 1072
1500890 1072
1500900 1074
1500910 1075
1500920 1076
1500930 1076
1500940 1078
1500950 1079
1500960 1079
1500970 1079
1500980 1080
1500990 1080
1501000 1081
1501010 1082
1501020 1082
1501030 1083
1501040 1086
1501050 1086
1501060 1087
1501070 1088
1501080 1088
1501090 1089
1501100 1090
1501110 1090
1501120 1090
1501130 1089
1501140 1089
1501150 1086
1501160 1084
1501170 1084
1501180 1083
1501190 1080
1501200 1080
1501210 1080
1501220 1086
1501230 1086
1501240 1088
1501250 1091
1501260 1091
1501270 1093
1501280 1097
1501290 1099
1501300 1099
1501310 1101
1501320 1102
1501330 1102
1501340 1107
1501350 1112
1501360 1112
1501370 1114
1501380 1117
1501390 1117
1501400 1120
1501410 1121
1501420 1121
1501430 1123
1501440 1125
1501450 1125
1501460 1127
1501470 1129
1501480 1129
1501490 1131
1501500 1133
1501510 1133
1501520 1134
1501530 1136
1501540 1136
1501550 1138
1501560 1140
1501570 1140
1501580 1142
1501590 1143
1501600 1143
1501610 1144
1501620 1143
1501630 1143
1501640 1145
1501650 1148
1501660 1150
1501670 1150
1501680 1151
1501690 1153
1501700 1153
1501710 1154
1501720 1155
1501730 1155
1501740 1156
1501750 1157
1501760 1157
1501770 1157
1501780 1158
1501790 1158
1501800 1159
1501810 1160
1501820 1160
1501830 1161
1501840 1162
1501850 1162
1501860 1164
1501870 1164
1501880 1164
1501890 1165
1501900 1166
1501910 1166
1501920 1167
1501930 1168
1501940 1168
1501950 1170
1501960 1171
1501970 1171
1501980 1172
1501990 1173
1502000 1173
1502010 1174
1502020 1175
1502030 1176
1502040 1176
1502050 1176
1502060 1178
1502070 1178
1502080 1179
1502090 1181
1502100 1181
1502110 1182
1502120 1183
1502130 1183
1502140 1184
1502150 1185
1502160 1185
1502170 1186
1502180 1188
1502190 1188
1502200 1189
1502210 1190
1502220 1190
1502230 1191
1502240 1192
1502250 1192
1502260 1193
1502270 1194
1502280 1194
1502290 1195
1502300 1195
1502310 1195
1502320 1196
1502330 1196
1502340 1196
1502350 1196
1502360 1197
1502370 1197
1502380 1198
1502390 1198
1502400 1198
1502410 1198
1502420 1198
1502430 1198
1502440 1198
1502450 1197
1502460 1196
1502470 1196
1502480 1196
1502490 1198
1502500 1198
1502510 1198
1502520 1198
1502530 1198
1502540 1198
1502550 1197
1502560 1197
1502570 1195
1502580 1192
1502590 1192
1502600 1189
1502610 1187
1502620 1187
1502630 1183
1502640 1178
1502650 1178
1502660 1177
1502670 1176
1502680 1176
1502690 1177
1502700 1178
1502710 1178
1502720 1178
1502730 1178
1502740 1178
1502750 1179
1502760 1179
1502770 1179
1502780 1179
1502790 1180
1502800 1180
1502810 1180
1502820 1180
1502830 1179
1502840 1179
1502850 1178
1502860 1179
1502870 1179
1502880 1180
1502890 1180
1502900 1180
1502910 1179
1502920 1178
1502930 1178
1502940 1178
1502950 1178
1502960 1178
1502970 1177
1502980 1176
1502990 1176
1503000 1176
1503010 1176
1503020 1176
1503030 1175
1503040 1174
1503050 1174
1503060 1170
1503070 1168
1503080 1168
1503090 1167
1503100 1167
1503110 1167
1503120 1167
1503130 1168
1503140 1168
1503150 1167
1503160 1167
1503170 1166
1503180 1166
1503190 1165
1503200 1164
1503210 1164
1503220 1163
1503230 1161
1503240 1161
1503250 1158
1503260 1155
1503270 1155
1503280 1153
1503290 1151
1503300 1151
1503310 1150
1503320 1148
1503330 1148
1503340 1146
1503350 1143
1503360 1143
1503370 1140
1503380 1137
1503390 1137
1503400 1136
1503410 1135
1503420 1135
1503430 1133
1503440 1130
1503450 1130
1503460 1128
1503470 1126
1503480 1126
1503490 1124
1503500 1123
1503510 1123
1503520 1120
1503530 1118
1503540 1120
1503550 1120
1503560 1119
1503570 1117
1503580 1117
1503590 1116
1503600 1115
1503610 1115
1503620 1113
1503630 1112
1503640 1112
1503650 1110
1503660 1109
1503670 1109
1503680 1107
1503690 1106
1503700 1106
1503710 1103
1503720 1100
1503730 1100
1503740 1096
1503750 1091
1503760 1091
1503770 1088
1503780 1087
1503790 1087
1503800 1086
1503810 1087
1503820 1087
1503830 1086
1503840 1084
1503850 1084
1503860 1081
1503870 1079
1503880 1079
1503890 1076
1503900 1072
1503910 1070
1503920 1070
1503930 1069
1503940 1066
1503950 1066
1503960 1063
1503970 1059
1503980 1059
1503990 1054
1504000 1049
1504010 1049
1504020 1045
1504030 1042
1504040 1042
1504050 1038
1504060 1035
1504070 1035
1504080 1032
1504090 1029
1504100 1029
1504110 1026
1504120 1022
1504130 1022
1504140 1018
1504150 1014
1504160 1014
1504170 1010
1504180 1006
1504190 1006
1504200 1002
1504210 997
1504220 997
1504230 992
1504240 987
1504250 987
1504260 981
1504270 973
1504280 966
1504290 966
1504300 960
1504310 959
1504320 959
1504330 959
1504340 957
1504350 957
1504360 955
1504370 953
1504380 953
1504390 952
1504400 950
1504410 950
1504420 947
1504430 944
1504440 944
1504450 940
1504460 935
1504470 935
1504480 931
1504490 927
1504500 927
1504510 922
1504520 918
1504530 918
1504540 913
1504550 910
1504560 910
1504570 906
1504580 902
1504590 902
1504600 898
1504610 894
1504620 894
1504630 890
1504640 885
1504650 882
1504660 882
1504670 879
1504680 876
1504690 876
1504700 873
1504710 870
1504720 870
1504730 868
1504740 866
1504750 866
1504760 864
1504770 862
1504780 862
1504790 860
1504800 857
1504810 857
1504820 855
1504830 852
1504840 852
1504850 850
1504860 848
1504870 848
1504880 846
1504890 844
1504900 844
1504910 841
1504920 838
1504930 838
1504940 836
1504950 833
1504960 833
1504970 829
1504980 828
1504990 828
1505000 831
1505010 834
1505020 835
1505030 835
1505040 835
1505050 835
1505060 835
1505070 835
1505080 834
1505090 834
1505100 832
1505110 829
1505120 829
1505130 826
1505140 823
1505150 823
1505160 820
1505170 818
1505180 818
1505190 814
1505200 809
1505210 809
1505220 805
1505230 801
1505240 801
1505250 798
1505260 795
1505270 795
1505280 792
1505290 787
1505300 787
1505310 782
1505320 777
1505330 777
1505340 773
1505350 770
1505360 770
1505370 768
1505380 767
1505390 767
1505400 766
1505410 765
1505420 764
1505430 764
1505440 763
1505450 762
1505460 762
1505470 761
1505480 760
1505490 760
1505500 759
1505510 760
1505520 760
1505530 759
1505540 758
1505550 758
1505560 757
1505570 756
1505580 756
1505590 755
1505600 754
1505610 754
1505620 752
1505630 751
1505640 751
1505650 750
1505660 749
1505670 749
1505680 748
1505690 747
1505700 747
1505710 746
1505720 746
1505730 746
1505740 745
1505750 744
1505760 744
1505770 744
1505780 743
1505790 743
1505800 743
1505810 742
1505820 742
1505830 742
1505840 742
1505850 741
1505860 741
1505870 740
1505880 740
1505890 740
1505900 739
1505910 738
1505920 738
1505930 737
1505940 736
1505950 736
1505960 735
1505970 734
1505980 734
1505990 733
1506000 731
1506010 731
1506020 730
1506030 729
1506040 729
1506050 728
1506060 727
1506070 727
1506080 727
1506090 727
1506100 727
1506110 726
1506120 726
1506130 726
1506140 726
1506150 726
1506160 726
1506170 726
1506180 726
1506190 726
1506200 726
1506210 726
1506220 726
1506230 726
1506240 726
1506250 726
1506260 726
1506270 727
1506280 727
1506290 727
1506300 727
1506310 727
1506320 727
1506330 726
1506340 726
1506350 726
1506360 726
1506370 726
1506380 726
1506390 726
1506400 726
1506410 726
1506420 726
1506430 726
1506440 726
1506450 726
1506460 726
1506470 726
1506480 727
1506490 727
1506500 727
1506510 727
1506520 726
1506530 726
1506540 726
1506550 726
1506560 726
1506570 726
1506580 726
1506590 726
1506600 726
1506610 727
1506620 726
1506630 726
1506640 726
1506650 725
1506660 725
1506670 725
1506680 725
1506690 725
1506700 725
1506710 725
1506720 725
1506730 725
1506740 726
1506750 726
1506760 726
1506770 726
1506780 726
1506790 726
1506800 726
1506810 726
1506820 726
1506830 728
1506840 728
1506850 730
1506860 728
1506870 728
1506880 725
1506890 724
1506900 724
1506910 724
1506920 724
1506930 724
1506940 724
1506950 724
1506960 724
1506970 724
1506980 725
1506990 725
1507000 725
1507010 725
1507020 724
1507030 724
1507040 724
1507050 724
1507060 724
1507070 724
1507080 724
1507090 724
1507100 724
1507110 724
1507120 724
1507130 724
1507140 723
1507150 723
1507160 724
1507170 725
1507180 725
1507190 728
1507200 731
1507210 731
1507220 733
1507230 734
1507240 734
1507250 735
1507260 737
1507270 739
1507280 739
1507290 740
1507300 741
1507310 741
1507320 742
1507330 744
1507340 744
1507350 745
1507360 746
1507370 746
1507380 747
1507390 751
1507400 751
1507410 754
1507420 756
1507430 756
1507440 758
1507450 758
1507460 758
1507470 757
1507480 758
1507490 758
1507500 760
1507510 761
1507520 761
1507530 762
1507540 765
1507550 765
1507560 766
1507570 768
1507580 768
1507590 772
1507600 775
1507610 775
1507620 779
1507630 783
1507640 786
1507650 786
1507660 788
1507670 791
1507680 791
1507690 793
1507700 795
1507710 795
1507720 797
1507730 800
1507740 800
1507750 803
1507760 805
1507770 805
1507780 808
1507790 811
1507800 811
1507810 811
1507820 811
1507830 811
1507840 814
1507850 819
1507860 819
1507870 821
1507880 822
1507890 822
1507900 824
1507910 827
1507920 827
1507930 828
1507940 830
1507950 830
1507960 834
1507970 839
1507980 839
1507990 844
1508000 846
1508010 848
1508020 848
1508030 847
1508040 847
1508050 847
1508060 848
1508070 849
1508080 849
1508090 849
1508100 848
1508110 848
1508120 847
1508130 848
1508140 848
1508150 849
1508160 849
1508170 849
1508180 849
1508190 849
1508200 849
1508210 849
1508220 850
1508230 850
1508240 850
1508250 851
1508260 851
1508270 852
1508280 852
1508290 852
1508300 853
1508310 854
1508320 854
1508330 857
1508340 862
1508350 862
1508360 867
1508370 870
1508380 870
1508390 871
1508400 872
1508410 872
1508420 872
1508430 872
1508440 874
1508450 874
1508460 877
1508470 880
1508480 880
1508490 882
1508500 884
1508510 884
1508520 886
1508530 887
1508540 887
1508550 887
1508560 885
1508570 885
1508580 881
1508590 880
1508600 880
1508610 880
1508620 880
1508630 880
1508640 880
1508650 882
1508660 882
1508670 884
1508680 888
1508690 888
1508700 893
1508710 897
1508720 897
1508730 899
1508740 900
1508750 900
1508760 902
1508770 905
1508780 907
1508790 907
1508800 910
1508810 913
1508820 913
1508830 917
1508840 919
1508850 919
1508860 920
1508870 921
1508880 921
1508890 923
1508900 924
1508910 924
1508920 925
1508930 922
1508940 922
1508950 916
1508960 912
1508970 912
1508980 910
1508990 908
1509000 908
1509010 905
1509020 901
1509030 901
1509040 897
1509050 893
1509060 893
1509070 889
1509080 885
1509090 885
1509100 881
1509110 876
1509120 876
1509130 872
1509140 867
1509150 863
1509160 863
1509170 858
1509180 854
1509190 854
1509200 849
1509210 844
1509220 844
1509230 838
1509240 830
1509250 830
1509260 822
1509270 816
1509280 816
1509290 812
1509300 809
1509310 809
1509320 808
1509330 809
1509340 809
1509350 812
1509360 816
1509370 816
1509380 817
1509390 815
1509400 815
1509410 813
1509420 814
1509430 814
1509440 817
1509450 822
1509460 822
1509470 828
1509480 833
1509490 833
1509500 837
1509510 842
1509520 845
1509530 845
1509540 847
1509550 850
1509560 850
1509570 853
1509580 855
1509590 855
1509600 857
1509610 860
1509620 860
1509630 861
1509640 863
1509650 863
1509660 864
1509670 866
1509680 866
1509690 868
1509700 871
1509710 871
1509720 874
1509730 878
1509740 878
1509750 884
1509760 889
1509770 889
1509780 893
1509790 897
1509800 897
1509810 900
1509820 905
1509830 905
1509840 909
1509850 912
1509860 912
1509870 915
1509880 918
1509890 922
1509900 922
1509910 926
1509920 930
1509930 930
1509940 935
1509950 940
1509960 940
1509970 945
1509980 950
1509990 950
1510000 955
1510010 959
1510020 959
1510030 964
1510040 969
1510050 969
1510060 973
1510070 977
1510080 977
1510090 981
1510100 984
1510110 984
1510120 988
1510130 993
1510140 993
1510150 997
1510160 1001
1510170 1001
1510180 1004
1510190 1008
1510200 1008
1510210 1010
1510220 1012
1510230 1012
1510240 1015
1510250 1020
1510260 1025
1510270 1025
1510280 1029
1510290 1033
1510300 1033
1510310 1037
1510320 1041
1510330 1041
1510340 1045
1510350 1049
1510360 1049
1510370 1054
1510380 1058
1510390 1058
1510400 1061
1510410 1064
1510420 1064
1510430 1067
1510440 1069
1510450 1069
1510460 1071
1510470 1074
1510480 1074
1510490 1075
1510500 1078
1510510 1078
1510520 1081
1510530 1083
1510540 1083
1510550 1086
1510560 1087
1510570 1087
1510580 1089
1510590 1093
1510600 1093
1510610 1098
1510620 1104
1510630 1110
1510640 1110
1510650 1116
1510660 1122
1510670 1122
1510680 1127
1510690 1133
1510700 1133
1510710 1141
1510720 1147
1510730 1147
1510740 1151
1510750 1156
1510760 1156
1510770 1161
1510780 1165
1510790 1165
1510800 1166
1510810 1167
1510820 1167
1510830 1169
1510840 1173
1510850 1173
1510860 1175
1510870 1177
1510880 1177
1510890 1180
1510900 1183
1510910 1183
1510920 1185
1510930 1188
1510940 1188
1510950 1188
1510960 1192
1510970 1192
1510980 1193
1510990 1194
1511000 1194
1511010 1194
1511020 1191
1511030 1188
1511040 1188
1511050 1183
1511060 1180
1511070 1180
1511080 1180
1511090 1181
1511100 1181
1511110 1181
1511120 1180
1511130 1180
1511140 1178
1511150 1178
1511160 1178
1511170 1179
1511180 1176
1511190 1176
1511200 1177
1511210 1177
1511220 1177
1511230 1176
1511240 1174
1511250 1174
1511260 1174
1511270 1175
1511280 1175
1511290 1176
1511300 1178
1511310 1178
1511320 1180
1511330 1181
1511340 1181
1511350 1180
1511360 1179
1511370 1179
1511380 1179
1511390 1178
1511400 1178
1511410 1178
1511420 1182
1511430 1183
1511440 1183
1511450 1182
1511460 1181
1511470 1181
1511480 1179
1511490 1172
1511500 1172
1511510 1162
1511520 1155
1511530 1155
1511540 1149
1511550 1145
1511560 1145
1511570 1142
1511580 1142
1511590 1142
1511600 1142
1511610 1141
1511620 1141
1511630 1141
1511640 1138
1511650 1138
1511660 1134
1511670 1129
1511680 1129
1511690 1121
1511700 1117
1511710 1117
1511720 1116
1511730 1108
1511740 1108
1511750 1102
1511760 1101
1511770 1101
1511780 1101
1511790 1103
1511800 1106
1511810 1106
1511820 1110
1511830 1116
1511840 1116
1511850 1127
1511860 1140
1511870 1140
1511880 1152
1511890 1166
1511900 1166
1511910 1178
1511920 1182
1511930 1182
1511940 1182
1511950 1184
1511960 1184
1511970 1186
1511980 1186
1511990 1186
1512000 1187
1512010 1186
1512020 1186
1512030 1181
1512040 1174
1512050 1174
1512060 1168
1512070 1161
1512080 1161
1512090 1157
1512100 1162
1512110 1162
1512120 1169
1512130 1177
1512140 1186
1512150 1186
1512160 1193
1512170 1196
1512180 1196
1512190 1198
1512200 1199
1512210 1199
1512220 1198
1512230 1198
1512240 1198
1512250 1197
1512260 1198
1512270 1198
1512280 1199
1512290 1202
1512300 1202
1512310 1204
1512320 1207
1512330 1207
1512340 1213
1512350 1217
1512360 1217
1512370 1220
1512380 1221
1512390 1221
1512400 1223
1512410 1224
1512420 1224
1512430 1227
1512440 1231
1512450 1231
1512460 1235
1512470 1240
1512480 1240
1512490 1244
1512500 1250
1512510 1260
1512520 1260
1512530 1268
1512540 1272
1512550 1272
1512560 1275
1512570 1282
1512580 1282
1512590 1288
1512600 1290
1512610 1290
1512620 1287
1512630 1287
1512640 1287
1512650 1289
1512660 1292
1512670 1292
1512680 1296
1512690 1300
1512700 1300
1512710 1306
1512720 1311
1512730 1311
1512740 1315
1512750 1319
1512760 1319
1512770 1322
1512780 1326
1512790 1326
1512800 1331
1512810 1335
1512820 1335
1512830 1339
1512840 1341
1512850 1341
1512860 1343
1512870 1345
1512880 1346
1512890 1346
1512900 1347
1512910 1349
1512920 1349
1512930 1351
1512940 1353
1512950 1353
1512960 1355
1512970 1358
1512980 1358
1512990 1361
1513000 1364
1513010 1364
1513020 1367
1513030 1370
1513040 1370
1513050 1372
1513060 1375
1513070 1375
1513080 1379
1513090 1385
1513100 1385
1513110 1394
1513120 1402
1513130 1402
1513140 1406
1513150 1407
1513160 1407
1513170 1408
1513180 1410
1513190 1410
1513200 1414
1513210 1417
1513220 1417
1513230 1419
1513240 1422
1513250 1425
1513260 1425
1513270 1429
1513280 1433
1513290 1433
1513300 1438
1513310 1443
1513320 1443
1513330 1447
1513340 1450
1513350 1450
1513360 1453
1513370 1455
1513380 1455
1513390 1458
1513400 1462
1513410 1462
1513420 1466
1513430 1469
1513440 1469
1513450 1474
1513460 1479
1513470 1479
1513480 1484
1513490 1488
1513500 1488
1513510 1492
1513520 1496
1513530 1496
1513540 1499
1513550 1501
1513560 1501
1513570 1504
1513580 1505
1513590 1505
1513600 1506
1513610 1505
1513620 1506
1513630 1506
1513640 1507
1513650 1507
1513660 1507
1513670 1508
1513680 1508
1513690 1508
1513700 1509
1513710 1511
1513720 1511
1513730 1512
1513740 1514
1513750 1514
1513760 1516
1513770 1519
1513780 1519
1513790 1522
1513800 1526
1513810 1526
1513820 1531
1513830 1535
1513840 1535
1513850 1539
1513860 1542
1513870 1542
1513880 1544
1513890 1546
1513900 1546
1513910 1550
1513920 1554
1513930 1554
1513940 1558
1513950 1563
1513960 1563
1513970 1567
1513980 1570
1513990 1570
1514000 1574
1514010 1578
1514020 1582
1514030 1582
1514040 1587
1514050 1590
1514060 1590
1514070 1589
1514080 1589
1514090 1589
1514100 1590
1514110 1593
1514120 1593
1514130 1597
1514140 1602
1514150 1602
1514160 1607
1514170 1610
1514180 1610
1514190 1615
1514200 1620
1514210 1620
1514220 1623
1514230 1625
1514240 1625
1514250 1626
1514260 1627
1514270 1627
1514280 1626
1514290 1624
1514300 1624
1514310 1624
1514320 1625
1514330 1625
1514340 1628
1514350 1629
1514360 1629
1514370 1629
1514380 1629
1514390 1629
1514400 1629
1514410 1630
1514420 1630
1514430 1630
1514440 1628
1514450 1624
1514460 1624
1514470 1620
1514480 1616
1514490 1616
1514500 1614
1514510 1611
1514520 1611
1514530 1606
1514540 1600
1514550 1600
1514560 1593
1514570 1586
1514580 1586
1514590 1580
1514600 1576
1514610 1576
1514620 1574
1514630 1573
1514640 1573
1514650 1571
1514660 1565
1514670 1565
1514680 1559
1514690 1553
1514700 1553
1514710 1547
1514720 1539
1514730 1539
1514740 1525
1514750 1513
1514760 1507
1514770 1507
1514780 1500
1514790 1491
1514800 1491
1514810 1483
1514820 1471
1514830 1471
1514840 1460
1514850 1455
1514860 1455
1514870 1451
1514880 1445
1514890 1445
1514900 1440
1514910 1435
1514920 1435
1514930 1430
1514940 1425
1514950 1425
1514960 1421
1514970 1417
1514980 1417
1514990 1413
1515000 1410
1515010 1410
1515020 1406
1515030 1403
1515040 1403
1515050 1400
1515060 1396
1515070 1396
1515080 1394
1515090 1390
1515100 1390
1515110 1386
1515120 1382
1515130 1377
1515140 1377
1515150 1371
1515160 1365
1515170 1365
1515180 1359
1515190 1354
1515200 1354
1515210 1350
1515220 1347
1515230 1347
1515240 1344
1515250 1341
1515260 1341
1515270 1337
1515280 1335
1515290 1335
1515300 1334
1515310 1332
1515320 1332
1515330 1330
1515340 1328
1515350 1328
1515360 1326
1515370 1324
1515380 1324
1515390 1323
1515400 1321
1515410 1326
1515420 1325
1515430 1325
1515440 1325
1515450 1326
1515460 1328
1515470 1328
1515480 1329
1515490 1329
1515500 1328
1515510 1328
1515520 1324
1515530 1320
1515540 1320
1515550 1316
1515560 1311
1515570 1311
1515580 1305
1515590 1300
1515600 1300
1515610 1299
1515620 1297
1515630 1297
1515640 1294
1515650 1293
1515660 1293
1515670 1294
1515680 1296
1515690 1296
1515700 1303
1515710 1313
1515720 1313
1515730 1320
1515740 1331
1515750 1331
1515760 1340
1515770 1345
1515780 1345
1515790 1347
1515800 1345
1515810 1345
1515820 1341
1515830 1336
1515840 1336
1515850 1332
1515860 1327
1515870 1321
1515880 1321
1515890 1317
1515900 1315
1515910 1315
1515920 1315
1515930 1317
1515940 1317
1515950 1319
1515960 1323
1515970 1323
1515980 1327
1515990 1327
1516000 1327
1516010 1326
1516020 1322
1516030 1322
1516040 1316
1516050 1310
1516060 1310
1516070 1305
1516080 1300
1516090 1300
1516100 1295
1516110 1288
1516120 1288
1516130 1282
1516140 1279
1516150 1279
1516160 1277
1516170 1277
1516180 1277
1516190 1276
1516200 1276
1516210 1276
1516220 1278
1516230 1280
1516240 1280
1516250 1282
1516260 1286
1516270 1291
1516280 1291
1516290 1297
1516300 1302
1516310 1302
1516320 1308
1516330 1315
1516340 1315
1516350 1324
1516360 1335
1516370 1335
1516380 1346
1516390 1355
1516400 1355
1516410 1363
1516420 1370
1516430 1370
1516440 1378
1516450 1386
1516460 1386
1516470 1393
1516480 1399
1516490 1399
1516500 1403
1516510 1405
1516520 1405
1516530 1408
1516540 1412
1516550 1412
1516560 1415
1516570 1418
1516580 1418
1516590 1418
1516600 1416
1516610 1416
1516620 1415
1516630 1417
1516640 1419
1516650 1419
1516660 1421
1516670 1422
1516680 1422
1516690 1425
1516700 1428
1516710 1428
1516720 1430
1516730 1431
1516740 1431
1516750 1431
1516760 1431
1516770 1431
1516780 1430
1516790 1429
1516800 1429
1516810 1428
1516820 1427
1516830 1427
1516840 1426
1516850 1425
1516860 1425
1516870 1427
1516880 1431
1516890 1431
1516900 1434
1516910 1438
1516920 1438
1516930 1439
1516940 1437
1516950 1437
1516960 1433
1516970 1431
1516980 1431
1516990 1429
1517000 1427
1517010 1425
1517020 1425
1517030 1422
1517040 1415
1517050 1415
1517060 1404
1517070 1396
1517080 1396
1517090 1391
1517100 1387
1517110 1387
1517120 1384
1517130 1380
1517140 1380
1517150 1377
1517160 1375
1517170 1375
1517180 1373
1517190 1373
1517200 1373
1517210 1370
1517220 1367
1517230 1367
1517240 1363
1517250 1359
1517260 1359
1517270 1354
1517280 1350
1517290 1350
1517300 1347
1517310 1344
1517320 1344
1517330 1341
1517340 1340
1517350 1340
1517360 1340
1517370 1340
1517380 1339
1517390 1339
1517400 1339
1517410 1340
1517420 1340
1517430 1339
1517440 1337
1517450 1337
1517460 1335
1517470 1334
1517480 1334
1517490 1333
1517500 1332
1517510 1332
1517520 1332
1517530 1333
1517540 1333
1517550 1334
1517560 1334
1517570 1334
1517580 1333
1517590 1332
1517600 1332
1517610 1332
1517620 1335
1517630 1335
1517640 1340
1517650 1346
1517660 1346
1517670 1353
1517680 1361
1517690 1361
1517700 1370
1517710 1378
1517720 1378
1517730 1388
1517740 1395
1517750 1401
1517760 1401
1517770 1411
1517780 1421
1517790 1421
1517800 1429
1517810 1437
1517820 1437
1517830 1444
1517840 1452
1517850 1452
1517860 1458
1517870 1465
1517880 1465
1517890 1466
1517900 1471
1517910 1471
1517920 1486
1517930 1495
1517940 1495
1517950 1499
1517960 1501
1517970 1501
1517980 1504
1517990 1506
1518000 1506
1518010 1507
1518020 1508
1518030 1508
1518040 1506
1518050 1503
1518060 1503
1518070 1499
1518080 1498
1518090 1498
1518100 1498
1518110 1496
1518120 1496
1518130 1496
1518140 1494
1518150 1492
1518160 1492
1518170 1490
1518180 1487
1518190 1487
1518200 1483
1518210 1477
1518220 1477
1518230 1469
1518240 1459
1518250 1459
1518260 1441
1518270 1428
1518280 1428
1518290 1420
1518300 1412
1518310 1412
1518320 1402
1518330 1390
1518340 1390
1518350 1380
1518360 1371
1518370 1371
1518380 1363
1518390 1353
1518400 1353
1518410 1342
1518420 1327
1518430 1327
1518440 1310
1518450 1293
1518460 1293
1518470 1281
1518480 1270
1518490 1261
1518500 1261
1518510 1252
1518520 1242
1518530 1242
1518540 1233
1518550 1222
1518560 1222
1518570 1209
1518580 1196
1518590 1196
1518600 1185
1518610 1178
1518620 1178
1518630 1168
1518640 1158
1518650 1158
1518660 1148
1518670 1141
1518680 1141
1518690 1135
1518700 1129
1518710 1129
1518720 1121
1518730 1113
1518740 1113
1518750 1110
1518760 1108
1518770 1108
1518780 1105
1518790 1101
1518800 1101
1518810 1095
1518820 1090
1518830 1090
1518840 1086
1518850 1084
1518860 1084
1518870 1082
1518880 1080
1518890 1072
1518900 1072
1518910 1065
1518920 1059
1518930 1059
1518940 1054
1518950 1039
1518960 1039
1518970 1028
1518980 1021
1518990 1021
1519000 1011
1519010 1004
1519020 1004
1519030 1000
1519040 998
1519050 998
1519060 994
1519070 993
1519080 993
1519090 994
1519100 993
1519110 993
1519120 993
1519130 990
1519140 990
1519150 987
1519160 984
1519170 984
1519180 980
1519190 976
1519200 976
1519210 971
1519220 964
1519230 964
1519240 956
1519250 948
1519260 940
1519270 940
1519280 933
1519290 926
1519300 926
1519310 916
1519320 907
1519330 907
1519340 900
1519350 892
1519360 892
1519370 884
1519380 877
1519390 877
1519400 871
1519410 865
1519420 865
1519430 857
1519440 841
1519450 841
1519460 833
1519470 831
1519480 831
1519490 827
1519500 821
1519510 821
1519520 810
1519530 804
1519540 804
1519550 795
1519560 785
1519570 785
1519580 779
1519590 776
1519600 776
1519610 770
1519620 757
1519630 747
1519640 747
1519650 739
1519660 731
1519670 731
1519680 723
1519690 715
1519700 715
1519710 708
1519720 701
1519730 701
1519740 694
1519750 688
1519760 688
1519770 682
1519780 676
1519790 676
1519800 670
1519810 664
1519820 664
1519830 658
1519840 649
1519850 649
1519860 639
1519870 628
1519880 628
1519890 624
1519900 625
1519910 625
1519920 621
1519930 615
1519940 615
1519950 609
1519960 604
1519970 604
1519980 599
1519990 593
