1500000 1060
1500010 1058
1500020 1054
1500030 1054
1500040 1048
1500050 1050
1500060 1050
1500070 1047
1500080 1049
1500090 1049
1500100 1050
1500110 1048
1500120 1048
1500130 1045
1500140 1044
1500150 1044
1500160 1047
1500170 1043
1500180 1048
1500190 1048
1500200 1052
1500210 1054
1500220 1054
1500230 1054
1500240 1047
1500250 1047
1500260 1041
1500270 1042
1500280 1042
1500290 1042
1500300 1040
1500310 1040
1500320 1035
1500330 1031
1500340 1031
1500350 1031
1500360 1038
1500370 1038
1500380 1047
1500390 1056
1500400 1056
1500410 1061
1500420 1060
1500430 1060
1500440 1058
1500450 1055
1500460 1055
1500470 1052
1500480 1049
1500490 1049
1500500 1046
1500510 1043
1500520 1043
1500530 1042
1500540 1039
1500550 1039
1500560 1039
1500570 1037
1500580 1036
1500590 1036
1500600 1034
1500610 1030
1500620 1030
1500630 1027
1500640 1024
1500650 1024
1500660 1024
1500670 1026
1500680 1026
1500690 1027
1500700 1029
1500710 1029
1500720 1033
1500730 1036
1500740 1036
1500750 1037
1500760 1037
1500770 1037
1500780 1031
1500790 1033
1500800 1033
1500810 1037
1500820 1041
1500830 1041
1500840 1046
1500850 1048
1500860 1048
1500870 1049
1500880 1050
1500890 1050
1500900 1052
1500910 1053
1500920 1053
1500930 1053
1500940 1055
1500950 1056
1500960 1056
1500970 1057
1500980 1055
1500990 1055
1501000 1055
1501010 1057
1501020 1057
1501030 1059
1501040 1061
1501050 1061
1501060 1062
1501070 1065
1501080 1065
1501090 1066
1501100 1066
1501110 1066
1501120 1065
1501130 1065
1501140 1065
1501150 1063
1501160 1063
1501170 1063
1501180 1068
1501190 1072
1501200 1072
1501210 1074
1501220 1075
1501230 1075
1501240 1075
1501250 1075
1501260 1075
1501270 1076
1501280 1078
1501290 1078
1501300 1081
1501310 1083
1501320 1084
1501330 1084
1501340 1086
1501350 1087
1501360 1087
1501370 1088
1501380 1090
1501390 1090
1501400 1092
1501410 1094
1501420 1094
1501430 1096
1501440 1100
1501450 1100
1501460 1104
1501470 1108
1501480 1108
1501490 1113
1501500 1115
1501510 1115
1501520 1119
1501530 1123
1501540 1123
1501550 1126
1501560 1130
1501570 1130
1501580 1133
1501590 1136
1501600 1136
1501610 1139
1501620 1141
1501630 1141
1501640 1144
1501650 1146
1501660 1146
1501670 1149
1501680 1151
1501690 1153
1501700 1153
1501710 1155
1501720 1157
1501730 1157
1501740 1158
1501750 1160
1501760 1160
1501770 1161
1501780 1162
1501790 1162
1501800 1163
1501810 1164
1501820 1164
1501830 1165
1501840 1166
1501850 1166
1501860 1166
1501870 1167
1501880 1167
1501890 1167
1501900 1168
1501910 1168
1501920 1168
1501930 1169
1501940 1169
1501950 1170
1501960 1171
1501970 1171
1501980 1171
1501990 1172
1502000 1172
1502010 1173
1502020 1174
1502030 1174
1502040 1175
1502050 1177
1502060 1178
1502070 1178
1502080 1179
1502090 1180
1502100 1180
1502110 1181
1502120 1183
1502130 1183
1502140 1185
1502150 1186
1502160 1186
1502170 1188
1502180 1190
1502190 1190
1502200 1192
1502210 1194
1502220 1194
1502230 1196
1502240 1198
1502250 1198
1502260 1200
1502270 1202
1502280 1202
1502290 1203
1502300 1205
1502310 1205
1502320 1206
1502330 1207
1502340 1207
1502350 1208
1502360 1209
1502370 1209
1502380 1210
1502390 1211
1502400 1211
1502410 1211
1502420 1212
1502430 1212
1502440 1212
1502450 1213
1502460 1212
1502470 1212
1502480 1212
1502490 1212
1502500 1212
1502510 1212
1502520 1211
1502530 1211
1502540 1210
1502550 1209
1502560 1209
1502570 1207
1502580 1206
1502590 1206
1502600 1200
1502610 1194
1502620 1194
1502630 1194
1502640 1194
1502650 1194
1502660 1194
1502670 1195
1502680 1195
1502690 1197
1502700 1198
1502710 1198
1502720 1199
1502730 1200
1502740 1200
1502750 1200
1502760 1201
1502770 1201
1502780 1202
1502790 1202
1502800 1203
1502810 1203
1502820 1203
1502830 1204
1502840 1204
1502850 1204
1502860 1203
1502870 1203
1502880 1202
1502890 1201
1502900 1201
1502910 1200
1502920 1200
1502930 1200
1502940 1199
1502950 1199
1502960 1199
1502970 1197
1502980 1196
1502990 1196
1503000 1194
1503010 1191
1503020 1191
1503030 1188
1503040 1186
1503050 1186
1503060 1186
1503070 1186
1503080 1186
1503090 1185
1503100 1185
1503110 1185
1503120 1185
1503130 1184
1503140 1184
1503150 1184
1503160 1183
1503170 1182
1503180 1182
1503190 1180
1503200 1178
1503210 1178
1503220 1176
1503230 1174
1503240 1174
1503250 1171
1503260 1169
1503270 1169
1503280 1167
1503290 1165
1503300 1165
1503310 1163
1503320 1161
1503330 1161
1503340 1159
1503350 1157
1503360 1157
1503370 1155
1503380 1153
1503390 1153
1503400 1150
1503410 1148
1503420 1148
1503430 1146
1503440 1144
1503450 1144
1503460 1143
1503470 1141
1503480 1141
1503490 1140
1503500 1140
1503510 1140
1503520 1138
1503530 1137
1503540 1137
1503550 1136
1503560 1135
1503570 1135
1503580 1135
1503590 1134
1503600 1133
1503610 1133
1503620 1132
1503630 1131
1503640 1131
1503650 1130
1503660 1127
1503670 1127
1503680 1125
1503690 1125
1503700 1125
1503710 1124
1503720 1121
1503730 1121
1503740 1118
1503750 1117
1503760 1117
1503770 1116
1503780 1114
1503790 1114
1503800 1111
1503810 1109
1503820 1109
1503830 1108
1503840 1106
1503850 1106
1503860 1103
1503870 1100
1503880 1100
1503890 1099
1503900 1096
1503910 1096
1503920 1093
1503930 1091
1503940 1088
1503950 1088
1503960 1083
1503970 1079
1503980 1079
1503990 1076
1504000 1072
1504010 1072
1504020 1068
1504030 1063
1504040 1063
1504050 1059
1504060 1055
1504070 1055
1504080 1052
1504090 1050
1504100 1050
1504110 1047
1504120 1045
1504130 1045
1504140 1043
1504150 1040
1504160 1040
1504170 1035
1504180 1028
1504190 1028
1504200 1021
1504210 1014
1504220 1014
1504230 1009
1504240 1007
1504250 1007
1504260 1007
1504270 1005
1504280 1005
1504290 1002
1504300 999
1504310 995
1504320 995
1504330 991
1504340 988
1504350 988
1504360 985
1504370 981
1504380 981
1504390 976
1504400 971
1504410 971
1504420 965
1504430 958
1504440 958
1504450 953
1504460 950
1504470 950
1504480 946
1504490 941
1504500 941
1504510 934
1504520 930
1504530 930
1504540 925
1504550 921
1504560 921
1504570 918
1504580 916
1504590 916
1504600 913
1504610 910
1504620 910
1504630 906
1504640 903
1504650 903
1504660 900
1504670 896
1504680 891
1504690 891
1504700 888
1504710 886
1504720 886
1504730 883
1504740 880
1504750 880
1504760 878
1504770 875
1504780 875
1504790 872
1504800 869
1504810 869
1504820 866
1504830 863
1504840 863
1504850 860
1504860 856
1504870 856
1504880 853
1504890 850
1504900 850
1504910 848
1504920 846
1504930 846
1504940 844
1504950 842
1504960 842
1504970 839
1504980 836
1504990 836
1505000 835
1505010 833
1505020 833
1505030 830
1505040 828
1505050 824
1505060 824
1505070 820
1505080 816
1505090 816
1505100 811
1505110 807
1505120 807
1505130 804
1505140 802
1505150 802
1505160 801
1505170 799
1505180 799
1505190 797
1505200 794
1505210 794
1505220 792
1505230 790
1505240 790
1505250 789
1505260 787
1505270 787
1505280 786
1505290 784
1505300 784
1505310 782
1505320 781
1505330 781
1505340 779
1505350 778
1505360 778
1505370 778
1505380 778
1505390 778
1505400 777
1505410 775
1505420 773
1505430 773
1505440 772
1505450 770
1505460 770
1505470 769
1505480 768
1505490 768
1505500 767
1505510 766
1505520 766
1505530 765
1505540 765
1505550 765
1505560 764
1505570 765
1505580 765
1505590 766
1505600 766
1505610 766
1505620 766
1505630 765
1505640 765
1505650 764
1505660 762
1505670 762
1505680 759
1505690 757
1505700 757
1505710 755
1505720 753
1505730 753
1505740 751
1505750 749
1505760 749
1505770 747
1505780 745
1505790 744
1505800 744
1505810 742
1505820 740
1505830 740
1505840 739
1505850 738
1505860 738
1505870 737
1505880 737
1505890 737
1505900 736
1505910 736
1505920 736
1505930 736
1505940 736
1505950 736
1505960 735
1505970 735
1505980 735
1505990 734
1506000 734
1506010 734
1506020 734
1506030 733
1506040 733
1506050 732
1506060 731
1506070 731
1506080 730
1506090 730
1506100 730
1506110 729
1506120 728
1506130 728
1506140 728
1506150 727
1506160 727
1506170 727
1506180 727
1506190 727
1506200 727
1506210 727
1506220 727
1506230 727
1506240 727
1506250 727
1506260 727
1506270 727
1506280 726
1506290 726
1506300 726
1506310 726
1506320 726
1506330 727
1506340 727
1506350 727
1506360 727
1506370 726
1506380 726
1506390 726
1506400 726
1506410 726
1506420 726
1506430 726
1506440 726
1506450 726
1506460 726
1506470 726
1506480 725
1506490 725
1506500 725
1506510 726
1506520 726
1506530 726
1506540 725
1506550 726
1506560 726
1506570 726
1506580 726
1506590 726
1506600 726
1506610 726
1506620 726
1506630 726
1506640 725
1506650 725
1506660 725
1506670 725
1506680 725
1506690 725
1506700 725
1506710 725
1506720 725
1506730 725
1506740 726
1506750 726
1506760 726
1506770 726
1506780 726
1506790 725
1506800 725
1506810 725
1506820 725
1506830 725
1506840 725
1506850 725
1506860 725
1506870 725
1506880 725
1506890 725
1506900 725
1506910 725
1506920 725
1506930 724
1506940 724
1506950 724
1506960 724
1506970 724
1506980 724
1506990 724
1507000 724
1507010 724
1507020 724
1507030 724
1507040 724
1507050 724
1507060 724
1507070 723
1507080 723
1507090 723
1507100 723
1507110 723
1507120 723
1507130 723
1507140 723
1507150 723
1507160 723
1507170 723
1507180 723
1507190 723
1507200 723
1507210 723
1507220 723
1507230 722
1507240 722
1507250 722
1507260 723
1507270 723
1507280 723
1507290 724
1507300 725
1507310 725
1507320 725
1507330 725
1507340 725
1507350 725
1507360 725
1507370 725
1507380 725
1507390 726
1507400 726
1507410 727
1507420 728
1507430 728
1507440 728
1507450 729
1507460 729
1507470 730
1507480 732
1507490 732
1507500 734
1507510 735
1507520 735
1507530 736
1507540 737
1507550 737
1507560 739
1507570 740
1507580 740
1507590 742
1507600 744
1507610 744
1507620 745
1507630 747
1507640 747
1507650 748
1507660 750
1507670 752
1507680 752
1507690 754
1507700 756
1507710 756
1507720 758
1507730 760
1507740 760
1507750 762
1507760 764
1507770 764
1507780 766
1507790 769
1507800 769
1507810 771
1507820 772
1507830 772
1507840 774
1507850 776
1507860 776
1507870 780
1507880 784
1507890 784
1507900 787
1507910 789
1507920 789
1507930 791
1507940 793
1507950 793
1507960 796
1507970 799
1507980 799
1507990 802
1508000 802
1508010 802
1508020 803
1508030 807
1508040 811
1508050 811
1508060 815
1508070 818
1508080 818
1508090 820
1508100 821
1508110 821
1508120 820
1508130 817
1508140 817
1508150 816
1508160 817
1508170 817
1508180 818
1508190 821
1508200 821
1508210 823
1508220 825
1508230 825
1508240 825
1508250 825
1508260 825
1508270 827
1508280 833
1508290 833
1508300 840
1508310 843
1508320 843
1508330 844
1508340 844
1508350 844
1508360 845
1508370 846
1508380 846
1508390 847
1508400 846
1508410 846
1508420 846
1508430 845
1508440 845
1508450 845
1508460 846
1508470 848
1508480 848
1508490 851
1508500 853
1508510 853
1508520 855
1508530 855
1508540 855
1508550 853
1508560 851
1508570 851
1508580 848
1508590 848
1508600 848
1508610 849
1508620 850
1508630 850
1508640 851
1508650 853
1508660 853
1508670 854
1508680 856
1508690 856
1508700 857
1508710 858
1508720 858
1508730 859
1508740 861
1508750 861
1508760 863
1508770 865
1508780 865
1508790 869
1508800 872
1508810 872
1508820 872
1508830 871
1508840 870
1508850 870
1508860 869
1508870 868
1508880 868
1508890 868
1508900 867
1508910 867
1508920 866
1508930 865
1508940 865
1508950 864
1508960 864
1508970 864
1508980 863
1508990 863
1509000 863
1509010 862
1509020 860
1509030 860
1509040 858
1509050 856
1509060 856
1509070 852
1509080 849
1509090 849
1509100 845
1509110 841
1509120 841
1509130 838
1509140 835
1509150 835
1509160 832
1509170 828
1509180 823
1509190 823
1509200 813
1509210 803
1509220 803
1509230 799
1509240 797
1509250 797
1509260 798
1509270 800
1509280 800
1509290 804
1509300 806
1509310 806
1509320 806
1509330 806
1509340 806
1509350 806
1509360 806
1509370 806
1509380 806
1509390 809
1509400 809
1509410 814
1509420 820
1509430 820
1509440 826
1509450 833
1509460 833
1509470 838
1509480 841
1509490 841
1509500 843
1509510 843
1509520 843
1509530 844
1509540 845
1509550 846
1509560 846
1509570 848
1509580 849
1509590 849
1509600 850
1509610 852
1509620 852
1509630 853
1509640 855
1509650 855
1509660 856
1509670 857
1509680 857
1509690 858
1509700 860
1509710 860
1509720 862
1509730 865
1509740 865
1509750 869
1509760 874
1509770 874
1509780 878
1509790 882
1509800 882
1509810 886
1509820 890
1509830 890
1509840 894
1509850 897
1509860 897
1509870 900
1509880 903
1509890 903
1509900 906
1509910 910
1509920 914
1509930 914
1509940 919
1509950 923
1509960 923
1509970 926
1509980 929
1509990 929
1510000 933
1510010 937
1510020 937
1510030 942
1510040 945
1510050 945
1510060 949
1510070 952
1510080 952
1510090 955
1510100 958
1510110 958
1510120 961
1510130 965
1510140 965
1510150 969
1510160 972
1510170 972
1510180 977
1510190 981
1510200 981
1510210 986
1510220 990
1510230 990
1510240 994
1510250 998
1510260 998
1510270 1001
1510280 1004
1510290 1008
1510300 1008
1510310 1012
1510320 1016
1510330 1016
1510340 1018
1510350 1020
1510360 1020
1510370 1022
1510380 1024
1510390 1024
1510400 1026
1510410 1028
1510420 1028
1510430 1029
1510440 1030
1510450 1030
1510460 1031
1510470 1033
1510480 1033
1510490 1037
1510500 1039
1510510 1039
1510520 1040
1510530 1043
1510540 1040
1510550 1046
1510560 1050
1510570 1050
1510580 1054
1510590 1057
1510600 1057
1510610 1061
1510620 1066
1510630 1066
1510640 1070
1510650 1074
1510660 1078
1510670 1078
1510680 1082
1510690 1086
1510700 1086
1510710 1091
1510720 1095
1510730 1095
1510740 1099
1510750 1103
1510760 1103
1510770 1106
1510780 1110
1510790 1110
1510800 1116
1510810 1122
1510820 1122
1510830 1126
1510840 1129
1510850 1129
1510860 1131
1510870 1134
1510880 1134
1510890 1136
1510900 1137
1510910 1137
1510920 1138
1510930 1141
1510940 1141
1510950 1145
1510960 1147
1510970 1147
1510980 1149
1510990 1150
1511000 1150
1511010 1149
1511020 1149
1511030 1149
1511040 1149
1511050 1147
1511060 1144
1511070 1144
1511080 1141
1511090 1138
1511100 1138
1511110 1137
1511120 1138
1511130 1138
1511140 1139
1511150 1139
1511160 1139
1511170 1140
1511180 1139
1511190 1139
1511200 1139
1511210 1137
1511220 1137
1511230 1135
1511240 1131
1511250 1131
1511260 1127
1511270 1126
1511280 1126
1511290 1126
1511300 1126
1511310 1126
1511320 1128
1511330 1130
1511340 1130
1511350 1133
1511360 1137
1511370 1137
1511380 1140
1511390 1139
1511400 1139
1511410 1135
1511420 1128
1511430 1121
1511440 1121
1511450 1119
1511460 1120
1511470 1120
1511480 1120
1511490 1111
1511500 1111
1511510 1101
1511520 1094
1511530 1094
1511540 1088
1511550 1086
1511560 1086
1511570 1088
1511580 1090
1511590 1090
1511600 1091
1511610 1090
1511620 1090
1511630 1085
1511640 1073
1511650 1073
1511660 1061
1511670 1053
1511680 1053
1511690 1049
1511700 1050
1511710 1050
1511720 1054
1511730 1061
1511740 1061
1511750 1064
1511760 1061
1511770 1061
1511780 1053
1511790 1051
1511800 1054
1511810 1054
1511820 1057
1511830 1060
1511840 1060
1511850 1061
1511860 1064
1511870 1064
1511880 1068
1511890 1072
1511900 1072
1511910 1075
1511920 1076
1511930 1076
1511940 1076
1511950 1074
1511960 1074
1511970 1072
1511980 1072
1511990 1072
1512000 1073
1512010 1073
1512020 1073
1512030 1077
1512040 1091
1512050 1091
1512060 1105
1512070 1113
1512080 1113
1512090 1121
1512100 1132
1512110 1132
1512120 1146
1512130 1158
1512140 1158
1512150 1168
1512160 1179
1512170 1189
1512180 1189
1512190 1195
1512200 1199
1512210 1199
1512220 1204
1512230 1208
1512240 1208
1512250 1213
1512260 1218
1512270 1218
1512280 1223
1512290 1228
1512300 1228
1512310 1234
1512320 1240
1512330 1240
1512340 1245
1512350 1249
1512360 1249
1512370 1253
1512380 1257
1512390 1257
1512400 1261
1512410 1269
1512420 1269
1512430 1277
1512440 1282
1512450 1282
1512460 1289
1512470 1293
1512480 1293
1512490 1297
1512500 1305
1512510 1305
1512520 1312
1512530 1316
1512540 1318
1512550 1318
1512560 1321
1512570 1324
1512580 1324
1512590 1327
1512600 1329
1512610 1329
1512620 1332
1512630 1334
1512640 1334
1512650 1335
1512660 1335
1512670 1335
1512680 1335
1512690 1334
1512700 1334
1512710 1335
1512720 1336
1512730 1336
1512740 1338
1512750 1341
1512760 1341
1512770 1344
1512780 1347
1512790 1347
1512800 1351
1512810 1355
1512820 1355
1512830 1358
1512840 1361
1512850 1361
1512860 1363
1512870 1364
1512880 1364
1512890 1368
1512900 1373
1512910 1376
1512920 1376
1512930 1380
1512940 1383
1512950 1383
1512960 1386
1512970 1390
1512980 1390
1512990 1396
1513000 1399
1513010 1399
1513020 1403
1513030 1405
1513040 1405
1513050 1408
1513060 1412
1513070 1412
1513080 1414
1513090 1417
1513100 1417
1513110 1420
1513120 1422
1513130 1422
1513140 1425
1513150 1428
1513160 1428
1513170 1432
1513180 1435
1513190 1435
1513200 1439
1513210 1444
1513220 1444
1513230 1448
1513240 1453
1513250 1453
1513260 1458
1513270 1463
1513280 1468
1513290 1468
1513300 1472
1513310 1477
1513320 1477
1513330 1481
1513340 1485
1513350 1485
1513360 1490
1513370 1494
1513380 1494
1513390 1498
1513400 1501
1513410 1501
1513420 1504
1513430 1507
1513440 1507
1513450 1510
1513460 1512
1513470 1512
1513480 1515
1513490 1517
1513500 1517
1513510 1518
1513520 1519
1513530 1519
1513540 1523
1513550 1527
1513560 1527
1513570 1529
1513580 1529
1513590 1529
1513600 1530
1513610 1531
1513620 1531
1513630 1533
1513640 1535
1513650 1536
1513660 1536
1513670 1537
1513680 1540
1513690 1540
1513700 1545
1513710 1550
1513720 1550
1513730 1554
1513740 1556
1513750 1556
1513760 1559
1513770 1561
1513780 1561
1513790 1564
1513800 1566
1513810 1566
1513820 1569
1513830 1571
1513840 1571
1513850 1575
1513860 1578
1513870 1578
1513880 1581
1513890 1584
1513900 1584
1513910 1585
1513920 1587
1513930 1587
1513940 1589
1513950 1591
1513960 1591
1513970 1594
1513980 1596
1513990 1596
1514000 1599
1514010 1600
1514020 1600
1514030 1600
1514040 1601
1514050 1602
1514060 1602
1514070 1605
1514080 1608
1514090 1608
1514100 1609
1514110 1611
1514120 1611
1514130 1616
1514140 1620
1514150 1620
1514160 1626
1514170 1635
1514180 1635
1514190 1639
1514200 1639
1514210 1639
1514220 1640
1514230 1644
1514240 1644
1514250 1650
1514260 1657
1514270 1657
1514280 1663
1514290 1666
1514300 1666
1514310 1664
1514320 1660
1514330 1660
1514340 1654
1514350 1648
1514360 1648
1514370 1643
1514380 1638
1514390 1638
1514400 1633
1514410 1628
1514420 1623
1514430 1623
1514440 1618
1514450 1613
1514460 1613
1514470 1607
1514480 1602
1514490 1602
1514500 1595
1514510 1588
1514520 1588
1514530 1580
1514540 1572
1514550 1572
1514560 1566
1514570 1562
1514580 1562
1514590 1557
1514600 1549
1514610 1549
1514620 1540
1514630 1527
1514640 1527
1514650 1518
1514660 1512
1514670 1512
1514680 1507
1514690 1500
1514700 1500
1514710 1490
1514720 1482
1514730 1482
1514740 1474
1514750 1467
1514760 1467
1514770 1462
1514780 1457
1514790 1451
1514800 1451
1514810 1445
1514820 1439
1514830 1439
1514840 1433
1514850 1428
1514860 1428
1514870 1422
1514880 1417
1514890 1417
1514900 1411
1514910 1405
1514920 1405
1514930 1400
1514940 1395
1514950 1395
1514960 1391
1514970 1387
1514980 1387
1514990 1384
1515000 1381
1515010 1381
1515020 1377
1515030 1373
1515040 1373
1515050 1370
1515060 1367
1515070 1367
1515080 1367
1515090 1364
1515100 1364
1515110 1363
1515120 1363
1515130 1363
1515140 1364
1515150 1364
1515160 1364
1515170 1364
1515180 1363
1515190 1363
1515200 1363
1515210 1364
1515220 1365
1515230 1365
1515240 1365
1515250 1368
1515260 1368
1515270 1371
1515280 1374
1515290 1374
1515300 1379
1515310 1383
1515320 1383
1515330 1386
1515340 1387
1515350 1387
1515360 1389
1515370 1388
1515380 1388
1515390 1387
1515400 1385
1515410 1385
1515420 1380
1515430 1372
1515440 1372
1515450 1350
1515460 1334
1515470 1334
1515480 1320
1515490 1307
1515500 1307
1515510 1291
1515520 1277
1515530 1265
1515540 1265
1515550 1252
1515560 1239
1515570 1239
1515580 1228
1515590 1218
1515600 1218
1515610 1209
1515620 1201
1515630 1201
1515640 1198
1515650 1198
1515660 1198
1515670 1198
1515680 1199
1515690 1199
1515700 1203
1515710 1208
1515720 1208
1515730 1214
1515740 1218
1515750 1218
1515760 1221
1515770 1222
1515780 1222
1515790 1225
1515800 1229
1515810 1229
1515820 1232
1515830 1236
1515840 1236
1515850 1240
1515860 1246
1515870 1246
1515880 1251
1515890 1255
1515900 1254
1515910 1254
1515920 1249
1515930 1244
1515940 1244
1515950 1239
1515960 1235
1515970 1235
1515980 1231
1515990 1230
1516000 1230
1516010 1232
1516020 1234
1516030 1234
1516040 1239
1516050 1247
1516060 1247
1516070 1245
1516080 1254
1516090 1254
1516100 1248
1516110 1248
1516120 1248
1516130 1253
1516140 1248
1516150 1248
1516160 1250
1516170 1256
1516180 1256
1516190 1257
1516200 1255
1516210 1255
1516220 1257
1516230 1260
1516240 1260
1516250 1264
1516260 1269
1516270 1269
1516280 1275
1516290 1281
1516300 1287
1516310 1287
1516320 1295
1516330 1302
1516340 1302
1516350 1310
1516360 1317
1516370 1317
1516380 1331
1516390 1344
1516400 1344
1516410 1357
1516420 1372
1516430 1372
1516440 1389
1516450 1401
1516460 1401
1516470 1406
1516480 1408
1516490 1408
1516500 1409
1516510 1410
1516520 1410
1516530 1411
1516540 1414
1516550 1414
1516560 1417
1516570 1420
1516580 1420
1516590 1424
1516600 1428
1516610 1428
1516620 1431
1516630 1434
1516640 1434
1516650 1438
1516660 1441
1516670 1443
1516680 1443
1516690 1445
1516700 1446
1516710 1446
1516720 1447
1516730 1450
1516740 1450
1516750 1453
1516760 1458
1516770 1458
1516780 1463
1516790 1467
1516800 1467
1516810 1472
1516820 1475
1516830 1475
1516840 1474
1516850 1474
1516860 1474
1516870 1475
1516880 1476
1516890 1476
1516900 1473
1516910 1470
1516920 1470
1516930 1470
1516940 1469
1516950 1469
1516960 1468
1516970 1467
1516980 1467
1516990 1465
1517000 1461
1517010 1461
1517020 1457
1517030 1450
1517040 1444
1517050 1444
1517060 1441
1517070 1433
1517080 1433
1517090 1426
1517100 1423
1517110 1423
1517120 1421
1517130 1420
1517140 1420
1517150 1418
1517160 1415
1517170 1415
1517180 1411
1517190 1407
1517200 1407
1517210 1402
1517220 1397
1517230 1397
1517240 1393
1517250 1389
1517260 1389
1517270 1385
1517280 1381
1517290 1381
1517300 1378
1517310 1374
1517320 1374
1517330 1369
1517340 1364
1517350 1364
1517360 1361
1517370 1358
1517380 1358
1517390 1355
1517400 1353
1517410 1350
1517420 1350
1517430 1348
1517440 1344
1517450 1344
1517460 1340
1517470 1338
1517480 1338
1517490 1336
1517500 1331
1517510 1331
1517520 1326
1517530 1325
1517540 1325
1517550 1321
1517560 1320
1517570 1320
1517580 1321
1517590 1322
1517600 1322
1517610 1323
1517620 1326
1517630 1326
1517640 1330
1517650 1333
1517660 1333
1517670 1338
1517680 1343
1517690 1343
1517700 1354
1517710 1363
1517720 1363
1517730 1371
1517740 1380
1517750 1380
1517760 1388
1517770 1397
1517780 1407
1517790 1407
1517800 1414
1517810 1420
1517820 1420
1517830 1425
1517840 1430
1517850 1430
1517860 1435
1517870 1441
1517880 1441
1517890 1445
1517900 1452
1517910 1452
1517920 1457
1517930 1463
1517940 1463
1517950 1472
1517960 1480
1517970 1480
1517980 1484
1517990 1487
1518000 1487
1518010 1491
1518020 1494
1518030 1494
1518040 1495
1518050 1496
1518060 1496
1518070 1496
1518080 1497
1518090 1497
1518100 1496
1518110 1495
1518120 1495
1518130 1491
1518140 1487
1518150 1484
1518160 1484
1518170 1483
1518180 1479
1518190 1479
1518200 1468
1518210 1460
1518220 1460
1518230 1451
1518240 1438
1518250 1438
1518260 1428
1518270 1422
1518280 1422
1518290 1416
1518300 1408
1518310 1408
1518320 1393
1518330 1383
1518340 1383
1518350 1377
1518360 1374
1518370 1374
1518380 1370
1518390 1360
1518400 1360
1518410 1345
1518420 1334
1518430 1334
1518440 1325
1518450 1315
1518460 1315
1518470 1304
1518480 1297
1518490 1297
1518500 1292
1518510 1287
1518520 1287
1518530 1270
1518540 1259
1518550 1250
1518560 1250
1518570 1242
1518580 1233
1518590 1233
1518600 1225
1518610 1220
1518620 1220
1518630 1217
1518640 1209
1518650 1209
1518660 1203
1518670 1200
1518680 1200
1518690 1197
1518700 1194
1518710 1194
1518720 1188
1518730 1181
1518740 1181
1518750 1177
1518760 1170
1518770 1170
1518780 1163
1518790 1158
1518800 1158
1518810 1149
1518820 1140
1518830 1140
1518840 1134
1518850 1130
1518860 1130
1518870 1125
1518880 1120
1518890 1120
1518900 1117
1518910 1115
1518920 1112
1518930 1112
1518940 1109
1518950 1106
1518960 1106
1518970 1102
1518980 1097
1518990 1097
1519000 1104
1519010 1100
1519020 1100
1519030 1093
1519040 1087
1519050 1087
1519060 1083
1519070 1077
1519080 1077
1519090 1070
1519100 1063
1519110 1063
1519120 1054
1519130 1044
1519140 1044
1519150 1034
1519160 1026
1519170 1026
1519180 1014
1519190 1003
1519200 1003
1519210 988
1519220 975
1519230 975
1519240 966
1519250 958
1519260 958
1519270 950
1519280 944
1519290 938
1519300 938
1519310 933
1519320 931
1519330 931
1519340 927
1519350 923
1519360 923
1519370 920
1519380 917
1519390 917
1519400 913
1519410 909
1519420 909
1519430 904
1519440 898
1519450 898
1519460 886
1519470 872
1519480 872
1519490 860
1519500 843
1519510 843
1519520 825
1519530 812
1519540 812
1519550 800
1519560 787
1519570 787
1519580 778
1519590 766
1519600 766
1519610 757
1519620 751
1519630 751
1519640 747
1519650 742
1519660 736
1519670 736
1519680 731
1519690 725
1519700 725
1519710 720
1519720 714
1519730 714
1519740 710
1519750 705
1519760 705
1519770 701
1519780 703
1519790 703
1519800 701
1519810 696
1519820 696
1519830 693
1519840 691
1519850 691
1519860 689
1519870 680
1519880 680
1519890 670
1519900 660
1519910 660
1519920 651
1519930 642
1519940 642
1519950 632
1519960 622
1519970 622
1519980 614
1519990 606
