1500000 1026
1500010 1006
1500020 1002
1500030 1002
1500040 1004
1500050 1008
1500060 1008
1500070 1010
1500080 1012
1500090 1012
1500100 1016
1500110 1035
1500120 1035
1500130 1045
1500140 1048
1500150 1048
1500160 1052
1500170 1056
1500180 1056
1500190 1061
1500200 1068
1500210 1068
1500220 1076
1500230 1083
1500240 1083
1500250 1090
1500260 1097
1500270 1097
1500280 1104
1500290 1111
1500300 1111
1500310 1118
1500320 1125
1500330 1125
1500340 1131
1500350 1137
1500360 1137
1500370 1144
1500380 1150
1500390 1157
1500400 1157
1500410 1162
1500420 1169
1500430 1169
1500440 1176
1500450 1183
1500460 1183
1500470 1190
1500480 1197
1500490 1197
1500500 1201
1500510 1206
1500520 1206
1500530 1211
1500540 1218
1500550 1218
1500560 1226
1500570 1235
1500580 1235
1500590 1243
1500600 1252
1500610 1252
1500620 1261
1500630 1267
1500640 1267
1500650 1267
1500660 1273
1500670 1273
1500680 1284
1500690 1291
1500700 1291
1500710 1299
1500720 1308
1500730 1308
1500740 1320
1500750 1328
1500760 1328
1500770 1330
1500780 1327
1500790 1326
1500800 1326
1500810 1331
1500820 1338
1500830 1338
1500840 1348
1500850 1359
1500860 1359
1500870 1368
1500880 1375
1500890 1375
1500900 1376
1500910 1369
1500920 1369
1500930 1370
1500940 1370
1500950 1370
1500960 1372
1500970 1375
1500980 1375
1500990 1377
1501000 1378
1501010 1378
1501020 1381
1501030 1385
1501040 1385
1501050 1389
1501060 1389
1501070 1389
1501080 1384
1501090 1372
1501100 1372
1501110 1362
1501120 1344
1501130 1344
1501140 1328
1501150 1314
1501160 1314
1501170 1299
1501180 1287
1501190 1287
1501200 1281
1501210 1280
1501220 1278
1501230 1278
1501240 1276
1501250 1273
1501260 1273
1501270 1272
1501280 1276
1501290 1276
1501300 1280
1501310 1280
1501320 1280
1501330 1276
1501340 1273
1501350 1273
1501360 1277
1501370 1283
1501380 1283
1501390 1285
1501400 1281
1501410 1281
1501420 1276
1501430 1271
1501440 1271
1501450 1265
1501460 1259
1501470 1259
1501480 1250
1501490 1241
1501500 1241
1501510 1234
1501520 1219
1501530 1219
1501540 1201
1501550 1191
1501560 1191
1501570 1186
1501580 1179
1501590 1179
1501600 1171
1501610 1174
1501620 1190
1501630 1190
1501640 1205
1501650 1223
1501660 1223
1501670 1231
1501680 1243
1501690 1243
1501700 1268
1501710 1279
1501720 1279
1501730 1284
1501740 1287
1501750 1287
1501760 1289
1501770 1287
1501780 1287
1501790 1287
1501800 1291
1501810 1291
1501820 1300
1501830 1307
1501840 1307
1501850 1308
1501860 1306
1501870 1306
1501880 1305
1501890 1307
1501900 1307
1501910 1309
1501920 1308
1501930 1308
1501940 1310
1501950 1309
1501960 1309
1501970 1304
1501980 1299
1501990 1299
1502000 1300
1502010 1303
1502020 1306
1502030 1306
1502040 1310
1502050 1313
1502060 1313
1502070 1316
1502080 1317
1502090 1317
1502100 1315
1502110 1314
1502120 1314
1502130 1312
1502140 1310
1502150 1310
1502160 1308
1502170 1305
1502180 1305
1502190 1303
1502200 1300
1502210 1300
1502220 1295
1502230 1290
1502240 1290
1502250 1285
1502260 1281
1502270 1281
1502280 1275
1502290 1268
1502300 1268
1502310 1261
1502320 1252
1502330 1252
1502340 1246
1502350 1239
1502360 1239
1502370 1232
1502380 1227
1502390 1227
1502400 1220
1502410 1213
1502420 1213
1502430 1211
1502440 1211
1502450 1210
1502460 1210
1502470 1209
1502480 1207
1502490 1207
1502500 1202
1502510 1197
1502520 1197
1502530 1189
1502540 1183
1502550 1183
1502560 1186
1502570 1194
1502580 1194
1502590 1201
1502600 1206
1502610 1206
1502620 1210
1502630 1216
1502640 1216
1502650 1219
1502660 1218
1502670 1218
1502680 1215
1502690 1214
1502700 1214
1502710 1214
1502720 1212
1502730 1212
1502740 1207
1502750 1200
1502760 1200
1502770 1194
1502780 1194
1502790 1194
1502800 1202
1502810 1208
1502820 1208
1502830 1214
1502840 1218
1502850 1215
1502860 1215
1502870 1213
1502880 1218
1502890 1218
1502900 1223
1502910 1230
1502920 1230
1502930 1238
1502940 1245
1502950 1245
1502960 1252
1502970 1256
1502980 1256
1502990 1260
1503000 1269
1503010 1269
1503020 1281
1503030 1290
1503040 1290
1503050 1297
1503060 1303
1503070 1303
1503080 1312
1503090 1326
1503100 1326
1503110 1334
1503120 1340
1503130 1340
1503140 1345
1503150 1348
1503160 1348
1503170 1347
1503180 1344
1503190 1344
1503200 1342
1503210 1338
1503220 1338
1503230 1334
1503240 1329
1503250 1324
1503260 1324
1503270 1316
1503280 1306
1503290 1306
1503300 1297
1503310 1288
1503320 1288
1503330 1280
1503340 1274
1503350 1274
1503360 1273
1503370 1269
1503380 1269
1503390 1259
1503400 1248
1503410 1248
1503420 1237
1503430 1228
1503440 1228
1503450 1221
1503460 1206
1503470 1206
1503480 1191
1503490 1173
1503500 1173
1503510 1155
1503520 1146
1503530 1146
1503540 1139
1503550 1136
1503560 1136
1503570 1137
1503580 1139
1503590 1139
1503600 1139
1503610 1134
1503620 1134
1503630 1127
1503640 1125
1503650 1124
1503660 1124
1503670 1119
1503680 1115
1503690 1115
1503700 1110
1503710 1106
1503720 1106
1503730 1102
1503740 1093
1503750 1093
1503760 1082
1503770 1072
1503780 1072
1503790 1067
1503800 1068
1503810 1068
1503820 1071
1503830 1076
1503840 1076
1503850 1085
1503860 1094
1503870 1094
1503880 1102
1503890 1111
1503900 1111
1503910 1119
1503920 1127
1503930 1127
1503940 1132
1503950 1134
1503960 1134
1503970 1135
1503980 1137
1503990 1137
1504000 1141
1504010 1145
1504020 1145
1504030 1150
1504040 1156
1504050 1156
1504060 1166
1504070 1177
1504080 1186
1504090 1186
1504100 1194
1504110 1203
1504120 1203
1504130 1212
1504140 1222
1504150 1222
1504160 1230
1504170 1237
1504180 1237
1504190 1246
1504200 1256
1504210 1256
1504220 1270
1504230 1283
1504240 1283
1504250 1292
1504260 1302
1504270 1302
1504280 1314
1504290 1321
1504300 1321
1504310 1329
1504320 1340
1504330 1340
1504340 1348
1504350 1352
1504360 1352
1504370 1353
1504380 1359
1504390 1359
1504400 1369
1504410 1379
1504420 1379
1504430 1389
1504440 1400
1504450 1400
1504460 1410
1504470 1420
1504480 1427
1504490 1427
1504500 1433
1504510 1440
1504520 1440
1504530 1444
1504540 1445
1504550 1445
1504560 1446
1504570 1443
1504580 1443
1504590 1424
1504600 1387
1504610 1387
1504620 1359
1504630 1349
1504640 1349
1504650 1341
1504660 1331
1504670 1331
1504680 1318
1504690 1307
1504700 1307
1504710 1298
1504720 1288
1504730 1288
1504740 1278
1504750 1271
1504760 1271
1504770 1262
1504780 1254
1504790 1254
1504800 1247
1504810 1240
1504820 1240
1504830 1232
1504840 1222
1504850 1222
1504860 1211
1504870 1202
1504880 1194
1504890 1194
1504900 1186
1504910 1182
1504920 1182
1504930 1178
1504940 1171
1504950 1171
1504960 1163
1504970 1153
1504980 1153
1504990 1141
1505000 1131
1505010 1131
1505020 1123
1505030 1116
1505040 1116
1505050 1107
1505060 1096
1505070 1096
1505080 1088
1505090 1079
1505100 1079
1505110 1068
1505120 1054
1505130 1054
1505140 1040
1505150 1029
1505160 1029
1505170 1022
1505180 1015
1505190 1015
1505200 1008
1505210 1000
1505220 1000
1505230 991
1505240 982
1505250 982
1505260 973
1505270 966
1505280 966
1505290 959
1505300 950
1505310 941
1505320 941
1505330 934
1505340 926
1505350 926
1505360 916
1505370 906
1505380 906
1505390 900
1505400 896
1505410 896
1505420 893
1505430 894
1505440 894
1505450 897
1505460 896
1505470 896
1505480 892
1505490 888
1505500 888
1505510 881
1505520 872
1505530 872
1505540 866
1505550 861
1505560 861
1505570 857
1505580 852
1505590 852
1505600 847
1505610 842
1505620 842
1505630 838
1505640 835
1505650 835
1505660 833
1505670 833
1505680 833
1505690 838
1505700 847
1505710 855
1505720 855
1505730 863
1505740 866
1505750 866
1505760 867
1505770 866
1505780 866
1505790 867
1505800 869
1505810 869
1505820 870
1505830 870
1505840 870
1505850 869
1505860 868
1505870 868
1505880 870
1505890 872
1505900 872
1505910 874
1505920 876
1505930 876
1505940 878
1505950 880
1505960 880
1505970 882
1505980 885
1505990 885
1506000 887
1506010 891
1506020 891
1506030 893
1506040 895
1506050 895
1506060 899
1506070 902
1506080 902
1506090 903
1506100 904
1506110 904
1506120 904
1506130 901
1506140 898
1506150 898
1506160 896
1506170 897
1506180 897
1506190 901
1506200 904
1506210 904
1506220 909
1506230 914
1506240 914
1506250 915
1506260 908
1506270 908
1506280 906
1506290 913
1506300 913
1506310 920
1506320 926
1506330 926
1506340 930
1506350 932
1506360 932
1506370 934
1506380 936
1506390 936
1506400 938
1506410 940
1506420 940
1506430 943
1506440 947
1506450 947
1506460 952
1506470 958
1506480 958
1506490 965
1506500 972
1506510 972
1506520 978
1506530 984
1506540 989
1506550 989
1506560 992
1506570 993
1506580 993
1506590 992
1506600 991
1506610 991
1506620 988
1506630 985
1506640 985
1506650 981
1506660 976
1506670 976
1506680 970
1506690 964
1506700 964
1506710 962
1506720 961
1506730 961
1506740 957
1506750 950
1506760 950
1506770 948
1506780 952
1506790 952
1506800 953
1506810 953
1506820 953
1506830 947
1506840 946
1506850 946
1506860 953
1506870 960
1506880 960
1506890 963
1506900 964
1506910 964
1506920 963
1506930 961
1506940 957
1506950 957
1506960 958
1506970 963
1506980 963
1506990 969
1507000 977
1507010 977
1507020 985
1507030 991
1507040 991
1507050 998
1507060 1005
1507070 1005
1507080 1010
1507090 1014
1507100 1014
1507110 1016
1507120 1016
1507130 1016
1507140 1013
1507150 1007
1507160 1007
1507170 1001
1507180 997
1507190 997
1507200 992
1507210 988
1507220 988
1507230 984
1507240 981
1507250 981
1507260 980
1507270 979
1507280 979
1507290 981
1507300 984
1507310 984
1507320 991
1507330 997
1507340 996
1507350 996
1507360 992
1507370 986
1507380 986
1507390 980
1507400 974
1507410 974
1507420 970
1507430 966
1507440 966
1507450 963
1507460 962
1507470 962
1507480 960
1507490 959
1507500 959
1507510 955
1507520 948
1507530 948
1507540 947
1507550 951
1507560 951
1507570 952
1507580 950
1507590 950
1507600 948
1507610 949
1507620 949
1507630 953
1507640 956
1507650 956
1507660 955
1507670 954
1507680 954
1507690 956
1507700 958
1507710 958
1507720 957
1507730 956
1507740 954
1507750 954
1507760 953
1507770 954
1507780 954
1507790 954
1507800 954
1507810 954
1507820 955
1507830 956
1507840 956
1507850 958
1507860 959
1507870 959
1507880 959
1507890 958
1507900 958
1507910 956
1507920 952
1507930 952
1507940 947
1507950 942
1507960 942
1507970 936
1507980 929
1507990 929
1508000 921
1508010 913
1508020 913
1508030 905
1508040 897
1508050 897
1508060 889
1508070 880
1508080 880
1508090 870
1508100 860
1508110 860
1508120 855
1508130 856
1508140 856
1508150 861
1508160 863
1508170 863
1508180 863
1508190 862
1508200 861
1508210 861
1508220 861
1508230 861
1508240 861
1508250 858
1508260 858
1508270 858
1508280 860
1508290 862
1508300 862
1508310 863
1508320 867
1508330 867
1508340 872
1508350 876
1508360 876
1508370 878
1508380 878
1508390 878
1508400 879
1508410 882
1508420 882
1508430 887
1508440 891
1508450 891
1508460 896
1508470 901
1508480 901
1508490 906
1508500 910
1508510 910
1508520 907
1508530 898
1508540 898
1508550 891
1508560 884
1508570 876
1508580 876
1508590 868
1508600 863
1508610 863
1508620 860
1508630 854
1508640 854
1508650 848
1508660 844
1508670 844
1508680 841
1508690 840
1508700 840
1508710 835
1508720 829
1508730 829
1508740 830
1508750 835
1508760 835
1508770 842
1508780 849
1508790 849
1508800 857
1508810 865
1508820 865
1508830 873
1508840 880
1508850 880
1508860 886
1508870 890
1508880 890
1508890 894
1508900 899
1508910 899
1508920 907
1508930 918
1508940 918
1508950 929
1508960 937
1508970 946
1508980 946
1508990 953
1509000 960
1509010 960
1509020 968
1509030 978
1509040 978
1509050 991
1509060 1001
1509070 1001
1509080 1005
1509090 1010
1509100 1010
1509110 1017
1509120 1023
1509130 1023
1509140 1025
1509150 1026
1509160 1026
1509170 1028
1509180 1030
1509190 1030
1509200 1034
1509210 1041
1509220 1041
1509230 1048
1509240 1053
1509250 1053
1509260 1058
1509270 1060
1509280 1060
1509290 1060
1509300 1059
1509310 1059
1509320 1056
1509330 1052
1509340 1052
1509350 1048
1509360 1046
1509370 1046
1509380 1045
1509390 1047
1509400 1050
1509410 1050
1509420 1053
1509430 1053
1509440 1053
1509450 1051
1509460 1047
1509470 1047
1509480 1043
1509490 1041
1509500 1041
1509510 1038
1509520 1031
1509530 1031
1509540 1020
1509550 1006
1509560 1006
1509570 994
1509580 982
1509590 982
1509600 966
1509610 955
1509620 955
1509630 954
1509640 964
1509650 964
1509660 980
1509670 994
1509680 994
1509690 1006
1509700 1017
1509710 1017
1509720 1028
1509730 1031
1509740 1031
1509750 1028
1509760 1027
1509770 1027
1509780 1023
1509790 1024
1509800 1028
1509810 1028
1509820 1030
1509830 1032
1509840 1032
1509850 1036
1509860 1043
1509870 1043
1509880 1053
1509890 1061
1509900 1061
1509910 1065
1509920 1076
1509930 1076
1509940 1090
1509950 1097
1509960 1097
1509970 1102
1509980 1108
1509990 1108
1510000 1114
1510010 1120
1510020 1120
1510030 1125
1510040 1131
1510050 1131
1510060 1136
1510070 1141
1510080 1141
1510090 1141
1510100 1136
1510110 1136
1510120 1130
1510130 1126
1510140 1126
1510150 1121
1510160 1116
1510170 1116
1510180 1111
1510190 1108
1510200 1105
1510210 1105
1510220 1100
1510230 1095
1510240 1095
1510250 1090
1510260 1084
1510270 1084
1510280 1078
1510290 1072
1510300 1072
1510310 1066
1510320 1060
1510330 1060
1510340 1056
1510350 1053
1510360 1053
1510370 1049
1510380 1043
1510390 1043
1510400 1037
1510410 1035
1510420 1035
1510430 1039
1510440 1040
1510450 1040
1510460 1037
1510470 1032
1510480 1032
1510490 1032
1510500 1036
1510510 1036
1510520 1039
1510530 1040
1510540 1040
1510550 1039
1510560 1043
1510570 1043
1510580 1051
1510590 1054
1510600 1055
1510610 1055
1510620 1056
1510630 1055
1510640 1055
1510650 1054
1510660 1054
1510670 1054
1510680 1056
1510690 1058
1510700 1058
1510710 1061
1510720 1062
1510730 1062
1510740 1061
1510750 1057
1510760 1057
1510770 1052
1510780 1047
1510790 1047
1510800 1041
1510810 1036
1510820 1036
1510830 1031
1510840 1027
1510850 1027
1510860 1023
1510870 1020
1510880 1020
1510890 1019
1510900 1019
1510910 1019
1510920 1020
1510930 1021
1510940 1021
1510950 1022
1510960 1024
1510970 1024
1510980 1025
1510990 1027
1511000 1027
1511010 1029
1511020 1032
1511030 1035
1511040 1035
1511050 1038
1511060 1040
1511070 1040
1511080 1045
1511090 1050
1511100 1050
1511110 1054
1511120 1058
1511130 1058
1511140 1060
1511150 1061
1511160 1061
1511170 1061
1511180 1059
1511190 1059
1511200 1058
1511210 1057
1511220 1057
1511230 1056
1511240 1054
1511250 1054
1511260 1053
1511270 1051
1511280 1051
1511290 1050
1511300 1047
1511310 1047
1511320 1042
1511330 1039
1511340 1039
1511350 1036
1511360 1033
1511370 1033
1511380 1031
1511390 1030
1511400 1030
1511410 1030
1511420 1032
1511430 1033
1511440 1033
1511450 1034
1511460 1034
1511470 1034
1511480 1035
1511490 1035
1511500 1035
1511510 1033
1511520 1031
1511530 1031
1511540 1029
1511550 1029
1511560 1029
1511570 1028
1511580 1025
1511590 1025
1511600 1021
1511610 1016
1511620 1016
1511630 1012
1511640 1008
1511650 1008
1511660 1004
1511670 1001
1511680 1001
1511690 998
1511700 994
1511710 994
1511720 991
1511730 988
1511740 988
1511750 985
1511760 982
1511770 982
1511780 980
1511790 978
1511800 978
1511810 977
1511820 975
1511830 973
1511840 973
1511850 975
1511860 977
1511870 977
1511880 978
1511890 979
1511900 979
1511910 979
1511920 977
1511930 977
1511940 975
1511950 971
1511960 971
1511970 965
1511980 960
1511990 960
1512000 954
1512010 948
1512020 948
1512030 943
1512040 937
1512050 937
1512060 933
1512070 928
1512080 928
1512090 924
1512100 920
1512110 920
1512120 917
1512130 912
1512140 912
1512150 907
1512160 903
1512170 903
1512180 900
1512190 897
1512200 897
1512210 895
1512220 895
1512230 895
1512240 895
1512250 894
1512260 892
1512270 892
1512280 891
1512290 890
1512300 890
1512310 889
1512320 888
1512330 888
1512340 886
1512350 884
1512360 884
1512370 883
1512380 883
1512390 883
1512400 883
1512410 882
1512420 882
1512430 880
1512440 878
1512450 878
1512460 878
1512470 877
1512480 877
1512490 876
1512500 874
1512510 874
1512520 873
1512530 871
1512540 871
1512550 870
1512560 868
1512570 868
1512580 867
1512590 865
1512600 865
1512610 863
1512620 859
1512630 859
1512640 855
1512650 851
1512660 849
1512670 849
1512680 846
1512690 844
1512700 844
1512710 841
1512720 837
1512730 837
1512740 831
1512750 827
1512760 827
1512770 822
1512780 817
1512790 817
1512800 812
1512810 807
1512820 807
1512830 802
1512840 796
1512850 796
1512860 791
1512870 786
1512880 786
1512890 782
1512900 777
1512910 777
1512920 772
1512930 767
1512940 767
1512950 763
1512960 758
1512970 758
1512980 753
1512990 748
1513000 748
1513010 743
1513020 738
1513030 738
1513040 732
1513050 728
1513060 725
1513070 725
1513080 721
1513090 719
1513100 719
1513110 716
1513120 715
1513130 715
1513140 715
1513150 714
1513160 714
1513170 712
1513180 708
1513190 708
1513200 705
1513210 701
1513220 701
1513230 697
1513240 694
1513250 694
1513260 691
1513270 688
1513280 688
1513290 686
1513300 683
1513310 683
1513320 680
1513330 678
1513340 678
1513350 675
1513360 672
1513370 672
1513380 667
1513390 662
1513400 662
1513410 659
1513420 656
1513430 656
1513440 653
1513450 649
1513460 649
1513470 645
1513480 641
1513490 635
1513500 635
1513510 630
1513520 626
1513530 626
1513540 623
1513550 621
1513560 621
1513570 619
1513580 617
1513590 617
1513600 615
1513610 613
1513620 613
1513630 611
1513640 609
1513650 609
1513660 607
1513670 606
1513680 606
1513690 606
1513700 605
1513710 605
1513720 603
1513730 602
1513740 602
1513750 601
1513760 600
1513770 600
1513780 599
1513790 597
1513800 597
1513810 596
1513820 596
1513830 596
1513840 595
1513850 594
1513860 594
1513870 593
1513880 592
1513890 591
1513900 591
1513910 590
1513920 589
1513930 589
1513940 588
1513950 588
1513960 588
1513970 587
1513980 584
1513990 584
1514000 581
1514010 577
1514020 577
1514030 574
1514040 572
1514050 572
1514060 570
1514070 569
1514080 569
1514090 567
1514100 563
1514110 563
1514120 561
1514130 562
1514140 562
1514150 563
1514160 564
1514170 564
1514180 566
1514190 568
1514200 568
1514210 568
1514220 566
1514230 566
1514240 565
1514250 565
1514260 565
1514270 566
1514280 566
1514290 567
1514300 567
1514310 569
1514320 571
1514330 571
1514340 572
1514350 572
1514360 572
1514370 573
1514380 573
1514390 573
1514400 574
1514410 574
1514420 574
1514430 574
1514440 574
1514450 574
1514460 574
1514470 573
1514480 573
1514490 572
1514500 571
1514510 571
1514520 570
1514530 568
1514540 568
1514550 567
1514560 565
1514570 565
1514580 564
1514590 564
1514600 564
1514610 564
1514620 562
1514630 562
1514640 561
1514650 560
1514660 560
1514670 558
1514680 558
1514690 558
1514700 557
1514710 555
1514720 552
1514730 552
1514740 549
1514750 544
1514760 544
1514770 540
1514780 538
1514790 538
1514800 535
1514810 531
1514820 531
1514830 530
1514840 529
1514850 529
1514860 529
1514870 529
1514880 529
1514890 529
1514900 528
1514910 528
1514920 528
1514930 528
1514940 528
1514950 528
1514960 528
1514970 528
1514980 528
1514990 527
1515000 527
1515010 527
1515020 526
1515030 526
1515040 524
1515050 523
1515060 523
1515070 522
1515080 520
1515090 520
1515100 519
1515110 520
1515120 519
1515130 519
1515140 518
1515150 514
1515160 514
1515170 509
1515180 507
1515190 507
1515200 507
1515210 507
1515220 507
1515230 507
1515240 508
1515250 508
1515260 507
1515270 507
1515280 507
1515290 507
1515300 507
1515310 507
1515320 507
1515330 505
1515340 505
1515350 504
1515360 503
1515370 503
1515380 501
1515390 500
1515400 500
1515410 499
1515420 499
1515430 499
1515440 497
1515450 497
1515460 497
1515470 497
1515480 495
1515490 495
1515500 494
1515510 494
1515520 495
1515530 495
1515540 496
1515550 497
1515560 497
1515570 497
1515580 497
1515590 497
1515600 498
1515610 497
1515620 497
1515630 497
1515640 497
1515650 497
1515660 497
1515670 497
1515680 497
1515690 497
1515700 497
1515710 497
1515720 497
1515730 497
1515740 497
1515750 498
1515760 498
1515770 498
1515780 498
1515790 498
1515800 498
1515810 498
1515820 498
1515830 498
1515840 498
1515850 498
1515860 498
1515870 498
1515880 498
1515890 498
1515900 498
1515910 498
1515920 498
1515930 498
1515940 498
1515950 498
1515960 498
1515970 498
1515980 498
1515990 498
1516000 498
1516010 498
1516020 498
1516030 499
1516040 498
1516050 498
1516060 498
1516070 498
1516080 498
1516090 498
1516100 498
1516110 498
1516120 498
1516130 498
1516140 498
1516150 499
1516160 498
1516170 498
1516180 498
1516190 498
1516200 498
1516210 498
1516220 499
1516230 499
1516240 503
1516250 508
1516260 508
1516270 510
1516280 511
1516290 511
1516300 511
1516310 512
1516320 512
1516330 512
1516340 513
1516350 513
1516360 513
1516370 514
1516380 514
1516390 514
1516400 514
1516410 515
1516420 515
1516430 515
1516440 516
1516450 516
1516460 516
1516470 517
1516480 517
1516490 517
1516500 517
1516510 517
1516520 518
1516530 518
1516540 518
1516550 519
1516560 520
1516570 520
1516580 520
1516590 521
1516600 521
1516610 521
1516620 521
1516630 521
1516640 522
1516650 522
1516660 522
1516670 523
1516680 523
1516690 523
1516700 523
1516710 524
1516720 524
1516730 524
1516740 525
1516750 525
1516760 525
1516770 526
1516780 527
1516790 527
1516800 528
1516810 529
1516820 529
1516830 530
1516840 530
1516850 530
1516860 531
1516870 532
1516880 532
1516890 533
1516900 533
1516910 533
1516920 534
1516930 535
1516940 535
1516950 535
1516960 535
1516970 535
1516980 535
1516990 534
1517000 534
1517010 532
1517020 529
1517030 529
1517040 527
1517050 527
1517060 527
1517070 528
1517080 528
1517090 528
1517100 529
1517110 530
1517120 530
1517130 530
1517140 528
1517150 524
1517160 524
1517170 529
1517180 539
1517190 539
1517200 543
1517210 543
1517220 543
1517230 543
1517240 543
1517250 543
1517260 543
1517270 543
1517280 543
1517290 543
1517300 544
1517310 544
1517320 546
1517330 547
1517340 547
1517350 550
1517360 553
1517370 553
1517380 554
1517390 554
1517400 554
1517410 554
1517420 555
1517430 555
1517440 557
1517450 558
1517460 558
1517470 559
1517480 558
1517490 558
1517500 558
1517510 558
1517520 558
1517530 559
1517540 558
1517550 558
1517560 558
1517570 557
1517580 557
1517590 557
1517600 558
1517610 558
1517620 558
1517630 559
1517640 560
1517650 560
1517660 559
1517670 557
1517680 557
1517690 557
1517700 560
1517710 560
1517720 564
1517730 568
1517740 568
1517750 573
1517760 576
1517770 576
1517780 580
1517790 581
1517800 581
1517810 582
1517820 582
1517830 582
1517840 582
1517850 584
1517860 584
1517870 586
1517880 588
1517890 588
1517900 589
1517910 590
1517920 590
1517930 591
1517940 593
1517950 593
1517960 595
1517970 596
1517980 598
1517990 598
1518000 601
1518010 605
1518020 605
1518030 607
1518040 609
1518050 609
1518060 610
1518070 613
1518080 613
1518090 615
1518100 618
1518110 618
1518120 621
1518130 624
1518140 624
1518150 626
1518160 630
1518170 630
1518180 634
1518190 638
1518200 638
1518210 642
1518220 645
1518230 645
1518240 648
1518250 652
1518260 652
1518270 655
1518280 657
1518290 657
1518300 660
1518310 663
1518320 663
1518330 666
1518340 665
1518350 665
1518360 665
1518370 665
1518380 665
1518390 665
1518400 666
1518410 668
1518420 668
1518430 669
1518440 671
1518450 671
1518460 673
1518470 676
1518480 676
1518490 679
1518500 682
1518510 682
1518520 685
1518530 687
1518540 687
1518550 689
1518560 691
1518570 691
1518580 692
1518590 694
1518600 694
1518610 696
1518620 697
1518630 697
1518640 698
1518650 696
1518660 696
1518670 696
1518680 698
1518690 698
1518700 699
1518710 699
1518720 699
1518730 700
1518740 702
1518750 702
1518760 705
1518770 710
1518780 710
1518790 716
1518800 719
1518810 721
1518820 721
1518830 721
1518840 722
1518850 722
1518860 722
1518870 723
1518880 723
1518890 723
1518900 723
1518910 723
1518920 725
1518930 728
1518940 728
1518950 731
1518960 737
1518970 737
1518980 743
1518990 750
1519000 750
1519010 757
1519020 763
1519030 763
1519040 770
1519050 776
1519060 776
1519070 778
1519080 778
1519090 778
1519100 778
1519110 777
1519120 777
1519130 776
1519140 775
1519150 775
1519160 774
1519170 771
1519180 771
1519190 766
1519200 760
1519210 754
1519220 754
1519230 750
1519240 749
1519250 749
1519260 749
1519270 750
1519280 750
1519290 751
1519300 753
1519310 753
1519320 754
1519330 755
1519340 755
1519350 756
1519360 756
1519370 756
1519380 757
1519390 758
1519400 758
1519410 759
1519420 760
1519430 761
1519440 762
1519450 762
1519460 762
1519470 763
1519480 763
1519490 763
1519500 763
1519510 763
1519520 763
1519530 763
1519540 763
1519550 763
1519560 759
1519570 755
1519580 755
1519590 753
1519600 751
1519610 748
1519620 748
1519630 744
1519640 742
1519650 742
1519660 741
1519670 738
1519680 738
1519690 736
1519700 732
1519710 732
1519720 726
1519730 720
1519740 720
1519750 714
1519760 708
1519770 708
1519780 704
1519790 702
1519800 702
1519810 700
1519820 700
1519830 700
1519840 705
1519850 712
1519860 712
1519870 718
1519880 725
1519890 725
1519900 733
1519910 740
1519920 740
1519930 748
1519940 755
1519950 755
1519960 760
1519970 763
1519980 763
1519990 764
