1500000 1060
1500010 1053
1500020 1035
1500030 1035
1500040 1017
1500050 1023
1500060 1023
1500070 1034
1500080 1047
1500090 1047
1500100 1054
1500110 1054
1500120 1054
1500130 1055
1500140 1056
1500150 1056
1500160 1059
1500170 1062
1500180 1062
1500190 1065
1500200 1070
1500210 1070
1500220 1075
1500230 1082
1500240 1082
1500250 1088
1500260 1093
1500270 1093
1500280 1097
1500290 1100
1500300 1100
1500310 1105
1500320 1112
1500330 1112
1500340 1119
1500350 1126
1500360 1132
1500370 1132
1500380 1137
1500390 1142
1500400 1142
1500410 1148
1500420 1154
1500430 1154
1500440 1160
1500450 1161
1500460 1161
1500470 1166
1500480 1173
1500490 1173
1500500 1177
1500510 1172
1500520 1172
1500530 1171
1500540 1177
1500550 1177
1500560 1186
1500570 1193
1500580 1193
1500590 1198
1500600 1197
1500610 1197
1500620 1200
1500630 1204
1500640 1204
1500650 1211
1500660 1217
1500670 1217
1500680 1225
1500690 1231
1500700 1231
1500710 1236
1500720 1239
1500730 1239
1500740 1247
1500750 1257
1500760 1268
1500770 1268
1500780 1272
1500790 1270
1500800 1270
1500810 1274
1500820 1281
1500830 1281
1500840 1288
1500850 1295
1500860 1295
1500870 1302
1500880 1309
1500890 1309
1500900 1316
1500910 1324
1500920 1324
1500930 1333
1500940 1342
1500950 1342
1500960 1351
1500970 1359
1500980 1359
1500990 1365
1501000 1372
1501010 1372
1501020 1376
1501030 1379
1501040 1379
1501050 1385
1501060 1391
1501070 1391
1501080 1396
1501090 1399
1501100 1399
1501110 1403
1501120 1402
1501130 1402
1501140 1395
1501150 1387
1501160 1387
1501170 1381
1501180 1374
1501190 1368
1501200 1368
1501210 1366
1501220 1372
1501230 1372
1501240 1380
1501250 1386
1501260 1386
1501270 1390
1501280 1389
1501290 1389
1501300 1384
1501310 1378
1501320 1378
1501330 1370
1501340 1359
1501350 1359
1501360 1348
1501370 1338
1501380 1338
1501390 1330
1501400 1322
1501410 1322
1501420 1318
1501430 1316
1501440 1316
1501450 1314
1501460 1312
1501470 1312
1501480 1308
1501490 1303
1501500 1303
1501510 1297
1501520 1294
1501530 1294
1501540 1293
1501550 1285
1501560 1285
1501570 1270
1501580 1240
1501590 1229
1501600 1229
1501610 1234
1501620 1238
1501630 1238
1501640 1242
1501650 1249
1501660 1249
1501670 1253
1501680 1256
1501690 1256
1501700 1262
1501710 1273
1501720 1273
1501730 1282
1501740 1292
1501750 1292
1501760 1312
1501770 1352
1501780 1352
1501790 1387
1501800 1394
1501810 1394
1501820 1397
1501830 1401
1501840 1401
1501850 1398
1501860 1399
1501870 1399
1501880 1401
1501890 1403
1501900 1403
1501910 1403
1501920 1404
1501930 1404
1501940 1403
1501950 1396
1501960 1396
1501970 1392
1501980 1393
1501990 1397
1502000 1397
1502010 1401
1502020 1403
1502030 1403
1502040 1400
1502050 1394
1502060 1394
1502070 1386
1502080 1378
1502090 1378
1502100 1370
1502110 1362
1502120 1362
1502130 1355
1502140 1356
1502150 1356
1502160 1363
1502170 1365
1502180 1365
1502190 1364
1502200 1364
1502210 1364
1502220 1362
1502230 1359
1502240 1359
1502250 1353
1502260 1345
1502270 1345
1502280 1336
1502290 1323
1502300 1323
1502310 1312
1502320 1303
1502330 1303
1502340 1294
1502350 1284
1502360 1284
1502370 1273
1502380 1266
1502390 1266
1502400 1259
1502410 1253
1502420 1250
1502430 1250
1502440 1247
1502450 1243
1502460 1243
1502470 1240
1502480 1237
1502490 1237
1502500 1235
1502510 1233
1502520 1233
1502530 1228
1502540 1221
1502550 1221
1502560 1220
1502570 1219
1502580 1219
1502590 1213
1502600 1211
1502610 1211
1502620 1217
1502630 1226
1502640 1226
1502650 1233
1502660 1236
1502670 1236
1502680 1236
1502690 1237
1502700 1237
1502710 1236
1502720 1231
1502730 1231
1502740 1233
1502750 1238
1502760 1238
1502770 1243
1502780 1243
1502790 1243
1502800 1241
1502810 1241
1502820 1245
1502830 1245
1502840 1249
1502850 1254
1502860 1254
1502870 1258
1502880 1261
1502890 1261
1502900 1269
1502910 1280
1502920 1280
1502930 1292
1502940 1312
1502950 1312
1502960 1335
1502970 1348
1502980 1348
1502990 1355
1503000 1362
1503010 1362
1503020 1371
1503030 1384
1503040 1384
1503050 1399
1503060 1414
1503070 1414
1503080 1423
1503090 1422
1503100 1422
1503110 1421
1503120 1419
1503130 1419
1503140 1415
1503150 1411
1503160 1411
1503170 1406
1503180 1397
1503190 1397
1503200 1388
1503210 1380
1503220 1372
1503230 1372
1503240 1366
1503250 1359
1503260 1359
1503270 1348
1503280 1337
1503290 1337
1503300 1327
1503310 1318
1503320 1318
1503330 1309
1503340 1301
1503350 1301
1503360 1295
1503370 1291
1503380 1291
1503390 1288
1503400 1284
1503410 1284
1503420 1278
1503430 1271
1503440 1271
1503450 1263
1503460 1253
1503470 1253
1503480 1241
1503490 1228
1503500 1228
1503510 1218
1503520 1212
1503530 1212
1503540 1205
1503550 1195
1503560 1195
1503570 1184
1503580 1174
1503590 1174
1503600 1166
1503610 1157
1503620 1149
1503630 1149
1503640 1141
1503650 1136
1503660 1136
1503670 1132
1503680 1123
1503690 1123
1503700 1110
1503710 1099
1503720 1099
1503730 1093
1503740 1094
1503750 1094
1503760 1100
1503770 1107
1503780 1107
1503790 1114
1503800 1121
1503810 1121
1503820 1128
1503830 1137
1503840 1137
1503850 1139
1503860 1133
1503870 1133
1503880 1134
1503890 1143
1503900 1143
1503910 1149
1503920 1154
1503930 1154
1503940 1161
1503950 1167
1503960 1167
1503970 1171
1503980 1172
1503990 1172
1504000 1172
1504010 1171
1504020 1171
1504030 1175
1504040 1184
1504050 1193
1504060 1193
1504070 1201
1504080 1209
1504090 1209
1504100 1216
1504110 1226
1504120 1226
1504130 1234
1504140 1240
1504150 1240
1504160 1250
1504170 1260
1504180 1260
1504190 1270
1504200 1281
1504210 1281
1504220 1291
1504230 1297
1504240 1297
1504250 1303
1504260 1310
1504270 1310
1504280 1318
1504290 1326
1504300 1326
1504310 1337
1504320 1348
1504330 1348
1504340 1357
1504350 1367
1504360 1367
1504370 1376
1504380 1382
1504390 1382
1504400 1388
1504410 1393
1504420 1393
1504430 1397
1504440 1402
1504450 1410
1504460 1410
1504470 1423
1504480 1436
1504490 1436
1504500 1439
1504510 1431
1504520 1431
1504530 1423
1504540 1418
1504550 1418
1504560 1409
1504570 1395
1504580 1395
1504590 1376
1504600 1354
1504610 1354
1504620 1334
1504630 1324
1504640 1324
1504650 1313
1504660 1304
1504670 1304
1504680 1295
1504690 1284
1504700 1284
1504710 1270
1504720 1257
1504730 1257
1504740 1251
1504750 1243
1504760 1243
1504770 1234
1504780 1227
1504790 1227
1504800 1221
1504810 1212
1504820 1212
1504830 1202
1504840 1191
1504850 1181
1504860 1181
1504870 1174
1504880 1167
1504890 1167
1504900 1159
1504910 1151
1504920 1151
1504930 1143
1504940 1132
1504950 1132
1504960 1122
1504970 1108
1504980 1108
1504990 1089
1505000 1080
1505010 1080
1505020 1074
1505030 1066
1505040 1066
1505050 1052
1505060 1040
1505070 1040
1505080 1030
1505090 1019
1505100 1019
1505110 1011
1505120 1005
1505130 1005
1505140 1002
1505150 997
1505160 997
1505170 986
1505180 976
1505190 976
1505200 970
1505210 964
1505220 964
1505230 959
1505240 954
1505250 948
1505260 948
1505270 943
1505280 938
1505290 938
1505300 934
1505310 931
1505320 931
1505330 928
1505340 925
1505350 925
1505360 923
1505370 923
1505380 923
1505390 923
1505400 923
1505410 923
1505420 920
1505430 915
1505440 915
1505450 909
1505460 905
1505470 905
1505480 901
1505490 898
1505500 898
1505510 894
1505520 887
1505530 887
1505540 878
1505550 870
1505560 870
1505570 864
1505580 862
1505590 862
1505600 864
1505610 868
1505620 868
1505630 872
1505640 877
1505650 877
1505660 883
1505670 888
1505680 888
1505690 888
1505700 889
1505710 894
1505720 894
1505730 901
1505740 905
1505750 905
1505760 903
1505770 902
1505780 902
1505790 908
1505800 915
1505810 915
1505820 919
1505830 921
1505840 921
1505850 923
1505860 926
1505870 926
1505880 928
1505890 930
1505900 930
1505910 932
1505920 936
1505930 936
1505940 940
1505950 944
1505960 944
1505970 948
1505980 951
1505990 951
1506000 954
1506010 955
1506020 955
1506030 957
1506040 960
1506050 960
1506060 963
1506070 966
1506080 966
1506090 966
1506100 962
1506110 957
1506120 957
1506130 951
1506140 951
1506150 951
1506160 958
1506170 962
1506180 962
1506190 965
1506200 968
1506210 968
1506220 969
1506230 969
1506240 969
1506250 967
1506260 963
1506270 963
1506280 961
1506290 961
1506300 961
1506310 964
1506320 968
1506330 968
1506340 968
1506350 968
1506360 968
1506370 975
1506380 984
1506390 984
1506400 993
1506410 1001
1506420 1001
1506430 1009
1506440 1016
1506450 1016
1506460 1022
1506470 1026
1506480 1030
1506490 1030
1506500 1034
1506510 1036
1506520 1036
1506530 1035
1506540 1033
1506550 1033
1506560 1030
1506570 1027
1506580 1027
1506590 1023
1506600 1019
1506610 1019
1506620 1016
1506630 1014
1506640 1014
1506650 1012
1506660 1011
1506670 1011
1506680 1012
1506690 1012
1506700 1012
1506710 1010
1506720 1004
1506730 1004
1506740 997
1506750 997
1506760 997
1506770 1003
1506780 1007
1506790 1007
1506800 1007
1506810 1008
1506820 1008
1506830 1008
1506840 1005
1506850 1005
1506860 1001
1506870 1003
1506880 1003
1506890 1006
1506900 1010
1506910 1016
1506920 1016
1506930 1023
1506940 1028
1506950 1028
1506960 1028
1506970 1025
1506980 1025
1506990 1023
1507000 1024
1507010 1024
1507020 1024
1507030 1023
1507040 1023
1507050 1023
1507060 1027
1507070 1027
1507080 1037
1507090 1046
1507100 1046
1507110 1050
1507120 1049
1507130 1049
1507140 1045
1507150 1041
1507160 1041
1507170 1038
1507180 1035
1507190 1035
1507200 1032
1507210 1030
1507220 1030
1507230 1026
1507240 1024
1507250 1024
1507260 1022
1507270 1022
1507280 1022
1507290 1022
1507300 1023
1507310 1025
1507320 1025
1507330 1026
1507340 1025
1507350 1025
1507360 1020
1507370 1015
1507380 1015
1507390 1012
1507400 1010
1507410 1010
1507420 1007
1507430 1002
1507440 1002
1507450 998
1507460 1000
1507470 1000
1507480 1000
1507490 1000
1507500 1000
1507510 999
1507520 995
1507530 995
1507540 995
1507550 999
1507560 999
1507570 1000
1507580 998
1507590 998
1507600 994
1507610 991
1507620 991
1507630 991
1507640 993
1507650 993
1507660 994
1507670 995
1507680 995
1507690 995
1507700 995
1507710 996
1507720 996
1507730 997
1507740 996
1507750 996
1507760 995
1507770 996
1507780 996
1507790 997
1507800 996
1507810 996
1507820 995
1507830 993
1507840 993
1507850 989
1507860 985
1507870 985
1507880 980
1507890 975
1507900 975
1507910 969
1507920 963
1507930 963
1507940 956
1507950 949
1507960 949
1507970 943
1507980 937
1507990 937
1508000 931
1508010 924
1508020 924
1508030 916
1508040 908
1508050 908
1508060 901
1508070 896
1508080 896
1508090 889
1508100 885
1508110 890
1508120 890
1508130 899
1508140 906
1508150 903
1508160 911
1508170 918
1508180 918
1508190 921
1508200 919
1508210 919
1508220 914
1508230 909
1508240 909
1508250 904
1508260 901
1508270 901
1508280 901
1508290 899
1508300 899
1508310 901
1508320 907
1508330 907
1508340 913
1508350 920
1508360 920
1508370 927
1508380 935
1508390 935
1508400 945
1508410 952
1508420 952
1508430 956
1508440 957
1508450 957
1508460 954
1508470 951
1508480 951
1508490 948
1508500 946
1508510 946
1508520 942
1508530 936
1508540 930
1508550 930
1508560 925
1508570 921
1508580 921
1508590 915
1508600 908
1508610 908
1508620 903
1508630 897
1508640 897
1508650 890
1508660 882
1508670 882
1508680 874
1508690 867
1508700 867
1508710 860
1508720 856
1508730 856
1508740 854
1508750 852
1508760 852
1508770 853
1508780 860
1508790 860
1508800 867
1508810 874
1508820 874
1508830 880
1508840 886
1508850 886
1508860 895
1508870 903
1508880 903
1508890 913
1508900 924
1508910 924
1508920 932
1508930 939
1508940 948
1508950 948
1508960 959
1508970 967
1508980 967
1508990 976
1509000 992
1509010 992
1509020 1007
1509030 1023
1509040 1023
1509050 1039
1509060 1051
1509070 1051
1509080 1060
1509090 1069
1509100 1069
1509110 1079
1509120 1086
1509130 1086
1509140 1093
1509150 1099
1509160 1099
1509170 1104
1509180 1108
1509190 1108
1509200 1110
1509210 1108
1509220 1108
1509230 1105
1509240 1104
1509250 1104
1509260 1105
1509270 1106
1509280 1106
1509290 1107
1509300 1111
1509310 1111
1509320 1119
1509330 1127
1509340 1132
1509350 1132
1509360 1135
1509370 1136
1509380 1136
1509390 1139
1509400 1139
1509410 1139
1509420 1132
1509430 1128
1509440 1128
1509450 1128
1509460 1127
1509470 1127
1509480 1127
1509490 1126
1509500 1126
1509510 1121
1509520 1115
1509530 1115
1509540 1107
1509550 1099
1509560 1099
1509570 1091
1509580 1086
1509590 1086
1509600 1079
1509610 1064
1509620 1064
1509630 1043
1509640 1030
1509650 1030
1509660 1024
1509670 1016
1509680 1016
1509690 1013
1509700 1018
1509710 1018
1509720 1026
1509730 1033
1509740 1033
1509750 1045
1509760 1056
1509770 1062
1509780 1062
1509790 1070
1509800 1074
1509810 1074
1509820 1079
1509830 1086
1509840 1086
1509850 1092
1509860 1096
1509870 1096
1509880 1100
1509890 1105
1509900 1105
1509910 1111
1509920 1125
1509930 1125
1509940 1144
1509950 1160
1509960 1160
1509970 1172
1509980 1178
1509990 1178
1510000 1183
1510010 1189
1510020 1189
1510030 1196
1510040 1200
1510050 1200
1510060 1201
1510070 1199
1510080 1199
1510090 1194
1510100 1188
1510110 1188
1510120 1177
1510130 1163
1510140 1163
1510150 1152
1510160 1143
1510170 1135
1510180 1135
1510190 1129
1510200 1122
1510210 1122
1510220 1118
1510230 1117
1510240 1117
1510250 1114
1510260 1110
1510270 1110
1510280 1108
1510290 1103
1510300 1103
1510310 1094
1510320 1085
1510330 1085
1510340 1084
1510350 1091
1510360 1091
1510370 1096
1510380 1093
1510390 1093
1510400 1087
1510410 1082
1510420 1082
1510430 1078
1510440 1077
1510450 1077
1510460 1081
1510470 1083
1510480 1083
1510490 1085
1510500 1090
1510510 1090
1510520 1094
1510530 1097
1510540 1097
1510550 1100
1510560 1102
1510570 1102
1510580 1102
1510590 1102
1510600 1102
1510610 1102
1510620 1101
1510630 1098
1510640 1098
1510650 1094
1510660 1089
1510670 1089
1510680 1083
1510690 1077
1510700 1077
1510710 1072
1510720 1066
1510730 1066
1510740 1062
1510750 1059
1510760 1059
1510770 1058
1510780 1057
1510790 1057
1510800 1057
1510810 1058
1510820 1058
1510830 1060
1510840 1062
1510850 1062
1510860 1061
1510870 1058
1510880 1058
1510890 1058
1510900 1060
1510910 1060
1510920 1062
1510930 1064
1510940 1064
1510950 1066
1510960 1067
1510970 1069
1510980 1069
1510990 1070
1511000 1069
1511010 1069
1511020 1067
1511030 1064
1511040 1064
1511050 1060
1511060 1056
1511070 1056
1511080 1050
1511090 1043
1511100 1043
1511110 1035
1511120 1028
1511130 1028
1511140 1023
1511150 1017
1511160 1017
1511170 1011
1511180 1004
1511190 1004
1511200 996
1511210 988
1511220 988
1511230 980
1511240 974
1511250 974
1511260 972
1511270 973
1511280 973
1511290 976
1511300 978
1511310 978
1511320 980
1511330 980
1511340 980
1511350 978
1511360 974
1511370 974
1511380 965
1511390 957
1511400 955
1511410 955
1511420 956
1511430 954
1511440 954
1511450 954
1511460 955
1511470 955
1511480 955
1511490 953
1511500 953
1511510 953
1511520 955
1511530 955
1511540 961
1511550 963
1511560 963
1511570 957
1511580 943
1511590 943
1511600 931
1511610 925
1511620 925
1511630 920
1511640 914
1511650 914
1511660 908
1511670 905
1511680 905
1511690 903
1511700 901
1511710 901
1511720 902
1511730 904
1511740 904
1511750 904
1511760 904
1511770 904
1511780 904
1511790 904
1511800 904
1511810 904
1511820 904
1511830 904
1511840 904
1511850 903
1511860 901
1511870 901
1511880 901
1511890 905
1511900 905
1511910 909
1511920 914
1511930 914
1511940 918
1511950 920
1511960 920
1511970 919
1511980 916
1511990 916
1512000 911
1512010 906
1512020 906
1512030 901
1512040 895
1512050 895
1512060 888
1512070 882
1512080 882
1512090 876
1512100 872
1512110 872
1512120 868
1512130 865
1512140 865
1512150 863
1512160 863
1512170 863
1512180 862
1512190 860
1512200 858
1512210 858
1512220 856
1512230 855
1512240 855
1512250 854
1512260 853
1512270 853
1512280 852
1512290 849
1512300 849
1512310 847
1512320 846
1512330 846
1512340 846
1512350 843
1512360 843
1512370 841
1512380 840
1512390 840
1512400 840
1512410 837
1512420 837
1512430 835
1512440 833
1512450 833
1512460 832
1512470 832
1512480 832
1512490 831
1512500 830
1512510 830
1512520 828
1512530 826
1512540 826
1512550 824
1512560 822
1512570 822
1512580 820
1512590 818
1512600 817
1512610 817
1512620 816
1512630 813
1512640 813
1512650 811
1512660 808
1512670 808
1512680 806
1512690 803
1512700 803
1512710 799
1512720 797
1512730 797
1512740 795
1512750 793
1512760 793
1512770 790
1512780 788
1512790 788
1512800 786
1512810 784
1512820 784
1512830 781
1512840 778
1512850 778
1512860 775
1512870 772
1512880 772
1512890 769
1512900 764
1512910 764
1512920 760
1512930 757
1512940 757
1512950 755
1512960 753
1512970 753
1512980 749
1512990 746
1513000 746
1513010 744
1513020 741
1513030 737
1513040 737
1513050 734
1513060 730
1513070 730
1513080 727
1513090 727
1513100 726
1513110 724
1513120 723
1513130 723
1513140 723
1513150 723
1513160 723
1513170 724
1513180 725
1513190 725
1513200 726
1513210 724
1513220 724
1513230 722
1513240 720
1513250 720
1513260 717
1513270 713
1513280 713
1513290 707
1513300 702
1513310 702
1513320 696
1513330 689
1513340 689
1513350 683
1513360 677
1513370 677
1513380 672
1513390 669
1513400 669
1513410 665
1513420 660
1513430 657
1513440 657
1513450 655
1513460 653
1513470 653
1513480 651
1513490 649
1513500 649
1513510 647
1513520 644
1513530 644
1513540 641
1513550 637
1513560 637
1513570 635
1513580 633
1513590 633
1513600 632
1513610 631
1513620 631
1513630 630
1513640 628
1513650 628
1513660 627
1513670 627
1513680 627
1513690 625
1513700 623
1513710 623
1513720 622
1513730 620
1513740 620
1513750 617
1513760 613
1513770 613
1513780 610
1513790 608
1513800 608
1513810 607
1513820 605
1513830 603
1513840 603
1513850 600
1513860 597
1513870 597
1513880 595
1513890 594
1513900 594
1513910 595
1513920 595
1513930 595
1513940 594
1513950 591
1513960 591
1513970 588
1513980 588
1513990 588
1514000 587
1514010 586
1514020 586
1514030 585
1514040 581
1514050 581
1514060 577
1514070 574
1514080 574
1514090 572
1514100 570
1514110 570
1514120 569
1514130 568
1514140 568
1514150 568
1514160 568
1514170 568
1514180 570
1514190 572
1514200 572
1514210 572
1514220 572
1514230 572
1514240 573
1514250 574
1514260 576
1514270 576
1514280 577
1514290 578
1514300 578
1514310 578
1514320 579
1514330 579
1514340 580
1514350 581
1514360 581
1514370 582
1514380 582
1514390 582
1514400 581
1514410 580
1514420 580
1514430 579
1514440 578
1514450 578
1514460 577
1514470 575
1514480 575
1514490 574
1514500 572
1514510 572
1514520 571
1514530 569
1514540 569
1514550 568
1514560 567
1514570 567
1514580 567
1514590 567
1514600 567
1514610 567
1514620 567
1514630 567
1514640 566
1514650 565
1514660 563
1514670 563
1514680 559
1514690 555
1514700 555
1514710 550
1514720 545
1514730 545
1514740 542
1514750 542
1514760 542
1514770 545
1514780 549
1514790 549
1514800 553
1514810 555
1514820 555
1514830 556
1514840 556
1514850 556
1514860 557
1514870 556
1514880 556
1514890 553
1514900 551
1514910 551
1514920 548
1514930 547
1514940 547
1514950 546
1514960 546
1514970 546
1514980 545
1514990 544
1515000 544
1515010 542
1515020 540
1515030 540
1515040 539
1515050 537
1515060 535
1515070 535
1515080 532
1515090 530
1515100 530
1515110 528
1515120 526
1515130 526
1515140 524
1515150 522
1515160 522
1515170 521
1515180 518
1515190 518
1515200 516
1515210 514
1515220 514
1515230 513
1515240 511
1515250 511
1515260 510
1515270 509
1515280 509
1515290 508
1515300 508
1515310 508
1515320 508
1515330 508
1515340 508
1515350 507
1515360 506
1515370 506
1515380 507
1515390 507
1515400 507
1515410 506
1515420 506
1515430 506
1515440 505
1515450 505
1515460 505
1515470 504
1515480 503
1515490 502
1515500 502
1515510 501
1515520 500
1515530 500
1515540 499
1515550 499
1515560 499
1515570 498
1515580 497
1515590 497
1515600 496
1515610 495
1515620 495
1515630 495
1515640 496
1515650 496
1515660 496
1515670 497
1515680 497
1515690 497
1515700 497
1515710 497
1515720 497
1515730 498
1515740 498
1515750 498
1515760 498
1515770 498
1515780 498
1515790 498
1515800 498
1515810 498
1515820 498
1515830 498
1515840 498
1515850 498
1515860 498
1515870 499
1515880 499
1515890 499
1515900 499
1515910 499
1515920 499
1515930 499
1515940 499
1515950 499
1515960 499
1515970 499
1515980 499
1515990 499
1516000 499
1516010 499
1516020 499
1516030 499
1516040 499
1516050 499
1516060 499
1516070 499
1516080 499
1516090 499
1516100 499
1516110 499
1516120 499
1516130 499
1516140 499
1516150 499
1516160 499
1516170 499
1516180 499
1516190 499
1516200 499
1516210 499
1516220 499
1516230 499
1516240 499
1516250 499
1516260 499
1516270 500
1516280 503
1516290 504
1516300 504
1516310 505
1516320 506
1516330 506
1516340 507
1516350 509
1516360 509
1516370 510
1516380 510
1516390 510
1516400 511
1516410 511
1516420 511
1516430 511
1516440 512
1516450 512
1516460 512
1516470 513
1516480 513
1516490 514
1516500 514
1516510 514
1516520 514
1516530 514
1516540 514
1516550 514
1516560 514
1516570 514
1516580 515
1516590 516
1516600 516
1516610 517
1516620 517
1516630 517
1516640 518
1516650 519
1516660 519
1516670 519
1516680 520
1516690 520
1516700 520
1516710 521
1516720 522
1516730 522
1516740 523
1516750 523
1516760 523
1516770 523
1516780 523
1516790 523
1516800 524
1516810 524
1516820 524
1516830 524
1516840 521
1516850 521
1516860 518
1516870 516
1516880 516
1516890 514
1516900 512
1516910 512
1516920 511
1516930 511
1516940 511
1516950 512
1516960 513
1516970 513
1516980 518
1516990 525
1517000 525
1517010 529
1517020 530
1517030 530
1517040 532
1517050 533
1517060 533
1517070 534
1517080 534
1517090 534
1517100 534
1517110 534
1517120 534
1517130 534
1517140 534
1517150 534
1517160 534
1517170 534
1517180 534
1517190 534
1517200 534
1517210 534
1517220 534
1517230 535
1517240 535
1517250 535
1517260 535
1517270 535
1517280 535
1517290 536
1517300 537
1517310 537
1517320 537
1517330 536
1517340 536
1517350 536
1517360 535
1517370 535
1517380 535
1517390 535
1517400 535
1517410 535
1517420 534
1517430 534
1517440 533
1517450 533
1517460 533
1517470 533
1517480 533
1517490 533
1517500 535
1517510 535
1517520 536
1517530 536
1517540 539
1517550 541
1517560 541
1517570 544
1517580 547
1517590 547
1517600 552
1517610 553
1517620 553
1517630 554
1517640 555
1517650 555
1517660 558
1517670 562
1517680 562
1517690 564
1517700 566
1517710 566
1517720 567
1517730 569
1517740 569
1517750 570
1517760 571
1517770 571
1517780 571
1517790 572
1517800 572
1517810 573
1517820 574
1517830 574
1517840 575
1517850 577
1517860 577
1517870 578
1517880 580
1517890 580
1517900 583
1517910 587
1517920 592
1517930 592
1517940 596
1517950 599
1517960 599
1517970 601
1517980 603
1517990 603
1518000 604
1518010 605
1518020 605
1518030 606
1518040 607
1518050 607
1518060 609
1518070 610
1518080 610
1518090 611
1518100 613
1518110 613
1518120 614
1518130 616
1518140 616
1518150 618
1518160 621
1518170 621
1518180 624
1518190 628
1518200 628
1518210 628
1518220 624
1518230 624
1518240 623
1518250 626
1518260 626
1518270 630
1518280 634
1518290 634
1518300 637
1518310 639
1518320 639
1518330 640
1518340 642
1518350 644
1518360 644
1518370 645
1518380 648
1518390 648
1518400 649
1518410 649
1518420 649
1518430 650
1518440 651
1518450 651
1518460 651
1518470 652
1518480 652
1518490 654
1518500 655
1518510 655
1518520 656
1518530 657
1518540 657
1518550 658
1518560 661
1518570 661
1518580 665
1518590 669
1518600 669
1518610 671
1518620 672
1518630 672
1518640 672
1518650 672
1518660 672
1518670 672
1518680 675
1518690 675
1518700 678
1518710 681
1518720 681
1518730 683
1518740 684
1518750 686
1518760 686
1518770 689
1518780 691
1518790 691
1518800 694
1518810 696
1518820 696
1518830 699
1518840 702
1518850 702
1518860 705
1518870 709
1518880 709
1518890 713
1518900 714
1518910 714
1518920 713
1518930 715
1518940 715
1518950 716
1518960 718
1518970 718
1518980 719
1518990 719
1519000 719
1519010 720
1519020 721
1519030 721
1519040 721
1519050 722
1519060 722
1519070 723
1519080 724
1519090 724
1519100 725
1519110 726
1519120 726
1519130 726
1519140 727
1519150 727
1519160 727
1519170 728
1519180 728
1519190 728
1519200 730
1519210 733
1519220 733
1519230 736
1519240 738
1519250 738
1519260 740
1519270 741
1519280 741
1519290 743
1519300 744
1519310 744
1519320 745
1519330 746
1519340 746
1519350 747
1519360 747
1519370 747
1519380 748
1519390 748
1519400 748
1519410 748
1519420 748
1519430 748
1519440 747
1519450 744
1519460 744
1519470 739
1519480 732
1519490 732
1519500 726
1519510 721
1519520 721
1519530 718
1519540 718
1519550 717
1519560 717
1519570 716
1519580 716
1519590 716
1519600 715
1519610 716
1519620 716
1519630 713
1519640 708
1519650 708
1519660 704
1519670 700
1519680 700
1519690 692
1519700 683
1519710 683
1519720 677
1519730 677
1519740 677
1519750 679
1519760 681
1519770 681
1519780 684
1519790 689
1519800 689
1519810 692
1519820 694
1519830 694
1519840 697
1519850 703
1519860 703
1519870 711
1519880 720
1519890 720
1519900 728
1519910 736
1519920 736
1519930 745
1519940 750
1519950 750
1519960 756
1519970 757
1519980 757
1519990 757
