1500000 965
1500010 971
1500020 971
1500030 978
1500040 985
1500050 985
1500060 990
1500070 996
1500080 996
1500090 1001
1500100 1006
1500110 1006
1500120 1010
1500130 1013
1500140 1013
1500150 1017
1500160 1020
1500170 1020
1500180 1023
1500190 1028
1500200 1028
1500210 1031
1500220 1034
1500230 1036
1500240 1036
1500250 1038
1500260 1039
1500270 1039
1500280 1038
1500290 1037
1500300 1037
1500310 1035
1500320 1029
1500330 1029
1500340 1021
1500350 1014
1500360 1014
1500370 1007
1500380 995
1500390 995
1500400 989
1500410 991
1500420 991
1500430 995
1500440 995
1500450 995
1500460 989
1500470 989
1500480 989
1500490 997
1500500 1007
1500510 1007
1500520 1022
1500530 1034
1500540 1034
1500550 1035
1500560 1036
1500570 1036
1500580 1040
1500590 1048
1500600 1048
1500610 1053
1500620 1057
1500630 1060
1500640 1060
1500650 1061
1500660 1062
1500670 1062
1500680 1061
1500690 1061
1500700 1061
1500710 1059
1500720 1058
1500730 1058
1500740 1055
1500750 1049
1500760 1049
1500770 1054
1500780 1066
1500790 1066
1500800 1072
1500810 1076
1500820 1076
1500830 1080
1500840 1083
1500850 1083
1500860 1085
1500870 1088
1500880 1088
1500890 1092
1500900 1093
1500910 1093
1500920 1093
1500930 1088
1500940 1088
1500950 1072
1500960 1058
1500970 1058
1500980 1057
1500990 1062
1501000 1062
1501010 1069
1501020 1065
1501030 1065
1501040 1055
1501050 1051
1501060 1055
1501070 1055
1501080 1056
1501090 1054
1501100 1054
1501110 1044
1501120 1019
1501130 1019
1501140 1011
1501150 1015
1501160 1015
1501170 1033
1501180 1050
1501190 1050
1501200 1060
1501210 1070
1501220 1070
1501230 1078
1501240 1085
1501250 1085
1501260 1091
1501270 1099
1501280 1099
1501290 1104
1501300 1104
1501310 1104
1501320 1109
1501330 1118
1501340 1118
1501350 1127
1501360 1133
1501370 1133
1501380 1136
1501390 1140
1501400 1140
1501410 1143
1501420 1150
1501430 1150
1501440 1155
1501450 1159
1501460 1163
1501470 1163
1501480 1165
1501490 1167
1501500 1167
1501510 1164
1501520 1168
1501530 1168
1501540 1174
1501550 1181
1501560 1181
1501570 1187
1501580 1191
1501590 1191
1501600 1195
1501610 1197
1501620 1197
1501630 1204
1501640 1210
1501650 1210
1501660 1215
1501670 1221
1501680 1221
1501690 1230
1501700 1238
1501710 1238
1501720 1243
1501730 1245
1501740 1245
1501750 1246
1501760 1248
1501770 1248
1501780 1251
1501790 1254
1501800 1254
1501810 1256
1501820 1258
1501830 1258
1501840 1259
1501850 1260
1501860 1260
1501870 1260
1501880 1262
1501890 1263
1501900 1263
1501910 1263
1501920 1261
1501930 1261
1501940 1260
1501950 1258
1501960 1258
1501970 1254
1501980 1248
1501990 1248
1502000 1243
1502010 1237
1502020 1237
1502030 1232
1502040 1226
1502050 1226
1502060 1220
1502070 1214
1502080 1214
1502090 1207
1502100 1201
1502110 1201
1502120 1199
1502130 1200
1502140 1200
1502150 1200
1502160 1198
1502170 1198
1502180 1195
1502190 1190
1502200 1190
1502210 1184
1502220 1177
1502230 1177
1502240 1169
1502250 1161
1502260 1161
1502270 1152
1502280 1143
1502290 1134
1502300 1134
1502310 1127
1502320 1120
1502330 1120
1502340 1113
1502350 1108
1502360 1108
1502370 1103
1502380 1098
1502390 1098
1502400 1094
1502410 1089
1502420 1089
1502430 1084
1502440 1078
1502450 1078
1502460 1073
1502470 1068
1502480 1068
1502490 1066
1502500 1063
1502510 1063
1502520 1060
1502530 1056
1502540 1056
1502550 1052
1502560 1048
1502570 1048
1502580 1043
1502590 1040
1502600 1040
1502610 1036
1502620 1033
1502630 1033
1502640 1028
1502650 1019
1502660 1019
1502670 1009
1502680 1000
1502690 1000
1502700 992
1502710 985
1502720 983
1502730 983
1502740 982
1502750 978
1502760 978
1502770 973
1502780 970
1502790 970
1502800 967
1502810 964
1502820 964
1502830 960
1502840 957
1502850 957
1502860 954
1502870 952
1502880 952
1502890 950
1502900 948
1502910 948
1502920 945
1502930 941
1502940 941
1502950 936
1502960 930
1502970 930
1502980 924
1502990 918
1503000 918
1503010 912
1503020 906
1503030 906
1503040 900
1503050 894
1503060 894
1503070 887
1503080 883
1503090 883
1503100 883
1503110 882
1503120 881
1503130 881
1503140 881
1503150 880
1503160 880
1503170 879
1503180 878
1503190 878
1503200 877
1503210 877
1503220 877
1503230 876
1503240 875
1503250 875
1503260 874
1503270 873
1503280 873
1503290 872
1503300 872
1503310 872
1503320 871
1503330 870
1503340 870
1503350 870
1503360 869
1503370 869
1503380 868
1503390 867
1503400 867
1503410 866
1503420 865
1503430 865
1503440 864
1503450 862
1503460 862
1503470 861
1503480 860
1503490 860
1503500 859
1503510 858
1503520 858
1503530 857
1503540 855
1503550 854
1503560 854
1503570 853
1503580 852
1503590 852
1503600 851
1503610 850
1503620 850
1503630 849
1503640 848
1503650 848
1503660 847
1503670 846
1503680 846
1503690 845
1503700 844
1503710 844
1503720 843
1503730 842
1503740 842
1503750 841
1503760 840
1503770 840
1503780 839
1503790 839
1503800 839
1503810 840
1503820 839
1503830 839
1503840 839
1503850 839
1503860 839
1503870 840
1503880 843
1503890 843
1503900 844
1503910 845
1503920 845
1503930 844
1503940 843
1503950 841
1503960 841
1503970 837
1503980 833
1503990 833
1504000 828
1504010 823
1504020 823
1504030 821
1504040 820
1504050 820
1504060 820
1504070 823
1504080 823
1504090 829
1504100 835
1504110 835
1504120 841
1504130 846
1504140 846
1504150 849
1504160 852
1504170 852
1504180 854
1504190 855
1504200 855
1504210 856
1504220 856
1504230 856
1504240 856
1504250 856
1504260 856
1504270 855
1504280 854
1504290 854
1504300 854
1504310 853
1504320 853
1504330 853
1504340 854
1504350 854
1504360 855
1504370 855
1504380 856
1504390 856
1504400 857
1504410 855
1504420 855
1504430 851
1504440 847
1504450 847
1504460 851
1504470 856
1504480 856
1504490 856
1504500 857
1504510 857
1504520 860
1504530 862
1504540 862
1504550 863
1504560 864
1504570 864
1504580 865
1504590 865
1504600 865
1504610 865
1504620 868
1504630 868
1504640 871
1504650 873
1504660 873
1504670 874
1504680 876
1504690 876
1504700 880
1504710 885
1504720 885
1504730 891
1504740 895
1504750 895
1504760 896
1504770 892
1504780 888
1504790 888
1504800 886
1504810 890
1504820 890
1504830 898
1504840 904
1504850 904
1504860 906
1504870 904
1504880 904
1504890 905
1504900 911
1504910 911
1504920 922
1504930 931
1504940 931
1504950 936
1504960 942
1504970 942
1504980 947
1504990 956
1505000 956
1505010 967
1505020 974
1505030 974
1505040 976
1505050 978
1505060 978
1505070 980
1505080 979
1505090 979
1505100 973
1505110 966
1505120 966
1505130 961
1505140 956
1505150 956
1505160 952
1505170 949
1505180 949
1505190 946
1505200 945
1505210 944
1505220 944
1505230 943
1505240 943
1505250 943
1505260 943
1505270 943
1505280 943
1505290 945
1505300 948
1505310 948
1505320 950
1505330 953
1505340 953
1505350 955
1505360 953
1505370 953
1505380 950
1505390 945
1505400 945
1505410 941
1505420 937
1505430 937
1505440 932
1505450 927
1505460 927
1505470 921
1505480 916
1505490 916
1505500 910
1505510 903
1505520 903
1505530 897
1505540 891
1505550 891
1505560 885
1505570 878
1505580 878
1505590 872
1505600 865
1505610 859
1505620 859
1505630 853
1505640 847
1505650 847
1505660 840
1505670 833
1505680 833
1505690 826
1505700 819
1505710 819
1505720 813
1505730 806
1505740 806
1505750 801
1505760 796
1505770 796
1505780 790
1505790 786
1505800 786
1505810 780
1505820 775
1505830 775
1505840 773
1505850 773
1505860 773
1505870 772
1505880 771
1505890 771
1505900 770
1505910 769
1505920 769
1505930 765
1505940 761
1505950 761
1505960 760
1505970 766
1505980 766
1505990 777
1506000 786
1506010 786
1506020 791
1506030 792
1506040 795
1506050 795
1506060 798
1506070 800
1506080 800
1506090 804
1506100 809
1506110 809
1506120 813
1506130 817
1506140 817
1506150 820
1506160 818
1506170 818
1506180 816
1506190 815
1506200 815
1506210 813
1506220 811
1506230 811
1506240 808
1506250 806
1506260 806
1506270 803
1506280 801
1506290 801
1506300 797
1506310 794
1506320 794
1506330 790
1506340 787
1506350 787
1506360 783
1506370 779
1506380 779
1506390 774
1506400 769
1506410 769
1506420 764
1506430 758
1506440 753
1506450 753
1506460 753
1506470 755
1506480 755
1506490 757
1506500 761
1506510 761
1506520 764
1506530 766
1506540 766
1506550 767
1506560 769
1506570 769
1506580 773
1506590 777
1506600 777
1506610 781
1506620 783
1506630 783
1506640 783
1506650 782
1506660 782
1506670 781
1506680 779
1506690 779
1506700 776
1506710 774
1506720 774
1506730 771
1506740 768
1506750 768
1506760 764
1506770 761
1506780 761
1506790 757
1506800 753
1506810 753
1506820 749
1506830 744
1506840 744
1506850 741
1506860 741
1506870 740
1506880 740
1506890 740
1506900 741
1506910 741
1506920 741
1506930 741
1506940 741
1506950 742
1506960 743
1506970 743
1506980 743
1506990 743
1507000 743
1507010 742
1507020 741
1507030 741
1507040 741
1507050 741
1507060 741
1507070 742
1507080 743
1507090 743
1507100 744
1507110 744
1507120 744
1507130 745
1507140 745
1507150 745
1507160 745
1507170 745
1507180 745
1507190 746
1507200 746
1507210 746
1507220 745
1507230 743
1507240 743
1507250 740
1507260 736
1507270 736
1507280 733
1507290 731
1507300 729
1507310 729
1507320 726
1507330 725
1507340 725
1507350 723
1507360 719
1507370 719
1507380 716
1507390 714
1507400 714
1507410 711
1507420 708
1507430 708
1507440 704
1507450 699
1507460 699
1507470 695
1507480 691
1507490 691
1507500 686
1507510 681
1507520 681
1507530 675
1507540 671
1507550 671
1507560 668
1507570 666
1507580 666
1507590 665
1507600 664
1507610 664
1507620 664
1507630 663
1507640 663
1507650 661
1507660 661
1507670 661
1507680 660
1507690 659
1507700 659
1507710 659
1507720 658
1507730 656
1507740 656
1507750 655
1507760 654
1507770 654
1507780 651
1507790 649
1507800 649
1507810 652
1507820 654
1507830 654
1507840 656
1507850 657
1507860 657
1507870 659
1507880 660
1507890 660
1507900 661
1507910 662
1507920 662
1507930 663
1507940 663
1507950 663
1507960 663
1507970 663
1507980 663
1507990 664
1508000 665
1508010 665
1508020 665
1508030 665
1508040 665
1508050 665
1508060 665
1508070 665
1508080 665
1508090 666
1508100 665
1508110 665
1508120 666
1508130 666
1508140 666
1508150 666
1508160 665
1508170 665
1508180 665
1508190 664
1508200 664
1508210 664
1508220 664
1508230 664
1508240 665
1508250 665
1508260 665
1508270 667
1508280 668
1508290 668
1508300 670
1508310 672
1508320 672
1508330 672
1508340 669
1508350 669
1508360 666
1508370 665
1508380 665
1508390 665
1508400 666
1508410 666
1508420 664
1508430 657
1508440 657
1508450 656
1508460 658
1508470 658
1508480 658
1508490 660
1508500 660
1508510 661
1508520 661
1508530 662
1508540 662
1508550 663
1508560 666
1508570 666
1508580 671
1508590 673
1508600 673
1508610 673
1508620 672
1508630 672
1508640 672
1508650 671
1508660 671
1508670 670
1508680 670
1508690 670
1508700 670
1508710 671
1508720 671
1508730 671
1508740 672
1508750 672
1508760 672
1508770 673
1508780 673
1508790 673
1508800 673
1508810 673
1508820 673
1508830 674
1508840 674
1508850 675
1508860 673
1508870 673
1508880 671
1508890 668
1508900 668
1508910 663
1508920 660
1508930 660
1508940 660
1508950 660
1508960 661
1508970 661
1508980 662
1508990 664
1509000 664
1509010 670
1509020 675
1509030 675
1509040 676
1509050 677
1509060 677
1509070 677
1509080 678
1509090 678
1509100 678
1509110 678
1509120 678
1509130 678
1509140 677
1509150 677
1509160 677
1509170 678
1509180 678
1509190 680
1509200 682
1509210 682
1509220 683
1509230 684
1509240 684
1509250 685
1509260 685
1509270 685
1509280 685
1509290 684
1509300 684
1509310 684
1509320 683
1509330 683
1509340 681
1509350 679
1509360 681
1509370 681
1509380 684
1509390 686
1509400 686
1509410 687
1509420 688
1509430 688
1509440 690
1509450 692
1509460 692
1509470 695
1509480 698
1509490 698
1509500 702
1509510 706
1509520 706
1509530 709
1509540 713
1509550 713
1509560 716
1509570 719
1509580 719
1509590 723
1509600 727
1509610 727
1509620 731
1509630 734
1509640 734
1509650 737
1509660 739
1509670 739
1509680 741
1509690 746
1509700 746
1509710 750
1509720 752
1509730 752
1509740 752
1509750 750
1509760 750
1509770 748
1509780 748
1509790 749
1509800 749
1509810 751
1509820 753
1509830 753
1509840 754
1509850 751
1509860 751
1509870 747
1509880 745
1509890 745
1509900 743
1509910 740
1509920 740
1509930 738
1509940 736
1509950 736
1509960 735
1509970 734
1509980 734
1509990 732
1510000 731
1510010 731
1510020 730
1510030 730
1510040 730
1510050 730
1510060 731
1510070 731
1510080 731
1510090 732
1510100 732
1510110 732
1510120 731
1510130 731
1510140 729
1510150 728
1510160 728
1510170 726
1510180 726
1510190 728
1510200 728
1510210 728
1510220 727
1510230 727
1510240 726
1510250 721
1510260 721
1510270 714
1510280 708
1510290 708
1510300 707
1510310 709
1510320 709
1510330 713
1510340 718
1510350 718
1510360 723
1510370 728
1510380 728
1510390 731
1510400 732
1510410 732
1510420 732
1510430 732
1510440 732
1510450 736
1510460 740
1510470 740
1510480 745
1510490 750
1510500 750
1510510 755
1510520 760
1510530 760
1510540 764
1510550 765
1510560 765
1510570 765
1510580 762
1510590 762
1510600 757
1510610 754
1510620 753
1510630 753
1510640 753
1510650 753
1510660 753
1510670 751
1510680 750
1510690 750
1510700 748
1510710 747
1510720 747
1510730 746
1510740 745
1510750 745
1510760 744
1510770 744
1510780 744
1510790 744
1510800 742
1510810 742
1510820 740
1510830 739
1510840 739
1510850 739
1510860 738
1510870 738
1510880 737
1510890 736
1510900 736
1510910 734
1510920 733
1510930 733
1510940 730
1510950 729
1510960 729
1510970 728
1510980 727
1510990 727
1511000 725
1511010 725
1511020 724
1511030 724
1511040 724
1511050 725
1511060 725
1511070 726
1511080 726
1511090 726
1511100 726
1511110 725
1511120 725
1511130 726
1511140 727
1511150 727
1511160 728
1511170 726
1511180 726
1511190 725
1511200 721
1511210 721
1511220 717
1511230 716
1511240 716
1511250 714
1511260 710
1511270 710
1511280 703
1511290 694
1511300 694
1511310 691
1511320 694
1511330 694
1511340 697
1511350 700
1511360 700
1511370 706
1511380 714
1511390 714
1511400 721
1511410 729
1511420 729
1511430 735
1511440 741
1511450 747
1511460 747
1511470 753
1511480 760
1511490 760
1511500 766
1511510 773
1511520 773
1511530 781
1511540 789
1511550 789
1511560 799
1511570 808
1511580 808
1511590 816
1511600 824
1511610 824
1511620 832
1511630 840
1511640 840
1511650 847
1511660 855
1511670 855
1511680 863
1511690 868
1511700 868
1511710 870
1511720 872
1511730 872
1511740 873
1511750 868
1511760 868
1511770 862
1511780 861
1511790 861
1511800 862
1511810 863
1511820 863
1511830 865
1511840 867
1511850 872
1511860 872
1511870 878
1511880 885
1511890 885
1511900 891
1511910 896
1511920 896
1511930 901
1511940 903
1511950 903
1511960 900
1511970 895
1511980 895
1511990 893
1512000 893
1512010 893
1512020 892
1512030 891
1512040 891
1512050 890
1512060 889
1512070 889
1512080 888
1512090 884
1512100 884
1512110 879
1512120 874
1512130 874
1512140 870
1512150 866
1512160 866
1512170 862
1512180 860
1512190 860
1512200 859
1512210 858
1512220 858
1512230 858
1512240 857
1512250 857
1512260 857
1512270 857
1512280 856
1512290 856
1512300 854
1512310 852
1512320 852
1512330 850
1512340 846
1512350 846
1512360 843
1512370 839
1512380 839
1512390 836
1512400 832
1512410 832
1512420 829
1512430 825
1512440 825
1512450 822
1512460 818
1512470 818
1512480 815
1512490 813
1512500 813
1512510 812
1512520 812
1512530 812
1512540 813
1512550 813
1512560 813
1512570 814
1512580 814
1512590 814
1512600 814
1512610 813
1512620 813
1512630 811
1512640 810
1512650 810
1512660 809
1512670 809
1512680 812
1512690 812
1512700 814
1512710 816
1512720 816
1512730 815
1512740 812
1512750 812
1512760 808
1512770 801
1512780 801
1512790 793
1512800 786
1512810 786
1512820 782
1512830 778
1512840 778
1512850 775
1512860 771
1512870 771
1512880 768
1512890 765
1512900 765
1512910 762
1512920 760
1512930 760
1512940 757
1512950 755
1512960 755
1512970 755
1512980 757
1512990 757
1513000 759
1513010 761
1513020 761
1513030 765
1513040 769
1513050 769
1513060 772
1513070 776
1513080 776
1513090 779
1513100 782
1513110 785
1513120 785
1513130 786
1513140 787
1513150 787
1513160 785
1513170 779
1513180 779
1513190 774
1513200 768
1513210 768
1513220 762
1513230 756
1513240 756
1513250 751
1513260 746
1513270 746
1513280 742
1513290 741
1513300 741
1513310 740
1513320 738
1513330 738
1513340 736
1513350 735
1513360 735
1513370 733
1513380 731
1513390 731
1513400 729
1513410 728
1513420 728
1513430 728
1513440 727
1513450 727
1513460 725
1513470 721
1513480 721
1513490 705
1513500 676
1513510 658
1513520 658
1513530 650
1513540 642
1513550 642
1513560 634
1513570 626
1513580 626
1513590 618
1513600 611
1513610 611
1513620 604
1513630 598
1513640 598
1513650 591
1513660 585
1513670 585
1513680 580
1513690 576
1513700 576
1513710 574
1513720 575
1513730 575
1513740 577
1513750 579
1513760 579
1513770 579
1513780 576
1513790 576
1513800 572
1513810 569
1513820 569
1513830 565
1513840 561
1513850 561
1513860 559
1513870 557
1513880 557
1513890 555
1513900 553
1513910 553
1513920 551
1513930 551
1513940 550
1513950 550
1513960 548
1513970 546
1513980 546
1513990 545
1514000 543
1514010 543
1514020 542
1514030 540
1514040 540
1514050 539
1514060 538
1514070 538
1514080 536
1514090 534
1514100 534
1514110 531
1514120 529
1514130 529
1514140 528
1514150 527
1514160 527
1514170 527
1514180 526
1514190 526
1514200 527
1514210 529
1514220 529
1514230 533
1514240 535
1514250 535
1514260 534
1514270 533
1514280 533
1514290 532
1514300 530
1514310 530
1514320 529
1514330 527
1514340 525
1514350 525
1514360 522
1514370 520
1514380 520
1514390 518
1514400 516
1514410 516
1514420 515
1514430 514
1514440 514
1514450 511
1514460 508
1514470 508
1514480 507
1514490 506
1514500 506
1514510 504
1514520 499
1514530 499
1514540 493
1514550 490
1514560 490
1514570 490
1514580 490
1514590 490
1514600 490
1514610 490
1514620 490
1514630 491
1514640 491
1514650 491
1514660 491
1514670 491
1514680 491
1514690 492
1514700 491
1514710 491
1514720 491
1514730 491
1514740 491
1514750 490
1514760 491
1514770 491
1514780 491
1514790 491
1514800 491
1514810 491
1514820 491
1514830 491
1514840 491
1514850 491
1514860 491
1514870 491
1514880 491
1514890 491
1514900 491
1514910 491
1514920 491
1514930 491
1514940 491
1514950 491
1514960 491
1514970 491
1514980 491
1514990 491
1515000 491
1515010 491
1515020 491
1515030 491
1515040 491
1515050 491
1515060 491
1515070 491
1515080 491
1515090 491
1515100 491
1515110 491
1515120 491
1515130 492
1515140 492
1515150 493
1515160 495
1515170 496
1515180 496
1515190 496
1515200 496
1515210 496
1515220 496
1515230 496
1515240 496
1515250 496
1515260 497
1515270 497
1515280 497
1515290 497
1515300 497
1515310 497
1515320 498
1515330 498
1515340 498
1515350 498
1515360 498
1515370 498
1515380 499
1515390 499
1515400 499
1515410 499
1515420 499
1515430 499
1515440 499
1515450 499
1515460 499
1515470 499
1515480 499
1515490 499
1515500 499
1515510 499
1515520 499
1515530 500
1515540 500
1515550 500
1515560 499
1515570 499
1515580 499
1515590 499
1515600 499
1515610 499
1515620 500
1515630 501
1515640 501
1515650 503
1515660 505
1515670 505
1515680 508
1515690 510
1515700 510
1515710 512
1515720 514
1515730 514
1515740 516
1515750 518
1515760 518
1515770 519
1515780 522
1515790 522
1515800 525
1515810 529
1515820 529
1515830 532
1515840 533
1515850 533
1515860 535
1515870 536
1515880 536
1515890 538
1515900 541
1515910 541
1515920 544
1515930 547
1515940 547
1515950 550
1515960 553
1515970 553
1515980 556
1515990 559
1516000 563
1516010 563
1516020 566
1516030 569
1516040 569
1516050 571
1516060 574
1516070 574
1516080 576
1516090 579
1516100 579
1516110 581
1516120 582
1516130 582
1516140 582
1516150 581
1516160 581
1516170 579
1516180 578
1516190 578
1516200 576
1516210 575
1516220 575
1516230 574
1516240 575
1516250 575
1516260 576
1516270 578
1516280 578
1516290 581
1516300 584
1516310 584
1516320 587
1516330 591
1516340 591
1516350 596
1516360 600
1516370 600
1516380 604
1516390 608
1516400 608
1516410 612
1516420 616
1516430 620
1516440 620
1516450 624
1516460 626
1516470 626
1516480 628
1516490 632
1516500 632
1516510 636
1516520 642
1516530 642
1516540 647
1516550 653
1516560 653
1516570 658
1516580 662
1516590 662
1516600 666
1516610 670
1516620 670
1516630 675
1516640 679
1516650 679
1516660 683
1516670 687
1516680 687
1516690 691
1516700 694
1516710 694
1516720 697
1516730 700
1516740 700
1516750 702
1516760 705
1516770 705
1516780 707
1516790 710
1516800 710
1516810 713
1516820 715
1516830 718
1516840 718
1516850 721
1516860 723
1516870 723
1516880 728
1516890 732
1516900 732
1516910 737
1516920 742
1516930 742
1516940 747
1516950 753
1516960 753
1516970 759
1516980 764
1516990 764
1517000 769
1517010 774
1517020 774
1517030 778
1517040 782
1517050 782
1517060 786
1517070 789
1517080 789
1517090 791
1517100 794
1517110 794
1517120 796
1517130 798
1517140 798
1517150 798
1517160 798
1517170 798
1517180 797
1517190 795
1517200 795
1517210 793
1517220 792
1517230 792
1517240 791
1517250 789
1517260 787
1517270 787
1517280 785
1517290 785
1517300 785
1517310 784
1517320 784
1517330 784
1517340 784
1517350 785
1517360 785
1517370 786
1517380 787
1517390 787
1517400 788
1517410 789
1517420 789
1517430 790
1517440 792
1517450 792
1517460 793
1517470 795
1517480 795
1517490 796
1517500 797
1517510 797
1517520 798
1517530 799
1517540 799
1517550 801
1517560 802
1517570 802
1517580 802
1517590 802
1517600 802
1517610 802
1517620 803
1517630 803
1517640 805
1517650 807
1517660 807
1517670 808
1517680 810
1517690 811
1517700 811
1517710 813
1517720 815
1517730 815
1517740 817
1517750 819
1517760 819
1517770 822
1517780 824
1517790 824
1517800 826
1517810 828
1517820 828
1517830 830
1517840 832
1517850 832
1517860 834
1517870 836
1517880 836
1517890 837
1517900 839
1517910 839
1517920 840
1517930 842
1517940 842
1517950 843
1517960 844
1517970 844
1517980 846
1517990 848
1518000 848
1518010 849
1518020 850
1518030 850
1518040 847
1518050 841
1518060 841
1518070 837
1518080 833
1518090 828
1518100 828
1518110 823
1518120 819
1518130 819
1518140 813
1518150 809
1518160 809
1518170 806
1518180 804
1518190 804
1518200 801
1518210 800
1518220 800
1518230 799
1518240 799
1518250 799
1518260 798
1518270 798
1518280 798
1518290 799
1518300 803
1518310 803
1518320 808
1518330 816
1518340 816
1518350 826
1518360 836
1518370 836
1518380 845
1518390 853
1518400 853
1518410 862
1518420 868
1518430 868
1518440 870
1518450 874
1518460 874
1518470 878
1518480 880
1518490 880
1518500 882
1518510 882
1518520 881
1518530 881
1518540 880
1518550 879
1518560 879
1518570 878
1518580 876
1518590 876
1518600 874
1518610 871
1518620 871
1518630 868
1518640 863
1518650 863
1518660 864
1518670 864
1518680 864
1518690 863
1518700 862
1518710 862
1518720 859
1518730 854
1518740 854
1518750 848
1518760 846
1518770 846
1518780 846
1518790 847
1518800 847
1518810 845
1518820 844
1518830 844
1518840 846
1518850 848
1518860 848
1518870 848
1518880 846
1518890 846
1518900 843
1518910 841
1518920 841
1518930 841
1518940 843
1518950 846
1518960 846
1518970 849
1518980 847
1518990 847
1519000 843
1519010 839
1519020 839
1519030 834
1519040 830
1519050 830
1519060 826
1519070 824
1519080 824
1519090 819
1519100 816
1519110 816
1519120 814
1519130 814
1519140 814
1519150 812
1519160 810
1519170 810
1519180 806
1519190 803
1519200 803
1519210 802
1519220 801
1519230 801
1519240 802
1519250 803
1519260 803
1519270 803
1519280 804
1519290 804
1519300 804
1519310 803
1519320 803
1519330 801
1519340 799
1519350 797
1519360 797
1519370 795
1519380 793
1519390 793
1519400 792
1519410 792
1519420 792
1519430 792
1519440 793
1519450 793
1519460 795
1519470 797
1519480 797
1519490 800
1519500 802
1519510 803
1519520 804
1519530 805
1519540 805
1519550 806
1519560 806
1519570 806
1519580 804
1519590 804
1519600 804
1519610 806
1519620 808
1519630 808
1519640 810
1519650 812
1519660 812
1519670 814
1519680 816
1519690 816
1519700 818
1519710 820
1519720 820
1519730 821
1519740 822
1519750 823
1519760 823
1519770 823
1519780 824
1519790 824
1519800 825
1519810 826
1519820 826
1519830 829
1519840 831
1519850 831
1519860 834
1519870 836
1519880 836
1519890 840
1519900 845
1519910 845
1519920 848
1519930 850
1519940 850
1519950 854
1519960 858
1519970 858
1519980 860
1519990 862
