1500000 909
1500010 907
1500020 907
1500030 907
1500040 909
1500050 909
1500060 909
1500070 910
1500080 910
1500090 914
1500100 916
1500110 916
1500120 918
1500130 920
1500140 920
1500150 925
1500160 927
1500170 927
1500180 928
1500190 926
1500200 926
1500210 921
1500220 917
1500230 917
1500240 911
1500250 906
1500260 899
1500270 899
1500280 896
1500290 904
1500300 904
1500310 916
1500320 930
1500330 930
1500340 935
1500350 940
1500360 940
1500370 944
1500380 948
1500390 948
1500400 949
1500410 951
1500420 951
1500430 955
1500440 957
1500450 957
1500460 957
1500470 954
1500480 954
1500490 953
1500500 949
1500510 949
1500520 946
1500530 942
1500540 942
1500550 939
1500560 940
1500570 940
1500580 942
1500590 939
1500600 939
1500610 933
1500620 934
1500630 934
1500640 936
1500650 928
1500660 928
1500670 923
1500680 921
1500690 923
1500700 923
1500710 928
1500720 936
1500730 936
1500740 939
1500750 939
1500760 939
1500770 941
1500780 944
1500790 944
1500800 949
1500810 955
1500820 955
1500830 962
1500840 969
1500850 969
1500860 975
1500870 978
1500880 978
1500890 983
1500900 981
1500910 981
1500920 977
1500930 976
1500940 976
1500950 975
1500960 974
1500970 974
1500980 970
1500990 965
1501000 965
1501010 958
1501020 950
1501030 950
1501040 953
1501050 960
1501060 960
1501070 969
1501080 977
1501090 977
1501100 984
1501110 987
1501120 991
1501130 991
1501140 998
1501150 1006
1501160 1006
1501170 1013
1501180 1022
1501190 1022
1501200 1031
1501210 1041
1501220 1041
1501230 1049
1501240 1056
1501250 1056
1501260 1062
1501270 1068
1501280 1068
1501290 1072
1501300 1077
1501310 1077
1501320 1082
1501330 1086
1501340 1086
1501350 1088
1501360 1089
1501370 1089
1501380 1094
1501390 1101
1501400 1101
1501410 1106
1501420 1111
1501430 1111
1501440 1117
1501450 1123
1501460 1123
1501470 1129
1501480 1136
1501490 1136
1501500 1141
1501510 1146
1501520 1151
1501530 1151
1501540 1156
1501550 1162
1501560 1162
1501570 1163
1501580 1158
1501590 1158
1501600 1155
1501610 1157
1501620 1157
1501630 1174
1501640 1185
1501650 1185
1501660 1200
1501670 1216
1501680 1216
1501690 1228
1501700 1249
1501710 1249
1501720 1267
1501730 1276
1501740 1276
1501750 1281
1501760 1283
1501770 1283
1501780 1285
1501790 1284
1501800 1284
1501810 1283
1501820 1282
1501830 1282
1501840 1284
1501850 1287
1501860 1287
1501870 1290
1501880 1292
1501890 1292
1501900 1294
1501910 1294
1501920 1294
1501930 1294
1501940 1292
1501950 1291
1501960 1291
1501970 1289
1501980 1285
1501990 1285
1502000 1283
1502010 1282
1502020 1282
1502030 1283
1502040 1285
1502050 1285
1502060 1288
1502070 1288
1502080 1288
1502090 1283
1502100 1277
1502110 1277
1502120 1268
1502130 1260
1502140 1260
1502150 1262
1502160 1264
1502170 1264
1502180 1258
1502190 1253
1502200 1253
1502210 1245
1502220 1238
1502230 1238
1502240 1234
1502250 1231
1502260 1231
1502270 1228
1502280 1222
1502290 1222
1502300 1216
1502310 1225
1502320 1225
1502330 1223
1502340 1215
1502350 1200
1502360 1200
1502370 1190
1502380 1179
1502390 1179
1502400 1168
1502410 1158
1502420 1158
1502430 1152
1502440 1148
1502450 1148
1502460 1141
1502470 1132
1502480 1132
1502490 1125
1502500 1118
1502510 1118
1502520 1112
1502530 1107
1502540 1107
1502550 1101
1502560 1095
1502570 1095
1502580 1086
1502590 1075
1502600 1075
1502610 1068
1502620 1065
1502630 1065
1502640 1064
1502650 1065
1502660 1065
1502670 1067
1502680 1068
1502690 1068
1502700 1067
1502710 1065
1502720 1065
1502730 1060
1502740 1052
1502750 1052
1502760 1038
1502770 1020
1502780 1009
1502790 1009
1502800 1000
1502810 992
1502820 992
1502830 986
1502840 982
1502850 982
1502860 976
1502870 969
1502880 969
1502890 962
1502900 954
1502910 954
1502920 945
1502930 937
1502940 937
1502950 931
1502960 927
1502970 927
1502980 924
1502990 920
1503000 920
1503010 915
1503020 908
1503030 908
1503040 901
1503050 897
1503060 897
1503070 896
1503080 896
1503090 896
1503100 896
1503110 895
1503120 895
1503130 894
1503140 895
1503150 895
1503160 895
1503170 890
1503180 887
1503190 887
1503200 885
1503210 883
1503220 883
1503230 884
1503240 887
1503250 887
1503260 888
1503270 888
1503280 888
1503290 887
1503300 886
1503310 886
1503320 883
1503330 882
1503340 882
1503350 880
1503360 879
1503370 879
1503380 881
1503390 880
1503400 880
1503410 877
1503420 874
1503430 874
1503440 871
1503450 869
1503460 869
1503470 867
1503480 863
1503490 863
1503500 860
1503510 857
1503520 857
1503530 853
1503540 849
1503550 849
1503560 847
1503570 846
1503580 846
1503590 843
1503600 842
1503610 840
1503620 840
1503630 839
1503640 838
1503650 838
1503660 837
1503670 835
1503680 835
1503690 834
1503700 833
1503710 833
1503720 832
1503730 831
1503740 831
1503750 829
1503760 828
1503770 828
1503780 827
1503790 826
1503800 826
1503810 825
1503820 824
1503830 824
1503840 822
1503850 821
1503860 821
1503870 820
1503880 819
1503890 819
1503900 817
1503910 816
1503920 816
1503930 815
1503940 814
1503950 814
1503960 814
1503970 813
1503980 813
1503990 812
1504000 811
1504010 810
1504020 810
1504030 809
1504040 808
1504050 808
1504060 807
1504070 806
1504080 806
1504090 805
1504100 806
1504110 806
1504120 806
1504130 808
1504140 808
1504150 808
1504160 808
1504170 808
1504180 808
1504190 807
1504200 807
1504210 806
1504220 806
1504230 806
1504240 805
1504250 805
1504260 805
1504270 806
1504280 807
1504290 807
1504300 807
1504310 808
1504320 808
1504330 809
1504340 809
1504350 809
1504360 808
1504370 808
1504380 808
1504390 807
1504400 807
1504410 807
1504420 806
1504430 806
1504440 806
1504450 806
1504460 807
1504470 807
1504480 807
1504490 807
1504500 807
1504510 807
1504520 807
1504530 807
1504540 807
1504550 807
1504560 807
1504570 807
1504580 808
1504590 809
1504600 809
1504610 811
1504620 812
1504630 812
1504640 812
1504650 812
1504660 812
1504670 813
1504680 812
1504690 812
1504700 811
1504710 810
1504720 810
1504730 810
1504740 810
1504750 810
1504760 811
1504770 811
1504780 811
1504790 810
1504800 808
1504810 808
1504820 807
1504830 808
1504840 808
1504850 808
1504860 808
1504870 808
1504880 808
1504890 808
1504900 808
1504910 808
1504920 808
1504930 807
1504940 807
1504950 807
1504960 806
1504970 806
1504980 808
1504990 812
1505000 812
1505010 814
1505020 816
1505030 816
1505040 818
1505050 820
1505060 820
1505070 823
1505080 825
1505090 825
1505100 828
1505110 828
1505120 828
1505130 826
1505140 825
1505150 825
1505160 826
1505170 829
1505180 829
1505190 832
1505200 835
1505210 835
1505220 840
1505230 844
1505240 844
1505250 846
1505260 853
1505270 864
1505280 864
1505290 872
1505300 878
1505310 878
1505320 884
1505330 890
1505340 890
1505350 897
1505360 903
1505370 903
1505380 911
1505390 918
1505400 918
1505410 919
1505420 915
1505430 915
1505440 907
1505450 898
1505460 898
1505470 894
1505480 890
1505490 890
1505500 886
1505510 881
1505520 881
1505530 878
1505540 873
1505550 873
1505560 868
1505570 863
1505580 863
1505590 858
1505600 854
1505610 854
1505620 849
1505630 844
1505640 844
1505650 840
1505660 836
1505670 836
1505680 833
1505690 830
1505700 827
1505710 827
1505720 824
1505730 821
1505740 821
1505750 819
1505760 816
1505770 816
1505780 813
1505790 809
1505800 809
1505810 806
1505820 802
1505830 802
1505840 798
1505850 793
1505860 793
1505870 788
1505880 783
1505890 783
1505900 778
1505910 772
1505920 772
1505930 766
1505940 760
1505950 760
1505960 754
1505970 748
1505980 748
1505990 741
1506000 735
1506010 735
1506020 730
1506030 725
1506040 725
1506050 722
1506060 721
1506070 721
1506080 720
1506090 719
1506100 718
1506110 718
1506120 718
1506130 717
1506140 717
1506150 715
1506160 716
1506170 716
1506180 719
1506190 724
1506200 724
1506210 727
1506220 728
1506230 728
1506240 729
1506250 728
1506260 728
1506270 727
1506280 727
1506290 727
1506300 726
1506310 724
1506320 724
1506330 722
1506340 720
1506350 720
1506360 718
1506370 716
1506380 716
1506390 713
1506400 711
1506410 711
1506420 708
1506430 705
1506440 705
1506450 702
1506460 698
1506470 698
1506480 695
1506490 695
1506500 695
1506510 693
1506520 691
1506530 687
1506540 687
1506550 682
1506560 679
1506570 679
1506580 677
1506590 675
1506600 675
1506610 673
1506620 673
1506630 673
1506640 672
1506650 672
1506660 672
1506670 673
1506680 674
1506690 674
1506700 674
1506710 674
1506720 674
1506730 674
1506740 673
1506750 673
1506760 672
1506770 671
1506780 671
1506790 670
1506800 669
1506810 669
1506820 668
1506830 667
1506840 667
1506850 666
1506860 665
1506870 665
1506880 665
1506890 664
1506900 664
1506910 662
1506920 660
1506930 658
1506940 658
1506950 657
1506960 656
1506970 656
1506980 654
1506990 652
1507000 652
1507010 652
1507020 651
1507030 651
1507040 651
1507050 651
1507060 651
1507070 650
1507080 650
1507090 650
1507100 649
1507110 649
1507120 649
1507130 649
1507140 648
1507150 648
1507160 648
1507170 648
1507180 648
1507190 648
1507200 649
1507210 649
1507220 649
1507230 649
1507240 649
1507250 648
1507260 648
1507270 648
1507280 648
1507290 648
1507300 648
1507310 648
1507320 648
1507330 648
1507340 647
1507350 646
1507360 646
1507370 646
1507380 645
1507390 645
1507400 645
1507410 644
1507420 644
1507430 644
1507440 643
1507450 643
1507460 643
1507470 642
1507480 642
1507490 642
1507500 641
1507510 640
1507520 640
1507530 640
1507540 640
1507550 640
1507560 640
1507570 641
1507580 641
1507590 642
1507600 643
1507610 643
1507620 643
1507630 644
1507640 644
1507650 644
1507660 644
1507670 644
1507680 642
1507690 641
1507700 641
1507710 640
1507720 641
1507730 641
1507740 641
1507750 642
1507760 644
1507770 644
1507780 645
1507790 646
1507800 646
1507810 647
1507820 648
1507830 648
1507840 649
1507850 652
1507860 652
1507870 652
1507880 651
1507890 651
1507900 651
1507910 650
1507920 650
1507930 649
1507940 647
1507950 647
1507960 646
1507970 647
1507980 647
1507990 649
1508000 652
1508010 652
1508020 653
1508030 655
1508040 655
1508050 656
1508060 656
1508070 656
1508080 655
1508090 655
1508100 655
1508110 654
1508120 654
1508130 654
1508140 651
1508150 648
1508160 648
1508170 645
1508180 641
1508190 636
1508200 636
1508210 633
1508220 632
1508230 632
1508240 630
1508250 629
1508260 629
1508270 630
1508280 631
1508290 631
1508300 630
1508310 630
1508320 630
1508330 631
1508340 633
1508350 633
1508360 636
1508370 638
1508380 638
1508390 640
1508400 641
1508410 641
1508420 641
1508430 641
1508440 641
1508450 641
1508460 641
1508470 641
1508480 641
1508490 640
1508500 640
1508510 640
1508520 640
1508530 640
1508540 641
1508550 640
1508560 640
1508570 640
1508580 640
1508590 639
1508600 639
1508610 639
1508620 638
1508630 638
1508640 635
1508650 632
1508660 632
1508670 630
1508680 628
1508690 628
1508700 625
1508710 621
1508720 621
1508730 618
1508740 620
1508750 620
1508760 626
1508770 632
1508780 632
1508790 636
1508800 639
1508810 639
1508820 642
1508830 642
1508840 642
1508850 642
1508860 642
1508870 642
1508880 642
1508890 643
1508900 643
1508910 643
1508920 643
1508930 643
1508940 643
1508950 643
1508960 643
1508970 642
1508980 642
1508990 642
1509000 641
1509010 642
1509020 643
1509030 643
1509040 643
1509050 643
1509060 643
1509070 644
1509080 644
1509090 644
1509100 644
1509110 643
1509120 643
1509130 643
1509140 642
1509150 642
1509160 642
1509170 642
1509180 642
1509190 642
1509200 642
1509210 642
1509220 641
1509230 640
1509240 640
1509250 640
1509260 639
1509270 639
1509280 638
1509290 637
1509300 637
1509310 636
1509320 636
1509330 636
1509340 635
1509350 634
1509360 634
1509370 634
1509380 634
1509390 634
1509400 634
1509410 633
1509420 633
1509430 633
1509440 634
1509450 634
1509460 634
1509470 634
1509480 635
1509490 635
1509500 635
1509510 636
1509520 636
1509530 638
1509540 640
1509550 640
1509560 642
1509570 643
1509580 643
1509590 645
1509600 646
1509610 646
1509620 647
1509630 647
1509640 647
1509650 648
1509660 648
1509670 648
1509680 647
1509690 646
1509700 646
1509710 646
1509720 648
1509730 648
1509740 651
1509750 652
1509760 652
1509770 652
1509780 651
1509790 651
1509800 651
1509810 650
1509820 650
1509830 649
1509840 650
1509850 651
1509860 651
1509870 652
1509880 653
1509890 653
1509900 653
1509910 653
1509920 653
1509930 653
1509940 652
1509950 652
1509960 652
1509970 653
1509980 653
1509990 653
1510000 653
1510010 653
1510020 654
1510030 654
1510040 654
1510050 655
1510060 656
1510070 656
1510080 657
1510090 657
1510100 657
1510110 657
1510120 658
1510130 658
1510140 660
1510150 662
1510160 662
1510170 663
1510180 664
1510190 664
1510200 664
1510210 665
1510220 665
1510230 664
1510240 662
1510250 662
1510260 662
1510270 662
1510280 662
1510290 662
1510300 662
1510310 662
1510320 662
1510330 665
1510340 670
1510350 670
1510360 671
1510370 672
1510380 672
1510390 674
1510400 676
1510410 676
1510420 678
1510430 680
1510440 680
1510450 682
1510460 684
1510470 684
1510480 686
1510490 689
1510500 689
1510510 692
1510520 694
1510530 694
1510540 696
1510550 697
1510560 697
1510570 699
1510580 700
1510590 700
1510600 700
1510610 700
1510620 700
1510630 699
1510640 699
1510650 699
1510660 698
1510670 696
1510680 695
1510690 695
1510700 694
1510710 693
1510720 693
1510730 693
1510740 693
1510750 693
1510760 691
1510770 691
1510780 691
1510790 691
1510800 692
1510810 692
1510820 691
1510830 691
1510840 691
1510850 691
1510860 690
1510870 690
1510880 689
1510890 686
1510900 686
1510910 683
1510920 682
1510930 682
1510940 681
1510950 681
1510960 681
1510970 681
1510980 680
1510990 680
1511000 680
1511010 680
1511020 680
1511030 681
1511040 681
1511050 681
1511060 680
1511070 677
1511080 677
1511090 672
1511100 669
1511110 669
1511120 669
1511130 668
1511140 663
1511150 663
1511160 656
1511170 656
1511180 656
1511190 658
1511200 660
1511210 660
1511220 664
1511230 671
1511240 671
1511250 679
1511260 686
1511270 686
1511280 693
1511290 698
1511300 698
1511310 702
1511320 708
1511330 708
1511340 714
1511350 720
1511360 720
1511370 726
1511380 732
1511390 732
1511400 737
1511410 742
1511420 742
1511430 744
1511440 745
1511450 745
1511460 744
1511470 742
1511480 742
1511490 740
1511500 739
1511510 737
1511520 737
1511530 736
1511540 735
1511550 735
1511560 734
1511570 733
1511580 733
1511590 732
1511600 731
1511610 731
1511620 731
1511630 730
1511640 730
1511650 730
1511660 731
1511670 731
1511680 731
1511690 731
1511700 731
1511710 731
1511720 732
1511730 732
1511740 733
1511750 734
1511760 734
1511770 732
1511780 733
1511790 733
1511800 736
1511810 739
1511820 739
1511830 742
1511840 746
1511850 746
1511860 751
1511870 754
1511880 754
1511890 757
1511900 759
1511910 759
1511920 761
1511930 762
1511940 762
1511950 762
1511960 762
1511970 761
1511980 761
1511990 760
1512000 760
1512010 760
1512020 760
1512030 761
1512040 761
1512050 762
1512060 761
1512070 761
1512080 759
1512090 758
1512100 758
1512110 759
1512120 759
1512130 759
1512140 758
1512150 756
1512160 756
1512170 754
1512180 752
1512190 752
1512200 751
1512210 750
1512220 750
1512230 748
1512240 746
1512250 746
1512260 743
1512270 740
1512280 740
1512290 737
1512300 733
1512310 733
1512320 728
1512330 723
1512340 717
1512350 717
1512360 715
1512370 716
1512380 716
1512390 721
1512400 724
1512410 724
1512420 729
1512430 738
1512440 738
1512450 745
1512460 752
1512470 752
1512480 758
1512490 763
1512500 763
1512510 765
1512520 766
1512530 766
1512540 767
1512550 767
1512560 767
1512570 766
1512580 764
1512590 764
1512600 762
1512610 760
1512620 760
1512630 759
1512640 759
1512650 759
1512660 760
1512670 760
1512680 760
1512690 761
1512700 763
1512710 763
1512720 767
1512730 770
1512740 770
1512750 773
1512760 776
1512770 778
1512780 778
1512790 779
1512800 778
1512810 778
1512820 777
1512830 774
1512840 774
1512850 767
1512860 758
1512870 758
1512880 751
1512890 747
1512900 747
1512910 745
1512920 744
1512930 744
1512940 742
1512950 743
1512960 743
1512970 744
1512980 743
1512990 743
1513000 743
1513010 743
1513020 743
1513030 743
1513040 743
1513050 743
1513060 743
1513070 743
1513080 743
1513090 741
1513100 739
1513110 739
1513120 736
1513130 734
1513140 734
1513150 732
1513160 730
1513170 730
1513180 729
1513190 728
1513200 727
1513210 727
1513220 727
1513230 727
1513240 727
1513250 727
1513260 727
1513270 727
1513280 727
1513290 725
1513300 725
1513310 724
1513320 723
1513330 723
1513340 724
1513350 723
1513360 723
1513370 721
1513380 718
1513390 718
1513400 718
1513410 718
1513420 718
1513430 720
1513440 724
1513450 724
1513460 727
1513470 727
1513480 727
1513490 726
1513500 723
1513510 723
1513520 719
1513530 713
1513540 713
1513550 704
1513560 686
1513570 686
1513580 662
1513590 647
1513600 638
1513610 638
1513620 630
1513630 623
1513640 623
1513650 616
1513660 609
1513670 609
1513680 602
1513690 596
1513700 596
1513710 591
1513720 586
1513730 586
1513740 583
1513750 580
1513760 580
1513770 578
1513780 574
1513790 574
1513800 571
1513810 570
1513820 570
1513830 569
1513840 569
1513850 569
1513860 568
1513870 567
1513880 567
1513890 566
1513900 566
1513910 566
1513920 567
1513930 567
1513940 567
1513950 565
1513960 562
1513970 562
1513980 559
1513990 556
1514000 556
1514010 553
1514020 550
1514030 549
1514040 549
1514050 548
1514060 548
1514070 548
1514080 547
1514090 544
1514100 544
1514110 541
1514120 538
1514130 538
1514140 533
1514150 529
1514160 529
1514170 526
1514180 523
1514190 523
1514200 521
1514210 520
1514220 520
1514230 520
1514240 521
1514250 521
1514260 525
1514270 528
1514280 528
1514290 532
1514300 534
1514310 534
1514320 534
1514330 531
1514340 531
1514350 526
1514360 523
1514370 523
1514380 520
1514390 518
1514400 518
1514410 518
1514420 517
1514430 514
1514440 514
1514450 512
1514460 512
1514470 512
1514480 510
1514490 504
1514500 504
1514510 499
1514520 493
1514530 493
1514540 490
1514550 489
1514560 489
1514570 489
1514580 490
1514590 490
1514600 490
1514610 490
1514620 490
1514630 489
1514640 491
1514650 491
1514660 490
1514670 490
1514680 490
1514690 490
1514700 490
1514710 490
1514720 490
1514730 490
1514740 490
1514750 490
1514760 490
1514770 490
1514780 490
1514790 490
1514800 490
1514810 490
1514820 490
1514830 490
1514840 489
1514850 490
1514860 490
1514870 490
1514880 490
1514890 490
1514900 490
1514910 490
1514920 491
1514930 491
1514940 492
1514950 493
1514960 493
1514970 494
1514980 494
1514990 494
1515000 495
1515010 496
1515020 496
1515030 497
1515040 497
1515050 497
1515060 497
1515070 497
1515080 497
1515090 497
1515100 497
1515110 497
1515120 498
1515130 498
1515140 498
1515150 499
1515160 499
1515170 499
1515180 500
1515190 500
1515200 500
1515210 500
1515220 501
1515230 501
1515240 502
1515250 502
1515260 502
1515270 503
1515280 504
1515290 504
1515300 504
1515310 505
1515320 505
1515330 505
1515340 506
1515350 506
1515360 506
1515370 507
1515380 508
1515390 508
1515400 508
1515410 509
1515420 509
1515430 511
1515440 511
1515450 511
1515460 511
1515470 512
1515480 512
1515490 513
1515500 514
1515510 514
1515520 516
1515530 516
1515540 516
1515550 515
1515560 516
1515570 516
1515580 516
1515590 516
1515600 516
1515610 516
1515620 517
1515630 517
1515640 520
1515650 523
1515660 523
1515670 525
1515680 528
1515690 532
1515700 532
1515710 534
1515720 534
1515730 534
1515740 538
1515750 541
1515760 541
1515770 545
1515780 550
1515790 550
1515800 555
1515810 560
1515820 560
1515830 564
1515840 567
1515850 567
1515860 570
1515870 572
1515880 572
1515890 572
1515900 570
1515910 570
1515920 566
1515930 562
1515940 562
1515950 559
1515960 556
1515970 556
1515980 554
1515990 554
1516000 554
1516010 555
1516020 557
1516030 557
1516040 558
1516050 560
1516060 560
1516070 563
1516080 568
1516090 568
1516100 572
1516110 577
1516120 580
1516130 580
1516140 583
1516150 587
1516160 587
1516170 590
1516180 594
1516190 594
1516200 598
1516210 602
1516220 602
1516230 606
1516240 610
1516250 610
1516260 613
1516270 617
1516280 617
1516290 621
1516300 626
1516310 626
1516320 630
1516330 633
1516340 633
1516350 636
1516360 638
1516370 638
1516380 641
1516390 644
1516400 644
1516410 647
1516420 650
1516430 650
1516440 653
1516450 655
1516460 655
1516470 656
1516480 657
1516490 657
1516500 660
1516510 664
1516520 667
1516530 667
1516540 669
1516550 670
1516560 670
1516570 671
1516580 672
1516590 672
1516600 674
1516610 675
1516620 675
1516630 677
1516640 678
1516650 678
1516660 679
1516670 682
1516680 682
1516690 685
1516700 688
1516710 688
1516720 692
1516730 697
1516740 697
1516750 701
1516760 703
1516770 703
1516780 705
1516790 707
1516800 707
1516810 709
1516820 711
1516830 711
1516840 714
1516850 719
1516860 719
1516870 725
1516880 732
1516890 732
1516900 737
1516910 742
1516920 742
1516930 745
1516940 749
1516950 751
1516960 751
1516970 754
1516980 756
1516990 756
1517000 760
1517010 763
1517020 763
1517030 766
1517040 769
1517050 769
1517060 770
1517070 772
1517080 772
1517090 774
1517100 775
1517110 775
1517120 776
1517130 777
1517140 777
1517150 777
1517160 778
1517170 778
1517180 780
1517190 782
1517200 782
1517210 786
1517220 788
1517230 788
1517240 790
1517250 791
1517260 791
1517270 792
1517280 792
1517290 792
1517300 794
1517310 796
1517320 796
1517330 798
1517340 800
1517350 802
1517360 802
1517370 803
1517380 806
1517390 806
1517400 807
1517410 809
1517420 809
1517430 811
1517440 813
1517450 813
1517460 815
1517470 817
1517480 817
1517490 820
1517500 822
1517510 822
1517520 825
1517530 829
1517540 829
1517550 832
1517560 834
1517570 834
1517580 837
1517590 839
1517600 839
1517610 841
1517620 843
1517630 843
1517640 846
1517650 848
1517660 848
1517670 851
1517680 854
1517690 854
1517700 857
1517710 860
1517720 860
1517730 863
1517740 866
1517750 866
1517760 869
1517770 872
1517780 875
1517790 875
1517800 879
1517810 883
1517820 883
1517830 886
1517840 890
1517850 890
1517860 893
1517870 895
1517880 895
1517890 892
1517900 885
1517910 885
1517920 880
1517930 876
1517940 876
1517950 875
1517960 876
1517970 876
1517980 877
1517990 879
1518000 879
1518010 880
1518020 880
1518030 880
1518040 882
1518050 881
1518060 881
1518070 879
1518080 879
1518090 879
1518100 878
1518110 880
1518120 880
1518130 883
1518140 887
1518150 887
1518160 892
1518170 897
1518180 897
1518190 900
1518200 903
1518210 905
1518220 905
1518230 907
1518240 909
1518250 909
1518260 910
1518270 912
1518280 912
1518290 914
1518300 917
1518310 917
1518320 918
1518330 919
1518340 919
1518350 922
1518360 924
1518370 924
1518380 925
1518390 925
1518400 925
1518410 925
1518420 926
1518430 926
1518440 926
1518450 927
1518460 927
1518470 927
1518480 927
1518490 927
1518500 927
1518510 927
1518520 927
1518530 927
1518540 926
1518550 926
1518560 925
1518570 924
1518580 924
1518590 923
1518600 921
1518610 918
1518620 918
1518630 916
1518640 913
1518650 913
1518660 910
1518670 908
1518680 908
1518690 905
1518700 903
1518710 903
1518720 901
1518730 896
1518740 896
1518750 890
1518760 886
1518770 886
1518780 881
1518790 877
1518800 877
1518810 873
1518820 869
1518830 869
1518840 865
1518850 862
1518860 862
1518870 860
1518880 857
1518890 857
1518900 854
1518910 854
1518920 854
1518930 853
1518940 852
1518950 852
1518960 851
1518970 849
1518980 849
1518990 848
1519000 848
1519010 848
1519020 848
1519030 843
1519040 839
1519050 839
1519060 837
1519070 836
1519080 836
1519090 834
1519100 833
1519110 833
1519120 833
1519130 832
1519140 832
1519150 831
1519160 831
1519170 831
1519180 831
1519190 829
1519200 829
1519210 826
1519220 825
1519230 825
1519240 823
1519250 825
1519260 825
1519270 826
1519280 826
1519290 826
1519300 825
1519310 824
1519320 824
1519330 824
1519340 824
1519350 824
1519360 824
1519370 825
1519380 825
1519390 825
1519400 823
1519410 823
1519420 823
1519430 823
1519440 824
1519450 824
1519460 824
1519470 823
1519480 823
1519490 825
1519500 828
1519510 828
1519520 830
1519530 833
1519540 833
1519550 837
1519560 839
1519570 839
1519580 841
1519590 840
1519600 840
1519610 838
1519620 836
1519630 836
1519640 835
1519650 834
1519660 834
1519670 833
1519680 832
1519690 832
1519700 830
1519710 829
1519720 829
1519730 828
1519740 829
1519750 829
1519760 834
1519770 838
1519780 838
1519790 841
1519800 845
1519810 845
1519820 849
1519830 853
1519840 853
1519850 856
1519860 857
1519870 860
1519880 860
1519890 864
1519900 867
1519910 867
1519920 871
1519930 874
1519940 874
1519950 879
1519960 886
1519970 886
1519980 894
1519990 895
