1500000 851
1500010 855
1500020 857
1500030 857
1500040 859
1500050 862
1500060 866
1500070 866
1500080 872
1500090 878
1500100 878
1500110 888
1500120 917
1500130 917
1500140 932
1500150 940
1500160 940
1500170 949
1500180 958
1500190 958
1500200 968
1500210 978
1500220 978
1500230 987
1500240 994
1500250 994
1500260 999
1500270 1003
1500280 1003
1500290 1007
1500300 1017
1500310 1017
1500320 1025
1500330 1029
1500340 1029
1500350 1031
1500360 1037
1500370 1037
1500380 1046
1500390 1055
1500400 1055
1500410 1066
1500420 1076
1500430 1076
1500440 1086
1500450 1095
1500460 1095
1500470 1105
1500480 1111
1500490 1111
1500500 1111
1500510 1113
1500520 1115
1500530 1115
1500540 1118
1500550 1121
1500560 1121
1500570 1122
1500580 1120
1500590 1120
1500600 1124
1500610 1129
1500620 1129
1500630 1137
1500640 1149
1500650 1149
1500660 1154
1500670 1153
1500680 1153
1500690 1159
1500700 1164
1500710 1164
1500720 1167
1500730 1175
1500740 1175
1500750 1188
1500760 1202
1500770 1202
1500780 1212
1500790 1220
1500800 1220
1500810 1231
1500820 1250
1500830 1250
1500840 1264
1500850 1273
1500860 1273
1500870 1285
1500880 1295
1500890 1295
1500900 1304
1500910 1310
1500920 1317
1500930 1317
1500940 1325
1500950 1332
1500960 1332
1500970 1337
1500980 1339
1500990 1339
1501000 1341
1501010 1347
1501020 1347
1501030 1353
1501040 1354
1501050 1354
1501060 1357
1501070 1364
1501080 1364
1501090 1375
1501100 1381
1501110 1381
1501120 1387
1501130 1395
1501140 1395
1501150 1395
1501160 1391
1501170 1391
1501180 1392
1501190 1387
1501200 1387
1501210 1380
1501220 1380
1501230 1380
1501240 1400
1501250 1411
1501260 1411
1501270 1419
1501280 1431
1501290 1431
1501300 1443
1501310 1444
1501320 1444
1501330 1431
1501340 1422
1501350 1415
1501360 1415
1501370 1403
1501380 1388
1501390 1388
1501400 1380
1501410 1373
1501420 1373
1501430 1364
1501440 1357
1501450 1357
1501460 1353
1501470 1347
1501480 1347
1501490 1341
1501500 1336
1501510 1336
1501520 1333
1501530 1328
1501540 1328
1501550 1323
1501560 1316
1501570 1316
1501580 1309
1501590 1302
1501600 1302
1501610 1295
1501620 1289
1501630 1289
1501640 1282
1501650 1275
1501660 1275
1501670 1268
1501680 1261
1501690 1261
1501700 1254
1501710 1247
1501720 1247
1501730 1239
1501740 1231
1501750 1231
1501760 1224
1501770 1217
1501780 1210
1501790 1210
1501800 1203
1501810 1196
1501820 1196
1501830 1188
1501840 1184
1501850 1184
1501860 1177
1501870 1166
1501880 1166
1501890 1165
1501900 1165
1501910 1165
1501920 1163
1501930 1162
1501940 1162
1501950 1160
1501960 1158
1501970 1158
1501980 1160
1501990 1162
1502000 1162
1502010 1162
1502020 1162
1502030 1162
1502040 1157
1502050 1144
1502060 1144
1502070 1130
1502080 1117
1502090 1117
1502100 1104
1502110 1093
1502120 1093
1502130 1081
1502140 1075
1502150 1075
1502160 1072
1502170 1081
1502180 1081
1502190 1103
1502200 1124
1502210 1137
1502220 1137
1502230 1145
1502240 1152
1502250 1152
1502260 1157
1502270 1162
1502280 1162
1502290 1171
1502300 1181
1502310 1181
1502320 1195
1502330 1209
1502340 1209
1502350 1226
1502360 1243
1502370 1243
1502380 1253
1502390 1260
1502400 1260
1502410 1267
1502420 1273
1502430 1273
1502440 1272
1502450 1267
1502460 1267
1502470 1268
1502480 1271
1502490 1271
1502500 1269
1502510 1270
1502520 1270
1502530 1271
1502540 1276
1502550 1276
1502560 1274
1502570 1265
1502580 1265
1502590 1265
1502600 1273
1502610 1273
1502620 1275
1502630 1275
1502640 1282
1502650 1282
1502660 1292
1502670 1301
1502680 1301
1502690 1306
1502700 1309
1502710 1309
1502720 1312
1502730 1313
1502740 1313
1502750 1312
1502760 1316
1502770 1316
1502780 1323
1502790 1330
1502800 1330
1502810 1338
1502820 1344
1502830 1344
1502840 1347
1502850 1345
1502860 1345
1502870 1344
1502880 1345
1502890 1345
1502900 1347
1502910 1348
1502920 1348
1502930 1347
1502940 1351
1502950 1351
1502960 1361
1502970 1370
1502980 1370
1502990 1383
1503000 1398
1503010 1398
1503020 1403
1503030 1405
1503040 1405
1503050 1407
1503060 1410
1503070 1414
1503080 1414
1503090 1417
1503100 1421
1503110 1421
1503120 1421
1503130 1421
1503140 1421
1503150 1420
1503160 1419
1503170 1419
1503180 1419
1503190 1415
1503200 1415
1503210 1411
1503220 1409
1503230 1409
1503240 1412
1503250 1417
1503260 1417
1503270 1427
1503280 1441
1503290 1441
1503300 1454
1503310 1466
1503320 1466
1503330 1476
1503340 1482
1503350 1482
1503360 1491
1503370 1507
1503380 1507
1503390 1518
1503400 1527
1503410 1527
1503420 1537
1503430 1546
1503440 1546
1503450 1556
1503460 1567
1503470 1567
1503480 1579
1503490 1588
1503500 1597
1503510 1597
1503520 1607
1503530 1616
1503540 1616
1503550 1640
1503560 1676
1503570 1676
1503580 1687
1503590 1687
1503600 1687
1503610 1675
1503620 1654
1503630 1654
1503640 1642
1503650 1628
1503660 1628
1503670 1615
1503680 1606
1503690 1606
1503700 1600
1503710 1597
1503720 1597
1503730 1594
1503740 1590
1503750 1590
1503760 1587
1503770 1580
1503780 1580
1503790 1573
1503800 1567
1503810 1567
1503820 1560
1503830 1553
1503840 1553
1503850 1547
1503860 1539
1503870 1539
1503880 1532
1503890 1527
1503900 1527
1503910 1522
1503920 1514
1503930 1514
1503940 1507
1503950 1499
1503960 1491
1503970 1491
1503980 1482
1503990 1477
1504000 1477
1504010 1474
1504020 1469
1504030 1469
1504040 1463
1504050 1458
1504060 1458
1504070 1451
1504080 1443
1504090 1443
1504100 1436
1504110 1431
1504120 1431
1504130 1425
1504140 1418
1504150 1418
1504160 1409
1504170 1401
1504180 1401
1504190 1394
1504200 1388
1504210 1388
1504220 1383
1504230 1379
1504240 1379
1504250 1374
1504260 1368
1504270 1368
1504280 1362
1504290 1356
1504300 1356
1504310 1349
1504320 1342
1504330 1342
1504340 1342
1504350 1338
1504360 1338
1504370 1322
1504380 1313
1504390 1307
1504400 1307
1504410 1298
1504420 1285
1504430 1285
1504440 1273
1504450 1267
1504460 1267
1504470 1274
1504480 1289
1504490 1289
1504500 1306
1504510 1333
1504520 1333
1504530 1360
1504540 1367
1504550 1367
1504560 1374
1504570 1382
1504580 1382
1504590 1390
1504600 1399
1504610 1399
1504620 1408
1504630 1421
1504640 1421
1504650 1429
1504660 1428
1504670 1428
1504680 1437
1504690 1446
1504700 1446
1504710 1456
1504720 1464
1504730 1464
1504740 1472
1504750 1478
1504760 1478
1504770 1477
1504780 1475
1504790 1475
1504800 1474
1504810 1474
1504820 1478
1504830 1478
1504840 1487
1504850 1491
1504860 1491
1504870 1487
1504880 1487
1504890 1487
1504900 1487
1504910 1489
1504920 1489
1504930 1493
1504940 1500
1504950 1500
1504960 1510
1504970 1520
1504980 1520
1504990 1536
1505000 1560
1505010 1560
1505020 1582
1505030 1585
1505040 1585
1505050 1586
1505060 1588
1505070 1588
1505080 1585
1505090 1588
1505100 1588
1505110 1599
1505120 1608
1505130 1608
1505140 1612
1505150 1614
1505160 1614
1505170 1616
1505180 1618
1505190 1618
1505200 1624
1505210 1628
1505220 1628
1505230 1628
1505240 1627
1505250 1627
1505260 1627
1505270 1628
1505280 1627
1505290 1627
1505300 1623
1505310 1621
1505320 1621
1505330 1620
1505340 1619
1505350 1619
1505360 1618
1505370 1616
1505380 1616
1505390 1612
1505400 1608
1505410 1608
1505420 1603
1505430 1600
1505440 1600
1505450 1597
1505460 1595
1505470 1595
1505480 1593
1505490 1591
1505500 1591
1505510 1588
1505520 1584
1505530 1584
1505540 1582
1505550 1580
1505560 1580
1505570 1579
1505580 1578
1505590 1578
1505600 1577
1505610 1574
1505620 1574
1505630 1570
1505640 1567
1505650 1567
1505660 1567
1505670 1567
1505680 1567
1505690 1567
1505700 1566
1505710 1565
1505720 1565
1505730 1565
1505740 1565
1505750 1565
1505760 1564
1505770 1563
1505780 1563
1505790 1562
1505800 1561
1505810 1561
1505820 1561
1505830 1559
1505840 1559
1505850 1558
1505860 1556
1505870 1556
1505880 1556
1505890 1555
1505900 1555
1505910 1554
1505920 1553
1505930 1553
1505940 1552
1505950 1553
1505960 1553
1505970 1554
1505980 1557
1505990 1557
1506000 1560
1506010 1565
1506020 1565
1506030 1569
1506040 1572
1506050 1572
1506060 1577
1506070 1582
1506080 1582
1506090 1587
1506100 1593
1506110 1598
1506120 1598
1506130 1603
1506140 1607
1506150 1607
1506160 1609
1506170 1607
1506180 1607
1506190 1604
1506200 1599
1506210 1599
1506220 1592
1506230 1586
1506240 1586
1506250 1581
1506260 1576
1506270 1576
1506280 1573
1506290 1569
1506300 1569
1506310 1567
1506320 1567
1506330 1567
1506340 1568
1506350 1569
1506360 1569
1506370 1568
1506380 1569
1506390 1569
1506400 1570
1506410 1573
1506420 1573
1506430 1576
1506440 1581
1506450 1581
1506460 1586
1506470 1590
1506480 1590
1506490 1594
1506500 1598
1506510 1598
1506520 1603
1506530 1607
1506540 1611
1506550 1611
1506560 1615
1506570 1619
1506580 1619
1506590 1624
1506600 1627
1506610 1627
1506620 1628
1506630 1627
1506640 1627
1506650 1625
1506660 1621
1506670 1621
1506680 1616
1506690 1610
1506700 1610
1506710 1603
1506720 1597
1506730 1597
1506740 1591
1506750 1585
1506760 1585
1506770 1580
1506780 1575
1506790 1575
1506800 1571
1506810 1567
1506820 1567
1506830 1564
1506840 1563
1506850 1563
1506860 1564
1506870 1568
1506880 1568
1506890 1569
1506900 1558
1506910 1558
1506920 1546
1506930 1539
1506940 1539
1506950 1536
1506960 1534
1506970 1522
1506980 1522
1506990 1504
1507000 1489
1507010 1489
1507020 1477
1507030 1467
1507040 1467
1507050 1458
1507060 1450
1507070 1450
1507080 1445
1507090 1442
1507100 1442
1507110 1439
1507120 1434
1507130 1434
1507140 1427
1507150 1422
1507160 1422
1507170 1417
1507180 1413
1507190 1413
1507200 1411
1507210 1412
1507220 1412
1507230 1414
1507240 1415
1507250 1415
1507260 1411
1507270 1406
1507280 1406
1507290 1404
1507300 1405
1507310 1405
1507320 1400
1507330 1391
1507340 1391
1507350 1381
1507360 1373
1507370 1373
1507380 1370
1507390 1367
1507400 1361
1507410 1361
1507420 1355
1507430 1348
1507440 1348
1507450 1339
1507460 1330
1507470 1330
1507480 1322
1507490 1311
1507500 1311
1507510 1294
1507520 1281
1507530 1281
1507540 1273
1507550 1265
1507560 1265
1507570 1258
1507580 1251
1507590 1251
1507600 1245
1507610 1238
1507620 1238
1507630 1232
1507640 1226
1507650 1226
1507660 1219
1507670 1215
1507680 1215
1507690 1214
1507700 1210
1507710 1210
1507720 1206
1507730 1204
1507740 1204
1507750 1201
1507760 1198
1507770 1198
1507780 1195
1507790 1193
1507800 1193
1507810 1189
1507820 1184
1507830 1184
1507840 1178
1507850 1173
1507860 1170
1507870 1170
1507880 1165
1507890 1158
1507900 1158
1507910 1151
1507920 1144
1507930 1144
1507940 1136
1507950 1130
1507960 1130
1507970 1126
1507980 1123
1507990 1123
1508000 1118
1508010 1111
1508020 1111
1508030 1104
1508040 1097
1508050 1097
1508060 1091
1508070 1087
1508080 1087
1508090 1081
1508100 1074
1508110 1074
1508120 1063
1508130 1049
1508140 1049
1508150 1035
1508160 1022
1508170 1022
1508180 1014
1508190 1015
1508200 1015
1508210 1025
1508220 1033
1508230 1033
1508240 1042
1508250 1059
1508260 1059
1508270 1077
1508280 1088
1508290 1099
1508300 1099
1508310 1116
1508320 1130
1508330 1130
1508340 1134
1508350 1138
1508360 1138
1508370 1142
1508380 1138
1508390 1138
1508400 1130
1508410 1123
1508420 1123
1508430 1117
1508440 1113
1508450 1113
1508460 1110
1508470 1105
1508480 1105
1508490 1103
1508500 1103
1508510 1103
1508520 1100
1508530 1094
1508540 1094
1508550 1087
1508560 1083
1508570 1083
1508580 1081
1508590 1079
1508600 1079
1508610 1075
1508620 1070
1508630 1070
1508640 1065
1508650 1059
1508660 1059
1508670 1053
1508680 1047
1508690 1047
1508700 1041
1508710 1035
1508720 1029
1508730 1029
1508740 1024
1508750 1017
1508760 1017
1508770 1011
1508780 1004
1508790 1004
1508800 997
1508810 990
1508820 990
1508830 983
1508840 974
1508850 974
1508860 965
1508870 956
1508880 956
1508890 949
1508900 952
1508910 952
1508920 959
1508930 967
1508940 967
1508950 971
1508960 968
1508970 968
1508980 965
1508990 969
1509000 969
1509010 973
1509020 973
1509030 973
1509040 971
1509050 969
1509060 969
1509070 968
1509080 971
1509090 971
1509100 975
1509110 977
1509120 977
1509130 979
1509140 979
1509150 975
1509160 975
1509170 971
1509180 974
1509190 974
1509200 982
1509210 992
1509220 992
1509230 1003
1509240 1010
1509250 1010
1509260 1015
1509270 1018
1509280 1018
1509290 1021
1509300 1025
1509310 1025
1509320 1030
1509330 1036
1509340 1036
1509350 1042
1509360 1046
1509370 1046
1509380 1048
1509390 1049
1509400 1049
1509410 1051
1509420 1053
1509430 1053
1509440 1057
1509450 1062
1509460 1062
1509470 1067
1509480 1073
1509490 1073
1509500 1077
1509510 1080
1509520 1080
1509530 1081
1509540 1082
1509550 1082
1509560 1083
1509570 1085
1509580 1084
1509590 1084
1509600 1081
1509610 1077
1509620 1077
1509630 1074
1509640 1069
1509650 1069
1509660 1062
1509670 1055
1509680 1055
1509690 1047
1509700 1040
1509710 1040
1509720 1035
1509730 1032
1509740 1032
1509750 1029
1509760 1029
1509770 1029
1509780 1032
1509790 1035
1509800 1035
1509810 1035
1509820 1028
1509830 1028
1509840 1018
1509850 1010
1509860 1010
1509870 1001
1509880 994
1509890 994
1509900 991
1509910 987
1509920 987
1509930 988
1509940 990
1509950 990
1509960 988
1509970 982
1509980 982
1509990 974
1510000 967
1510010 960
1510020 960
1510030 952
1510040 945
1510050 945
1510060 941
1510070 942
1510080 942
1510090 945
1510100 947
1510110 947
1510120 946
1510130 946
1510140 946
1510150 946
1510160 947
1510170 947
1510180 949
1510190 952
1510200 952
1510210 953
1510220 951
1510230 951
1510240 950
1510250 951
1510260 951
1510270 955
1510280 960
1510290 963
1510300 964
1510310 962
1510320 962
1510330 959
1510340 956
1510350 956
1510360 954
1510370 951
1510380 951
1510390 948
1510400 946
1510410 946
1510420 943
1510430 939
1510440 935
1510450 935
1510460 930
1510470 923
1510480 923
1510490 917
1510500 911
1510510 911
1510520 906
1510530 900
1510540 900
1510550 893
1510560 886
1510570 886
1510580 880
1510590 877
1510600 877
1510610 876
1510620 875
1510630 875
1510640 871
1510650 867
1510660 867
1510670 864
1510680 861
1510690 861
1510700 856
1510710 852
1510720 852
1510730 849
1510740 844
1510750 844
1510760 838
1510770 830
1510780 830
1510790 823
1510800 820
1510810 820
1510820 818
1510830 813
1510840 813
1510850 806
1510860 800
1510870 797
1510880 797
1510890 793
1510900 789
1510910 789
1510920 786
1510930 785
1510940 785
1510950 784
1510960 779
1510970 779
1510980 776
1510990 777
1511000 777
1511010 776
1511020 775
1511030 775
1511040 773
1511050 773
1511060 773
1511070 774
1511080 776
1511090 776
1511100 779
1511110 781
1511120 781
1511130 782
1511140 782
1511150 782
1511160 783
1511170 783
1511180 783
1511190 783
1511200 784
1511210 784
1511220 785
1511230 785
1511240 785
1511250 783
1511260 782
1511270 782
1511280 786
1511290 793
1511300 793
1511310 799
1511320 804
1511330 810
1511340 810
1511350 816
1511360 821
1511370 821
1511380 825
1511390 827
1511400 827
1511410 829
1511420 832
1511430 832
1511440 833
1511450 832
1511460 832
1511470 827
1511480 823
1511490 823
1511500 819
1511510 814
1511520 814
1511530 810
1511540 806
1511550 806
1511560 803
1511570 799
1511580 799
1511590 793
1511600 787
1511610 787
1511620 780
1511630 773
1511640 773
1511650 767
1511660 764
1511670 764
1511680 764
1511690 765
1511700 765
1511710 766
1511720 769
1511730 769
1511740 774
1511750 779
1511760 785
1511770 785
1511780 790
1511790 794
1511800 794
1511810 798
1511820 801
1511830 801
1511840 804
1511850 807
1511860 807
1511870 807
1511880 807
1511890 807
1511900 807
1511910 809
1511920 809
1511930 812
1511940 816
1511950 816
1511960 818
1511970 819
1511980 819
1511990 819
1512000 821
1512010 821
1512020 822
1512030 823
1512040 823
1512050 824
1512060 826
1512070 826
1512080 826
1512090 827
1512100 827
1512110 829
1512120 833
1512130 833
1512140 836
1512150 838
1512160 838
1512170 839
1512180 839
1512190 839
1512200 839
1512210 838
1512220 837
1512230 837
1512240 836
1512250 833
1512260 833
1512270 831
1512280 830
1512290 830
1512300 829
1512310 826
1512320 826
1512330 824
1512340 822
1512350 822
1512360 818
1512370 816
1512380 816
1512390 816
1512400 814
1512410 814
1512420 811
1512430 805
1512440 805
1512450 798
1512460 791
1512470 791
1512480 784
1512490 778
1512500 778
1512510 779
1512520 784
1512530 784
1512540 789
1512550 795
1512560 795
1512570 800
1512580 805
1512590 805
1512600 808
1512610 811
1512620 813
1512630 813
1512640 814
1512650 814
1512660 814
1512670 813
1512680 812
1512690 812
1512700 810
1512710 808
1512720 808
1512730 806
1512740 804
1512750 804
1512760 802
1512770 800
1512780 800
1512790 797
1512800 794
1512810 794
1512820 791
1512830 786
1512840 786
1512850 779
1512860 773
1512870 773
1512880 776
1512890 782
1512900 782
1512910 788
1512920 791
1512930 791
1512940 792
1512950 793
1512960 793
1512970 794
1512980 797
1512990 797
1513000 800
1513010 803
1513020 803
1513030 807
1513040 811
1513050 813
1513060 813
1513070 815
1513080 817
1513090 817
1513100 818
1513110 819
1513120 819
1513130 818
1513140 818
1513150 818
1513160 818
1513170 817
1513180 817
1513190 817
1513200 818
1513210 818
1513220 818
1513230 818
1513240 818
1513250 818
1513260 817
1513270 817
1513280 816
1513290 815
1513300 815
1513310 814
1513320 814
1513330 814
1513340 814
1513350 815
1513360 815
1513370 816
1513380 818
1513390 818
1513400 819
1513410 819
1513420 819
1513430 818
1513440 816
1513450 816
1513460 815
1513470 815
1513480 814
1513490 814
1513500 813
1513510 812
1513520 812
1513530 811
1513540 809
1513550 809
1513560 806
1513570 804
1513580 804
1513590 802
1513600 798
1513610 798
1513620 795
1513630 791
1513640 791
1513650 788
1513660 784
1513670 784
1513680 779
1513690 774
1513700 774
1513710 769
1513720 764
1513730 764
1513740 760
1513750 756
1513760 756
1513770 753
1513780 750
1513790 750
1513800 747
1513810 743
1513820 743
1513830 739
1513840 733
1513850 733
1513860 725
1513870 718
1513880 718
1513890 717
1513900 723
1513910 726
1513920 726
1513930 726
1513940 726
1513950 726
1513960 726
1513970 725
1513980 725
1513990 723
1514000 720
1514010 720
1514020 716
1514030 711
1514040 711
1514050 705
1514060 700
1514070 700
1514080 692
1514090 685
1514100 685
1514110 679
1514120 683
1514130 683
1514140 689
1514150 693
1514160 693
1514170 694
1514180 693
1514190 693
1514200 694
1514210 696
1514220 696
1514230 699
1514240 702
1514250 702
1514260 706
1514270 709
1514280 709
1514290 711
1514300 713
1514310 713
1514320 714
1514330 714
1514340 714
1514350 714
1514360 715
1514370 717
1514380 717
1514390 718
1514400 719
1514410 719
1514420 720
1514430 721
1514440 721
1514450 721
1514460 721
1514470 721
1514480 722
1514490 723
1514500 723
1514510 724
1514520 723
1514530 723
1514540 722
1514550 720
1514560 720
1514570 718
1514580 715
1514590 715
1514600 711
1514610 707
1514620 707
1514630 702
1514640 697
1514650 697
1514660 691
1514670 686
1514680 686
1514690 680
1514700 674
1514710 674
1514720 668
1514730 663
1514740 663
1514750 658
1514760 655
1514770 655
1514780 651
1514790 647
1514800 643
1514810 643
1514820 639
1514830 636
1514840 636
1514850 633
1514860 629
1514870 631
1514880 626
1514890 621
1514900 621
1514910 618
1514920 612
1514930 612
1514940 606
1514950 609
1514960 609
1514970 615
1514980 620
1514990 620
1515000 625
1515010 628
1515020 628
1515030 632
1515040 637
1515050 637
1515060 639
1515070 640
1515080 640
1515090 640
1515100 639
1515110 639
1515120 638
1515130 637
1515140 637
1515150 636
1515160 635
1515170 635
1515180 632
1515190 629
1515200 629
1515210 626
1515220 624
1515230 623
1515240 623
1515250 621
1515260 620
1515270 620
1515280 619
1515290 617
1515300 617
1515310 613
1515320 608
1515330 608
1515340 605
1515350 603
1515360 603
1515370 601
1515380 598
1515390 598
1515400 597
1515410 593
1515420 593
1515430 586
1515440 581
1515450 581
1515460 577
1515470 566
1515480 566
1515490 557
1515500 552
1515510 552
1515520 547
1515530 543
1515540 543
1515550 539
1515560 533
1515570 533
1515580 528
1515590 523
1515600 523
1515610 518
1515620 513
1515630 513
1515640 507
1515650 502
1515660 500
1515670 500
1515680 497
1515690 495
1515700 495
1515710 491
1515720 487
1515730 487
1515740 483
1515750 481
1515760 481
1515770 480
1515780 478
1515790 478
1515800 476
1515810 475
1515820 475
1515830 475
1515840 475
1515850 475
1515860 479
1515870 482
1515880 482
1515890 483
1515900 483
1515910 483
1515920 484
1515930 489
1515940 489
1515950 496
1515960 503
1515970 503
1515980 510
1515990 518
1516000 518
1516010 525
1516020 533
1516030 533
1516040 542
1516050 550
1516060 550
1516070 558
1516080 566
1516090 574
1516100 574
1516110 580
1516120 586
1516130 586
1516140 593
1516150 603
1516160 603
1516170 612
1516180 618
1516190 618
1516200 623
1516210 628
1516220 628
1516230 635
1516240 642
1516250 642
1516260 649
1516270 655
1516280 655
1516290 660
1516300 663
1516310 663
1516320 665
1516330 667
1516340 667
1516350 669
1516360 672
1516370 672
1516380 674
1516390 673
1516400 673
1516410 673
1516420 675
1516430 675
1516440 678
1516450 679
1516460 679
1516470 681
1516480 682
1516490 682
1516500 682
1516510 684
1516520 687
1516530 687
1516540 689
1516550 690
1516560 690
1516570 692
1516580 694
1516590 694
1516600 695
1516610 694
1516620 694
1516630 693
1516640 691
1516650 691
1516660 689
1516670 688
1516680 688
1516690 689
1516700 688
1516710 688
1516720 687
1516730 686
1516740 686
1516750 684
1516760 682
1516770 682
1516780 679
1516790 674
1516800 674
1516810 671
1516820 670
1516830 670
1516840 670
1516850 670
1516860 670
1516870 668
1516880 666
1516890 666
1516900 664
1516910 662
1516920 662
1516930 661
1516940 659
1516950 658
1516960 658
1516970 661
1516980 665
1516990 665
1517000 669
1517010 675
1517020 675
1517030 681
1517040 687
1517050 687
1517060 693
1517070 698
1517080 698
1517090 705
1517100 711
1517110 711
1517120 718
1517130 726
1517140 726
1517150 734
1517160 742
1517170 742
1517180 749
1517190 756
1517200 756
1517210 763
1517220 771
1517230 771
1517240 779
1517250 786
1517260 786
1517270 797
1517280 809
1517290 809
1517300 817
1517310 821
1517320 821
1517330 824
1517340 826
1517350 826
1517360 826
1517370 827
1517380 829
1517390 829
1517400 832
1517410 835
1517420 835
1517430 838
1517440 840
1517450 840
1517460 842
1517470 845
1517480 845
1517490 849
1517500 853
1517510 853
1517520 857
1517530 860
1517540 860
1517550 863
1517560 867
1517570 867
1517580 871
1517590 875
1517600 875
1517610 878
1517620 880
1517630 880
1517640 880
1517650 879
1517660 879
1517670 878
1517680 877
1517690 877
1517700 878
1517710 881
1517720 881
1517730 885
1517740 887
1517750 887
1517760 888
1517770 889
1517780 889
1517790 891
1517800 894
1517810 894
1517820 898
1517830 899
1517840 899
1517850 899
1517860 898
1517870 897
1517880 897
1517890 895
1517900 892
1517910 892
1517920 889
1517930 884
1517940 884
1517950 880
1517960 878
1517970 878
1517980 879
1517990 881
1518000 881
1518010 882
1518020 881
1518030 881
1518040 878
1518050 875
1518060 875
1518070 873
1518080 869
1518090 869
1518100 863
1518110 857
1518120 857
1518130 851
1518140 846
1518150 846
1518160 843
1518170 842
1518180 842
1518190 842
1518200 843
1518210 843
1518220 845
1518230 847
1518240 847
1518250 849
1518260 851
1518270 852
1518280 852
1518290 854
1518300 856
1518310 856
1518320 858
1518330 859
1518340 859
1518350 861
1518360 863
1518370 863
1518380 866
1518390 868
1518400 868
1518410 871
1518420 872
1518430 872
1518440 873
1518450 871
1518460 871
1518470 866
1518480 863
1518490 863
1518500 864
1518510 859
1518520 859
1518530 853
1518540 846
1518550 846
1518560 841
1518570 837
1518580 837
1518590 834
1518600 831
1518610 831
1518620 828
1518630 824
1518640 824
1518650 825
1518660 829
1518670 829
1518680 834
1518690 838
1518700 842
1518710 842
1518720 844
1518730 846
1518740 846
1518750 850
1518760 854
1518770 854
1518780 859
1518790 864
1518800 864
1518810 866
1518820 868
1518830 868
1518840 869
1518850 870
1518860 869
1518870 871
1518880 874
1518890 874
1518900 877
1518910 882
1518920 882
1518930 887
1518940 893
1518950 893
1518960 898
1518970 905
1518980 905
1518990 910
1519000 916
1519010 916
1519020 922
1519030 927
1519040 927
1519050 933
1519060 939
1519070 939
1519080 944
1519090 948
1519100 948
1519110 952
1519120 955
1519130 959
1519140 959
1519150 962
1519160 965
1519170 965
1519180 968
1519190 970
1519200 970
1519210 972
1519220 974
1519230 974
1519240 976
1519250 979
1519260 979
1519270 983
1519280 986
1519290 986
1519300 988
1519310 991
1519320 991
1519330 993
1519340 995
1519350 995
1519360 997
1519370 998
1519380 998
1519390 998
1519400 999
1519410 999
1519420 999
1519430 999
1519440 999
1519450 1001
1519460 1005
1519470 1005
1519480 1008
1519490 1009
1519500 1009
1519510 1011
1519520 1012
1519530 1012
1519540 1013
1519550 1015
1519560 1015
1519570 1015
1519580 1014
1519590 1014
1519600 1014
1519610 1015
1519620 1017
1519630 1017
1519640 1017
1519650 1016
1519660 1016
1519670 1017
1519680 1018
1519690 1018
1519700 1020
1519710 1022
1519720 1022
1519730 1023
1519740 1025
1519750 1025
1519760 1027
1519770 1029
1519780 1029
1519790 1031
1519800 1032
1519810 1032
1519820 1033
1519830 1033
1519840 1033
1519850 1033
1519860 1031
1519870 1031
1519880 1029
1519890 1028
1519900 1028
1519910 1025
1519920 1022
1519930 1022
1519940 1018
1519950 1013
1519960 1013
1519970 1009
1519980 1004
1519990 1000
