1500000 737
1500010 737
1500020 738
1500030 738
1500040 739
1500050 741
1500060 741
1500070 744
1500080 747
1500090 747
1500100 749
1500110 750
1500120 753
1500130 753
1500140 756
1500150 762
1500160 762
1500170 766
1500180 769
1500190 769
1500200 772
1500210 771
1500220 771
1500230 769
1500240 770
1500250 770
1500260 769
1500270 769
1500280 769
1500290 770
1500300 770
1500310 770
1500320 770
1500330 770
1500340 770
1500350 772
1500360 771
1500370 771
1500380 772
1500390 778
1500400 778
1500410 786
1500420 792
1500430 792
1500440 793
1500450 795
1500460 795
1500470 798
1500480 801
1500490 801
1500500 804
1500510 807
1500520 807
1500530 809
1500540 811
1500550 811
1500560 814
1500570 816
1500580 818
1500590 818
1500600 820
1500610 822
1500620 822
1500630 822
1500640 823
1500650 823
1500660 825
1500670 826
1500680 826
1500690 829
1500700 832
1500710 832
1500720 833
1500730 838
1500740 838
1500750 843
1500760 845
1500770 845
1500780 849
1500790 858
1500800 858
1500810 870
1500820 887
1500830 887
1500840 899
1500850 910
1500860 910
1500870 920
1500880 928
1500890 928
1500900 934
1500910 942
1500920 942
1500930 957
1500940 969
1500950 969
1500960 975
1500970 985
1500980 985
1500990 994
1501000 1001
1501010 1007
1501020 1007
1501030 1015
1501040 1021
1501050 1021
1501060 1025
1501070 1032
1501080 1032
1501090 1040
1501100 1046
1501110 1046
1501120 1055
1501130 1066
1501140 1066
1501150 1077
1501160 1090
1501170 1090
1501180 1101
1501190 1110
1501200 1110
1501210 1118
1501220 1122
1501230 1122
1501240 1127
1501250 1131
1501260 1131
1501270 1136
1501280 1140
1501290 1140
1501300 1143
1501310 1144
1501320 1144
1501330 1143
1501340 1143
1501350 1143
1501360 1150
1501370 1158
1501380 1158
1501390 1166
1501400 1174
1501410 1174
1501420 1177
1501430 1173
1501440 1173
1501450 1173
1501460 1171
1501470 1166
1501480 1166
1501490 1165
1501500 1171
1501510 1171
1501520 1173
1501530 1181
1501540 1181
1501550 1186
1501560 1188
1501570 1188
1501580 1189
1501590 1191
1501600 1191
1501610 1181
1501620 1157
1501630 1157
1501640 1119
1501650 1103
1501660 1103
1501670 1092
1501680 1082
1501690 1082
1501700 1071
1501710 1058
1501720 1058
1501730 1049
1501740 1046
1501750 1046
1501760 1039
1501770 1032
1501780 1032
1501790 1023
1501800 1016
1501810 1016
1501820 1016
1501830 1016
1501840 1016
1501850 1007
1501860 990
1501870 986
1501880 986
1501890 986
1501900 978
1501910 978
1501920 963
1501930 949
1501940 949
1501950 940
1501960 939
1501970 939
1501980 933
1501990 938
1502000 938
1502010 941
1502020 945
1502030 945
1502040 963
1502050 982
1502060 982
1502070 993
1502080 997
1502090 997
1502100 1006
1502110 1006
1502120 1006
1502130 1006
1502140 1011
1502150 1011
1502160 1017
1502170 1023
1502180 1023
1502190 1024
1502200 1025
1502210 1025
1502220 1027
1502230 1030
1502240 1030
1502250 1033
1502260 1035
1502270 1035
1502280 1038
1502290 1040
1502300 1050
1502310 1050
1502320 1057
1502330 1064
1502340 1064
1502350 1069
1502360 1074
1502370 1074
1502380 1082
1502390 1090
1502400 1090
1502410 1097
1502420 1104
1502430 1104
1502440 1103
1502450 1095
1502460 1095
1502470 1094
1502480 1097
1502490 1097
1502500 1108
1502510 1118
1502520 1118
1502530 1134
1502540 1149
1502550 1149
1502560 1143
1502570 1153
1502580 1153
1502590 1161
1502600 1169
1502610 1169
1502620 1177
1502630 1187
1502640 1187
1502650 1197
1502660 1208
1502670 1208
1502680 1217
1502690 1227
1502700 1227
1502710 1241
1502720 1250
1502730 1250
1502740 1252
1502750 1256
1502760 1264
1502770 1264
1502780 1277
1502790 1292
1502800 1292
1502810 1303
1502820 1311
1502830 1311
1502840 1318
1502850 1337
1502860 1337
1502870 1350
1502880 1362
1502890 1362
1502900 1371
1502910 1379
1502920 1379
1502930 1389
1502940 1399
1502950 1399
1502960 1407
1502970 1414
1502980 1414
1502990 1422
1503000 1431
1503010 1431
1503020 1439
1503030 1447
1503040 1447
1503050 1463
1503060 1480
1503070 1480
1503080 1496
1503090 1559
1503100 1559
1503110 1585
1503120 1594
1503130 1594
1503140 1600
1503150 1605
1503160 1605
1503170 1591
1503180 1572
1503190 1559
1503200 1559
1503210 1556
1503220 1561
1503230 1561
1503240 1572
1503250 1586
1503260 1586
1503270 1600
1503280 1617
1503290 1617
1503300 1642
1503310 1658
1503320 1658
1503330 1646
1503340 1634
1503350 1634
1503360 1629
1503370 1620
1503380 1620
1503390 1615
1503400 1614
1503410 1614
1503420 1612
1503430 1614
1503440 1614
1503450 1619
1503460 1626
1503470 1626
1503480 1631
1503490 1636
1503500 1636
1503510 1643
1503520 1650
1503530 1650
1503540 1657
1503550 1665
1503560 1665
1503570 1672
1503580 1679
1503590 1679
1503600 1687
1503610 1694
1503620 1701
1503630 1701
1503640 1709
1503650 1718
1503660 1718
1503670 1726
1503680 1742
1503690 1742
1503700 1752
1503710 1741
1503720 1741
1503730 1728
1503740 1718
1503750 1718
1503760 1709
1503770 1705
1503780 1705
1503790 1705
1503800 1703
1503810 1703
1503820 1699
1503830 1691
1503840 1691
1503850 1687
1503860 1683
1503870 1683
1503880 1681
1503890 1677
1503900 1677
1503910 1668
1503920 1660
1503930 1660
1503940 1655
1503950 1651
1503960 1651
1503970 1649
1503980 1645
1503990 1645
1504000 1643
1504010 1644
1504020 1644
1504030 1640
1504040 1638
1504050 1630
1504060 1630
1504070 1625
1504080 1632
1504090 1632
1504100 1645
1504110 1649
1504120 1649
1504130 1645
1504140 1639
1504150 1639
1504160 1632
1504170 1625
1504180 1625
1504190 1619
1504200 1613
1504210 1613
1504220 1608
1504230 1602
1504240 1602
1504250 1597
1504260 1590
1504270 1590
1504280 1585
1504290 1580
1504300 1580
1504310 1575
1504320 1570
1504330 1570
1504340 1564
1504350 1559
1504360 1559
1504370 1553
1504380 1548
1504390 1548
1504400 1547
1504410 1543
1504420 1543
1504430 1542
1504440 1539
1504450 1539
1504460 1532
1504470 1525
1504480 1519
1504490 1519
1504500 1514
1504510 1510
1504520 1510
1504530 1508
1504540 1506
1504550 1506
1504560 1503
1504570 1497
1504580 1497
1504590 1494
1504600 1493
1504610 1493
1504620 1492
1504630 1492
1504640 1492
1504650 1494
1504660 1494
1504670 1494
1504680 1490
1504690 1486
1504700 1486
1504710 1482
1504720 1477
1504730 1477
1504740 1470
1504750 1463
1504760 1463
1504770 1456
1504780 1449
1504790 1449
1504800 1441
1504810 1433
1504820 1433
1504830 1426
1504840 1418
1504850 1418
1504860 1410
1504870 1402
1504880 1402
1504890 1396
1504900 1390
1504910 1390
1504920 1384
1504930 1380
1504940 1380
1504950 1380
1504960 1382
1504970 1383
1504980 1383
1504990 1384
1505000 1384
1505010 1384
1505020 1383
1505030 1382
1505040 1382
1505050 1381
1505060 1379
1505070 1379
1505080 1377
1505090 1375
1505100 1375
1505110 1374
1505120 1372
1505130 1372
1505140 1370
1505150 1369
1505160 1369
1505170 1368
1505180 1369
1505190 1369
1505200 1369
1505210 1369
1505220 1369
1505230 1369
1505240 1369
1505250 1369
1505260 1370
1505270 1370
1505280 1370
1505290 1369
1505300 1369
1505310 1369
1505320 1368
1505330 1367
1505340 1367
1505350 1366
1505360 1364
1505370 1363
1505380 1363
1505390 1362
1505400 1360
1505410 1360
1505420 1359
1505430 1357
1505440 1357
1505450 1355
1505460 1354
1505470 1354
1505480 1353
1505490 1351
1505500 1351
1505510 1349
1505520 1346
1505530 1346
1505540 1341
1505550 1336
1505560 1336
1505570 1332
1505580 1329
1505590 1329
1505600 1328
1505610 1327
1505620 1327
1505630 1325
1505640 1323
1505650 1323
1505660 1320
1505670 1318
1505680 1318
1505690 1316
1505700 1314
1505710 1314
1505720 1312
1505730 1310
1505740 1310
1505750 1309
1505760 1308
1505770 1308
1505780 1308
1505790 1307
1505800 1306
1505810 1306
1505820 1306
1505830 1305
1505840 1305
1505850 1305
1505860 1305
1505870 1305
1505880 1305
1505890 1304
1505900 1304
1505910 1304
1505920 1305
1505930 1305
1505940 1305
1505950 1305
1505960 1305
1505970 1305
1505980 1305
1505990 1305
1506000 1305
1506010 1306
1506020 1306
1506030 1307
1506040 1308
1506050 1308
1506060 1310
1506070 1313
1506080 1313
1506090 1315
1506100 1317
1506110 1317
1506120 1319
1506130 1321
1506140 1321
1506150 1322
1506160 1323
1506170 1323
1506180 1325
1506190 1327
1506200 1327
1506210 1329
1506220 1329
1506230 1331
1506240 1331
1506250 1332
1506260 1334
1506270 1334
1506280 1335
1506290 1336
1506300 1336
1506310 1337
1506320 1339
1506330 1339
1506340 1342
1506350 1345
1506360 1345
1506370 1348
1506380 1352
1506390 1352
1506400 1356
1506410 1361
1506420 1361
1506430 1366
1506440 1372
1506450 1372
1506460 1378
1506470 1384
1506480 1384
1506490 1391
1506500 1397
1506510 1397
1506520 1403
1506530 1409
1506540 1409
1506550 1415
1506560 1421
1506570 1421
1506580 1427
1506590 1433
1506600 1433
1506610 1439
1506620 1445
1506630 1445
1506640 1450
1506650 1455
1506660 1459
1506670 1459
1506680 1462
1506690 1465
1506700 1465
1506710 1467
1506720 1469
1506730 1469
1506740 1469
1506750 1469
1506760 1469
1506770 1469
1506780 1469
1506790 1469
1506800 1468
1506810 1469
1506820 1469
1506830 1469
1506840 1471
1506850 1471
1506860 1474
1506870 1476
1506880 1476
1506890 1478
1506900 1480
1506910 1480
1506920 1481
1506930 1482
1506940 1482
1506950 1483
1506960 1485
1506970 1485
1506980 1487
1506990 1489
1507000 1489
1507010 1492
1507020 1495
1507030 1495
1507040 1497
1507050 1500
1507060 1500
1507070 1504
1507080 1508
1507090 1514
1507100 1514
1507110 1520
1507120 1527
1507130 1527
1507140 1534
1507150 1541
1507160 1541
1507170 1548
1507180 1554
1507190 1554
1507200 1559
1507210 1564
1507220 1564
1507230 1568
1507240 1573
1507250 1573
1507260 1579
1507270 1581
1507280 1581
1507290 1578
1507300 1571
1507310 1571
1507320 1563
1507330 1556
1507340 1556
1507350 1548
1507360 1539
1507370 1539
1507380 1528
1507390 1518
1507400 1518
1507410 1509
1507420 1501
1507430 1501
1507440 1494
1507450 1487
1507460 1487
1507470 1480
1507480 1474
1507490 1474
1507500 1465
1507510 1455
1507520 1455
1507530 1446
1507540 1437
1507550 1428
1507560 1428
1507570 1421
1507580 1413
1507590 1413
1507600 1405
1507610 1397
1507620 1397
1507630 1390
1507640 1383
1507650 1383
1507660 1377
1507670 1370
1507680 1370
1507690 1365
1507700 1360
1507710 1360
1507720 1355
1507730 1348
1507740 1348
1507750 1342
1507760 1338
1507770 1338
1507780 1334
1507790 1332
1507800 1332
1507810 1330
1507820 1329
1507830 1329
1507840 1329
1507850 1326
1507860 1326
1507870 1321
1507880 1313
1507890 1313
1507900 1307
1507910 1303
1507920 1303
1507930 1300
1507940 1296
1507950 1296
1507960 1292
1507970 1286
1507980 1281
1507990 1281
1508000 1277
1508010 1276
1508020 1276
1508030 1278
1508040 1278
1508050 1278
1508060 1275
1508070 1270
1508080 1270
1508090 1264
1508100 1257
1508110 1257
1508120 1252
1508130 1249
1508140 1249
1508150 1248
1508160 1246
1508170 1246
1508180 1245
1508190 1240
1508200 1240
1508210 1234
1508220 1233
1508230 1233
1508240 1247
1508250 1256
1508260 1256
1508270 1251
1508280 1246
1508290 1246
1508300 1276
1508310 1312
1508320 1312
1508330 1325
1508340 1333
1508350 1333
1508360 1327
1508370 1317
1508380 1317
1508390 1307
1508400 1300
1508410 1291
1508420 1291
1508430 1285
1508440 1283
1508450 1283
1508460 1282
1508470 1282
1508480 1282
1508490 1283
1508500 1282
1508510 1282
1508520 1277
1508530 1268
1508540 1268
1508550 1258
1508560 1249
1508570 1249
1508580 1240
1508590 1232
1508600 1232
1508610 1224
1508620 1215
1508630 1215
1508640 1207
1508650 1203
1508660 1203
1508670 1204
1508680 1201
1508690 1201
1508700 1196
1508710 1186
1508720 1186
1508730 1188
1508740 1175
1508750 1175
1508760 1163
1508770 1158
1508780 1158
1508790 1155
1508800 1151
1508810 1151
1508820 1148
1508830 1146
1508840 1143
1508850 1143
1508860 1144
1508870 1149
1508880 1149
1508890 1157
1508900 1162
1508910 1162
1508920 1167
1508930 1171
1508940 1171
1508950 1173
1508960 1173
1508970 1173
1508980 1174
1508990 1174
1509000 1174
1509010 1175
1509020 1175
1509030 1175
1509040 1175
1509050 1178
1509060 1178
1509070 1187
1509080 1195
1509090 1195
1509100 1201
1509110 1205
1509120 1205
1509130 1208
1509140 1211
1509150 1211
1509160 1213
1509170 1216
1509180 1216
1509190 1219
1509200 1223
1509210 1223
1509220 1229
1509230 1234
1509240 1234
1509250 1236
1509260 1235
1509270 1232
1509280 1232
1509290 1230
1509300 1229
1509310 1229
1509320 1228
1509330 1227
1509340 1227
1509350 1227
1509360 1227
1509370 1227
1509380 1226
1509390 1225
1509400 1225
1509410 1227
1509420 1229
1509430 1229
1509440 1233
1509450 1239
1509460 1239
1509470 1241
1509480 1241
1509490 1241
1509500 1240
1509510 1238
1509520 1238
1509530 1235
1509540 1231
1509550 1231
1509560 1228
1509570 1226
1509580 1226
1509590 1224
1509600 1221
1509610 1221
1509620 1213
1509630 1204
1509640 1204
1509650 1195
1509660 1187
1509670 1187
1509680 1178
1509690 1168
1509700 1168
1509710 1160
1509720 1152
1509730 1147
1509740 1147
1509750 1148
1509760 1152
1509770 1152
1509780 1152
1509790 1150
1509800 1150
1509810 1153
1509820 1148
1509830 1148
1509840 1137
1509850 1126
1509860 1126
1509870 1121
1509880 1115
1509890 1115
1509900 1107
1509910 1101
1509920 1101
1509930 1095
1509940 1088
1509950 1088
1509960 1083
1509970 1080
1509980 1080
1509990 1078
1510000 1076
1510010 1076
1510020 1072
1510030 1067
1510040 1067
1510050 1061
1510060 1053
1510070 1053
1510080 1044
1510090 1035
1510100 1035
1510110 1028
1510120 1020
1510130 1020
1510140 1012
1510150 1006
1510160 1000
1510170 1000
1510180 992
1510190 984
1510200 984
1510210 977
1510220 972
1510230 972
1510240 969
1510250 967
1510260 967
1510270 965
1510280 966
1510290 966
1510300 969
1510310 969
1510320 969
1510330 968
1510340 967
1510350 967
1510360 966
1510370 966
1510380 966
1510390 965
1510400 963
1510410 963
1510420 962
1510430 960
1510440 960
1510450 959
1510460 956
1510470 956
1510480 953
1510490 949
1510500 949
1510510 944
1510520 941
1510530 941
1510540 942
1510550 943
1510560 943
1510570 943
1510580 939
1510590 935
1510600 935
1510610 931
1510620 927
1510630 927
1510640 922
1510650 918
1510660 918
1510670 917
1510680 919
1510690 919
1510700 920
1510710 918
1510720 918
1510730 915
1510740 909
1510750 909
1510760 902
1510770 895
1510780 895
1510790 892
1510800 892
1510810 892
1510820 893
1510830 898
1510840 898
1510850 905
1510860 910
1510870 910
1510880 914
1510890 917
1510900 917
1510910 921
1510920 925
1510930 925
1510940 928
1510950 931
1510960 931
1510970 934
1510980 938
1510990 938
1511000 941
1511010 944
1511020 945
1511030 945
1511040 945
1511050 945
1511060 945
1511070 945
1511080 944
1511090 944
1511100 944
1511110 943
1511120 943
1511130 941
1511140 940
1511150 940
1511160 938
1511170 936
1511180 936
1511190 934
1511200 931
1511210 931
1511220 925
1511230 919
1511240 919
1511250 912
1511260 906
1511270 906
1511280 902
1511290 901
1511300 901
1511310 901
1511320 902
1511330 902
1511340 905
1511350 910
1511360 910
1511370 915
1511380 920
1511390 920
1511400 923
1511410 926
1511420 926
1511430 930
1511440 934
1511450 939
1511460 939
1511470 944
1511480 948
1511490 948
1511500 951
1511510 951
1511520 951
1511530 947
1511540 939
1511550 939
1511560 931
1511570 924
1511580 924
1511590 918
1511600 912
1511610 912
1511620 905
1511630 899
1511640 899
1511650 891
1511660 882
1511670 882
1511680 874
1511690 866
1511700 866
1511710 858
1511720 858
1511730 858
1511740 862
1511750 868
1511760 868
1511770 873
1511780 875
1511790 875
1511800 879
1511810 885
1511820 885
1511830 890
1511840 896
1511850 896
1511860 902
1511870 910
1511880 910
1511890 918
1511900 927
1511910 935
1511920 935
1511930 940
1511940 942
1511950 942
1511960 941
1511970 939
1511980 939
1511990 936
1512000 931
1512010 931
1512020 926
1512030 920
1512040 920
1512050 913
1512060 905
1512070 905
1512080 898
1512090 892
1512100 892
1512110 887
1512120 882
1512130 882
1512140 881
1512150 883
1512160 883
1512170 887
1512180 892
1512190 892
1512200 897
1512210 900
1512220 900
1512230 901
1512240 902
1512250 902
1512260 902
1512270 900
1512280 900
1512290 896
1512300 891
1512310 891
1512320 886
1512330 881
1512340 882
1512350 882
1512360 888
1512370 893
1512380 893
1512390 894
1512400 892
1512410 892
1512420 887
1512430 881
1512440 881
1512450 880
1512460 884
1512470 884
1512480 891
1512490 897
1512500 897
1512510 903
1512520 909
1512530 909
1512540 915
1512550 921
1512560 921
1512570 926
1512580 930
1512590 930
1512600 931
1512610 930
1512620 930
1512630 928
1512640 926
1512650 926
1512660 925
1512670 924
1512680 924
1512690 922
1512700 919
1512710 919
1512720 919
1512730 921
1512740 921
1512750 919
1512760 913
1512770 907
1512780 907
1512790 903
1512800 902
1512810 902
1512820 906
1512830 911
1512840 911
1512850 917
1512860 924
1512870 924
1512880 931
1512890 934
1512900 934
1512910 932
1512920 926
1512930 926
1512940 924
1512950 926
1512960 926
1512970 926
1512980 921
1512990 921
1513000 915
1513010 911
1513020 911
1513030 912
1513040 916
1513050 916
1513060 922
1513070 929
1513080 929
1513090 937
1513100 942
1513110 942
1513120 943
1513130 942
1513140 942
1513150 940
1513160 936
1513170 936
1513180 934
1513190 933
1513200 934
1513210 934
1513220 937
1513230 944
1513240 944
1513250 951
1513260 954
1513270 954
1513280 959
1513290 965
1513300 965
1513310 968
1513320 969
1513330 969
1513340 967
1513350 965
1513360 965
1513370 963
1513380 960
1513390 960
1513400 955
1513410 950
1513420 950
1513430 946
1513440 940
1513450 940
1513460 933
1513470 927
1513480 927
1513490 926
1513500 925
1513510 925
1513520 922
1513530 920
1513540 920
1513550 917
1513560 922
1513570 922
1513580 919
1513590 915
1513600 915
1513610 912
1513620 908
1513630 908
1513640 903
1513650 901
1513660 901
1513670 901
1513680 900
1513690 899
1513700 899
1513710 896
1513720 892
1513730 892
1513740 887
1513750 881
1513760 881
1513770 875
1513780 869
1513790 869
1513800 863
1513810 858
1513820 858
1513830 853
1513840 849
1513850 849
1513860 844
1513870 838
1513880 838
1513890 833
1513900 830
1513910 830
1513920 826
1513930 822
1513940 822
1513950 819
1513960 817
1513970 817
1513980 815
1513990 813
1514000 813
1514010 811
1514020 808
1514030 808
1514040 803
1514050 797
1514060 797
1514070 789
1514080 782
1514090 781
1514100 781
1514110 784
1514120 790
1514130 790
1514140 795
1514150 798
1514160 798
1514170 802
1514180 807
1514190 807
1514200 813
1514210 816
1514220 816
1514230 819
1514240 823
1514250 823
1514260 826
1514270 828
1514280 828
1514290 828
1514300 826
1514310 826
1514320 823
1514330 818
1514340 818
1514350 813
1514360 808
1514370 808
1514380 803
1514390 798
1514400 798
1514410 793
1514420 788
1514430 788
1514440 784
1514450 778
1514460 778
1514470 772
1514480 767
1514490 767
1514500 762
1514510 757
1514520 753
1514530 753
1514540 749
1514550 745
1514560 745
1514570 740
1514580 736
1514590 736
1514600 733
1514610 729
1514620 729
1514630 728
1514640 730
1514650 730
1514660 733
1514670 734
1514680 734
1514690 731
1514700 729
1514710 729
1514720 730
1514730 731
1514740 731
1514750 730
1514760 730
1514770 730
1514780 729
1514790 730
1514800 730
1514810 732
1514820 735
1514830 735
1514840 737
1514850 739
1514860 739
1514870 740
1514880 742
1514890 742
1514900 743
1514910 744
1514920 744
1514930 745
1514940 744
1514950 743
1514960 743
1514970 742
1514980 740
1514990 740
1515000 738
1515010 735
1515020 735
1515030 732
1515040 729
1515050 729
1515060 725
1515070 719
1515080 719
1515090 713
1515100 707
1515110 707
1515120 700
1515130 694
1515140 694
1515150 688
1515160 681
1515170 681
1515180 675
1515190 669
1515200 669
1515210 663
1515220 658
1515230 658
1515240 653
1515250 648
1515260 648
1515270 644
1515280 641
1515290 641
1515300 637
1515310 633
1515320 633
1515330 629
1515340 624
1515350 624
1515360 619
1515370 614
1515380 607
1515390 607
1515400 600
1515410 595
1515420 595
1515430 589
1515440 583
1515450 583
1515460 577
1515470 571
1515480 571
1515490 562
1515500 553
1515510 553
1515520 545
1515530 539
1515540 539
1515550 532
1515560 521
1515570 521
1515580 509
1515590 500
1515600 500
1515610 493
1515620 488
1515630 488
1515640 485
1515650 484
1515660 484
1515670 484
1515680 479
1515690 479
1515700 477
1515710 476
1515720 476
1515730 477
1515740 477
1515750 477
1515760 478
1515770 477
1515780 477
1515790 478
1515800 478
1515810 478
1515820 478
1515830 477
1515840 475
1515850 475
1515860 474
1515870 474
1515880 474
1515890 474
1515900 475
1515910 475
1515920 475
1515930 476
1515940 476
1515950 482
1515960 485
1515970 485
1515980 486
1515990 490
1516000 490
1516010 493
1516020 493
1516030 493
1516040 493
1516050 493
1516060 493
1516070 493
1516080 493
1516090 493
1516100 493
1516110 495
1516120 495
1516130 496
1516140 497
1516150 497
1516160 498
1516170 500
1516180 500
1516190 501
1516200 502
1516210 502
1516220 503
1516230 504
1516240 504
1516250 504
1516260 506
1516270 507
1516280 507
1516290 507
1516300 508
1516310 508
1516320 508
1516330 507
1516340 507
1516350 508
1516360 507
1516370 507
1516380 507
1516390 505
1516400 505
1516410 505
1516420 504
1516430 504
1516440 503
1516450 502
1516460 502
1516470 501
1516480 501
1516490 501
1516500 501
1516510 501
1516520 501
1516530 500
1516540 500
1516550 500
1516560 499
1516570 499
1516580 499
1516590 500
1516600 501
1516610 501
1516620 503
1516630 506
1516640 506
1516650 510
1516660 513
1516670 513
1516680 515
1516690 517
1516700 520
1516710 520
1516720 523
1516730 525
1516740 525
1516750 528
1516760 530
1516770 530
1516780 534
1516790 539
1516800 539
1516810 543
1516820 546
1516830 546
1516840 550
1516850 554
1516860 554
1516870 558
1516880 564
1516890 564
1516900 570
1516910 577
1516920 577
1516930 589
1516940 594
1516950 594
1516960 596
1516970 600
1516980 600
1516990 604
1517000 610
1517010 610
1517020 616
1517030 623
1517040 623
1517050 630
1517060 642
1517070 642
1517080 651
1517090 657
1517100 657
1517110 663
1517120 670
1517130 676
1517140 676
1517150 683
1517160 691
1517170 691
1517180 700
1517190 709
1517200 709
1517210 717
1517220 723
1517230 723
1517240 728
1517250 732
1517260 732
1517270 736
1517280 740
1517290 740
1517300 744
1517310 747
1517320 747
1517330 751
1517340 755
1517350 755
1517360 759
1517370 763
1517380 763
1517390 767
1517400 772
1517410 772
1517420 776
1517430 779
1517440 779
1517450 780
1517460 781
1517470 781
1517480 782
1517490 783
1517500 783
1517510 784
1517520 785
1517530 785
1517540 785
1517550 787
1517560 788
1517570 788
1517580 791
1517590 795
1517600 795
1517610 799
1517620 802
1517630 802
1517640 801
1517650 799
1517660 799
1517670 797
1517680 796
1517690 796
1517700 792
1517710 791
1517720 791
1517730 793
1517740 795
1517750 795
1517760 797
1517770 799
1517780 799
1517790 802
1517800 804
1517810 804
1517820 805
1517830 805
1517840 805
1517850 804
1517860 803
1517870 803
1517880 801
1517890 800
1517900 800
1517910 800
1517920 799
1517930 799
1517940 797
1517950 797
1517960 797
1517970 796
1517980 795
1517990 795
1518000 796
1518010 797
1518020 798
1518030 798
1518040 800
1518050 803
1518060 803
1518070 808
1518080 814
1518090 814
1518100 821
1518110 828
1518120 828
1518130 835
1518140 842
1518150 842
1518160 849
1518170 855
1518180 855
1518190 858
1518200 862
1518210 862
1518220 867
1518230 871
1518240 871
1518250 877
1518260 883
1518270 883
1518280 889
1518290 896
1518300 896
1518310 902
1518320 906
1518330 906
1518340 909
1518350 912
1518360 912
1518370 914
1518380 915
1518390 915
1518400 915
1518410 914
1518420 914
1518430 914
1518440 915
1518450 918
1518460 918
1518470 918
1518480 917
1518490 917
1518500 914
1518510 910
1518520 910
1518530 907
1518540 903
1518550 903
1518560 895
1518570 885
1518580 885
1518590 876
1518600 867
1518610 867
1518620 860
1518630 853
1518640 853
1518650 847
1518660 843
1518670 843
1518680 839
1518690 837
1518700 837
1518710 833
1518720 828
1518730 828
1518740 819
1518750 809
1518760 809
1518770 800
1518780 794
1518790 794
1518800 792
1518810 799
1518820 799
1518830 806
1518840 809
1518850 809
1518860 810
1518870 808
1518880 804
1518890 804
1518900 805
1518910 810
1518920 810
1518930 815
1518940 818
1518950 818
1518960 819
1518970 818
1518980 818
1518990 817
1519000 819
1519010 819
1519020 824
1519030 829
1519040 829
1519050 830
1519060 831
1519070 831
1519080 832
1519090 836
1519100 836
1519110 840
1519120 843
1519130 843
1519140 846
1519150 848
1519160 848
1519170 849
1519180 850
1519190 850
1519200 849
1519210 848
1519220 848
1519230 848
1519240 848
1519250 848
1519260 848
1519270 848
1519280 848
1519290 849
1519300 849
1519310 850
1519320 850
1519330 850
1519340 849
1519350 849
1519360 849
1519370 851
1519380 851
1519390 853
1519400 855
1519410 855
1519420 857
1519430 858
1519440 858
1519450 859
1519460 861
1519470 861
1519480 862
1519490 860
1519500 860
1519510 857
1519520 855
1519530 855
1519540 854
1519550 854
1519560 854
1519570 854
1519580 856
1519590 856
1519600 858
1519610 860
1519620 860
1519630 863
1519640 866
1519650 866
1519660 868
1519670 869
1519680 869
1519690 869
1519700 868
1519710 868
1519720 863
1519730 856
1519740 851
1519750 851
1519760 845
1519770 840
1519780 840
1519790 836
1519800 831
1519810 831
1519820 827
1519830 822
1519840 822
1519850 819
1519860 814
1519870 814
1519880 811
1519890 808
1519900 808
1519910 804
1519920 799
1519930 799
1519940 798
1519950 798
1519960 798
1519970 795
1519980 793
1519990 793
