1500000 625
1500010 625
1500020 624
1500030 624
1500040 624
1500050 623
1500060 623
1500070 622
1500080 621
1500090 621
1500100 621
1500110 622
1500120 622
1500130 622
1500140 622
1500150 622
1500160 622
1500170 622
1500180 622
1500190 622
1500200 622
1500210 622
1500220 622
1500230 620
1500240 620
1500250 619
1500260 616
1500270 616
1500280 613
1500290 613
1500300 613
1500310 614
1500320 613
1500330 613
1500340 614
1500350 615
1500360 615
1500370 614
1500380 613
1500390 612
1500400 612
1500410 611
1500420 609
1500430 609
1500440 608
1500450 607
1500460 607
1500470 606
1500480 605
1500490 605
1500500 604
1500510 604
1500520 604
1500530 604
1500540 604
1500550 604
1500560 605
1500570 606
1500580 606
1500590 605
1500600 604
1500610 604
1500620 605
1500630 606
1500640 606
1500650 607
1500660 608
1500670 608
1500680 609
1500690 610
1500700 610
1500710 610
1500720 609
1500730 609
1500740 608
1500750 607
1500760 607
1500770 607
1500780 605
1500790 605
1500800 604
1500810 603
1500820 603
1500830 603
1500840 602
1500850 602
1500860 602
1500870 603
1500880 603
1500890 603
1500900 604
1500910 605
1500920 605
1500930 605
1500940 607
1500950 607
1500960 608
1500970 610
1500980 610
1500990 611
1501000 612
1501010 612
1501020 613
1501030 613
1501040 613
1501050 613
1501060 614
1501070 614
1501080 615
1501090 617
1501100 617
1501110 620
1501120 625
1501130 625
1501140 633
1501150 635
1501160 635
1501170 632
1501180 628
1501190 628
1501200 623
1501210 615
1501220 615
1501230 607
1501240 605
1501250 605
1501260 606
1501270 607
1501280 607
1501290 607
1501300 605
1501310 605
1501320 605
1501330 606
1501340 607
1501350 607
1501360 608
1501370 609
1501380 609
1501390 610
1501400 609
1501410 609
1501420 610
1501430 611
1501440 611
1501450 610
1501460 608
1501470 608
1501480 604
1501490 600
1501500 600
1501510 598
1501520 595
1501530 595
1501540 592
1501550 588
1501560 588
1501570 581
1501580 577
1501590 577
1501600 576
1501610 576
1501620 576
1501630 577
1501640 577
1501650 577
1501660 578
1501670 578
1501680 578
1501690 578
1501700 578
1501710 578
1501720 578
1501730 576
1501740 576
1501750 575
1501760 575
1501770 575
1501780 575
1501790 577
1501800 577
1501810 579
1501820 580
1501830 578
1501840 578
1501850 576
1501860 573
1501870 573
1501880 572
1501890 573
1501900 573
1501910 573
1501920 574
1501930 574
1501940 577
1501950 580
1501960 580
1501970 581
1501980 584
1501990 584
1502000 588
1502010 592
1502020 592
1502030 596
1502040 601
1502050 601
1502060 606
1502070 612
1502080 612
1502090 617
1502100 622
1502110 622
1502120 626
1502130 629
1502140 629
1502150 634
1502160 638
1502170 638
1502180 642
1502190 644
1502200 644
1502210 644
1502220 644
1502230 644
1502240 646
1502250 649
1502260 649
1502270 651
1502280 652
1502290 652
1502300 654
1502310 655
1502320 655
1502330 655
1502340 656
1502350 656
1502360 656
1502370 657
1502380 658
1502390 658
1502400 659
1502410 659
1502420 659
1502430 660
1502440 660
1502450 660
1502460 661
1502470 661
1502480 661
1502490 660
1502500 659
1502510 659
1502520 659
1502530 658
1502540 658
1502550 658
1502560 656
1502570 656
1502580 654
1502590 652
1502600 652
1502610 650
1502620 648
1502630 648
1502640 647
1502650 646
1502660 646
1502670 643
1502680 639
1502690 639
1502700 638
1502710 638
1502720 638
1502730 640
1502740 640
1502750 640
1502760 640
1502770 639
1502780 639
1502790 638
1502800 638
1502810 639
1502820 639
1502830 639
1502840 638
1502850 638
1502860 637
1502870 636
1502880 636
1502890 635
1502900 637
1502910 637
1502920 638
1502930 639
1502940 639
1502950 639
1502960 640
1502970 640
1502980 640
1502990 640
1503000 640
1503010 641
1503020 641
1503030 641
1503040 641
1503050 640
1503060 640
1503070 637
1503080 635
1503090 635
1503100 634
1503110 637
1503120 637
1503130 640
1503140 642
1503150 642
1503160 643
1503170 643
1503180 643
1503190 643
1503200 642
1503210 642
1503220 642
1503230 641
1503240 641
1503250 640
1503260 636
1503270 636
1503280 631
1503290 627
1503300 622
1503310 622
1503320 621
1503330 627
1503340 627
1503350 634
1503360 639
1503370 639
1503380 639
1503390 638
1503400 638
1503410 637
1503420 637
1503430 637
1503440 636
1503450 636
1503460 636
1503470 636
1503480 636
1503490 636
1503500 636
1503510 636
1503520 636
1503530 636
1503540 636
1503550 636
1503560 635
1503570 633
1503580 633
1503590 630
1503600 627
1503610 627
1503620 624
1503630 622
1503640 622
1503650 622
1503660 622
1503670 622
1503680 621
1503690 620
1503700 620
1503710 619
1503720 619
1503730 619
1503740 618
1503750 618
1503760 619
1503770 619
1503780 619
1503790 620
1503800 620
1503810 618
1503820 617
1503830 617
1503840 616
1503850 615
1503860 615
1503870 615
1503880 614
1503890 614
1503900 614
1503910 614
1503920 614
1503930 613
1503940 613
1503950 613
1503960 613
1503970 613
1503980 613
1503990 613
1504000 612
1504010 612
1504020 612
1504030 611
1504040 611
1504050 610
1504060 609
1504070 609
1504080 609
1504090 607
1504100 607
1504110 606
1504120 605
1504130 605
1504140 604
1504150 603
1504160 603
1504170 602
1504180 601
1504190 601
1504200 599
1504210 598
1504220 598
1504230 597
1504240 595
1504250 594
1504260 594
1504270 593
1504280 592
1504290 592
1504300 591
1504310 591
1504320 591
1504330 590
1504340 590
1504350 590
1504360 590
1504370 590
1504380 590
1504390 590
1504400 590
1504410 590
1504420 589
1504430 588
1504440 588
1504450 586
1504460 585
1504470 585
1504480 584
1504490 583
1504500 583
1504510 582
1504520 581
1504530 581
1504540 580
1504550 578
1504560 578
1504570 577
1504580 576
1504590 576
1504600 576
1504610 575
1504620 575
1504630 574
1504640 573
1504650 573
1504660 572
1504670 571
1504680 571
1504690 570
1504700 569
1504710 569
1504720 568
1504730 567
1504740 566
1504750 566
1504760 565
1504770 563
1504780 563
1504790 563
1504800 563
1504810 563
1504820 563
1504830 563
1504840 563
1504850 564
1504860 563
1504870 563
1504880 563
1504890 563
1504900 563
1504910 563
1504920 563
1504930 563
1504940 564
1504950 564
1504960 564
1504970 564
1504980 565
1504990 565
1505000 565
1505010 565
1505020 565
1505030 565
1505040 565
1505050 565
1505060 566
1505070 566
1505080 566
1505090 566
1505100 567
1505110 567
1505120 567
1505130 568
1505140 568
1505150 568
1505160 569
1505170 569
1505180 569
1505190 570
1505200 570
1505210 570
1505220 571
1505230 571
1505240 571
1505250 571
1505260 571
1505270 571
1505280 571
1505290 572
1505300 572
1505310 572
1505320 572
1505330 572
1505340 573
1505350 573
1505360 573
1505370 574
1505380 574
1505390 574
1505400 574
1505410 575
1505420 575
1505430 575
1505440 576
1505450 576
1505460 576
1505470 576
1505480 576
1505490 577
1505500 577
1505510 577
1505520 577
1505530 578
1505540 578
1505550 578
1505560 579
1505570 579
1505580 579
1505590 580
1505600 580
1505610 580
1505620 581
1505630 581
1505640 581
1505650 581
1505660 581
1505670 582
1505680 582
1505690 583
1505700 583
1505710 583
1505720 583
1505730 583
1505740 584
1505750 584
1505760 584
1505770 584
1505780 584
1505790 584
1505800 584
1505810 585
1505820 585
1505830 585
1505840 585
1505850 585
1505860 586
1505870 586
1505880 586
1505890 586
1505900 586
1505910 586
1505920 586
1505930 586
1505940 586
1505950 586
1505960 586
1505970 586
1505980 587
1505990 588
1506000 588
1506010 588
1506020 589
1506030 589
1506040 592
1506050 594
1506060 594
1506070 594
1506080 594
1506090 594
1506100 594
1506110 594
1506120 594
1506130 594
1506140 594
1506150 594
1506160 597
1506170 602
1506180 607
1506190 607
1506200 611
1506210 615
1506220 615
1506230 619
1506240 625
1506250 625
1506260 636
1506270 651
1506280 651
1506290 658
1506300 663
1506310 663
1506320 668
1506330 673
1506340 673
1506350 679
1506360 685
1506370 685
1506380 694
1506390 702
1506400 702
1506410 707
1506420 708
1506430 711
1506440 715
1506450 721
1506460 721
1506470 724
1506480 727
1506490 727
1506500 730
1506510 733
1506520 733
1506530 736
1506540 739
1506550 739
1506560 741
1506570 741
1506580 741
1506590 739
1506600 738
1506610 738
1506620 736
1506630 737
1506640 737
1506650 739
1506660 742
1506670 744
1506680 744
1506690 746
1506700 747
1506710 747
1506720 749
1506730 750
1506740 750
1506750 752
1506760 753
1506770 753
1506780 754
1506790 755
1506800 755
1506810 756
1506820 756
1506830 756
1506840 757
1506850 758
1506860 758
1506870 759
1506880 761
1506890 761
1506900 763
1506910 764
1506920 764
1506930 766
1506940 768
1506950 768
1506960 770
1506970 772
1506980 772
1506990 774
1507000 776
1507010 776
1507020 778
1507030 780
1507040 780
1507050 782
1507060 785
1507070 785
1507080 788
1507090 789
1507100 789
1507110 789
1507120 787
1507130 787
1507140 786
1507150 787
1507160 788
1507170 788
1507180 789
1507190 789
1507200 789
1507210 787
1507220 786
1507230 786
1507240 788
1507250 791
1507260 791
1507270 796
1507280 802
1507290 802
1507300 809
1507310 818
1507320 818
1507330 824
1507340 829
1507350 829
1507360 835
1507370 839
1507380 839
1507390 843
1507400 848
1507410 848
1507420 851
1507430 853
1507440 853
1507450 855
1507460 858
1507470 858
1507480 861
1507490 866
1507500 866
1507510 872
1507520 876
1507530 876
1507540 880
1507550 884
1507560 884
1507570 887
1507580 888
1507590 888
1507600 888
1507610 890
1507620 890
1507630 892
1507640 893
1507650 894
1507660 894
1507670 895
1507680 896
1507690 896
1507700 898
1507710 899
1507720 899
1507730 899
1507740 896
1507750 896
1507760 893
1507770 893
1507780 893
1507790 894
1507800 891
1507810 891
1507820 888
1507830 886
1507840 886
1507850 885
1507860 884
1507870 884
1507880 881
1507890 880
1507900 880
1507910 878
1507920 876
1507930 876
1507940 873
1507950 873
1507960 873
1507970 880
1507980 889
1507990 889
1508000 896
1508010 901
1508020 901
1508030 906
1508040 911
1508050 911
1508060 916
1508070 921
1508080 921
1508090 928
1508100 935
1508110 942
1508120 942
1508130 949
1508140 956
1508150 956
1508160 962
1508170 969
1508180 969
1508190 975
1508200 981
1508210 981
1508220 987
1508230 997
1508240 997
1508250 1007
1508260 1015
1508270 1015
1508280 1023
1508290 1030
1508300 1030
1508310 1037
1508320 1045
1508330 1045
1508340 1054
1508350 1062
1508360 1062
1508370 1069
1508380 1075
1508390 1075
1508400 1081
1508410 1088
1508420 1088
1508430 1096
1508440 1104
1508450 1104
1508460 1110
1508470 1115
1508480 1115
1508490 1118
1508500 1122
1508510 1122
1508520 1125
1508530 1128
1508540 1128
1508550 1133
1508560 1138
1508570 1138
1508580 1144
1508590 1150
1508600 1156
1508610 1156
1508620 1162
1508630 1169
1508640 1169
1508650 1178
1508660 1185
1508670 1185
1508680 1191
1508690 1196
1508700 1196
1508710 1202
1508720 1209
1508730 1209
1508740 1216
1508750 1223
1508760 1223
1508770 1229
1508780 1234
1508790 1234
1508800 1238
1508810 1241
1508820 1241
1508830 1243
1508840 1246
1508850 1246
1508860 1248
1508870 1250
1508880 1250
1508890 1254
1508900 1257
1508910 1257
1508920 1260
1508930 1263
1508940 1263
1508950 1268
1508960 1271
1508970 1271
1508980 1274
1508990 1276
1509000 1276
1509010 1278
1509020 1279
1509030 1279
1509040 1280
1509050 1281
1509060 1281
1509070 1282
1509080 1282
1509090 1283
1509100 1283
1509110 1285
1509120 1286
1509130 1286
1509140 1287
1509150 1289
1509160 1289
1509170 1288
1509180 1287
1509190 1287
1509200 1284
1509210 1281
1509220 1281
1509230 1279
1509240 1278
1509250 1278
1509260 1277
1509270 1276
1509280 1276
1509290 1276
1509300 1276
1509310 1276
1509320 1277
1509330 1280
1509340 1280
1509350 1283
1509360 1287
1509370 1287
1509380 1291
1509390 1295
1509400 1295
1509410 1298
1509420 1299
1509430 1299
1509440 1298
1509450 1296
1509460 1296
1509470 1293
1509480 1289
1509490 1289
1509500 1284
1509510 1278
1509520 1278
1509530 1271
1509540 1264
1509550 1264
1509560 1255
1509570 1246
1509580 1237
1509590 1237
1509600 1230
1509610 1228
1509620 1228
1509630 1226
1509640 1218
1509650 1218
1509660 1211
1509670 1202
1509680 1202
1509690 1195
1509700 1192
1509710 1192
1509720 1189
1509730 1183
1509740 1183
1509750 1176
1509760 1171
1509770 1171
1509780 1164
1509790 1163
1509800 1163
1509810 1165
1509820 1165
1509830 1165
1509840 1168
1509850 1168
1509860 1168
1509870 1169
1509880 1170
1509890 1170
1509900 1168
1509910 1168
1509920 1168
1509930 1174
1509940 1179
1509950 1179
1509960 1184
1509970 1188
1509980 1188
1509990 1194
1510000 1198
1510010 1198
1510020 1201
1510030 1203
1510040 1203
1510050 1208
1510060 1215
1510070 1223
1510080 1223
1510090 1228
1510100 1228
1510110 1228
1510120 1227
1510130 1226
1510140 1226
1510150 1224
1510160 1218
1510170 1218
1510180 1212
1510190 1206
1510200 1206
1510210 1201
1510220 1194
1510230 1194
1510240 1188
1510250 1181
1510260 1181
1510270 1174
1510280 1169
1510290 1169
1510300 1163
1510310 1157
1510320 1157
1510330 1150
1510340 1144
1510350 1144
1510360 1138
1510370 1131
1510380 1131
1510390 1122
1510400 1114
1510410 1114
1510420 1107
1510430 1100
1510440 1100
1510450 1094
1510460 1088
1510470 1088
1510480 1083
1510490 1079
1510500 1079
1510510 1076
1510520 1074
1510530 1069
1510540 1069
1510550 1061
1510560 1054
1510570 1054
1510580 1050
1510590 1047
1510600 1047
1510610 1046
1510620 1044
1510630 1044
1510640 1042
1510650 1040
1510660 1040
1510670 1038
1510680 1037
1510690 1037
1510700 1035
1510710 1033
1510720 1033
1510730 1032
1510740 1031
1510750 1031
1510760 1031
1510770 1031
1510780 1031
1510790 1032
1510800 1032
1510810 1032
1510820 1032
1510830 1030
1510840 1030
1510850 1027
1510860 1023
1510870 1023
1510880 1018
1510890 1012
1510900 1012
1510910 1004
1510920 995
1510930 995
1510940 986
1510950 977
1510960 977
1510970 969
1510980 962
1510990 962
1511000 959
1511010 957
1511020 946
1511030 946
1511040 934
1511050 928
1511060 928
1511070 918
1511080 909
1511090 909
1511100 903
1511110 899
1511120 899
1511130 893
1511140 887
1511150 887
1511160 882
1511170 878
1511180 878
1511190 872
1511200 865
1511210 865
1511220 858
1511230 851
1511240 851
1511250 845
1511260 839
1511270 839
1511280 835
1511290 832
1511300 832
1511310 833
1511320 834
1511330 834
1511340 831
1511350 824
1511360 824
1511370 817
1511380 808
1511390 808
1511400 800
1511410 793
1511420 793
1511430 784
1511440 775
1511450 775
1511460 766
1511470 756
1511480 756
1511490 748
1511500 740
1511510 731
1511520 731
1511530 722
1511540 713
1511550 713
1511560 706
1511570 697
1511580 697
1511590 684
1511600 671
1511610 671
1511620 664
1511630 658
1511640 658
1511650 653
1511660 647
1511670 647
1511680 639
1511690 631
1511700 631
1511710 625
1511720 620
1511730 620
1511740 614
1511750 610
1511760 610
1511770 608
1511780 608
1511790 608
1511800 611
1511810 613
1511820 613
1511830 615
1511840 617
1511850 617
1511860 620
1511870 622
1511880 622
1511890 624
1511900 625
1511910 625
1511920 627
1511930 631
1511940 631
1511950 634
1511960 632
1511970 632
1511980 623
1511990 612
1512000 601
1512010 601
1512020 589
1512030 583
1512040 583
1512050 583
1512060 584
1512070 584
1512080 586
1512090 588
1512100 588
1512110 589
1512120 591
1512130 591
1512140 593
1512150 597
1512160 597
1512170 604
1512180 612
1512190 612
1512200 621
1512210 632
1512220 632
1512230 642
1512240 651
1512250 651
1512260 660
1512270 668
1512280 668
1512290 675
1512300 682
1512310 682
1512320 689
1512330 695
1512340 695
1512350 700
1512360 702
1512370 702
1512380 705
1512390 706
1512400 706
1512410 707
1512420 707
1512430 707
1512440 706
1512450 703
1512460 703
1512470 702
1512480 703
1512490 705
1512500 705
1512510 708
1512520 712
1512530 712
1512540 716
1512550 720
1512560 720
1512570 724
1512580 728
1512590 728
1512600 734
1512610 741
1512620 741
1512630 748
1512640 756
1512650 756
1512660 763
1512670 770
1512680 770
1512690 777
1512700 786
1512710 786
1512720 797
1512730 808
1512740 808
1512750 818
1512760 828
1512770 828
1512780 839
1512790 850
1512800 850
1512810 859
1512820 868
1512830 868
1512840 876
1512850 885
1512860 885
1512870 893
1512880 901
1512890 901
1512900 908
1512910 916
1512920 916
1512930 925
1512940 931
1512950 931
1512960 937
1512970 942
1512980 947
1512990 947
1513000 949
1513010 951
1513020 951
1513030 954
1513040 957
1513050 957
1513060 961
1513070 964
1513080 964
1513090 967
1513100 969
1513110 969
1513120 970
1513130 968
1513140 968
1513150 965
1513160 959
1513170 959
1513180 951
1513190 945
1513200 945
1513210 942
1513220 940
1513230 940
1513240 937
1513250 931
1513260 931
1513270 923
1513280 916
1513290 916
1513300 909
1513310 899
1513320 899
1513330 888
1513340 881
1513350 881
1513360 877
1513370 873
1513380 873
1513390 873
1513400 879
1513410 879
1513420 887
1513430 894
1513440 901
1513450 901
1513460 908
1513470 917
1513480 917
1513490 926
1513500 932
1513510 932
1513520 937
1513530 941
1513540 941
1513550 945
1513560 946
1513570 946
1513580 941
1513590 934
1513600 934
1513610 924
1513620 914
1513630 914
1513640 907
1513650 899
1513660 899
1513670 891
1513680 884
1513690 884
1513700 878
1513710 873
1513720 873
1513730 869
1513740 864
1513750 864
1513760 860
1513770 857
1513780 857
1513790 854
1513800 852
1513810 852
1513820 853
1513830 853
1513840 853
1513850 849
1513860 843
1513870 843
1513880 835
1513890 824
1513900 824
1513910 815
1513920 804
1513930 799
1513940 799
1513950 801
1513960 802
1513970 802
1513980 800
1513990 800
1514000 800
1514010 800
1514020 799
1514030 799
1514040 799
1514050 797
1514060 797
1514070 792
1514080 785
1514090 785
1514100 778
1514110 772
1514120 772
1514130 766
1514140 768
1514150 768
1514160 775
1514170 781
1514180 781
1514190 787
1514200 793
1514210 793
1514220 799
1514230 804
1514240 804
1514250 808
1514260 812
1514270 812
1514280 815
1514290 817
1514300 817
1514310 818
1514320 819
1514330 819
1514340 823
1514350 829
1514360 829
1514370 835
1514380 838
1514390 838
1514400 838
1514410 836
1514420 835
1514430 835
1514440 836
1514450 836
1514460 836
1514470 836
1514480 835
1514490 835
1514500 829
1514510 819
1514520 819
1514530 818
1514540 820
1514550 820
1514560 823
1514570 832
1514580 832
1514590 841
1514600 850
1514610 850
1514620 860
1514630 871
1514640 871
1514650 886
1514660 898
1514670 898
1514680 906
1514690 913
1514700 913
1514710 918
1514720 924
1514730 924
1514740 927
1514750 928
1514760 928
1514770 929
1514780 930
1514790 930
1514800 932
1514810 936
1514820 936
1514830 938
1514840 941
1514850 941
1514860 944
1514870 945
1514880 945
1514890 947
1514900 952
1514910 956
1514920 956
1514930 959
1514940 964
1514950 964
1514960 970
1514970 975
1514980 975
1514990 979
1515000 982
1515010 982
1515020 984
1515030 987
1515040 987
1515050 988
1515060 990
1515070 990
1515080 993
1515090 997
1515100 997
1515110 1000
1515120 1004
1515130 1004
1515140 1008
1515150 1010
1515160 1010
1515170 1011
1515180 1012
1515190 1012
1515200 1011
1515210 1012
1515220 1012
1515230 1013
1515240 1014
1515250 1014
1515260 1015
1515270 1017
1515280 1017
1515290 1020
1515300 1023
1515310 1023
1515320 1024
1515330 1025
1515340 1025
1515350 1027
1515360 1028
1515370 1028
1515380 1025
1515390 1019
1515400 1014
1515410 1014
1515420 1010
1515430 1006
1515440 1006
1515450 1001
1515460 994
1515470 994
1515480 988
1515490 981
1515500 981
1515510 975
1515520 968
1515530 968
1515540 961
1515550 953
1515560 953
1515570 946
1515580 938
1515590 938
1515600 930
1515610 921
1515620 921
1515630 913
1515640 905
1515650 905
1515660 898
1515670 890
1515680 890
1515690 882
1515700 875
1515710 875
1515720 869
1515730 861
1515740 861
1515750 856
1515760 860
1515770 860
1515780 866
1515790 873
1515800 873
1515810 878
1515820 880
1515830 880
1515840 882
1515850 884
1515860 886
1515870 886
1515880 890
1515890 896
1515900 896
1515910 902
1515920 908
1515930 908
1515940 915
1515950 922
1515960 922
1515970 929
1515980 936
1515990 936
1516000 943
1516010 950
1516020 950
1516030 957
1516040 964
1516050 964
1516060 971
1516070 978
1516080 978
1516090 986
1516100 993
1516110 993
1516120 1000
1516130 1007
1516140 1007
1516150 1014
1516160 1022
1516170 1022
1516180 1029
1516190 1037
1516200 1037
1516210 1045
1516220 1053
1516230 1053
1516240 1061
1516250 1069
1516260 1069
1516270 1078
1516280 1084
1516290 1084
1516300 1089
1516310 1095
1516320 1095
1516330 1100
1516340 1105
1516350 1109
1516360 1109
1516370 1111
1516380 1113
1516390 1113
1516400 1118
1516410 1126
1516420 1126
1516430 1131
1516440 1134
1516450 1134
1516460 1130
1516470 1126
1516480 1126
1516490 1125
1516500 1123
1516510 1123
1516520 1119
1516530 1115
1516540 1115
1516550 1113
1516560 1116
1516570 1116
1516580 1119
1516590 1119
1516600 1119
1516610 1115
1516620 1110
1516630 1110
1516640 1105
1516650 1100
1516660 1100
1516670 1098
1516680 1099
1516690 1099
1516700 1103
1516710 1106
1516720 1106
1516730 1107
1516740 1104
1516750 1104
1516760 1097
1516770 1090
1516780 1090
1516790 1085
1516800 1082
1516810 1082
1516820 1075
1516830 1070
1516840 1065
1516850 1065
1516860 1062
1516870 1060
1516880 1060
1516890 1061
1516900 1063
1516910 1063
1516920 1065
1516930 1067
1516940 1067
1516950 1069
1516960 1071
1516970 1071
1516980 1076
1516990 1081
1517000 1081
1517010 1084
1517020 1085
1517030 1085
1517040 1085
1517050 1081
1517060 1081
1517070 1077
1517080 1073
1517090 1073
1517100 1071
1517110 1071
1517120 1071
1517130 1071
1517140 1070
1517150 1070
1517160 1069
1517170 1067
1517180 1067
1517190 1066
1517200 1063
1517210 1063
1517220 1061
1517230 1060
1517240 1060
1517250 1059
1517260 1058
1517270 1058
1517280 1058
1517290 1058
1517300 1058
1517310 1056
1517320 1054
1517330 1053
1517340 1053
1517350 1053
1517360 1054
1517370 1054
1517380 1056
1517390 1057
1517400 1057
1517410 1057
1517420 1058
1517430 1058
1517440 1059
1517450 1059
1517460 1059
1517470 1057
1517480 1052
1517490 1052
1517500 1046
1517510 1041
1517520 1041
1517530 1036
1517540 1032
1517550 1032
1517560 1029
1517570 1026
1517580 1026
1517590 1020
1517600 1013
1517610 1013
1517620 1008
1517630 1009
1517640 1009
1517650 1010
1517660 1007
1517670 1007
1517680 1002
1517690 1000
1517700 1000
1517710 998
1517720 995
1517730 995
1517740 991
1517750 987
1517760 987
1517770 984
1517780 981
1517790 981
1517800 977
1517810 975
1517820 974
1517830 974
1517840 973
1517850 973
1517860 973
1517870 973
1517880 972
1517890 972
1517900 971
1517910 971
1517920 971
1517930 971
1517940 972
1517950 972
1517960 972
1517970 971
1517980 971
1517990 968
1518000 965
1518010 965
1518020 963
1518030 960
1518040 960
1518050 959
1518060 958
1518070 958
1518080 955
1518090 955
1518100 955
1518110 956
1518120 956
1518130 956
1518140 955
1518150 954
1518160 954
1518170 954
1518180 954
1518190 954
1518200 952
1518210 950
1518220 950
1518230 946
1518240 942
1518250 942
1518260 936
1518270 932
1518280 928
1518290 928
1518300 929
1518310 930
1518320 930
1518330 929
1518340 929
1518350 929
1518360 929
1518370 927
1518380 927
1518390 923
1518400 917
1518410 917
1518420 909
1518430 903
1518440 903
1518450 897
1518460 888
1518470 888
1518480 877
1518490 867
1518500 867
1518510 860
1518520 858
1518530 858
1518540 858
1518550 857
1518560 857
1518570 856
1518580 855
1518590 855
1518600 853
1518610 851
1518620 851
1518630 845
1518640 840
1518650 840
1518660 836
1518670 830
1518680 830
1518690 825
1518700 822
1518710 822
1518720 819
1518730 816
1518740 816
1518750 813
1518760 811
1518770 809
1518780 809
1518790 809
1518800 809
1518810 809
1518820 809
1518830 807
1518840 807
1518850 803
1518860 795
1518870 795
1518880 783
1518890 772
1518900 772
1518910 762
1518920 757
1518930 757
1518940 753
1518950 746
1518960 746
1518970 740
1518980 734
1518990 734
1519000 729
1519010 724
1519020 724
1519030 719
1519040 715
1519050 715
1519060 712
1519070 710
1519080 710
1519090 707
1519100 703
1519110 703
1519120 700
1519130 697
1519140 697
1519150 694
1519160 691
1519170 691
1519180 688
1519190 682
1519200 682
1519210 678
1519220 677
1519230 677
1519240 676
1519250 674
1519260 674
1519270 674
1519280 673
1519290 671
1519300 671
1519310 668
1519320 665
1519330 665
1519340 662
1519350 658
1519360 658
1519370 653
1519380 648
1519390 648
1519400 642
1519410 636
1519420 636
1519430 631
1519440 627
1519450 627
1519460 625
1519470 621
1519480 621
1519490 620
1519500 616
1519510 616
1519520 611
1519530 607
1519540 607
1519550 602
1519560 598
1519570 598
1519580 594
1519590 589
1519600 589
1519610 584
1519620 579
1519630 579
1519640 573
1519650 568
1519660 568
1519670 563
1519680 559
1519690 559
1519700 554
1519710 548
1519720 548
1519730 544
1519740 544
1519750 542
1519760 542
1519770 539
1519780 536
1519790 536
1519800 533
1519810 530
1519820 530
1519830 527
1519840 525
1519850 525
1519860 523
1519870 521
1519880 521
1519890 520
1519900 518
1519910 518
1519920 515
1519930 513
1519940 513
1519950 510
1519960 507
1519970 507
1519980 502
1519990 498
