1500000 759
1500010 759
1500020 759
1500030 757
1500040 748
1500050 739
1500060 739
1500070 732
1500080 732
1500090 732
1500100 735
1500110 735
1500120 735
1500130 736
1500140 742
1500150 742
1500160 749
1500170 754
1500180 754
1500190 761
1500200 767
1500210 767
1500220 772
1500230 777
1500240 777
1500250 781
1500260 785
1500270 785
1500280 788
1500290 792
1500300 792
1500310 797
1500320 802
1500330 802
1500340 806
1500350 810
1500360 810
1500370 815
1500380 819
1500390 819
1500400 822
1500410 826
1500420 826
1500430 829
1500440 829
1500450 829
1500460 832
1500470 835
1500480 835
1500490 839
1500500 842
1500510 846
1500520 846
1500530 850
1500540 854
1500550 854
1500560 857
1500570 857
1500580 857
1500590 857
1500600 857
1500610 857
1500620 856
1500630 855
1500640 855
1500650 854
1500660 854
1500670 854
1500680 853
1500690 852
1500700 852
1500710 852
1500720 851
1500730 851
1500740 850
1500750 851
1500760 851
1500770 850
1500780 850
1500790 850
1500800 850
1500810 852
1500820 852
1500830 854
1500840 854
1500850 854
1500860 854
1500870 854
1500880 854
1500890 852
1500900 849
1500910 849
1500920 845
1500930 840
1500940 840
1500950 836
1500960 834
1500970 834
1500980 832
1500990 830
1501000 827
1501010 827
1501020 824
1501030 820
1501040 820
1501050 816
1501060 813
1501070 813
1501080 809
1501090 804
1501100 804
1501110 800
1501120 800
1501130 800
1501140 801
1501150 803
1501160 803
1501170 804
1501180 807
1501190 807
1501200 812
1501210 822
1501220 822
1501230 835
1501240 838
1501250 838
1501260 838
1501270 837
1501280 837
1501290 837
1501300 836
1501310 836
1501320 835
1501330 835
1501340 835
1501350 832
1501360 830
1501370 830
1501380 830
1501390 829
1501400 829
1501410 832
1501420 834
1501430 834
1501440 833
1501450 833
1501460 833
1501470 831
1501480 830
1501490 829
1501500 829
1501510 829
1501520 828
1501530 828
1501540 826
1501550 819
1501560 819
1501570 810
1501580 802
1501590 802
1501600 794
1501610 784
1501620 784
1501630 773
1501640 763
1501650 763
1501660 749
1501670 735
1501680 735
1501690 722
1501700 711
1501710 711
1501720 701
1501730 691
1501740 691
1501750 681
1501760 671
1501770 671
1501780 660
1501790 650
1501800 650
1501810 641
1501820 633
1501830 633
1501840 635
1501850 649
1501860 649
1501870 660
1501880 674
1501890 674
1501900 688
1501910 699
1501920 699
1501930 710
1501940 721
1501950 721
1501960 732
1501970 746
1501980 758
1501990 758
1502000 766
1502010 779
1502020 779
1502030 796
1502040 811
1502050 811
1502060 822
1502070 831
1502080 831
1502090 837
1502100 841
1502110 841
1502120 843
1502130 846
1502140 846
1502150 848
1502160 849
1502170 849
1502180 851
1502190 852
1502200 852
1502210 853
1502220 854
1502230 854
1502240 855
1502250 857
1502260 857
1502270 857
1502280 858
1502290 858
1502300 859
1502310 860
1502320 860
1502330 859
1502340 859
1502350 859
1502360 857
1502370 855
1502380 855
1502390 851
1502400 848
1502410 848
1502420 845
1502430 842
1502440 842
1502450 839
1502460 836
1502470 834
1502480 834
1502490 832
1502500 831
1502510 831
1502520 830
1502530 829
1502540 829
1502550 828
1502560 827
1502570 827
1502580 826
1502590 824
1502600 824
1502610 823
1502620 821
1502630 821
1502640 820
1502650 819
1502660 819
1502670 819
1502680 818
1502690 818
1502700 817
1502710 815
1502720 815
1502730 813
1502740 812
1502750 812
1502760 812
1502770 812
1502780 812
1502790 812
1502800 811
1502810 811
1502820 810
1502830 812
1502840 812
1502850 814
1502860 815
1502870 815
1502880 815
1502890 815
1502900 815
1502910 814
1502920 813
1502930 813
1502940 811
1502950 812
1502960 814
1502970 814
1502980 815
1502990 815
1503000 815
1503010 816
1503020 817
1503030 817
1503040 819
1503050 821
1503060 821
1503070 823
1503080 824
1503090 824
1503100 825
1503110 825
1503120 825
1503130 825
1503140 824
1503150 824
1503160 822
1503170 822
1503180 822
1503190 822
1503200 824
1503210 824
1503220 824
1503230 823
1503240 823
1503250 821
1503260 818
1503270 818
1503280 816
1503290 813
1503300 813
1503310 811
1503320 808
1503330 808
1503340 805
1503350 801
1503360 801
1503370 797
1503380 793
1503390 793
1503400 792
1503410 791
1503420 791
1503430 789
1503440 787
1503450 784
1503460 784
1503470 781
1503480 778
1503490 778
1503500 776
1503510 773
1503520 773
1503530 770
1503540 767
1503550 767
1503560 763
1503570 760
1503580 760
1503590 755
1503600 749
1503610 749
1503620 745
1503630 742
1503640 742
1503650 741
1503660 739
1503670 739
1503680 738
1503690 737
1503700 737
1503710 736
1503720 735
1503730 735
1503740 735
1503750 735
1503760 735
1503770 735
1503780 733
1503790 733
1503800 732
1503810 732
1503820 732
1503830 731
1503840 730
1503850 730
1503860 729
1503870 728
1503880 728
1503890 727
1503900 726
1503910 726
1503920 728
1503930 732
1503940 734
1503950 734
1503960 734
1503970 736
1503980 736
1503990 736
1504000 735
1504010 735
1504020 735
1504030 736
1504040 736
1504050 735
1504060 734
1504070 734
1504080 734
1504090 734
1504100 734
1504110 733
1504120 733
1504130 733
1504140 733
1504150 734
1504160 734
1504170 730
1504180 723
1504190 723
1504200 720
1504210 723
1504220 723
1504230 727
1504240 729
1504250 729
1504260 730
1504270 730
1504280 730
1504290 732
1504300 735
1504310 735
1504320 736
1504330 734
1504340 734
1504350 736
1504360 740
1504370 740
1504380 739
1504390 737
1504400 737
1504410 733
1504420 730
1504430 729
1504440 729
1504450 726
1504460 721
1504470 721
1504480 713
1504490 703
1504500 703
1504510 694
1504520 689
1504530 689
1504540 685
1504550 680
1504560 680
1504570 676
1504580 675
1504590 675
1504600 676
1504610 678
1504620 678
1504630 683
1504640 689
1504650 689
1504660 696
1504670 704
1504680 704
1504690 711
1504700 716
1504710 716
1504720 716
1504730 715
1504740 715
1504750 713
1504760 707
1504770 707
1504780 703
1504790 700
1504800 700
1504810 697
1504820 694
1504830 694
1504840 690
1504850 686
1504860 686
1504870 681
1504880 677
1504890 677
1504900 672
1504910 668
1504920 664
1504930 664
1504940 660
1504950 653
1504960 653
1504970 645
1504980 638
1504990 638
1505000 631
1505010 625
1505020 625
1505030 618
1505040 613
1505050 613
1505060 607
1505070 601
1505080 601
1505090 595
1505100 588
1505110 588
1505120 582
1505130 579
1505140 579
1505150 578
1505160 577
1505170 577
1505180 575
1505190 576
1505200 576
1505210 578
1505220 581
1505230 581
1505240 585
1505250 590
1505260 590
1505270 592
1505280 595
1505290 595
1505300 600
1505310 608
1505320 608
1505330 614
1505340 615
1505350 615
1505360 615
1505370 615
1505380 615
1505390 615
1505400 615
1505410 615
1505420 615
1505430 615
1505440 615
1505450 615
1505460 616
1505470 617
1505480 617
1505490 619
1505500 620
1505510 620
1505520 621
1505530 624
1505540 624
1505550 631
1505560 640
1505570 640
1505580 649
1505590 653
1505600 653
1505610 656
1505620 657
1505630 657
1505640 658
1505650 659
1505660 659
1505670 662
1505680 669
1505690 669
1505700 678
1505710 685
1505720 685
1505730 691
1505740 696
1505750 696
1505760 702
1505770 707
1505780 707
1505790 713
1505800 718
1505810 718
1505820 724
1505830 730
1505840 730
1505850 737
1505860 746
1505870 746
1505880 755
1505890 765
1505900 776
1505910 776
1505920 784
1505930 795
1505940 795
1505950 806
1505960 811
1505970 811
1505980 811
1505990 809
1506000 809
1506010 810
1506020 814
1506030 814
1506040 816
1506050 818
1506060 818
1506070 822
1506080 825
1506090 825
1506100 824
1506110 825
1506120 825
1506130 825
1506140 824
1506150 824
1506160 823
1506170 822
1506180 822
1506190 820
1506200 816
1506210 816
1506220 814
1506230 810
1506240 810
1506250 804
1506260 794
1506270 794
1506280 784
1506290 781
1506300 781
1506310 779
1506320 779
1506330 779
1506340 780
1506350 780
1506360 781
1506370 781
1506380 780
1506390 780
1506400 780
1506410 779
1506420 778
1506430 778
1506440 773
1506450 769
1506460 769
1506470 768
1506480 766
1506490 766
1506500 766
1506510 766
1506520 766
1506530 765
1506540 765
1506550 765
1506560 763
1506570 759
1506580 759
1506590 754
1506600 749
1506610 749
1506620 744
1506630 737
1506640 737
1506650 723
1506660 710
1506670 710
1506680 699
1506690 691
1506700 691
1506710 687
1506720 687
1506730 687
1506740 693
1506750 702
1506760 702
1506770 711
1506780 720
1506790 720
1506800 729
1506810 735
1506820 735
1506830 744
1506840 754
1506850 765
1506860 765
1506870 784
1506880 806
1506890 806
1506900 821
1506910 833
1506920 833
1506930 853
1506940 876
1506950 876
1506960 894
1506970 907
1506980 907
1506990 917
1507000 922
1507010 922
1507020 924
1507030 924
1507040 924
1507050 926
1507060 930
1507070 930
1507080 934
1507090 941
1507100 941
1507110 953
1507120 978
1507130 978
1507140 1000
1507150 1010
1507160 1010
1507170 1018
1507180 1024
1507190 1024
1507200 1030
1507210 1037
1507220 1037
1507230 1045
1507240 1050
1507250 1050
1507260 1055
1507270 1057
1507280 1057
1507290 1058
1507300 1061
1507310 1061
1507320 1065
1507330 1069
1507340 1071
1507350 1071
1507360 1073
1507370 1072
1507380 1072
1507390 1069
1507400 1067
1507410 1067
1507420 1065
1507430 1066
1507440 1066
1507450 1070
1507460 1074
1507470 1074
1507480 1075
1507490 1074
1507500 1074
1507510 1072
1507520 1073
1507530 1073
1507540 1075
1507550 1076
1507560 1076
1507570 1078
1507580 1081
1507590 1081
1507600 1085
1507610 1090
1507620 1090
1507630 1094
1507640 1096
1507650 1096
1507660 1097
1507670 1099
1507680 1099
1507690 1103
1507700 1110
1507710 1110
1507720 1120
1507730 1128
1507740 1128
1507750 1135
1507760 1138
1507770 1138
1507780 1143
1507790 1148
1507800 1148
1507810 1153
1507820 1157
1507830 1163
1507840 1163
1507850 1168
1507860 1172
1507870 1172
1507880 1175
1507890 1179
1507900 1179
1507910 1182
1507920 1183
1507930 1183
1507940 1182
1507950 1179
1507960 1179
1507970 1175
1507980 1171
1507990 1171
1508000 1168
1508010 1164
1508020 1164
1508030 1163
1508040 1163
1508050 1163
1508060 1162
1508070 1161
1508080 1161
1508090 1161
1508100 1160
1508110 1160
1508120 1160
1508130 1160
1508140 1160
1508150 1161
1508160 1163
1508170 1163
1508180 1165
1508190 1168
1508200 1168
1508210 1171
1508220 1175
1508230 1175
1508240 1178
1508250 1180
1508260 1180
1508270 1181
1508280 1182
1508290 1182
1508300 1182
1508310 1181
1508320 1181
1508330 1181
1508340 1180
1508350 1181
1508360 1181
1508370 1183
1508380 1185
1508390 1185
1508400 1186
1508410 1187
1508420 1187
1508430 1189
1508440 1192
1508450 1192
1508460 1194
1508470 1196
1508480 1196
1508490 1199
1508500 1201
1508510 1201
1508520 1203
1508530 1205
1508540 1205
1508550 1207
1508560 1210
1508570 1210
1508580 1213
1508590 1218
1508600 1218
1508610 1222
1508620 1227
1508630 1227
1508640 1233
1508650 1238
1508660 1238
1508670 1244
1508680 1251
1508690 1251
1508700 1259
1508710 1266
1508720 1266
1508730 1273
1508740 1280
1508750 1280
1508760 1287
1508770 1294
1508780 1294
1508790 1301
1508800 1307
1508810 1313
1508820 1313
1508830 1320
1508840 1326
1508850 1326
1508860 1333
1508870 1339
1508880 1339
1508890 1344
1508900 1350
1508910 1350
1508920 1356
1508930 1361
1508940 1361
1508950 1365
1508960 1370
1508970 1370
1508980 1374
1508990 1377
1509000 1377
1509010 1379
1509020 1381
1509030 1381
1509040 1384
1509050 1388
1509060 1388
1509070 1393
1509080 1398
1509090 1398
1509100 1402
1509110 1407
1509120 1407
1509130 1413
1509140 1421
1509150 1421
1509160 1429
1509170 1435
1509180 1435
1509190 1440
1509200 1445
1509210 1445
1509220 1448
1509230 1452
1509240 1452
1509250 1454
1509260 1456
1509270 1456
1509280 1457
1509290 1460
1509300 1462
1509310 1462
1509320 1465
1509330 1469
1509340 1469
1509350 1472
1509360 1477
1509370 1477
1509380 1482
1509390 1488
1509400 1488
1509410 1493
1509420 1498
1509430 1498
1509440 1502
1509450 1506
1509460 1506
1509470 1510
1509480 1515
1509490 1515
1509500 1519
1509510 1523
1509520 1523
1509530 1528
1509540 1534
1509550 1534
1509560 1539
1509570 1535
1509580 1535
1509590 1524
1509600 1512
1509610 1512
1509620 1500
1509630 1488
1509640 1488
1509650 1476
1509660 1464
1509670 1464
1509680 1452
1509690 1444
1509700 1444
1509710 1438
1509720 1429
1509730 1429
1509740 1419
1509750 1410
1509760 1410
1509770 1401
1509780 1392
1509790 1384
1509800 1384
1509810 1376
1509820 1369
1509830 1369
1509840 1358
1509850 1351
1509860 1351
1509870 1343
1509880 1336
1509890 1336
1509900 1329
1509910 1322
1509920 1322
1509930 1314
1509940 1307
1509950 1307
1509960 1300
1509970 1294
1509980 1294
1509990 1288
1510000 1284
1510010 1284
1510020 1283
1510030 1276
1510040 1276
1510050 1268
1510060 1263
1510070 1263
1510080 1257
1510090 1253
1510100 1253
1510110 1249
1510120 1238
1510130 1238
1510140 1228
1510150 1222
1510160 1222
1510170 1217
1510180 1213
1510190 1213
1510200 1207
1510210 1199
1510220 1199
1510230 1191
1510240 1184
1510250 1184
1510260 1177
1510270 1170
1510280 1164
1510290 1164
1510300 1161
1510310 1158
1510320 1158
1510330 1154
1510340 1151
1510350 1151
1510360 1147
1510370 1140
1510380 1140
1510390 1131
1510400 1121
1510410 1121
1510420 1109
1510430 1097
1510440 1097
1510450 1085
1510460 1073
1510470 1073
1510480 1063
1510490 1052
1510500 1052
1510510 1041
1510520 1031
1510530 1031
1510540 1023
1510550 1017
1510560 1017
1510570 1011
1510580 1006
1510590 1006
1510600 1001
1510610 996
1510620 996
1510630 991
1510640 986
1510650 986
1510660 981
1510670 974
1510680 974
1510690 966
1510700 958
1510710 958
1510720 951
1510730 947
1510740 947
1510750 943
1510760 939
1510770 934
1510780 934
1510790 930
1510800 926
1510810 926
1510820 921
1510830 918
1510840 918
1510850 914
1510860 909
1510870 909
1510880 902
1510890 891
1510900 891
1510910 879
1510920 862
1510930 862
1510940 848
1510950 839
1510960 839
1510970 831
1510980 813
1510990 813
1511000 792
1511010 777
1511020 777
1511030 765
1511040 755
1511050 755
1511060 746
1511070 737
1511080 737
1511090 740
1511100 749
1511110 749
1511120 756
1511130 761
1511140 761
1511150 767
1511160 775
1511170 775
1511180 782
1511190 789
1511200 789
1511210 795
1511220 801
1511230 801
1511240 804
1511250 805
1511260 803
1511270 803
1511280 798
1511290 798
1511300 798
1511310 804
1511320 811
1511330 811
1511340 817
1511350 824
1511360 824
1511370 830
1511380 834
1511390 834
1511400 838
1511410 842
1511420 842
1511430 845
1511440 842
1511450 842
1511460 841
1511470 844
1511480 844
1511490 847
1511500 849
1511510 849
1511520 853
1511530 859
1511540 859
1511550 863
1511560 866
1511570 866
1511580 867
1511590 869
1511600 869
1511610 871
1511620 871
1511630 871
1511640 870
1511650 871
1511660 871
1511670 872
1511680 874
1511690 874
1511700 875
1511710 878
1511720 878
1511730 881
1511740 884
1511750 883
1511760 883
1511770 878
1511780 872
1511790 872
1511800 865
1511810 858
1511820 858
1511830 851
1511840 843
1511850 843
1511860 835
1511870 827
1511880 827
1511890 821
1511900 814
1511910 814
1511920 807
1511930 801
1511940 801
1511950 798
1511960 795
1511970 795
1511980 790
1511990 785
1512000 785
1512010 780
1512020 776
1512030 776
1512040 770
1512050 765
1512060 765
1512070 760
1512080 754
1512090 754
1512100 747
1512110 738
1512120 738
1512130 731
1512140 723
1512150 723
1512160 711
1512170 693
1512180 693
1512190 680
1512200 674
1512210 674
1512220 666
1512230 657
1512240 647
1512250 647
1512260 637
1512270 636
1512280 636
1512290 643
1512300 654
1512310 654
1512320 666
1512330 677
1512340 677
1512350 687
1512360 696
1512370 696
1512380 705
1512390 713
1512400 713
1512410 720
1512420 728
1512430 728
1512440 738
1512450 744
1512460 744
1512470 750
1512480 756
1512490 756
1512500 762
1512510 767
1512520 767
1512530 772
1512540 777
1512550 777
1512560 783
1512570 789
1512580 789
1512590 795
1512600 802
1512610 802
1512620 808
1512630 814
1512640 814
1512650 820
1512660 826
1512670 826
1512680 833
1512690 839
1512700 839
1512710 845
1512720 850
1512730 856
1512740 856
1512750 862
1512760 867
1512770 867
1512780 874
1512790 881
1512800 881
1512810 887
1512820 894
1512830 894
1512840 901
1512850 908
1512860 908
1512870 918
1512880 927
1512890 927
1512900 934
1512910 942
1512920 942
1512930 950
1512940 959
1512950 959
1512960 971
1512970 982
1512980 982
1512990 992
1513000 1000
1513010 1000
1513020 1011
1513030 1021
1513040 1021
1513050 1031
1513060 1041
1513070 1041
1513080 1051
1513090 1061
1513100 1061
1513110 1068
1513120 1075
1513130 1075
1513140 1081
1513150 1088
1513160 1088
1513170 1093
1513180 1098
1513190 1098
1513200 1103
1513210 1109
1513220 1115
1513230 1115
1513240 1122
1513250 1127
1513260 1127
1513270 1132
1513280 1138
1513290 1138
1513300 1143
1513310 1149
1513320 1149
1513330 1156
1513340 1164
1513350 1164
1513360 1171
1513370 1175
1513380 1175
1513390 1179
1513400 1182
1513410 1182
1513420 1185
1513430 1189
1513440 1189
1513450 1193
1513460 1197
1513470 1197
1513480 1201
1513490 1205
1513500 1205
1513510 1208
1513520 1210
1513530 1210
1513540 1212
1513550 1214
1513560 1214
1513570 1216
1513580 1218
1513590 1218
1513600 1219
1513610 1219
1513620 1219
1513630 1219
1513640 1220
1513650 1220
1513660 1220
1513670 1220
1513680 1220
1513690 1220
1513700 1219
1513710 1217
1513720 1217
1513730 1215
1513740 1214
1513750 1214
1513760 1213
1513770 1212
1513780 1212
1513790 1209
1513800 1203
1513810 1203
1513820 1197
1513830 1191
1513840 1191
1513850 1184
1513860 1178
1513870 1178
1513880 1175
1513890 1171
1513900 1171
1513910 1168
1513920 1157
1513930 1157
1513940 1144
1513950 1122
1513960 1122
1513970 1107
1513980 1102
1513990 1102
1514000 1097
1514010 1090
1514020 1090
1514030 1088
1514040 1086
1514050 1086
1514060 1084
1514070 1083
1514080 1083
1514090 1083
1514100 1080
1514110 1080
1514120 1074
1514130 1067
1514140 1067
1514150 1067
1514160 1068
1514170 1068
1514180 1070
1514190 1069
1514200 1068
1514210 1068
1514220 1069
1514230 1074
1514240 1074
1514250 1076
1514260 1079
1514270 1079
1514280 1082
1514290 1084
1514300 1084
1514310 1087
1514320 1091
1514330 1091
1514340 1094
1514350 1094
1514360 1094
1514370 1093
1514380 1090
1514390 1090
1514400 1089
1514410 1088
1514420 1088
1514430 1087
1514440 1084
1514450 1084
1514460 1086
1514470 1089
1514480 1089
1514490 1095
1514500 1094
1514510 1094
1514520 1093
1514530 1095
1514540 1095
1514550 1098
1514560 1097
1514570 1097
1514580 1096
1514590 1097
1514600 1097
1514610 1100
1514620 1101
1514630 1101
1514640 1101
1514650 1098
1514660 1098
1514670 1094
1514680 1086
1514690 1077
1514700 1077
1514710 1070
1514720 1063
1514730 1063
1514740 1057
1514750 1052
1514760 1052
1514770 1048
1514780 1046
1514790 1046
1514800 1042
1514810 1039
1514820 1039
1514830 1034
1514840 1030
1514850 1030
1514860 1029
1514870 1026
1514880 1026
1514890 1025
1514900 1024
1514910 1024
1514920 1024
1514930 1024
1514940 1024
1514950 1024
1514960 1022
1514970 1022
1514980 1021
1514990 1019
1515000 1019
1515010 1017
1515020 1015
1515030 1015
1515040 1015
1515050 1015
1515060 1015
1515070 1014
1515080 1013
1515090 1013
1515100 1011
1515110 1009
1515120 1009
1515130 1008
1515140 1006
1515150 1006
1515160 1006
1515170 1006
1515180 1008
1515190 1008
1515200 1010
1515210 1011
1515220 1011
1515230 1013
1515240 1018
1515250 1018
1515260 1025
1515270 1029
1515280 1029
1515290 1031
1515300 1033
1515310 1033
1515320 1037
1515330 1041
1515340 1041
1515350 1047
1515360 1051
1515370 1051
1515380 1054
1515390 1056
1515400 1056
1515410 1059
1515420 1061
1515430 1061
1515440 1064
1515450 1068
1515460 1068
1515470 1071
1515480 1075
1515490 1075
1515500 1078
1515510 1081
1515520 1081
1515530 1083
1515540 1085
1515550 1085
1515560 1087
1515570 1088
1515580 1088
1515590 1090
1515600 1092
1515610 1092
1515620 1094
1515630 1094
1515640 1094
1515650 1093
1515660 1091
1515670 1089
1515680 1089
1515690 1084
1515700 1078
1515710 1078
1515720 1071
1515730 1064
1515740 1064
1515750 1058
1515760 1054
1515770 1054
1515780 1053
1515790 1053
1515800 1053
1515810 1055
1515820 1056
1515830 1056
1515840 1056
1515850 1053
1515860 1053
1515870 1050
1515880 1045
1515890 1045
1515900 1040
1515910 1037
1515920 1037
1515930 1041
1515940 1044
1515950 1044
1515960 1046
1515970 1047
1515980 1047
1515990 1050
1516000 1051
1516010 1051
1516020 1051
1516030 1052
1516040 1052
1516050 1054
1516060 1058
1516070 1058
1516080 1064
1516090 1071
1516100 1071
1516110 1078
1516120 1084
1516130 1084
1516140 1088
1516150 1093
1516160 1098
1516170 1098
1516180 1104
1516190 1110
1516200 1110
1516210 1118
1516220 1126
1516230 1126
1516240 1134
1516250 1143
1516260 1143
1516270 1151
1516280 1158
1516290 1158
1516300 1165
1516310 1172
1516320 1172
1516330 1179
1516340 1186
1516350 1186
1516360 1194
1516370 1202
1516380 1202
1516390 1209
1516400 1217
1516410 1217
1516420 1224
1516430 1232
1516440 1232
1516450 1239
1516460 1247
1516470 1247
1516480 1255
1516490 1262
1516500 1262
1516510 1269
1516520 1275
1516530 1275
1516540 1281
1516550 1287
1516560 1287
1516570 1293
1516580 1294
1516590 1294
1516600 1293
1516610 1293
1516620 1293
1516630 1292
1516640 1290
1516650 1286
1516660 1286
1516670 1281
1516680 1277
1516690 1277
1516700 1270
1516710 1262
1516720 1262
1516730 1250
1516740 1240
1516750 1240
1516760 1231
1516770 1224
1516780 1224
1516790 1216
1516800 1208
1516810 1208
1516820 1200
1516830 1192
1516840 1192
1516850 1185
1516860 1179
1516870 1179
1516880 1173
1516890 1170
1516900 1170
1516910 1165
1516920 1160
1516930 1160
1516940 1154
1516950 1146
1516960 1146
1516970 1138
1516980 1131
1516990 1131
1517000 1123
1517010 1112
1517020 1112
1517030 1100
1517040 1089
1517050 1089
1517060 1076
1517070 1066
1517080 1066
1517090 1062
1517100 1058
1517110 1051
1517120 1051
1517130 1054
1517140 1053
1517150 1053
1517160 1042
1517170 1032
1517180 1032
1517190 1023
1517200 1017
1517210 1017
1517220 1013
1517230 1010
1517240 1010
1517250 997
1517260 988
1517270 988
1517280 982
1517290 975
1517300 975
1517310 976
1517320 977
1517330 977
1517340 973
1517350 967
1517360 967
1517370 956
1517380 948
1517390 948
1517400 941
1517410 936
1517420 936
1517430 935
1517440 933
1517450 933
1517460 929
1517470 924
1517480 924
1517490 918
1517500 909
1517510 909
1517520 900
1517530 891
1517540 891
1517550 883
1517560 875
1517570 875
1517580 866
1517590 860
1517600 855
1517610 855
1517620 849
1517630 842
1517640 842
1517650 836
1517660 830
1517670 830
1517680 824
1517690 820
1517700 820
1517710 818
1517720 814
1517730 814
1517740 812
1517750 811
1517760 811
1517770 811
1517780 812
1517790 812
1517800 808
1517810 802
1517820 802
1517830 803
1517840 809
1517850 809
1517860 811
1517870 810
1517880 810
1517890 810
1517900 811
1517910 811
1517920 811
1517930 813
1517940 813
1517950 814
1517960 817
1517970 817
1517980 819
1517990 822
1518000 822
1518010 825
1518020 826
1518030 826
1518040 827
1518050 826
1518060 826
1518070 825
1518080 824
1518090 824
1518100 824
1518110 827
1518120 832
1518130 832
1518140 840
1518150 846
1518160 846
1518170 850
1518180 853
1518190 853
1518200 855
1518210 858
1518220 858
1518230 861
1518240 865
1518250 865
1518260 870
1518270 875
1518280 875
1518290 879
1518300 880
1518310 880
1518320 880
1518330 879
1518340 879
1518350 882
1518360 885
1518370 885
1518380 889
1518390 893
1518400 893
1518410 899
1518420 904
1518430 904
1518440 909
1518450 915
1518460 915
1518470 921
1518480 928
1518490 928
1518500 929
1518510 935
1518520 935
1518530 940
1518540 945
1518550 945
1518560 949
1518570 954
1518580 958
1518590 958
1518600 961
1518610 964
1518620 964
1518630 966
1518640 968
1518650 968
1518660 968
1518670 970
1518680 970
1518690 971
1518700 971
1518710 971
1518720 971
1518730 973
1518740 973
1518750 975
1518760 975
1518770 975
1518780 973
1518790 970
1518800 970
1518810 967
1518820 965
1518830 965
1518840 960
1518850 957
1518860 957
1518870 957
1518880 956
1518890 956
1518900 950
1518910 942
1518920 942
1518930 933
1518940 923
1518950 923
1518960 916
1518970 910
1518980 910
1518990 905
1519000 901
1519010 901
1519020 899
1519030 896
1519040 896
1519050 893
1519060 890
1519070 885
1519080 885
1519090 877
1519100 867
1519110 867
1519120 853
1519130 848
1519140 848
1519150 841
1519160 838
1519170 838
1519180 838
1519190 837
1519200 837
1519210 834
1519220 833
1519230 833
1519240 831
1519250 832
1519260 832
1519270 839
1519280 842
1519290 842
1519300 841
1519310 837
1519320 837
1519330 829
1519340 822
1519350 822
1519360 814
1519370 805
1519380 805
1519390 796
1519400 789
1519410 789
1519420 781
1519430 774
1519440 774
1519450 766
1519460 761
1519470 761
1519480 758
1519490 755
1519500 755
1519510 756
1519520 755
1519530 755
1519540 755
1519550 758
1519560 760
1519570 760
1519580 763
1519590 766
1519600 766
1519610 771
1519620 776
1519630 776
1519640 783
1519650 790
1519660 790
1519670 793
1519680 794
1519690 794
1519700 795
1519710 796
1519720 796
1519730 796
1519740 793
1519750 793
1519760 792
1519770 792
1519780 792
1519790 794
1519800 796
1519810 796
1519820 796
1519830 794
1519840 794
1519850 791
1519860 786
1519870 786
1519880 782
1519890 775
1519900 775
1519910 768
1519920 760
1519930 760
1519940 753
1519950 746
1519960 746
1519970 740
1519980 735
1519990 735
