1500000 1167
1500010 1164
1500020 1164
1500030 1159
1500040 1155
1500050 1155
1500060 1152
1500070 1149
1500080 1149
1500090 1148
1500100 1150
1500110 1150
1500120 1149
1500130 1147
1500140 1147
1500150 1145
1500160 1143
1500170 1143
1500180 1140
1500190 1134
1500200 1134
1500210 1131
1500220 1127
1500230 1127
1500240 1124
1500250 1121
1500260 1121
1500270 1119
1500280 1116
1500290 1116
1500300 1113
1500310 1111
1500320 1111
1500330 1109
1500340 1106
1500350 1106
1500360 1103
1500370 1101
1500380 1101
1500390 1099
1500400 1097
1500410 1095
1500420 1095
1500430 1094
1500440 1091
1500450 1091
1500460 1086
1500470 1081
1500480 1081
1500490 1077
1500500 1072
1500510 1072
1500520 1069
1500530 1066
1500540 1066
1500550 1063
1500560 1061
1500570 1061
1500580 1058
1500590 1056
1500600 1056
1500610 1053
1500620 1049
1500630 1049
1500640 1043
1500650 1038
1500660 1038
1500670 1034
1500680 1028
1500690 1028
1500700 1023
1500710 1018
1500720 1018
1500730 1011
1500740 1002
1500750 1002
1500760 994
1500770 986
1500780 986
1500790 982
1500800 978
1500810 978
1500820 973
1500830 968
1500840 968
1500850 963
1500860 958
1500870 958
1500880 954
1500890 950
1500900 950
1500910 946
1500920 942
1500930 937
1500940 937
1500950 931
1500960 926
1500970 926
1500980 921
1500990 915
1501000 915
1501010 910
1501020 906
1501030 906
1501040 901
1501050 896
1501060 896
1501070 891
1501080 887
1501090 887
1501100 883
1501110 879
1501120 879
1501130 876
1501140 872
1501150 872
1501160 869
1501170 866
1501180 866
1501190 862
1501200 858
1501210 858
1501220 855
1501230 852
1501240 852
1501250 851
1501260 849
1501270 849
1501280 847
1501290 846
1501300 846
1501310 844
1501320 844
1501330 844
1501340 842
1501350 840
1501360 840
1501370 837
1501380 833
1501390 833
1501400 830
1501410 826
1501420 823
1501430 823
1501440 821
1501450 816
1501460 816
1501470 812
1501480 809
1501490 809
1501500 806
1501510 801
1501520 801
1501530 796
1501540 791
1501550 791
1501560 787
1501570 783
1501580 783
1501590 780
1501600 776
1501610 776
1501620 773
1501630 769
1501640 769
1501650 763
1501660 752
1501670 752
1501680 742
1501690 733
1501700 733
1501710 728
1501720 723
1501730 723
1501740 719
1501750 716
1501760 716
1501770 714
1501780 714
1501790 714
1501800 714
1501810 714
1501820 714
1501830 714
1501840 714
1501850 714
1501860 714
1501870 714
1501880 714
1501890 714
1501900 714
1501910 714
1501920 714
1501930 714
1501940 714
1501950 714
1501960 714
1501970 714
1501980 714
1501990 714
1502000 714
1502010 714
1502020 714
1502030 714
1502040 714
1502050 714
1502060 714
1502070 714
1502080 714
1502090 714
1502100 714
1502110 714
1502120 714
1502130 714
1502140 714
1502150 714
1502160 714
1502170 714
1502180 714
1502190 714
1502200 714
1502210 714
1502220 714
1502230 714
1502240 714
1502250 714
1502260 714
1502270 714
1502280 714
1502290 714
1502300 714
1502310 714
1502320 714
1502330 714
1502340 714
1502350 714
1502360 714
1502370 714
1502380 714
1502390 714
1502400 714
1502410 714
1502420 714
1502430 714
1502440 714
1502450 714
1502460 714
1502470 714
1502480 714
1502490 714
1502500 714
1502510 714
1502520 714
1502530 714
1502540 714
1502550 714
1502560 714
1502570 714
1502580 714
1502590 714
1502600 714
1502610 714
1502620 714
1502630 714
1502640 714
1502650 714
1502660 714
1502670 714
1502680 714
1502690 714
1502700 714
1502710 714
1502720 714
1502730 714
1502740 714
1502750 714
1502760 717
1502770 717
1502780 722
1502790 728
1502800 728
1502810 734
1502820 741
1502830 741
1502840 746
1502850 754
1502860 754
1502870 763
1502880 771
1502890 771
1502900 779
1502910 786
1502920 793
1502930 793
1502940 800
1502950 806
1502960 806
1502970 812
1502980 819
1502990 819
1503000 829
1503010 841
1503020 841
1503030 848
1503040 855
1503050 855
1503060 858
1503070 858
1503080 858
1503090 858
1503100 861
1503110 861
1503120 862
1503130 862
1503140 862
1503150 863
1503160 865
1503170 865
1503180 864
1503190 865
1503200 865
1503210 867
1503220 871
1503230 871
1503240 876
1503250 882
1503260 882
1503270 884
1503280 885
1503290 885
1503300 884
1503310 882
1503320 882
1503330 880
1503340 879
1503350 879
1503360 878
1503370 878
1503380 878
1503390 877
1503400 875
1503410 873
1503420 873
1503430 872
1503440 871
1503450 871
1503460 871
1503470 871
1503480 871
1503490 873
1503500 875
1503510 875
1503520 876
1503530 877
1503540 877
1503550 878
1503560 880
1503570 880
1503580 881
1503590 883
1503600 883
1503610 884
1503620 884
1503630 884
1503640 885
1503650 885
1503660 885
1503670 885
1503680 885
1503690 885
1503700 885
1503710 885
1503720 885
1503730 885
1503740 884
1503750 884
1503760 884
1503770 884
1503780 884
1503790 884
1503800 885
1503810 885
1503820 884
1503830 884
1503840 884
1503850 884
1503860 884
1503870 884
1503880 883
1503890 881
1503900 881
1503910 878
1503920 873
1503930 870
1503940 870
1503950 869
1503960 868
1503970 868
1503980 865
1503990 861
1504000 866
1504010 864
1504020 862
1504030 862
1504040 859
1504050 856
1504060 856
1504070 852
1504080 846
1504090 846
1504100 841
1504110 839
1504120 839
1504130 839
1504140 836
1504150 836
1504160 831
1504170 824
1504180 824
1504190 817
1504200 811
1504210 811
1504220 806
1504230 801
1504240 801
1504250 797
1504260 793
1504270 793
1504280 789
1504290 785
1504300 785
1504310 780
1504320 776
1504330 776
1504340 773
1504350 772
1504360 772
1504370 772
1504380 771
1504390 771
1504400 771
1504410 772
1504420 773
1504430 773
1504440 772
1504450 772
1504460 772
1504470 772
1504480 772
1504490 772
1504500 773
1504510 773
1504520 773
1504530 770
1504540 765
1504550 765
1504560 761
1504570 758
1504580 758
1504590 757
1504600 754
1504610 754
1504620 750
1504630 745
1504640 745
1504650 741
1504660 737
1504670 737
1504680 734
1504690 732
1504700 732
1504710 730
1504720 729
1504730 729
1504740 729
1504750 728
1504760 728
1504770 727
1504780 726
1504790 726
1504800 726
1504810 726
1504820 726
1504830 726
1504840 727
1504850 727
1504860 729
1504870 730
1504880 730
1504890 732
1504900 734
1504910 736
1504920 736
1504930 737
1504940 739
1504950 739
1504960 741
1504970 743
1504980 743
1504990 746
1505000 748
1505010 748
1505020 751
1505030 753
1505040 753
1505050 755
1505060 758
1505070 758
1505080 762
1505090 767
1505100 767
1505110 771
1505120 775
1505130 775
1505140 780
1505150 785
1505160 785
1505170 792
1505180 799
1505190 799
1505200 806
1505210 814
1505220 814
1505230 822
1505240 831
1505250 831
1505260 841
1505270 851
1505280 851
1505290 861
1505300 869
1505310 869
1505320 875
1505330 880
1505340 880
1505350 886
1505360 892
1505370 892
1505380 898
1505390 903
1505400 903
1505410 908
1505420 913
1505430 918
1505440 918
1505450 924
1505460 928
1505470 928
1505480 932
1505490 934
1505500 934
1505510 938
1505520 942
1505530 942
1505540 947
1505550 951
1505560 951
1505570 955
1505580 960
1505590 960
1505600 965
1505610 970
1505620 970
1505630 975
1505640 980
1505650 980
1505660 985
1505670 991
1505680 991
1505690 996
1505700 1002
1505710 1002
1505720 1008
1505730 1014
1505740 1014
1505750 1020
1505760 1025
1505770 1025
1505780 1031
1505790 1037
1505800 1037
1505810 1043
1505820 1049
1505830 1049
1505840 1054
1505850 1058
1505860 1058
1505870 1062
1505880 1067
1505890 1067
1505900 1073
1505910 1079
1505920 1084
1505930 1084
1505940 1089
1505950 1093
1505960 1093
1505970 1097
1505980 1101
1505990 1101
1506000 1105
1506010 1110
1506020 1110
1506030 1113
1506040 1116
1506050 1116
1506060 1119
1506070 1123
1506080 1123
1506090 1127
1506100 1129
1506110 1129
1506120 1132
1506130 1134
1506140 1134
1506150 1135
1506160 1136
1506170 1136
1506180 1136
1506190 1135
1506200 1135
1506210 1133
1506220 1134
1506230 1134
1506240 1136
1506250 1137
1506260 1137
1506270 1138
1506280 1139
1506290 1139
1506300 1140
1506310 1141
1506320 1141
1506330 1142
1506340 1142
1506350 1142
1506360 1142
1506370 1141
1506380 1141
1506390 1139
1506400 1136
1506410 1134
1506420 1134
1506430 1131
1506440 1128
1506450 1128
1506460 1124
1506470 1120
1506480 1120
1506490 1116
1506500 1111
1506510 1111
1506520 1105
1506530 1098
1506540 1098
1506550 1089
1506560 1083
1506570 1083
1506580 1080
1506590 1079
1506600 1079
1506610 1079
1506620 1080
1506630 1080
1506640 1080
1506650 1081
1506660 1081
1506670 1081
1506680 1082
1506690 1082
1506700 1082
1506710 1082
1506720 1082
1506730 1082
1506740 1082
1506750 1082
1506760 1081
1506770 1081
1506780 1081
1506790 1081
1506800 1080
1506810 1080
1506820 1080
1506830 1081
1506840 1081
1506850 1080
1506860 1078
1506870 1078
1506880 1074
1506890 1071
1506900 1071
1506910 1069
1506920 1068
1506930 1069
1506940 1069
1506950 1071
1506960 1074
1506970 1074
1506980 1074
1506990 1074
1507000 1074
1507010 1075
1507020 1077
1507030 1077
1507040 1080
1507050 1083
1507060 1083
1507070 1087
1507080 1090
1507090 1090
1507100 1094
1507110 1099
1507120 1099
1507130 1103
1507140 1108
1507150 1108
1507160 1114
1507170 1119
1507180 1119
1507190 1123
1507200 1128
1507210 1128
1507220 1133
1507230 1136
1507240 1136
1507250 1138
1507260 1141
1507270 1141
1507280 1143
1507290 1144
1507300 1144
1507310 1144
1507320 1146
1507330 1146
1507340 1149
1507350 1153
1507360 1153
1507370 1158
1507380 1162
1507390 1162
1507400 1164
1507410 1166
1507420 1167
1507430 1167
1507440 1168
1507450 1169
1507460 1169
1507470 1170
1507480 1169
1507490 1169
1507500 1168
1507510 1166
1507520 1166
1507530 1165
1507540 1163
1507550 1163
1507560 1161
1507570 1159
1507580 1159
1507590 1157
1507600 1157
1507610 1157
1507620 1156
1507630 1157
1507640 1157
1507650 1156
1507660 1156
1507670 1156
1507680 1154
1507690 1151
1507700 1151
1507710 1148
1507720 1146
1507730 1146
1507740 1142
1507750 1139
1507760 1139
1507770 1137
1507780 1134
1507790 1134
1507800 1131
1507810 1128
1507820 1128
1507830 1125
1507840 1119
1507850 1119
1507860 1113
1507870 1107
1507880 1107
1507890 1103
1507900 1099
1507910 1099
1507920 1097
1507930 1095
1507940 1093
1507950 1093
1507960 1089
1507970 1088
1507980 1088
1507990 1086
1508000 1084
1508010 1084
1508020 1081
1508030 1078
1508040 1078
1508050 1077
1508060 1076
1508070 1076
1508080 1072
1508090 1068
1508100 1068
1508110 1065
1508120 1062
1508130 1062
1508140 1058
1508150 1054
1508160 1054
1508170 1050
1508180 1051
1508190 1051
1508200 1050
1508210 1044
1508220 1044
1508230 1038
1508240 1034
1508250 1034
1508260 1030
1508270 1027
1508280 1027
1508290 1024
1508300 1019
1508310 1019
1508320 1016
1508330 1017
1508340 1017
1508350 1017
1508360 1013
1508370 1013
1508380 1013
1508390 1022
1508400 1022
1508410 1031
1508420 1039
1508430 1044
1508440 1044
1508450 1048
1508460 1053
1508470 1053
1508480 1058
1508490 1063
1508500 1063
1508510 1068
1508520 1072
1508530 1072
1508540 1077
1508550 1082
1508560 1082
1508570 1086
1508580 1090
1508590 1090
1508600 1094
1508610 1098
1508620 1098
1508630 1102
1508640 1107
1508650 1107
1508660 1112
1508670 1120
1508680 1120
1508690 1129
1508700 1136
1508710 1136
1508720 1141
1508730 1147
1508740 1147
1508750 1153
1508760 1159
1508770 1159
1508780 1165
1508790 1170
1508800 1170
1508810 1175
1508820 1180
1508830 1180
1508840 1184
1508850 1188
1508860 1188
1508870 1193
1508880 1197
1508890 1197
1508900 1201
1508910 1206
1508920 1209
1508930 1209
1508940 1212
1508950 1216
1508960 1216
1508970 1220
1508980 1225
1508990 1225
1509000 1229
1509010 1234
1509020 1234
1509030 1238
1509040 1241
1509050 1241
1509060 1245
1509070 1249
1509080 1249
1509090 1254
1509100 1259
1509110 1259
1509120 1263
1509130 1268
1509140 1268
1509150 1272
1509160 1276
1509170 1276
1509180 1281
1509190 1286
1509200 1286
1509210 1290
1509220 1294
1509230 1294
1509240 1298
1509250 1302
1509260 1302
1509270 1307
1509280 1311
1509290 1311
1509300 1313
1509310 1314
1509320 1314
1509330 1316
1509340 1320
1509350 1320
1509360 1325
1509370 1330
1509380 1330
1509390 1335
1509400 1341
1509410 1341
1509420 1346
1509430 1350
1509440 1354
1509450 1354
1509460 1358
1509470 1363
1509480 1363
1509490 1368
1509500 1374
1509510 1374
1509520 1379
1509530 1384
1509540 1384
1509550 1390
1509560 1396
1509570 1396
1509580 1403
1509590 1409
1509600 1409
1509610 1413
1509620 1418
1509630 1418
1509640 1423
1509650 1427
1509660 1427
1509670 1432
1509680 1436
1509690 1436
1509700 1439
1509710 1441
1509720 1441
1509730 1444
1509740 1446
1509750 1439
1509760 1442
1509770 1445
1509780 1445
1509790 1450
1509800 1456
1509810 1456
1509820 1462
1509830 1468
1509840 1468
1509850 1474
1509860 1481
1509870 1481
1509880 1487
1509890 1494
1509900 1494
1509910 1501
1509920 1507
1509930 1513
1509940 1513
1509950 1520
1509960 1526
1509970 1526
1509980 1532
1509990 1538
1510000 1538
1510010 1544
1510020 1550
1510030 1550
1510040 1556
1510050 1562
1510060 1562
1510070 1569
1510080 1574
1510090 1574
1510100 1580
1510110 1586
1510120 1586
1510130 1593
1510140 1599
1510150 1599
1510160 1606
1510170 1612
1510180 1612
1510190 1618
1510200 1625
1510210 1625
1510220 1631
1510230 1638
1510240 1638
1510250 1645
1510260 1653
1510270 1653
1510280 1660
1510290 1667
1510300 1667
1510310 1674
1510320 1682
1510330 1682
1510340 1689
1510350 1695
1510360 1695
1510370 1702
1510380 1709
1510390 1709
1510400 1715
1510410 1720
1510420 1724
1510430 1724
1510440 1724
1510450 1721
1510460 1721
1510470 1717
1510480 1713
1510490 1713
1510500 1711
1510510 1710
1510520 1710
1510530 1709
1510540 1707
1510550 1707
1510560 1704
1510570 1701
1510580 1701
1510590 1699
1510600 1696
1510610 1696
1510620 1691
1510630 1686
1510640 1686
1510650 1683
1510660 1681
1510670 1681
1510680 1680
1510690 1681
1510700 1681
1510710 1681
1510720 1682
1510730 1682
1510740 1683
1510750 1682
1510760 1682
1510770 1678
1510780 1672
1510790 1672
1510800 1666
1510810 1661
1510820 1661
1510830 1656
1510840 1650
1510850 1650
1510860 1643
1510870 1637
1510880 1637
1510890 1632
1510900 1626
1510910 1626
1510920 1620
1510930 1614
1510940 1609
1510950 1609
1510960 1604
1510970 1599
1510980 1599
1510990 1592
1511000 1584
1511010 1584
1511020 1575
1511030 1568
1511040 1568
1511050 1561
1511060 1552
1511070 1552
1511080 1543
1511090 1534
1511100 1534
1511110 1530
1511120 1524
1511130 1524
1511140 1519
1511150 1515
1511160 1515
1511170 1509
1511180 1501
1511190 1501
1511200 1496
1511210 1492
1511220 1492
1511230 1486
1511240 1481
1511250 1481
1511260 1475
1511270 1470
1511280 1470
1511290 1461
1511300 1452
1511310 1452
1511320 1445
1511330 1437
1511340 1437
1511350 1428
1511360 1419
1511370 1419
1511380 1412
1511390 1405
1511400 1405
1511410 1400
1511420 1396
1511430 1391
1511440 1391
1511450 1384
1511460 1375
1511470 1375
1511480 1368
1511490 1362
1511500 1362
1511510 1356
1511520 1349
1511530 1349
1511540 1342
1511550 1336
1511560 1336
1511570 1331
1511580 1327
1511590 1327
1511600 1323
1511610 1319
1511620 1319
1511630 1314
1511640 1308
1511650 1308
1511660 1305
1511670 1301
1511680 1301
1511690 1294
1511700 1291
1511710 1291
1511720 1289
1511730 1285
1511740 1285
1511750 1282
1511760 1276
1511770 1276
1511780 1273
1511790 1271
1511800 1271
1511810 1265
1511820 1262
1511830 1262
1511840 1260
1511850 1257
1511860 1257
1511870 1254
1511880 1250
1511890 1250
1511900 1246
1511910 1244
1511920 1244
1511930 1237
1511940 1230
1511950 1229
1511960 1229
1511970 1228
1511980 1226
1511990 1226
1512000 1223
1512010 1219
1512020 1219
1512030 1220
1512040 1218
1512050 1218
1512060 1217
1512070 1216
1512080 1216
1512090 1215
1512100 1212
1512110 1212
1512120 1208
1512130 1201
1512140 1201
1512150 1193
1512160 1187
1512170 1187
1512180 1181
1512190 1172
1512200 1172
1512210 1171
1512220 1175
1512230 1175
1512240 1174
1512250 1171
1512260 1171
1512270 1168
1512280 1169
1512290 1169
1512300 1170
1512310 1167
1512320 1167
1512330 1162
1512340 1157
1512350 1157
1512360 1152
1512370 1145
1512380 1145
1512390 1139
1512400 1133
1512410 1133
1512420 1129
1512430 1126
1512440 1123
1512450 1123
1512460 1120
1512470 1116
1512480 1116
1512490 1111
1512500 1107
1512510 1107
1512520 1103
1512530 1097
1512540 1097
1512550 1092
1512560 1086
1512570 1086
1512580 1081
1512590 1076
1512600 1076
1512610 1074
1512620 1073
1512630 1073
1512640 1071
1512650 1068
1512660 1068
1512670 1065
1512680 1061
1512690 1061
1512700 1058
1512710 1055
1512720 1055
1512730 1051
1512740 1046
1512750 1046
1512760 1041
1512770 1035
1512780 1035
1512790 1029
1512800 1024
1512810 1024
1512820 1017
1512830 1011
1512840 1011
1512850 1005
1512860 999
1512870 999
1512880 992
1512890 985
1512900 985
1512910 978
1512920 971
1512930 962
1512940 962
1512950 952
1512960 945
1512970 945
1512980 944
1512990 945
1513000 945
1513010 945
1513020 945
1513030 945
1513040 945
1513050 940
1513060 940
1513070 936
1513080 939
1513090 939
1513100 941
1513110 943
1513120 943
1513130 946
1513140 951
1513150 951
1513160 955
1513170 958
1513180 958
1513190 962
1513200 966
1513210 966
1513220 970
1513230 974
1513240 974
1513250 979
1513260 983
1513270 983
1513280 988
1513290 991
1513300 991
1513310 994
1513320 994
1513330 994
1513340 992
1513350 990
1513360 990
1513370 990
1513380 991
1513390 991
1513400 994
1513410 995
1513420 995
1513430 993
1513440 988
1513450 985
1513460 985
1513470 982
1513480 982
1513490 982
1513500 983
1513510 984
1513520 984
1513530 988
1513540 994
1513550 994
1513560 997
1513570 997
1513580 997
1513590 993
1513600 984
1513610 984
1513620 975
1513630 968
1513640 968
1513650 960
1513660 947
1513670 947
1513680 930
1513690 914
1513700 914
1513710 904
1513720 896
1513730 896
1513740 887
1513750 881
1513760 881
1513770 873
1513780 866
1513790 866
1513800 858
1513810 851
1513820 851
1513830 844
1513840 838
1513850 838
1513860 833
1513870 827
1513880 827
1513890 822
1513900 818
1513910 818
1513920 816
1513930 816
1513940 815
1513950 815
1513960 812
1513970 807
1513980 807
1513990 800
1514000 793
1514010 793
1514020 786
1514030 780
1514040 780
1514050 774
1514060 767
1514070 767
1514080 760
1514090 754
1514100 754
1514110 749
1514120 743
1514130 743
1514140 742
1514150 745
1514160 745
1514170 750
1514180 756
1514190 756
1514200 762
1514210 769
1514220 769
1514230 775
1514240 782
1514250 782
1514260 787
1514270 791
1514280 791
1514290 794
1514300 799
1514310 799
1514320 804
1514330 807
1514340 807
1514350 806
1514360 801
1514370 801
1514380 799
1514390 801
1514400 801
1514410 804
1514420 802
1514430 808
1514440 808
1514450 812
1514460 817
1514470 817
1514480 822
1514490 827
1514500 827
1514510 832
1514520 836
1514530 836
1514540 836
1514550 833
1514560 833
1514570 827
1514580 821
1514590 821
1514600 818
1514610 814
1514620 814
1514630 810
1514640 810
1514650 810
1514660 815
1514670 820
1514680 820
1514690 825
1514700 828
1514710 828
1514720 831
1514730 834
1514740 834
1514750 836
1514760 837
1514770 837
1514780 836
1514790 834
1514800 834
1514810 831
1514820 829
1514830 829
1514840 828
1514850 827
1514860 827
1514870 826
1514880 825
1514890 825
1514900 825
1514910 824
1514920 824
1514930 821
1514940 817
1514950 820
1514960 820
1514970 825
1514980 827
1514990 827
1515000 832
1515010 840
1515020 840
1515030 847
1515040 858
1515050 858
1515060 871
1515070 877
1515080 877
1515090 883
1515100 886
1515110 886
1515120 887
1515130 888
1515140 888
1515150 891
1515160 891
1515170 891
1515180 890
1515190 889
1515200 889
1515210 883
1515220 874
1515230 874
1515240 865
1515250 857
1515260 857
1515270 847
1515280 839
1515290 839
1515300 831
1515310 823
1515320 823
1515330 816
1515340 810
1515350 810
1515360 803
1515370 796
1515380 796
1515390 790
1515400 784
1515410 784
1515420 778
1515430 773
1515440 769
1515450 769
1515460 766
1515470 761
1515480 761
1515490 755
1515500 748
1515510 748
1515520 740
1515530 734
1515540 734
1515550 729
1515560 724
1515570 724
1515580 721
1515590 719
1515600 719
1515610 715
1515620 710
1515630 710
1515640 705
1515650 700
1515660 700
1515670 696
1515680 693
1515690 693
1515700 691
1515710 686
1515720 686
1515730 679
1515740 671
1515750 671
1515760 667
1515770 665
1515780 665
1515790 666
1515800 670
1515810 670
1515820 677
1515830 683
1515840 683
1515850 689
1515860 696
1515870 696
1515880 702
1515890 707
1515900 707
1515910 713
1515920 721
1515930 728
1515940 728
1515950 734
1515960 738
1515970 738
1515980 740
1515990 741
1516000 741
1516010 740
1516020 740
1516030 740
1516040 739
1516050 739
1516060 739
1516070 738
1516080 738
1516090 738
1516100 737
1516110 737
1516120 737
1516130 737
1516140 737
1516150 737
1516160 738
1516170 738
1516180 738
1516190 738
1516200 738
1516210 738
1516220 737
1516230 737
1516240 737
1516250 735
1516260 734
1516270 734
1516280 732
1516290 731
1516300 731
1516310 730
1516320 727
1516330 727
1516340 720
1516350 711
1516360 711
1516370 705
1516380 699
1516390 699
1516400 699
1516410 704
1516420 704
1516430 711
1516440 716
1516450 721
1516460 721
1516470 726
1516480 731
1516490 731
1516500 736
1516510 741
1516520 741
1516530 746
1516540 750
1516550 750
1516560 755
1516570 758
1516580 758
1516590 761
1516600 764
1516610 764
1516620 766
1516630 770
1516640 770
1516650 773
1516660 777
1516670 777
1516680 781
1516690 783
1516700 783
1516710 786
1516720 789
1516730 789
1516740 793
1516750 796
1516760 796
1516770 799
1516780 801
1516790 801
1516800 804
1516810 808
1516820 808
1516830 811
1516840 816
1516850 816
1516860 821
1516870 827
1516880 827
1516890 834
1516900 840
1516910 840
1516920 844
1516930 847
1516940 848
1516950 848
1516960 849
1516970 850
1516980 850
1516990 850
1517000 850
1517010 850
1517020 852
1517030 853
1517040 853
1517050 854
1517060 853
1517070 853
1517080 850
1517090 848
1517100 848
1517110 846
1517120 843
1517130 843
1517140 842
1517150 843
1517160 843
1517170 842
1517180 839
1517190 839
1517200 834
1517210 830
1517220 830
1517230 826
1517240 821
1517250 821
1517260 816
1517270 810
1517280 810
1517290 803
1517300 798
1517310 798
1517320 792
1517330 788
1517340 788
1517350 784
1517360 780
1517370 780
1517380 775
1517390 770
1517400 770
1517410 765
1517420 760
1517430 754
1517440 754
1517450 748
1517460 745
1517470 745
1517480 745
1517490 747
1517500 747
1517510 746
1517520 743
1517530 743
1517540 742
1517550 742
1517560 742
1517570 741
1517580 743
1517590 743
1517600 746
1517610 750
1517620 750
1517630 754
1517640 759
1517650 759
1517660 758
1517670 751
1517680 751
1517690 751
1517700 756
1517710 756
1517720 764
1517730 768
1517740 768
1517750 771
1517760 773
1517770 773
1517780 776
1517790 779
1517800 779
1517810 781
1517820 785
1517830 785
1517840 788
1517850 791
1517860 791
1517870 794
1517880 797
1517890 797
1517900 801
1517910 805
1517920 805
1517930 811
1517940 818
1517950 827
1517960 827
1517970 828
1517980 832
1517990 832
1518000 837
1518010 840
1518020 840
1518030 841
1518040 840
1518050 840
1518060 841
1518070 843
1518080 843
1518090 846
1518100 849
1518110 849
1518120 850
1518130 849
1518140 849
1518150 847
1518160 842
1518170 842
1518180 838
1518190 836
1518200 836
1518210 837
1518220 842
1518230 842
1518240 847
1518250 852
1518260 852
1518270 853
1518280 852
1518290 852
1518300 851
1518310 852
1518320 852
1518330 850
1518340 847
1518350 847
1518360 845
1518370 842
1518380 842
1518390 837
1518400 828
1518410 828
1518420 818
1518430 810
1518440 803
1518450 801
1518460 798
1518470 794
1518480 794
1518490 784
1518500 774
1518510 774
1518520 767
1518530 761
1518540 761
1518550 754
1518560 747
1518570 747
1518580 740
1518590 733
1518600 733
1518610 727
1518620 721
1518630 721
1518640 716
1518650 713
1518660 713
1518670 712
1518680 711
1518690 711
1518700 709
1518710 708
1518720 708
1518730 708
1518740 707
1518750 707
1518760 709
1518770 710
1518780 710
1518790 708
1518800 707
1518810 707
1518820 706
1518830 705
1518840 705
1518850 705
1518860 703
1518870 703
1518880 698
1518890 692
1518900 692
1518910 688
1518920 686
1518930 684
1518940 684
1518950 682
1518960 680
1518970 680
1518980 678
1518990 677
1519000 677
1519010 676
1519020 675
1519030 675
1519040 675
1519050 674
1519060 674
1519070 673
1519080 673
1519090 673
1519100 672
1519110 671
1519120 671
1519130 670
1519140 670
1519150 670
1519160 669
1519170 669
1519180 669
1519190 668
1519200 667
1519210 667
1519220 665
1519230 663
1519240 663
1519250 663
1519260 662
1519270 662
1519280 662
1519290 661
1519300 661
1519310 658
1519320 654
1519330 654
1519340 650
1519350 647
1519360 647
1519370 645
1519380 643
1519390 643
1519400 642
1519410 641
1519420 641
1519430 640
1519440 639
1519450 638
1519460 638
1519470 636
1519480 633
1519490 633
1519500 630
1519510 628
1519520 628
1519530 627
1519540 627
1519550 627
1519560 626
1519570 625
1519580 625
1519590 623
1519600 624
1519610 624
1519620 625
1519630 626
1519640 626
1519650 625
1519660 626
1519670 626
1519680 628
1519690 630
1519700 630
1519710 631
1519720 628
1519730 628
1519740 624
1519750 619
1519760 619
1519770 617
1519780 616
1519790 616
1519800 615
1519810 615
1519820 615
1519830 615
1519840 615
1519850 615
1519860 614
1519870 610
1519880 610
1519890 605
1519900 602
1519910 602
1519920 599
1519930 597
1519940 596
1519950 596
1519960 594
1519970 590
1519980 590
1519990 587
