1500000 885
1500010 885
1500020 881
1500030 877
1500040 877
1500050 875
1500060 872
1500070 872
1500080 869
1500090 866
1500100 862
1500110 862
1500120 857
1500130 856
1500140 856
1500150 856
1500160 855
1500170 855
1500180 853
1500190 852
1500200 852
1500210 850
1500220 847
1500230 847
1500240 844
1500250 841
1500260 841
1500270 838
1500280 836
1500290 836
1500300 834
1500310 831
1500320 831
1500330 829
1500340 827
1500350 827
1500360 824
1500370 822
1500380 822
1500390 821
1500400 819
1500410 819
1500420 816
1500430 814
1500440 814
1500450 813
1500460 813
1500470 813
1500480 814
1500490 815
1500500 815
1500510 815
1500520 817
1500530 817
1500540 819
1500550 819
1500560 819
1500570 818
1500580 816
1500590 816
1500600 816
1500610 815
1500620 814
1500630 814
1500640 813
1500650 813
1500660 813
1500670 812
1500680 809
1500690 809
1500700 805
1500710 801
1500720 801
1500730 797
1500740 792
1500750 792
1500760 788
1500770 785
1500780 785
1500790 781
1500800 778
1500810 778
1500820 775
1500830 772
1500840 772
1500850 768
1500860 765
1500870 765
1500880 761
1500890 757
1500900 757
1500910 752
1500920 749
1500930 749
1500940 746
1500950 744
1500960 744
1500970 741
1500980 739
1500990 739
1501000 737
1501010 736
1501020 736
1501030 734
1501040 733
1501050 733
1501060 731
1501070 730
1501080 730
1501090 728
1501100 728
1501110 727
1501120 727
1501130 727
1501140 726
1501150 726
1501160 726
1501170 726
1501180 726
1501190 725
1501200 725
1501210 725
1501220 725
1501230 724
1501240 724
1501250 724
1501260 724
1501270 724
1501280 724
1501290 723
1501300 723
1501310 723
1501320 723
1501330 723
1501340 722
1501350 722
1501360 722
1501370 722
1501380 722
1501390 722
1501400 722
1501410 722
1501420 722
1501430 722
1501440 722
1501450 722
1501460 722
1501470 721
1501480 721
1501490 721
1501500 721
1501510 721
1501520 721
1501530 721
1501540 721
1501550 721
1501560 721
1501570 721
1501580 721
1501590 721
1501600 721
1501610 721
1501620 722
1501630 722
1501640 722
1501650 722
1501660 722
1501670 722
1501680 723
1501690 723
1501700 723
1501710 723
1501720 723
1501730 723
1501740 723
1501750 724
1501760 724
1501770 725
1501780 726
1501790 726
1501800 727
1501810 728
1501820 728
1501830 728
1501840 729
1501850 729
1501860 729
1501870 729
1501880 729
1501890 730
1501900 731
1501910 731
1501920 732
1501930 733
1501940 733
1501950 734
1501960 735
1501970 735
1501980 736
1501990 737
1502000 737
1502010 738
1502020 739
1502030 739
1502040 741
1502050 742
1502060 742
1502070 744
1502080 746
1502090 746
1502100 748
1502110 750
1502120 752
1502130 752
1502140 755
1502150 759
1502160 759
1502170 763
1502180 767
1502190 767
1502200 771
1502210 776
1502220 776
1502230 780
1502240 784
1502250 784
1502260 788
1502270 793
1502280 793
1502290 797
1502300 801
1502310 801
1502320 804
1502330 809
1502340 809
1502350 813
1502360 817
1502370 817
1502380 822
1502390 826
1502400 826
1502410 829
1502420 831
1502430 831
1502440 831
1502450 832
1502460 832
1502470 832
1502480 833
1502490 833
1502500 834
1502510 835
1502520 835
1502530 836
1502540 837
1502550 837
1502560 840
1502570 843
1502580 843
1502590 846
1502600 848
1502610 848
1502620 850
1502630 852
1502640 855
1502650 855
1502660 857
1502670 860
1502680 860
1502690 862
1502700 865
1502710 865
1502720 868
1502730 873
1502740 873
1502750 878
1502760 882
1502770 882
1502780 885
1502790 888
1502800 888
1502810 891
1502820 895
1502830 895
1502840 898
1502850 901
1502860 901
1502870 905
1502880 909
1502890 909
1502900 913
1502910 917
1502920 917
1502930 921
1502940 926
1502950 926
1502960 931
1502970 935
1502980 935
1502990 940
1503000 945
1503010 945
1503020 950
1503030 955
1503040 955
1503050 960
1503060 965
1503070 965
1503080 969
1503090 973
1503100 973
1503110 977
1503120 981
1503130 985
1503140 991
1503150 995
1503160 999
1503170 999
1503180 1003
1503190 1005
1503200 1005
1503210 1007
1503220 1009
1503230 1009
1503240 1011
1503250 1013
1503260 1013
1503270 1015
1503280 1018
1503290 1018
1503300 1021
1503310 1023
1503320 1023
1503330 1026
1503340 1028
1503350 1028
1503360 1031
1503370 1033
1503380 1033
1503390 1036
1503400 1039
1503410 1039
1503420 1042
1503430 1045
1503440 1045
1503450 1048
1503460 1051
1503470 1051
1503480 1054
1503490 1056
1503500 1056
1503510 1058
1503520 1061
1503530 1061
1503540 1063
1503550 1065
1503560 1065
1503570 1067
1503580 1069
1503590 1069
1503600 1072
1503610 1074
1503620 1074
1503630 1076
1503640 1079
1503650 1081
1503660 1081
1503670 1081
1503680 1078
1503690 1078
1503700 1073
1503710 1068
1503720 1068
1503730 1063
1503740 1058
1503750 1058
1503760 1053
1503770 1049
1503780 1049
1503790 1046
1503800 1043
1503810 1043
1503820 1039
1503830 1034
1503840 1034
1503850 1027
1503860 1023
1503870 1023
1503880 1020
1503890 1017
1503900 1017
1503910 1014
1503920 1012
1503930 1012
1503940 1012
1503950 1014
1503960 1014
1503970 1015
1503980 1016
1503990 1016
1504000 1017
1504010 1018
1504020 1018
1504030 1019
1504040 1019
1504050 1019
1504060 1018
1504070 1014
1504080 1014
1504090 1012
1504100 1010
1504110 1010
1504120 1008
1504130 1005
1504140 1003
1504150 1003
1504160 1000
1504170 996
1504180 996
1504190 996
1504200 999
1504210 999
1504220 1002
1504230 1004
1504240 1004
1504250 1007
1504260 1009
1504270 1009
1504280 1010
1504290 1012
1504300 1012
1504310 1013
1504320 1014
1504330 1014
1504340 1014
1504350 1014
1504360 1014
1504370 1014
1504380 1013
1504390 1013
1504400 1011
1504410 1010
1504420 1010
1504430 1009
1504440 1007
1504450 1007
1504460 1000
1504470 992
1504480 992
1504490 984
1504500 976
1504510 976
1504520 968
1504530 961
1504540 961
1504550 954
1504560 947
1504570 947
1504580 942
1504590 941
1504600 941
1504610 938
1504620 934
1504630 934
1504640 933
1504650 931
1504660 931
1504670 931
1504680 930
1504690 931
1504700 931
1504710 931
1504720 931
1504730 931
1504740 929
1504750 927
1504760 927
1504770 924
1504780 921
1504790 921
1504800 919
1504810 917
1504820 917
1504830 914
1504840 908
1504850 908
1504860 902
1504870 897
1504880 897
1504890 894
1504900 892
1504910 892
1504920 888
1504930 884
1504940 884
1504950 879
1504960 875
1504970 875
1504980 872
1504990 868
1505000 868
1505010 864
1505020 859
1505030 859
1505040 856
1505050 853
1505060 853
1505070 854
1505080 854
1505090 854
1505100 855
1505110 858
1505120 858
1505130 861
1505140 862
1505150 860
1505160 860
1505170 858
1505180 855
1505190 855
1505200 852
1505210 850
1505220 850
1505230 849
1505240 848
1505250 848
1505260 847
1505270 847
1505280 847
1505290 846
1505300 845
1505310 845
1505320 844
1505330 842
1505340 842
1505350 840
1505360 837
1505370 837
1505380 833
1505390 830
1505400 830
1505410 827
1505420 824
1505430 824
1505440 821
1505450 818
1505460 818
1505470 815
1505480 813
1505490 813
1505500 813
1505510 813
1505520 813
1505530 814
1505540 815
1505550 815
1505560 817
1505570 818
1505580 818
1505590 820
1505600 823
1505610 823
1505620 825
1505630 828
1505640 828
1505650 831
1505660 835
1505670 838
1505680 838
1505690 842
1505700 847
1505710 847
1505720 851
1505730 856
1505740 856
1505750 860
1505760 863
1505770 863
1505780 868
1505790 871
1505800 871
1505810 874
1505820 876
1505830 876
1505840 879
1505850 882
1505860 882
1505870 886
1505880 890
1505890 890
1505900 895
1505910 898
1505920 898
1505930 903
1505940 907
1505950 907
1505960 911
1505970 918
1505980 918
1505990 925
1506000 929
1506010 929
1506020 933
1506030 940
1506040 940
1506050 950
1506060 956
1506070 956
1506080 959
1506090 962
1506100 962
1506110 963
1506120 962
1506130 962
1506140 961
1506150 960
1506160 960
1506170 953
1506180 948
1506190 948
1506200 948
1506210 947
1506220 948
1506230 948
1506240 948
1506250 945
1506260 945
1506270 941
1506280 939
1506290 939
1506300 937
1506310 933
1506320 933
1506330 930
1506340 929
1506350 929
1506360 928
1506370 928
1506380 928
1506390 928
1506400 928
1506410 928
1506420 928
1506430 928
1506440 928
1506450 929
1506460 930
1506470 930
1506480 930
1506490 931
1506500 931
1506510 932
1506520 934
1506530 934
1506540 936
1506550 938
1506560 938
1506570 940
1506580 942
1506590 942
1506600 944
1506610 945
1506620 945
1506630 947
1506640 948
1506650 948
1506660 949
1506670 950
1506680 951
1506690 951
1506700 954
1506710 957
1506720 957
1506730 959
1506740 960
1506750 960
1506760 962
1506770 964
1506780 964
1506790 966
1506800 967
1506810 967
1506820 970
1506830 973
1506840 973
1506850 976
1506860 979
1506870 979
1506880 982
1506890 983
1506900 983
1506910 984
1506920 987
1506930 987
1506940 989
1506950 989
1506960 989
1506970 989
1506980 990
1506990 990
1507000 990
1507010 990
1507020 990
1507030 990
1507040 991
1507050 991
1507060 994
1507070 997
1507080 997
1507090 1001
1507100 1004
1507110 1004
1507120 1008
1507130 1013
1507140 1013
1507150 1017
1507160 1023
1507170 1023
1507180 1028
1507190 1032
1507200 1034
1507210 1034
1507220 1038
1507230 1041
1507240 1041
1507250 1046
1507260 1050
1507270 1050
1507280 1053
1507290 1056
1507300 1056
1507310 1058
1507320 1062
1507330 1062
1507340 1066
1507350 1069
1507360 1069
1507370 1074
1507380 1079
1507390 1079
1507400 1084
1507410 1090
1507420 1090
1507430 1095
1507440 1100
1507450 1100
1507460 1104
1507470 1108
1507480 1108
1507490 1113
1507500 1118
1507510 1118
1507520 1124
1507530 1130
1507540 1130
1507550 1136
1507560 1142
1507570 1142
1507580 1146
1507590 1150
1507600 1150
1507610 1154
1507620 1157
1507630 1157
1507640 1160
1507650 1163
1507660 1163
1507670 1166
1507680 1168
1507690 1171
1507700 1171
1507710 1175
1507720 1178
1507730 1178
1507740 1182
1507750 1186
1507760 1186
1507770 1190
1507780 1194
1507790 1194
1507800 1199
1507810 1205
1507820 1205
1507830 1210
1507840 1216
1507850 1216
1507860 1222
1507870 1228
1507880 1228
1507890 1234
1507900 1241
1507910 1241
1507920 1249
1507930 1256
1507940 1256
1507950 1264
1507960 1272
1507970 1272
1507980 1280
1507990 1287
1508000 1287
1508010 1294
1508020 1301
1508030 1301
1508040 1308
1508050 1314
1508060 1314
1508070 1321
1508080 1328
1508090 1328
1508100 1334
1508110 1341
1508120 1341
1508130 1348
1508140 1354
1508150 1354
1508160 1361
1508170 1370
1508180 1370
1508190 1380
1508200 1389
1508210 1395
1508220 1395
1508230 1399
1508240 1403
1508250 1403
1508260 1405
1508270 1405
1508280 1405
1508290 1404
1508300 1404
1508310 1404
1508320 1404
1508330 1403
1508340 1403
1508350 1402
1508360 1399
1508370 1399
1508380 1394
1508390 1388
1508400 1388
1508410 1383
1508420 1377
1508430 1377
1508440 1373
1508450 1370
1508460 1370
1508470 1367
1508480 1365
1508490 1365
1508500 1362
1508510 1360
1508520 1360
1508530 1357
1508540 1354
1508550 1354
1508560 1351
1508570 1347
1508580 1347
1508590 1342
1508600 1338
1508610 1338
1508620 1333
1508630 1328
1508640 1328
1508650 1323
1508660 1318
1508670 1318
1508680 1314
1508690 1310
1508700 1305
1508710 1305
1508720 1302
1508730 1298
1508740 1298
1508750 1293
1508760 1289
1508770 1289
1508780 1285
1508790 1283
1508800 1283
1508810 1281
1508820 1278
1508830 1278
1508840 1275
1508850 1272
1508860 1272
1508870 1269
1508880 1265
1508890 1265
1508900 1263
1508910 1263
1508920 1263
1508930 1264
1508940 1266
1508950 1266
1508960 1267
1508970 1268
1508980 1268
1508990 1269
1509000 1269
1509010 1269
1509020 1269
1509030 1268
1509040 1268
1509050 1267
1509060 1265
1509070 1265
1509080 1264
1509090 1264
1509100 1264
1509110 1271
1509120 1271
1509130 1271
1509140 1270
1509150 1269
1509160 1269
1509170 1269
1509180 1268
1509190 1268
1509200 1267
1509210 1266
1509220 1265
1509230 1265
1509240 1263
1509250 1261
1509260 1261
1509270 1260
1509280 1259
1509290 1259
1509300 1258
1509310 1256
1509320 1256
1509330 1257
1509340 1260
1509350 1260
1509360 1262
1509370 1265
1509380 1265
1509390 1269
1509400 1272
1509410 1272
1509420 1276
1509430 1280
1509440 1280
1509450 1285
1509460 1289
1509470 1289
1509480 1292
1509490 1294
1509500 1294
1509510 1296
1509520 1298
1509530 1298
1509540 1302
1509550 1305
1509560 1305
1509570 1309
1509580 1313
1509590 1313
1509600 1317
1509610 1320
1509620 1320
1509630 1324
1509640 1328
1509650 1328
1509660 1331
1509670 1335
1509680 1335
1509690 1339
1509700 1341
1509710 1345
1509720 1345
1509730 1348
1509740 1351
1509750 1351
1509760 1354
1509770 1357
1509780 1357
1509790 1360
1509800 1363
1509810 1363
1509820 1367
1509830 1370
1509840 1370
1509850 1373
1509860 1375
1509870 1375
1509880 1378
1509890 1380
1509900 1380
1509910 1382
1509920 1385
1509930 1385
1509940 1386
1509950 1388
1509960 1388
1509970 1389
1509980 1391
1509990 1391
1510000 1392
1510010 1393
1510020 1393
1510030 1395
1510040 1395
1510050 1395
1510060 1396
1510070 1397
1510080 1397
1510090 1398
1510100 1399
1510110 1399
1510120 1399
1510130 1400
1510140 1400
1510150 1400
1510160 1399
1510170 1399
1510180 1397
1510190 1394
1510200 1394
1510210 1391
1510220 1390
1510230 1393
1510240 1393
1510250 1394
1510260 1395
1510270 1395
1510280 1396
1510290 1397
1510300 1397
1510310 1399
1510320 1401
1510330 1401
1510340 1403
1510350 1404
1510360 1404
1510370 1405
1510380 1406
1510390 1406
1510400 1407
1510410 1407
1510420 1407
1510430 1407
1510440 1408
1510450 1408
1510460 1409
1510470 1411
1510480 1411
1510490 1413
1510500 1415
1510510 1415
1510520 1417
1510530 1419
1510540 1419
1510550 1420
1510560 1422
1510570 1422
1510580 1424
1510590 1426
1510600 1426
1510610 1427
1510620 1429
1510630 1429
1510640 1430
1510650 1431
1510660 1431
1510670 1432
1510680 1434
1510690 1434
1510700 1435
1510710 1436
1510720 1436
1510730 1438
1510740 1439
1510750 1441
1510760 1441
1510770 1442
1510780 1444
1510790 1444
1510800 1445
1510810 1447
1510820 1447
1510830 1448
1510840 1450
1510850 1450
1510860 1452
1510870 1454
1510880 1454
1510890 1456
1510900 1458
1510910 1458
1510920 1460
1510930 1461
1510940 1461
1510950 1464
1510960 1466
1510970 1466
1510980 1468
1510990 1470
1511000 1470
1511010 1472
1511020 1474
1511030 1474
1511040 1476
1511050 1478
1511060 1478
1511070 1480
1511080 1482
1511090 1482
1511100 1484
1511110 1486
1511120 1486
1511130 1488
1511140 1491
1511150 1491
1511160 1493
1511170 1495
1511180 1495
1511190 1498
1511200 1499
1511210 1499
1511220 1501
1511230 1502
1511240 1502
1511250 1502
1511260 1498
1511270 1491
1511280 1491
1511290 1483
1511300 1476
1511310 1476
1511320 1469
1511330 1462
1511340 1462
1511350 1457
1511360 1452
1511370 1452
1511380 1447
1511390 1442
1511400 1442
1511410 1436
1511420 1430
1511430 1430
1511440 1425
1511450 1420
1511460 1420
1511470 1416
1511480 1412
1511490 1412
1511500 1408
1511510 1404
1511520 1404
1511530 1400
1511540 1395
1511550 1395
1511560 1388
1511570 1379
1511580 1379
1511590 1372
1511600 1363
1511610 1363
1511620 1354
1511630 1343
1511640 1343
1511650 1335
1511660 1327
1511670 1327
1511680 1318
1511690 1311
1511700 1311
1511710 1302
1511720 1292
1511730 1292
1511740 1281
1511750 1272
1511760 1264
1511770 1264
1511780 1256
1511790 1249
1511800 1249
1511810 1242
1511820 1233
1511830 1233
1511840 1224
1511850 1217
1511860 1217
1511870 1210
1511880 1203
1511890 1203
1511900 1195
1511910 1187
1511920 1187
1511930 1180
1511940 1175
1511950 1175
1511960 1170
1511970 1167
1511980 1167
1511990 1164
1512000 1160
1512010 1160
1512020 1154
1512030 1147
1512040 1147
1512050 1143
1512060 1139
1512070 1139
1512080 1134
1512090 1129
1512100 1129
1512110 1126
1512120 1122
1512130 1122
1512140 1119
1512150 1116
1512160 1116
1512170 1111
1512180 1105
1512190 1105
1512200 1097
1512210 1092
1512220 1092
1512230 1091
1512240 1091
1512250 1091
1512260 1091
1512270 1089
1512280 1086
1512290 1086
1512300 1083
1512310 1083
1512320 1083
1512330 1084
1512340 1082
1512350 1082
1512360 1079
1512370 1077
1512380 1077
1512390 1076
1512400 1077
1512410 1077
1512420 1076
1512430 1075
1512440 1075
1512450 1072
1512460 1068
1512470 1068
1512480 1063
1512490 1058
1512500 1058
1512510 1054
1512520 1050
1512530 1050
1512540 1046
1512550 1040
1512560 1040
1512570 1036
1512580 1032
1512590 1032
1512600 1028
1512610 1024
1512620 1024
1512630 1022
1512640 1020
1512650 1020
1512660 1016
1512670 1011
1512680 1011
1512690 1007
1512700 1002
1512710 1002
1512720 996
1512730 991
1512740 991
1512750 989
1512760 990
1512770 991
1512780 991
1512790 992
1512800 992
1512810 992
1512820 990
1512830 986
1512840 986
1512850 981
1512860 975
1512870 975
1512880 970
1512890 965
1512900 965
1512910 958
1512920 951
1512930 951
1512940 944
1512950 938
1512960 938
1512970 932
1512980 925
1512990 925
1513000 920
1513010 916
1513020 916
1513030 913
1513040 910
1513050 910
1513060 907
1513070 905
1513080 905
1513090 903
1513100 902
1513110 902
1513120 901
1513130 899
1513140 899
1513150 896
1513160 892
1513170 892
1513180 890
1513190 890
1513200 890
1513210 888
1513220 886
1513230 886
1513240 886
1513250 886
1513260 885
1513270 885
1513280 883
1513290 879
1513300 879
1513310 874
1513320 868
1513330 868
1513340 861
1513350 855
1513360 855
1513370 855
1513380 854
1513390 854
1513400 850
1513410 845
1513420 845
1513430 839
1513440 833
1513450 833
1513460 827
1513470 821
1513480 821
1513490 816
1513500 813
1513510 813
1513520 810
1513530 805
1513540 805
1513550 802
1513560 800
1513570 800
1513580 797
1513590 792
1513600 792
1513610 787
1513620 782
1513630 782
1513640 778
1513650 773
1513660 773
1513670 769
1513680 765
1513690 765
1513700 760
1513710 756
1513720 756
1513730 751
1513740 745
1513750 745
1513760 741
1513770 738
1513780 735
1513790 735
1513800 731
1513810 727
1513820 727
1513830 722
1513840 717
1513850 717
1513860 711
1513870 705
1513880 703
1513890 696
1513900 689
1513910 689
1513920 684
1513930 679
1513940 679
1513950 676
1513960 674
1513970 674
1513980 672
1513990 671
1514000 671
1514010 671
1514020 674
1514030 674
1514040 677
1514050 679
1514060 679
1514070 682
1514080 685
1514090 685
1514100 686
1514110 685
1514120 685
1514130 685
1514140 685
1514150 685
1514160 685
1514170 686
1514180 686
1514190 687
1514200 687
1514210 687
1514220 688
1514230 690
1514240 690
1514250 693
1514260 696
1514270 696
1514280 698
1514290 699
1514300 700
1514310 700
1514320 699
1514330 696
1514340 696
1514350 694
1514360 692
1514370 692
1514380 690
1514390 688
1514400 688
1514410 684
1514420 682
1514430 682
1514440 682
1514450 682
1514460 682
1514470 682
1514480 682
1514490 682
1514500 682
1514510 683
1514520 683
1514530 683
1514540 684
1514550 684
1514560 683
1514570 682
1514580 682
1514590 679
1514600 676
1514610 676
1514620 672
1514630 670
1514640 670
1514650 666
1514660 661
1514670 661
1514680 654
1514690 647
1514700 647
1514710 641
1514720 636
1514730 636
1514740 630
1514750 624
1514760 624
1514770 618
1514780 614
1514790 614
1514800 614
1514810 615
1514820 615
1514830 615
1514840 619
1514850 625
1514860 625
1514870 633
1514880 640
1514890 640
1514900 646
1514910 650
1514920 650
1514930 653
1514940 653
1514950 653
1514960 653
1514970 656
1514980 656
1514990 659
1515000 658
1515010 658
1515020 658
1515030 660
1515040 660
1515050 665
1515060 668
1515070 668
1515080 669
1515090 669
1515100 669
1515110 670
1515120 672
1515130 672
1515140 674
1515150 676
1515160 676
1515170 679
1515180 683
1515190 683
1515200 686
1515210 686
1515220 686
1515230 688
1515240 690
1515250 690
1515260 694
1515270 698
1515280 698
1515290 701
1515300 699
1515310 698
1515320 698
1515330 705
1515340 710
1515350 710
1515360 713
1515370 714
1515380 714
1515390 716
1515400 719
1515410 719
1515420 720
1515430 722
1515440 722
1515450 723
1515460 724
1515470 724
1515480 725
1515490 725
1515500 725
1515510 725
1515520 726
1515530 726
1515540 727
1515550 728
1515560 728
1515570 728
1515580 728
1515590 728
1515600 728
1515610 726
1515620 726
1515630 726
1515640 722
1515650 722
1515660 714
1515670 707
1515680 707
1515690 700
1515700 694
1515710 694
1515720 687
1515730 681
1515740 681
1515750 675
1515760 669
1515770 669
1515780 664
1515790 661
1515800 660
1515810 660
1515820 659
1515830 657
1515840 657
1515850 656
1515860 653
1515870 653
1515880 649
1515890 645
1515900 645
1515910 640
1515920 636
1515930 636
1515940 633
1515950 630
1515960 630
1515970 628
1515980 626
1515990 626
1516000 623
1516010 620
1516020 620
1516030 614
1516040 607
1516050 607
1516060 601
1516070 597
1516080 597
1516090 594
1516100 596
1516110 596
1516120 601
1516130 607
1516140 607
1516150 612
1516160 617
1516170 617
1516180 621
1516190 624
1516200 624
1516210 628
1516220 631
1516230 631
1516240 634
1516250 637
1516260 637
1516270 640
1516280 643
1516290 643
1516300 646
1516310 649
1516320 653
1516330 653
1516340 656
1516350 660
1516360 660
1516370 663
1516380 665
1516390 665
1516400 668
1516410 671
1516420 671
1516430 672
1516440 673
1516450 673
1516460 672
1516470 671
1516480 671
1516490 668
1516500 667
1516510 667
1516520 666
1516530 665
1516540 665
1516550 665
1516560 664
1516570 664
1516580 662
1516590 662
1516600 662
1516610 664
1516620 663
1516630 663
1516640 659
1516650 654
1516660 654
1516670 656
1516680 664
1516690 664
1516700 670
1516710 672
1516720 672
1516730 673
1516740 676
1516750 676
1516760 679
1516770 682
1516780 682
1516790 686
1516800 690
1516810 695
1516820 695
1516830 699
1516840 704
1516850 704
1516860 709
1516870 714
1516880 714
1516890 718
1516900 720
1516910 720
1516920 720
1516930 718
1516940 718
1516950 717
1516960 718
1516970 718
1516980 720
1516990 720
1517000 720
1517010 717
1517020 715
1517030 715
1517040 715
1517050 719
1517060 719
1517070 722
1517080 728
1517090 728
1517100 734
1517110 739
1517120 739
1517130 745
1517140 750
1517150 750
1517160 753
1517170 755
1517180 755
1517190 755
1517200 754
1517210 754
1517220 754
1517230 754
1517240 754
1517250 754
1517260 753
1517270 753
1517280 754
1517290 754
1517300 754
1517310 757
1517320 759
1517330 761
1517340 761
1517350 761
1517360 760
1517370 760
1517380 759
1517390 756
1517400 756
1517410 754
1517420 752
1517430 752
1517440 750
1517450 750
1517460 750
1517470 749
1517480 748
1517490 748
1517500 747
1517510 745
1517520 745
1517530 745
1517540 744
1517550 744
1517560 741
1517570 737
1517580 737
1517590 733
1517600 727
1517610 727
1517620 722
1517630 715
1517640 715
1517650 706
1517660 697
1517670 697
1517680 689
1517690 682
1517700 682
1517710 676
1517720 671
1517730 671
1517740 667
1517750 663
1517760 663
1517770 658
1517780 654
1517790 654
1517800 649
1517810 644
1517820 642
1517830 642
1517840 640
1517850 636
1517860 636
1517870 631
1517880 624
1517890 624
1517900 621
1517910 618
1517920 618
1517930 615
1517940 613
1517950 613
1517960 611
1517970 601
1517980 601
1517990 599
1518000 597
1518010 597
1518020 594
1518030 592
1518040 592
1518050 590
1518060 589
1518070 589
1518080 589
1518090 589
1518100 589
1518110 593
1518120 595
1518130 595
1518140 597
1518150 597
1518160 597
1518170 597
1518180 597
1518190 597
1518200 597
1518210 597
1518220 597
1518230 597
1518240 597
1518250 597
1518260 597
1518270 598
1518280 598
1518290 598
1518300 599
1518310 599
1518320 599
1518330 595
1518340 589
1518350 589
1518360 582
1518370 578
1518380 578
1518390 583
1518400 592
1518410 592
1518420 600
1518430 606
1518440 606
1518450 610
1518460 613
1518470 613
1518480 617
1518490 622
1518500 622
1518510 629
1518520 636
1518530 636
1518540 641
1518550 645
1518560 645
1518570 648
1518580 652
1518590 652
1518600 656
1518610 660
1518620 660
1518630 662
1518640 663
1518650 663
1518660 664
1518670 664
1518680 664
1518690 662
1518700 660
1518710 660
1518720 660
1518730 660
1518740 660
1518750 661
1518760 660
1518770 660
1518780 659
1518790 657
1518800 657
1518810 656
1518820 655
1518830 655
1518840 655
1518850 654
1518860 653
1518870 653
1518880 651
1518890 650
1518900 650
1518910 650
1518920 650
1518930 650
1518940 650
1518950 652
1518960 652
1518970 649
1518980 645
1518990 645
1519000 641
1519010 640
1519020 640
1519030 638
1519040 635
1519050 635
1519060 632
1519070 629
1519080 629
1519090 626
1519100 625
1519110 625
1519120 623
1519130 619
1519140 619
1519150 614
1519160 611
1519170 611
1519180 605
1519190 600
1519200 600
1519210 597
1519220 593
1519230 593
1519240 585
1519250 577
1519260 577
1519270 574
1519280 576
1519290 576
1519300 576
1519310 573
1519320 573
1519330 566
1519340 561
1519350 555
1519360 555
1519370 552
1519380 550
1519390 550
1519400 548
1519410 546
1519420 546
1519430 545
1519440 544
1519450 544
1519460 541
1519470 542
1519480 542
1519490 543
1519500 543
1519510 543
1519520 543
1519530 543
1519540 543
1519550 541
1519560 539
1519570 539
1519580 538
1519590 536
1519600 536
1519610 535
1519620 534
1519630 534
1519640 532
1519650 531
1519660 531
1519670 531
1519680 529
1519690 529
1519700 527
1519710 526
1519720 526
1519730 525
1519740 524
1519750 524
1519760 523
1519770 522
1519780 522
1519790 520
1519800 517
1519810 517
1519820 514
1519830 511
1519840 509
1519850 509
1519860 508
1519870 506
1519880 506
1519890 503
1519900 499
1519910 499
1519920 496
1519930 493
1519940 493
1519950 489
1519960 486
1519970 486
1519980 484
1519990 486
