1500000 1029
1500010 1029
1500020 1022
1500030 1017
1500040 1017
1500050 999
1500060 969
1500070 969
1500080 955
1500090 948
1500100 948
1500110 940
1500120 932
1500130 932
1500140 925
1500150 918
1500160 918
1500170 911
1500180 904
1500190 904
1500200 897
1500210 890
1500220 890
1500230 884
1500240 879
1500250 879
1500260 875
1500270 871
1500280 871
1500290 867
1500300 864
1500310 864
1500320 861
1500330 859
1500340 859
1500350 855
1500360 851
1500370 849
1500380 849
1500390 847
1500400 844
1500410 844
1500420 840
1500430 840
1500440 840
1500450 840
1500460 836
1500470 836
1500480 830
1500490 825
1500500 825
1500510 822
1500520 820
1500530 820
1500540 817
1500550 814
1500560 814
1500570 811
1500580 810
1500590 810
1500600 809
1500610 806
1500620 806
1500630 802
1500640 800
1500650 800
1500660 800
1500670 800
1500680 800
1500690 802
1500700 802
1500710 802
1500720 801
1500730 799
1500740 799
1500750 796
1500760 791
1500770 791
1500780 786
1500790 782
1500800 782
1500810 780
1500820 779
1500830 779
1500840 779
1500850 779
1500860 779
1500870 778
1500880 778
1500890 775
1500900 775
1500910 773
1500920 773
1500930 773
1500940 772
1500950 770
1500960 770
1500970 767
1500980 765
1500990 765
1501000 762
1501010 760
1501020 760
1501030 758
1501040 756
1501050 756
1501060 754
1501070 753
1501080 753
1501090 752
1501100 752
1501110 752
1501120 753
1501130 754
1501140 754
1501150 756
1501160 758
1501170 758
1501180 760
1501190 761
1501200 761
1501210 764
1501220 768
1501230 768
1501240 771
1501250 773
1501260 773
1501270 776
1501280 780
1501290 780
1501300 785
1501310 788
1501320 788
1501330 791
1501340 794
1501350 794
1501360 797
1501370 801
1501380 801
1501390 806
1501400 810
1501410 814
1501420 814
1501430 818
1501440 822
1501450 822
1501460 826
1501470 830
1501480 830
1501490 835
1501500 839
1501510 839
1501520 843
1501530 846
1501540 846
1501550 848
1501560 851
1501570 851
1501580 856
1501590 859
1501600 859
1501610 862
1501620 864
1501630 864
1501640 866
1501650 868
1501660 868
1501670 870
1501680 871
1501690 871
1501700 875
1501710 878
1501720 878
1501730 882
1501740 885
1501750 885
1501760 889
1501770 893
1501780 893
1501790 898
1501800 902
1501810 902
1501820 907
1501830 912
1501840 912
1501850 915
1501860 919
1501870 919
1501880 921
1501890 924
1501900 924
1501910 927
1501920 930
1501930 933
1501940 933
1501950 936
1501960 938
1501970 938
1501980 941
1501990 944
1502000 944
1502010 947
1502020 950
1502030 950
1502040 952
1502050 955
1502060 955
1502070 958
1502080 962
1502090 962
1502100 966
1502110 970
1502120 970
1502130 974
1502140 978
1502150 978
1502160 982
1502170 986
1502180 986
1502190 990
1502200 993
1502210 993
1502220 997
1502230 999
1502240 999
1502250 1003
1502260 1006
1502270 1006
1502280 1011
1502290 1015
1502300 1015
1502310 1018
1502320 1021
1502330 1021
1502340 1024
1502350 1028
1502360 1028
1502370 1031
1502380 1033
1502390 1033
1502400 1037
1502410 1042
1502420 1046
1502430 1046
1502440 1049
1502450 1052
1502460 1052
1502470 1055
1502480 1058
1502490 1058
1502500 1061
1502510 1063
1502520 1063
1502530 1065
1502540 1069
1502550 1069
1502560 1072
1502570 1076
1502580 1076
1502590 1079
1502600 1083
1502610 1083
1502620 1087
1502630 1090
1502640 1090
1502650 1093
1502660 1096
1502670 1096
1502680 1099
1502690 1103
1502700 1103
1502710 1106
1502720 1110
1502730 1110
1502740 1114
1502750 1118
1502760 1118
1502770 1123
1502780 1127
1502790 1127
1502800 1130
1502810 1132
1502820 1132
1502830 1134
1502840 1136
1502850 1136
1502860 1138
1502870 1140
1502880 1140
1502890 1143
1502900 1146
1502910 1146
1502920 1149
1502930 1152
1502940 1155
1502950 1155
1502960 1157
1502970 1159
1502980 1159
1502990 1161
1503000 1163
1503010 1163
1503020 1166
1503030 1168
1503040 1168
1503050 1171
1503060 1175
1503070 1175
1503080 1179
1503090 1182
1503100 1182
1503110 1185
1503120 1187
1503130 1187
1503140 1188
1503150 1188
1503160 1188
1503170 1188
1503180 1189
1503190 1189
1503200 1195
1503210 1197
1503220 1197
1503230 1199
1503240 1201
1503250 1201
1503260 1203
1503270 1205
1503280 1205
1503290 1207
1503300 1209
1503310 1209
1503320 1210
1503330 1211
1503340 1211
1503350 1212
1503360 1213
1503370 1213
1503380 1215
1503390 1216
1503400 1216
1503410 1217
1503420 1217
1503430 1217
1503440 1217
1503450 1217
1503460 1216
1503470 1216
1503480 1215
1503490 1212
1503500 1212
1503510 1209
1503520 1205
1503530 1205
1503540 1202
1503550 1199
1503560 1199
1503570 1196
1503580 1192
1503590 1192
1503600 1187
1503610 1183
1503620 1183
1503630 1181
1503640 1179
1503650 1179
1503660 1176
1503670 1174
1503680 1174
1503690 1172
1503700 1169
1503710 1169
1503720 1165
1503730 1162
1503740 1162
1503750 1162
1503760 1163
1503770 1163
1503780 1166
1503790 1169
1503800 1169
1503810 1173
1503820 1177
1503830 1177
1503840 1179
1503850 1180
1503860 1180
1503870 1180
1503880 1179
1503890 1179
1503900 1179
1503910 1179
1503920 1179
1503930 1177
1503940 1176
1503950 1176
1503960 1174
1503970 1174
1503980 1173
1503990 1173
1504000 1171
1504010 1172
1504020 1172
1504030 1174
1504040 1176
1504050 1176
1504060 1177
1504070 1179
1504080 1179
1504090 1182
1504100 1183
1504110 1183
1504120 1184
1504130 1185
1504140 1185
1504150 1185
1504160 1185
1504170 1185
1504180 1184
1504190 1185
1504200 1185
1504210 1189
1504220 1194
1504230 1194
1504240 1199
1504250 1206
1504260 1206
1504270 1213
1504280 1222
1504290 1222
1504300 1231
1504310 1238
1504320 1238
1504330 1246
1504340 1254
1504350 1254
1504360 1259
1504370 1264
1504380 1264
1504390 1269
1504400 1274
1504410 1274
1504420 1279
1504430 1283
1504440 1283
1504450 1288
1504460 1291
1504470 1291
1504480 1292
1504490 1292
1504500 1290
1504510 1290
1504520 1289
1504530 1287
1504540 1287
1504550 1284
1504560 1281
1504570 1281
1504580 1278
1504590 1275
1504600 1275
1504610 1272
1504620 1269
1504630 1269
1504640 1265
1504650 1262
1504660 1262
1504670 1259
1504680 1255
1504690 1255
1504700 1252
1504710 1248
1504720 1248
1504730 1244
1504740 1240
1504750 1240
1504760 1235
1504770 1230
1504780 1230
1504790 1225
1504800 1220
1504810 1220
1504820 1214
1504830 1210
1504840 1210
1504850 1205
1504860 1201
1504870 1201
1504880 1198
1504890 1196
1504900 1196
1504910 1193
1504920 1190
1504930 1190
1504940 1187
1504950 1184
1504960 1184
1504970 1180
1504980 1175
1504990 1175
1505000 1170
1505010 1165
1505020 1161
1505030 1161
1505040 1155
1505050 1149
1505060 1149
1505070 1143
1505080 1139
1505090 1139
1505100 1134
1505110 1130
1505120 1130
1505130 1125
1505140 1121
1505150 1121
1505160 1115
1505170 1110
1505180 1110
1505190 1105
1505200 1099
1505210 1099
1505220 1094
1505230 1088
1505240 1088
1505250 1083
1505260 1078
1505270 1078
1505280 1073
1505290 1069
1505300 1069
1505310 1064
1505320 1061
1505330 1061
1505340 1058
1505350 1054
1505360 1054
1505370 1050
1505380 1046
1505390 1046
1505400 1043
1505410 1041
1505420 1041
1505430 1038
1505440 1036
1505450 1036
1505460 1035
1505470 1034
1505480 1034
1505490 1032
1505500 1029
1505510 1029
1505520 1027
1505530 1024
1505540 1021
1505550 1021
1505560 1018
1505570 1014
1505580 1014
1505590 1009
1505600 1003
1505610 1003
1505620 995
1505630 987
1505640 987
1505650 980
1505660 973
1505670 973
1505680 962
1505690 954
1505700 954
1505710 955
1505720 957
1505730 957
1505740 955
1505750 952
1505760 952
1505770 948
1505780 943
1505790 943
1505800 936
1505810 928
1505820 928
1505830 921
1505840 914
1505850 914
1505860 906
1505870 900
1505880 900
1505890 897
1505900 895
1505910 895
1505920 894
1505930 893
1505940 893
1505950 892
1505960 891
1505970 891
1505980 889
1505990 887
1506000 887
1506010 886
1506020 884
1506030 883
1506040 883
1506050 883
1506060 884
1506070 884
1506080 883
1506090 880
1506100 880
1506110 877
1506120 875
1506130 875
1506140 872
1506150 869
1506160 869
1506170 865
1506180 864
1506190 864
1506200 865
1506210 863
1506220 863
1506230 859
1506240 855
1506250 855
1506260 851
1506270 847
1506280 847
1506290 843
1506300 841
1506310 841
1506320 842
1506330 842
1506340 842
1506350 841
1506360 840
1506370 840
1506380 838
1506390 837
1506400 837
1506410 836
1506420 836
1506430 836
1506440 836
1506450 836
1506460 836
1506470 838
1506480 842
1506490 842
1506500 846
1506510 845
1506520 845
1506530 843
1506540 839
1506550 835
1506560 835
1506570 830
1506580 826
1506590 826
1506600 823
1506610 822
1506620 822
1506630 822
1506640 822
1506650 822
1506660 822
1506670 821
1506680 821
1506690 820
1506700 818
1506710 818
1506720 817
1506730 815
1506740 815
1506750 813
1506760 811
1506770 811
1506780 809
1506790 807
1506800 807
1506810 805
1506820 803
1506830 803
1506840 801
1506850 799
1506860 799
1506870 798
1506880 797
1506890 797
1506900 796
1506910 792
1506920 792
1506930 788
1506940 786
1506950 786
1506960 786
1506970 786
1506980 786
1506990 786
1507000 786
1507010 786
1507020 786
1507030 786
1507040 786
1507050 786
1507060 786
1507070 786
1507080 786
1507090 786
1507100 786
1507110 786
1507120 786
1507130 786
1507140 786
1507150 786
1507160 786
1507170 786
1507180 786
1507190 787
1507200 787
1507210 787
1507220 788
1507230 788
1507240 791
1507250 795
1507260 795
1507270 799
1507280 802
1507290 802
1507300 805
1507310 808
1507320 808
1507330 811
1507340 813
1507350 813
1507360 816
1507370 819
1507380 819
1507390 821
1507400 824
1507410 824
1507420 826
1507430 830
1507440 830
1507450 833
1507460 837
1507470 837
1507480 841
1507490 845
1507500 845
1507510 848
1507520 851
1507530 851
1507540 855
1507550 858
1507560 858
1507570 862
1507580 866
1507590 871
1507600 871
1507610 877
1507620 883
1507630 883
1507640 890
1507650 896
1507660 896
1507670 900
1507680 904
1507690 904
1507700 911
1507710 919
1507720 919
1507730 928
1507740 938
1507750 938
1507760 947
1507770 955
1507780 955
1507790 965
1507800 975
1507810 975
1507820 985
1507830 991
1507840 991
1507850 999
1507860 1006
1507870 1006
1507880 1011
1507890 1015
1507900 1015
1507910 1019
1507920 1023
1507930 1023
1507940 1026
1507950 1030
1507960 1030
1507970 1034
1507980 1039
1507990 1039
1508000 1044
1508010 1050
1508020 1050
1508030 1056
1508040 1063
1508050 1063
1508060 1068
1508070 1072
1508080 1072
1508090 1076
1508100 1079
1508110 1081
1508120 1081
1508130 1083
1508140 1087
1508150 1087
1508160 1092
1508170 1097
1508180 1097
1508190 1103
1508200 1109
1508210 1109
1508220 1116
1508230 1122
1508240 1122
1508250 1129
1508260 1135
1508270 1135
1508280 1143
1508290 1149
1508300 1149
1508310 1153
1508320 1158
1508330 1158
1508340 1164
1508350 1171
1508360 1171
1508370 1177
1508380 1184
1508390 1184
1508400 1190
1508410 1196
1508420 1196
1508430 1202
1508440 1209
1508450 1209
1508460 1214
1508470 1219
1508480 1219
1508490 1225
1508500 1230
1508510 1230
1508520 1235
1508530 1240
1508540 1240
1508550 1245
1508560 1250
1508570 1250
1508580 1256
1508590 1261
1508600 1261
1508610 1266
1508620 1270
1508630 1274
1508640 1274
1508650 1278
1508660 1282
1508670 1282
1508680 1286
1508690 1289
1508700 1289
1508710 1293
1508720 1297
1508730 1297
1508740 1301
1508750 1305
1508760 1305
1508770 1308
1508780 1311
1508790 1311
1508800 1315
1508810 1318
1508820 1318
1508830 1322
1508840 1326
1508850 1326
1508860 1330
1508870 1334
1508880 1334
1508890 1337
1508900 1341
1508910 1341
1508920 1345
1508930 1349
1508940 1349
1508950 1353
1508960 1357
1508970 1357
1508980 1360
1508990 1363
1509000 1363
1509010 1365
1509020 1368
1509030 1368
1509040 1370
1509050 1372
1509060 1372
1509070 1374
1509080 1376
1509090 1376
1509100 1377
1509110 1379
1509120 1379
1509130 1380
1509140 1381
1509150 1382
1509160 1382
1509170 1384
1509180 1383
1509190 1383
1509200 1377
1509210 1369
1509220 1369
1509230 1361
1509240 1354
1509250 1354
1509260 1347
1509270 1341
1509280 1341
1509290 1335
1509300 1329
1509310 1329
1509320 1323
1509330 1317
1509340 1317
1509350 1311
1509360 1306
1509370 1306
1509380 1300
1509390 1295
1509400 1295
1509410 1286
1509420 1270
1509430 1270
1509440 1254
1509450 1243
1509460 1243
1509470 1235
1509480 1228
1509490 1228
1509500 1220
1509510 1213
1509520 1213
1509530 1206
1509540 1200
1509550 1200
1509560 1193
1509570 1188
1509580 1188
1509590 1185
1509600 1185
1509610 1185
1509620 1185
1509630 1184
1509640 1182
1509650 1182
1509660 1181
1509670 1181
1509680 1181
1509690 1181
1509700 1179
1509710 1179
1509720 1175
1509730 1172
1509740 1172
1509750 1172
1509760 1172
1509770 1172
1509780 1170
1509790 1166
1509800 1166
1509810 1165
1509820 1166
1509830 1166
1509840 1168
1509850 1170
1509860 1170
1509870 1174
1509880 1180
1509890 1180
1509900 1185
1509910 1189
1509920 1189
1509930 1194
1509940 1198
1509950 1198
1509960 1201
1509970 1203
1509980 1203
1509990 1204
1510000 1204
1510010 1204
1510020 1205
1510030 1205
1510040 1205
1510050 1206
1510060 1205
1510070 1205
1510080 1203
1510090 1200
1510100 1200
1510110 1195
1510120 1182
1510130 1182
1510140 1162
1510150 1145
1510160 1133
1510170 1133
1510180 1121
1510190 1104
1510200 1104
1510210 1087
1510220 1075
1510230 1075
1510240 1067
1510250 1057
1510260 1057
1510270 1023
1510280 991
1510290 991
1510300 987
1510310 996
1510320 996
1510330 1006
1510340 1010
1510350 1010
1510360 1008
1510370 1004
1510380 1004
1510390 999
1510400 994
1510410 994
1510420 981
1510430 967
1510440 967
1510450 966
1510460 973
1510470 973
1510480 979
1510490 987
1510500 987
1510510 992
1510520 996
1510530 996
1510540 1001
1510550 1006
1510560 1006
1510570 1012
1510580 1018
1510590 1018
1510600 1022
1510610 1027
1510620 1027
1510630 1039
1510640 1045
1510650 1045
1510660 1055
1510670 1056
1510680 1043
1510690 1043
1510700 1031
1510710 1018
1510720 1018
1510730 1006
1510740 996
1510750 996
1510760 984
1510770 974
1510780 974
1510790 967
1510800 957
1510810 957
1510820 945
1510830 934
1510840 934
1510850 919
1510860 908
1510870 908
1510880 898
1510890 875
1510900 875
1510910 856
1510920 855
1510930 855
1510940 863
1510950 874
1510960 874
1510970 892
1510980 913
1510990 913
1511000 929
1511010 938
1511020 938
1511030 944
1511040 949
1511050 949
1511060 953
1511070 958
1511080 958
1511090 965
1511100 971
1511110 971
1511120 977
1511130 980
1511140 980
1511150 984
1511160 991
1511170 991
1511180 999
1511190 1005
1511200 1011
1511210 1011
1511220 1017
1511230 1023
1511240 1023
1511250 1028
1511260 1034
1511270 1034
1511280 1040
1511290 1043
1511300 1043
1511310 1044
1511320 1046
1511330 1046
1511340 1049
1511350 1056
1511360 1056
1511370 1064
1511380 1070
1511390 1070
1511400 1076
1511410 1080
1511420 1080
1511430 1080
1511440 1075
1511450 1075
1511460 1066
1511470 1057
1511480 1057
1511490 1049
1511500 1043
1511510 1043
1511520 1037
1511530 1029
1511540 1029
1511550 1021
1511560 1014
1511570 1014
1511580 1016
1511590 1024
1511600 1024
1511610 1031
1511620 1035
1511630 1035
1511640 1040
1511650 1045
1511660 1045
1511670 1050
1511680 1054
1511690 1054
1511700 1057
1511710 1060
1511720 1062
1511730 1062
1511740 1065
1511750 1069
1511760 1069
1511770 1075
1511780 1080
1511790 1080
1511800 1082
1511810 1080
1511820 1080
1511830 1072
1511840 1060
1511850 1060
1511860 1050
1511870 1045
1511880 1045
1511890 1040
1511900 1033
1511910 1033
1511920 1035
1511930 1037
1511940 1037
1511950 1035
1511960 1032
1511970 1032
1511980 1031
1511990 1035
1512000 1035
1512010 1042
1512020 1046
1512030 1046
1512040 1049
1512050 1051
1512060 1051
1512070 1047
1512080 1039
1512090 1039
1512100 1034
1512110 1031
1512120 1031
1512130 1027
1512140 1022
1512150 1022
1512160 1016
1512170 1010
1512180 1010
1512190 1006
1512200 1003
1512210 1003
1512220 1000
1512230 997
1512240 994
1512250 994
1512260 994
1512270 993
1512280 993
1512290 992
1512300 990
1512310 990
1512320 988
1512330 986
1512340 986
1512350 985
1512360 983
1512370 983
1512380 981
1512390 978
1512400 978
1512410 975
1512420 970
1512430 970
1512440 963
1512450 953
1512460 953
1512470 946
1512480 941
1512490 941
1512500 936
1512510 929
1512520 929
1512530 922
1512540 916
1512550 916
1512560 908
1512570 901
1512580 901
1512590 893
1512600 886
1512610 886
1512620 880
1512630 873
1512640 873
1512650 866
1512660 857
1512670 857
1512680 848
1512690 839
1512700 839
1512710 831
1512720 830
1512730 830
1512740 830
1512750 825
1512760 821
1512770 821
1512780 817
1512790 811
1512800 811
1512810 806
1512820 805
1512830 805
1512840 806
1512850 806
1512860 806
1512870 804
1512880 801
1512890 801
1512900 797
1512910 793
1512920 793
1512930 788
1512940 783
1512950 783
1512960 779
1512970 775
1512980 775
1512990 769
1513000 763
1513010 763
1513020 756
1513030 751
1513040 751
1513050 749
1513060 749
1513070 749
1513080 748
1513090 745
1513100 745
1513110 742
1513120 741
1513130 741
1513140 740
1513150 742
1513160 742
1513170 743
1513180 741
1513190 741
1513200 739
1513210 744
1513220 744
1513230 750
1513240 752
1513250 754
1513260 754
1513270 756
1513280 757
1513290 757
1513300 757
1513310 757
1513320 757
1513330 759
1513340 763
1513350 763
1513360 768
1513370 774
1513380 774
1513390 778
1513400 781
1513410 781
1513420 784
1513430 787
1513440 787
1513450 789
1513460 791
1513470 791
1513480 793
1513490 796
1513500 796
1513510 800
1513520 803
1513530 803
1513540 805
1513550 805
1513560 805
1513570 804
1513580 802
1513590 802
1513600 799
1513610 798
1513620 798
1513630 798
1513640 802
1513650 802
1513660 807
1513670 811
1513680 811
1513690 815
1513700 818
1513710 818
1513720 821
1513730 824
1513740 824
1513750 826
1513760 828
1513770 831
1513780 831
1513790 833
1513800 836
1513810 836
1513820 838
1513830 839
1513840 839
1513850 839
1513860 840
1513870 840
1513880 840
1513890 841
1513900 841
1513910 841
1513920 842
1513930 842
1513940 837
1513950 837
1513960 837
1513970 836
1513980 834
1513990 834
1514000 832
1514010 832
1514020 832
1514030 831
1514040 829
1514050 829
1514060 825
1514070 820
1514080 820
1514090 817
1514100 813
1514110 813
1514120 809
1514130 804
1514140 804
1514150 799
1514160 795
1514170 795
1514180 792
1514190 789
1514200 789
1514210 786
1514220 784
1514230 784
1514240 781
1514250 779
1514260 779
1514270 777
1514280 774
1514290 770
1514300 770
1514310 766
1514320 762
1514330 762
1514340 756
1514350 752
1514360 752
1514370 748
1514380 743
1514390 743
1514400 736
1514410 733
1514420 733
1514430 734
1514440 738
1514450 738
1514460 740
1514470 740
1514480 740
1514490 740
1514500 739
1514510 739
1514520 739
1514530 736
1514540 736
1514550 733
1514560 730
1514570 730
1514580 728
1514590 727
1514600 727
1514610 726
1514620 724
1514630 724
1514640 721
1514650 720
1514660 720
1514670 720
1514680 719
1514690 719
1514700 719
1514710 719
1514720 719
1514730 720
1514740 721
1514750 721
1514760 720
1514770 721
1514780 721
1514790 721
1514800 722
1514810 722
1514820 722
1514830 723
1514840 723
1514850 723
1514860 720
1514870 716
1514880 716
1514890 714
1514900 712
1514910 712
1514920 712
1514930 714
1514940 714
1514950 714
1514960 714
1514970 714
1514980 716
1514990 718
1515000 718
1515010 721
1515020 726
1515030 726
1515040 730
1515050 733
1515060 733
1515070 734
1515080 733
1515090 733
1515100 732
1515110 732
1515120 732
1515130 733
1515140 731
1515150 731
1515160 730
1515170 728
1515180 728
1515190 727
1515200 722
1515210 722
1515220 716
1515230 714
1515240 714
1515250 713
1515260 710
1515270 710
1515280 708
1515290 706
1515300 706
1515310 703
1515320 699
1515330 695
1515340 695
1515350 691
1515360 685
1515370 685
1515380 677
1515390 671
1515400 671
1515410 666
1515420 661
1515430 661
1515440 655
1515450 649
1515460 649
1515470 644
1515480 639
1515490 639
1515500 634
1515510 630
1515520 630
1515530 627
1515540 624
1515550 624
1515560 621
1515570 619
1515580 619
1515590 616
1515600 613
1515610 613
1515620 612
1515630 610
1515640 610
1515650 609
1515660 609
1515670 609
1515680 608
1515690 608
1515700 608
1515710 609
1515720 609
1515730 609
1515740 606
1515750 602
1515760 602
1515770 598
1515780 594
1515790 594
1515800 591
1515810 587
1515820 587
1515830 583
1515840 578
1515850 574
1515860 574
1515870 572
1515880 572
1515890 572
1515900 572
1515910 572
1515920 572
1515930 572
1515940 572
1515950 572
1515960 572
1515970 570
1515980 570
1515990 565
1516000 561
1516010 561
1516020 559
1516030 558
1516040 558
1516050 557
1516060 555
1516070 555
1516080 554
1516090 553
1516100 553
1516110 552
1516120 552
1516130 552
1516140 552
1516150 551
1516160 551
1516170 551
1516180 550
1516190 550
1516200 550
1516210 550
1516220 550
1516230 550
1516240 549
1516250 549
1516260 548
1516270 548
1516280 548
1516290 547
1516300 547
1516310 547
1516320 547
1516330 547
1516340 547
1516350 547
1516360 547
1516370 547
1516380 547
1516390 547
1516400 547
1516410 547
1516420 547
1516430 546
1516440 546
1516450 545
1516460 545
1516470 545
1516480 543
1516490 541
1516500 541
1516510 541
1516520 541
1516530 541
1516540 541
1516550 541
1516560 541
1516570 541
1516580 541
1516590 541
1516600 541
1516610 541
1516620 541
1516630 540
1516640 540
1516650 540
1516660 539
1516670 539
1516680 539
1516690 539
1516700 539
1516710 539
1516720 540
1516730 539
1516740 539
1516750 539
1516760 539
1516770 539
1516780 538
1516790 538
1516800 538
1516810 538
1516820 537
1516830 537
1516840 536
1516850 536
1516860 536
1516870 536
1516880 536
1516890 537
1516900 537
1516910 536
1516920 536
1516930 536
1516940 536
1516950 536
1516960 536
1516970 536
1516980 536
1516990 536
1517000 536
1517010 535
1517020 535
1517030 536
1517040 535
1517050 535
1517060 535
1517070 535
1517080 535
1517090 534
1517100 534
1517110 534
1517120 534
1517130 534
1517140 534
1517150 535
1517160 535
1517170 535
1517180 535
1517190 536
1517200 536
1517210 536
1517220 535
1517230 535
1517240 535
1517250 535
1517260 535
1517270 535
1517280 534
1517290 534
1517300 534
1517310 535
1517320 535
1517330 534
1517340 534
1517350 534
1517360 535
1517370 536
1517380 536
1517390 536
1517400 535
1517410 535
1517420 535
1517430 535
1517440 534
1517450 534
1517460 534
1517470 533
1517480 533
1517490 533
1517500 532
1517510 532
1517520 532
1517530 532
1517540 532
1517550 532
1517560 532
1517570 532
1517580 534
1517590 537
1517600 537
1517610 541
1517620 546
1517630 546
1517640 551
1517650 554
1517660 554
1517670 554
1517680 552
1517690 552
1517700 547
1517710 543
1517720 543
1517730 541
1517740 540
1517750 540
1517760 539
1517770 539
1517780 539
1517790 539
1517800 539
1517810 539
1517820 539
1517830 535
1517840 535
1517850 533
1517860 532
1517870 532
1517880 532
1517890 532
1517900 530
1517910 530
1517920 526
1517930 524
1517940 524
1517950 524
1517960 524
1517970 524
1517980 523
1517990 523
1518000 523
1518010 525
1518020 530
1518030 534
1518040 540
1518050 542
1518060 542
1518070 545
1518080 548
1518090 548
1518100 549
1518110 550
1518120 550
1518130 551
1518140 552
1518150 552
1518160 554
1518170 555
1518180 555
1518190 555
1518200 555
1518210 555
1518220 554
1518230 555
1518240 555
1518250 557
1518260 560
1518270 560
1518280 562
1518290 563
1518300 563
1518310 563
1518320 564
1518330 564
1518340 566
1518350 569
1518360 569
1518370 571
1518380 574
1518390 574
1518400 576
1518410 578
1518420 581
1518430 581
1518440 583
1518450 585
1518460 585
1518470 587
1518480 588
1518490 588
1518500 589
1518510 590
1518520 590
1518530 589
1518540 587
1518550 587
1518560 586
1518570 590
1518580 590
1518590 595
1518600 599
1518610 599
1518620 602
1518630 605
1518640 605
1518650 608
1518660 612
1518670 612
1518680 616
1518690 620
1518700 620
1518710 622
1518720 624
1518730 624
1518740 626
1518750 628
1518760 628
1518770 629
1518780 630
1518790 630
1518800 632
1518810 635
1518820 635
1518830 636
1518840 638
1518850 638
1518860 640
1518870 643
1518880 643
1518890 645
1518900 646
1518910 648
1518920 648
1518930 653
1518940 658
1518950 658
1518960 662
1518970 663
1518980 663
1518990 663
1519000 661
1519010 661
1519020 659
1519030 657
1519040 657
1519050 657
1519060 658
1519070 658
1519080 660
1519090 661
1519100 661
1519110 663
1519120 667
1519130 667
1519140 670
1519150 670
1519160 670
1519170 668
1519180 667
1519190 667
1519200 665
1519210 661
1519220 661
1519230 657
1519240 651
1519250 651
1519260 644
1519270 636
1519280 636
1519290 627
1519300 620
1519310 620
1519320 614
1519330 606
1519340 606
1519350 598
1519360 590
1519370 590
1519380 583
1519390 577
1519400 577
1519410 572
1519420 568
1519430 566
1519440 566
1519450 567
1519460 573
1519470 573
1519480 581
1519490 589
1519500 589
1519510 594
1519520 599
1519530 599
1519540 603
1519550 606
1519560 606
1519570 609
1519580 615
1519590 615
1519600 620
1519610 624
1519620 624
1519630 627
1519640 631
1519650 631
1519660 632
1519670 633
1519680 633
1519690 635
1519700 638
1519710 638
1519720 643
1519730 649
1519740 649
1519750 654
1519760 659
1519770 659
1519780 663
1519790 662
1519800 662
1519810 659
1519820 658
1519830 658
1519840 655
1519850 652
1519860 652
1519870 651
1519880 654
1519890 654
1519900 660
1519910 666
1519920 666
1519930 673
1519940 679
1519950 683
1519960 683
1519970 687
1519980 691
1519990 691
