1500000 600
1500010 600
1500020 600
1500030 599
1500040 594
1500050 594
1500060 592
1500070 592
1500080 592
1500090 592
1500100 592
1500110 592
1500120 591
1500130 589
1500140 589
1500150 587
1500160 586
1500170 586
1500180 584
1500190 582
1500200 582
1500210 580
1500220 578
1500230 576
1500240 576
1500250 575
1500260 575
1500270 575
1500280 574
1500290 573
1500300 573
1500310 572
1500320 571
1500330 571
1500340 570
1500350 570
1500360 570
1500370 569
1500380 570
1500390 570
1500400 571
1500410 570
1500420 570
1500430 569
1500440 567
1500450 567
1500460 565
1500470 563
1500480 563
1500490 560
1500500 557
1500510 557
1500520 555
1500530 554
1500540 554
1500550 552
1500560 552
1500570 552
1500580 551
1500590 551
1500600 551
1500610 550
1500620 548
1500630 548
1500640 544
1500650 540
1500660 540
1500670 535
1500680 531
1500690 531
1500700 528
1500710 524
1500720 524
1500730 521
1500740 518
1500750 514
1500760 514
1500770 510
1500780 507
1500790 507
1500800 504
1500810 502
1500820 501
1500830 500
1500840 498
1500850 498
1500860 497
1500870 496
1500880 496
1500890 495
1500900 492
1500910 492
1500920 484
1500930 479
1500940 479
1500950 478
1500960 476
1500970 476
1500980 472
1500990 471
1501000 471
1501010 470
1501020 469
1501030 469
1501040 468
1501050 468
1501060 468
1501070 468
1501080 468
1501090 468
1501100 468
1501110 468
1501120 468
1501130 468
1501140 468
1501150 468
1501160 468
1501170 468
1501180 468
1501190 468
1501200 468
1501210 468
1501220 468
1501230 468
1501240 468
1501250 468
1501260 468
1501270 468
1501280 468
1501290 468
1501300 468
1501310 468
1501320 468
1501330 468
1501340 468
1501350 468
1501360 468
1501370 468
1501380 468
1501390 468
1501400 468
1501410 468
1501420 468
1501430 468
1501440 468
1501450 468
1501460 468
1501470 468
1501480 468
1501490 468
1501500 468
1501510 468
1501520 468
1501530 468
1501540 468
1501550 468
1501560 468
1501570 468
1501580 468
1501590 468
1501600 468
1501610 468
1501620 468
1501630 468
1501640 468
1501650 468
1501660 468
1501670 468
1501680 468
1501690 468
1501700 468
1501710 468
1501720 468
1501730 468
1501740 468
1501750 468
1501760 468
1501770 468
1501780 468
1501790 468
1501800 468
1501810 468
1501820 468
1501830 468
1501840 468
1501850 468
1501860 468
1501870 468
1501880 468
1501890 468
1501900 468
1501910 468
1501920 468
1501930 468
1501940 468
1501950 468
1501960 468
1501970 468
1501980 468
1501990 468
1502000 468
1502010 468
1502020 468
1502030 468
1502040 468
1502050 468
1502060 468
1502070 468
1502080 468
1502090 468
1502100 468
1502110 468
1502120 468
1502130 468
1502140 468
1502150 468
1502160 468
1502170 468
1502180 468
1502190 468
1502200 468
1502210 468
1502220 468
1502230 468
1502240 468
1502250 468
1502260 468
1502270 468
1502280 468
1502290 468
1502300 468
1502310 468
1502320 468
1502330 468
1502340 468
1502350 468
1502360 468
1502370 468
1502380 468
1502390 468
1502400 468
1502410 468
1502420 468
1502430 468
1502440 468
1502450 468
1502460 468
1502470 468
1502480 468
1502490 468
1502500 468
1502510 468
1502520 468
1502530 468
1502540 468
1502550 468
1502560 468
1502570 468
1502580 468
1502590 468
1502600 468
1502610 468
1502620 468
1502630 468
1502640 468
1502650 468
1502660 468
1502670 468
1502680 468
1502690 468
1502700 468
1502710 468
1502720 468
1502730 468
1502740 468
1502750 468
1502760 468
1502770 468
1502780 468
1502790 468
1502800 468
1502810 468
1502820 468
1502830 468
1502840 468
1502850 468
1502860 468
1502870 468
1502880 468
1502890 468
1502900 468
1502910 468
1502920 468
1502930 468
1502940 468
1502950 468
1502960 468
1502970 468
1502980 468
1502990 468
1503000 468
1503010 468
1503020 468
1503030 468
1503040 468
1503050 468
1503060 468
1503070 468
1503080 468
1503090 468
1503100 468
1503110 468
1503120 468
1503130 468
1503140 468
1503150 468
1503160 468
1503170 468
1503180 468
1503190 468
1503200 468
1503210 468
1503220 468
1503230 468
1503240 468
1503250 468
1503260 468
1503270 468
1503280 468
1503290 468
1503300 468
1503310 468
1503320 468
1503330 468
1503340 468
1503350 468
1503360 468
1503370 468
1503380 468
1503390 468
1503400 468
1503410 468
1503420 468
1503430 468
1503440 468
1503450 468
1503460 468
1503470 468
1503480 468
1503490 468
1503500 468
1503510 468
1503520 468
1503530 468
1503540 468
1503550 468
1503560 468
1503570 468
1503580 468
1503590 468
1503600 468
1503610 468
1503620 468
1503630 468
1503640 468
1503650 468
1503660 468
1503670 468
1503680 468
1503690 468
1503700 468
1503710 468
1503720 468
1503730 468
1503740 468
1503750 468
1503760 468
1503770 468
1503780 468
1503790 468
1503800 468
1503810 468
1503820 468
1503830 468
1503840 468
1503850 468
1503860 468
1503870 468
1503880 468
1503890 468
1503900 468
1503910 468
1503920 468
1503930 468
1503940 468
1503950 468
1503960 468
1503970 468
1503980 468
1503990 468
1504000 468
1504010 468
1504020 468
1504030 468
1504040 468
1504050 468
1504060 468
1504070 468
1504080 469
1504090 469
1504100 469
1504110 469
1504120 469
1504130 469
1504140 469
1504150 469
1504160 469
1504170 469
1504180 469
1504190 468
1504200 468
1504210 468
1504220 468
1504230 468
1504240 468
1504250 468
1504260 468
1504270 468
1504280 468
1504290 468
1504300 468
1504310 468
1504320 468
1504330 468
1504340 468
1504350 468
1504360 468
1504370 468
1504380 468
1504390 468
1504400 468
1504410 468
1504420 468
1504430 468
1504440 468
1504450 468
1504460 468
1504470 468
1504480 468
1504490 468
1504500 468
1504510 468
1504520 468
1504530 468
1504540 468
1504550 468
1504560 468
1504570 468
1504580 468
1504590 468
1504600 468
1504610 468
1504620 468
1504630 468
1504640 468
1504650 468
1504660 468
1504670 468
1504680 468
1504690 468
1504700 468
1504710 468
1504720 468
1504730 468
1504740 468
1504750 468
1504760 468
1504770 468
1504780 468
1504790 468
1504800 468
1504810 469
1504820 469
1504830 469
1504840 469
1504850 469
1504860 469
1504870 469
1504880 469
1504890 469
1504900 469
1504910 469
1504920 469
1504930 469
1504940 469
1504950 469
1504960 469
1504970 469
1504980 469
1504990 469
1505000 469
1505010 469
1505020 469
1505030 469
1505040 470
1505050 470
1505060 470
1505070 471
1505080 473
1505090 473
1505100 476
1505110 478
1505120 478
1505130 479
1505140 481
1505150 482
1505160 482
1505170 482
1505180 483
1505190 483
1505200 482
1505210 482
1505220 482
1505230 482
1505240 481
1505250 481
1505260 481
1505270 481
1505280 481
1505290 481
1505300 481
1505310 481
1505320 481
1505330 480
1505340 480
1505350 480
1505360 479
1505370 479
1505380 479
1505390 478
1505400 478
1505410 478
1505420 477
1505430 477
1505440 476
1505450 475
1505460 475
1505470 474
1505480 474
1505490 474
1505500 474
1505510 475
1505520 475
1505530 475
1505540 476
1505550 476
1505560 476
1505570 477
1505580 477
1505590 476
1505600 476
1505610 476
1505620 476
1505630 475
1505640 475
1505650 475
1505660 474
1505670 474
1505680 474
1505690 473
1505700 473
1505710 473
1505720 472
1505730 471
1505740 471
1505750 470
1505760 470
1505770 470
1505780 470
1505790 470
1505800 470
1505810 471
1505820 470
1505830 470
1505840 471
1505850 471
1505860 471
1505870 471
1505880 471
1505890 471
1505900 472
1505910 472
1505920 472
1505930 472
1505940 472
1505950 472
1505960 472
1505970 472
1505980 472
1505990 472
1506000 472
1506010 472
1506020 471
1506030 469
1506040 469
1506050 468
1506060 468
1506070 468
1506080 468
1506090 469
1506100 469
1506110 469
1506120 469
1506130 469
1506140 469
1506150 470
1506160 470
1506170 470
1506180 470
1506190 470
1506200 469
1506210 469
1506220 469
1506230 469
1506240 469
1506250 470
1506260 470
1506270 470
1506280 471
1506290 471
1506300 471
1506310 471
1506320 471
1506330 470
1506340 470
1506350 470
1506360 470
1506370 470
1506380 470
1506390 470
1506400 470
1506410 470
1506420 470
1506430 470
1506440 470
1506450 470
1506460 470
1506470 470
1506480 470
1506490 471
1506500 471
1506510 471
1506520 471
1506530 471
1506540 471
1506550 471
1506560 471
1506570 471
1506580 471
1506590 471
1506600 471
1506610 471
1506620 471
1506630 471
1506640 471
1506650 471
1506660 471
1506670 471
1506680 471
1506690 472
1506700 472
1506710 472
1506720 472
1506730 472
1506740 472
1506750 472
1506760 472
1506770 472
1506780 472
1506790 472
1506800 472
1506810 472
1506820 472
1506830 472
1506840 472
1506850 472
1506860 472
1506870 472
1506880 472
1506890 472
1506900 472
1506910 472
1506920 472
1506930 472
1506940 472
1506950 472
1506960 472
1506970 472
1506980 472
1506990 472
1507000 472
1507010 472
1507020 472
1507030 472
1507040 472
1507050 472
1507060 472
1507070 472
1507080 472
1507090 472
1507100 472
1507110 472
1507120 472
1507130 472
1507140 472
1507150 473
1507160 474
1507170 474
1507180 473
1507190 474
1507200 474
1507210 476
1507220 477
1507230 477
1507240 479
1507250 482
1507260 482
1507270 485
1507280 488
1507290 488
1507300 493
1507310 499
1507320 507
1507330 507
1507340 513
1507350 519
1507360 519
1507370 524
1507380 529
1507390 529
1507400 534
1507410 539
1507420 539
1507430 545
1507440 546
1507450 546
1507460 552
1507470 558
1507480 558
1507490 564
1507500 570
1507510 570
1507520 576
1507530 582
1507540 582
1507550 588
1507560 596
1507570 596
1507580 610
1507590 628
1507600 628
1507610 648
1507620 667
1507630 667
1507640 681
1507650 690
1507660 690
1507670 697
1507680 706
1507690 706
1507700 716
1507710 726
1507720 726
1507730 734
1507740 744
1507750 744
1507760 755
1507770 768
1507780 768
1507790 778
1507800 786
1507810 786
1507820 794
1507830 801
1507840 801
1507850 808
1507860 814
1507870 820
1507880 820
1507890 827
1507900 833
1507910 833
1507920 838
1507930 842
1507940 842
1507950 846
1507960 849
1507970 849
1507980 852
1507990 854
1508000 854
1508010 856
1508020 856
1508030 856
1508040 854
1508050 852
1508060 852
1508070 848
1508080 842
1508090 842
1508100 836
1508110 829
1508120 829
1508130 822
1508140 815
1508150 815
1508160 808
1508170 803
1508180 803
1508190 799
1508200 796
1508210 796
1508220 793
1508230 793
1508240 793
1508250 796
1508260 798
1508270 798
1508280 797
1508290 792
1508300 792
1508310 787
1508320 784
1508330 784
1508340 784
1508350 784
1508360 784
1508370 785
1508380 786
1508390 786
1508400 788
1508410 790
1508420 790
1508430 790
1508440 790
1508450 791
1508460 791
1508470 793
1508480 794
1508490 794
1508500 794
1508510 795
1508520 795
1508530 798
1508540 803
1508550 803
1508560 809
1508570 815
1508580 815
1508590 823
1508600 829
1508610 829
1508620 832
1508630 832
1508640 832
1508650 830
1508660 824
1508670 824
1508680 816
1508690 805
1508700 805
1508710 794
1508720 786
1508730 786
1508740 781
1508750 776
1508760 776
1508770 771
1508780 768
1508790 768
1508800 766
1508810 764
1508820 764
1508830 759
1508840 753
1508850 753
1508860 753
1508870 754
1508880 754
1508890 755
1508900 755
1508910 755
1508920 758
1508930 759
1508940 759
1508950 758
1508960 758
1508970 757
1508980 757
1508990 756
1509000 756
1509010 756
1509020 754
1509030 749
1509040 749
1509050 747
1509060 747
1509070 747
1509080 748
1509090 749
1509100 749
1509110 751
1509120 754
1509130 754
1509140 756
1509150 752
1509160 752
1509170 747
1509180 744
1509190 744
1509200 743
1509210 737
1509220 737
1509230 727
1509240 715
1509250 715
1509260 702
1509270 692
1509280 692
1509290 684
1509300 682
1509310 682
1509320 685
1509330 690
1509340 690
1509350 696
1509360 702
1509370 702
1509380 708
1509390 713
1509400 713
1509410 716
1509420 717
1509430 717
1509440 715
1509450 712
1509460 712
1509470 712
1509480 713
1509490 716
1509500 716
1509510 718
1509520 721
1509530 721
1509540 723
1509550 725
1509560 725
1509570 728
1509580 730
1509590 730
1509600 731
1509610 732
1509620 732
1509630 734
1509640 736
1509650 736
1509660 738
1509670 736
1509680 736
1509690 733
1509700 730
1509710 730
1509720 728
1509730 725
1509740 725
1509750 719
1509760 714
1509770 714
1509780 710
1509790 708
1509800 708
1509810 706
1509820 705
1509830 705
1509840 703
1509850 696
1509860 696
1509870 689
1509880 683
1509890 683
1509900 678
1509910 674
1509920 674
1509930 670
1509940 666
1509950 666
1509960 660
1509970 655
1509980 655
1509990 653
1510000 652
1510010 652
1510020 651
1510030 650
1510040 651
1510050 651
1510060 652
1510070 652
1510080 652
1510090 653
1510100 653
1510110 653
1510120 651
1510130 650
1510140 650
1510150 650
1510160 651
1510170 651
1510180 652
1510190 654
1510200 654
1510210 656
1510220 661
1510230 661
1510240 663
1510250 663
1510260 663
1510270 666
1510280 668
1510290 668
1510300 669
1510310 668
1510320 668
1510330 668
1510340 668
1510350 668
1510360 670
1510370 668
1510380 668
1510390 662
1510400 657
1510410 657
1510420 651
1510430 647
1510440 647
1510450 644
1510460 642
1510470 642
1510480 637
1510490 630
1510500 630
1510510 622
1510520 617
1510530 617
1510540 618
1510550 620
1510560 620
1510570 620
1510580 619
1510590 619
1510600 619
1510610 619
1510620 620
1510630 620
1510640 621
1510650 622
1510660 622
1510670 622
1510680 621
1510690 621
1510700 619
1510710 616
1510720 616
1510730 615
1510740 614
1510750 614
1510760 613
1510770 614
1510780 614
1510790 620
1510800 626
1510810 626
1510820 632
1510830 639
1510840 639
1510850 647
1510860 655
1510870 655
1510880 662
1510890 667
1510900 667
1510910 671
1510920 676
1510930 676
1510940 682
1510950 687
1510960 687
1510970 691
1510980 696
1510990 696
1511000 700
1511010 706
1511020 706
1511030 711
1511040 715
1511050 715
1511060 720
1511070 724
1511080 724
1511090 728
1511100 732
1511110 732
1511120 736
1511130 737
1511140 737
1511150 737
1511160 733
1511170 726
1511180 726
1511190 721
1511200 718
1511210 718
1511220 716
1511230 714
1511240 714
1511250 712
1511260 711
1511270 711
1511280 711
1511290 710
1511300 710
1511310 709
1511320 707
1511330 707
1511340 705
1511350 703
1511360 703
1511370 698
1511380 690
1511390 690
1511400 683
1511410 677
1511420 677
1511430 670
1511440 663
1511450 663
1511460 656
1511470 647
1511480 647
1511490 639
1511500 637
1511510 637
1511520 640
1511530 641
1511540 641
1511550 643
1511560 646
1511570 646
1511580 648
1511590 649
1511600 649
1511610 646
1511620 643
1511630 643
1511640 644
1511650 648
1511660 648
1511670 652
1511680 656
1511690 662
1511700 662
1511710 669
1511720 676
1511730 676
1511740 683
1511750 690
1511760 690
1511770 697
1511780 703
1511790 703
1511800 708
1511810 713
1511820 713
1511830 718
1511840 723
1511850 723
1511860 728
1511870 732
1511880 732
1511890 736
1511900 737
1511910 737
1511920 738
1511930 740
1511940 740
1511950 744
1511960 748
1511970 748
1511980 752
1511990 754
1512000 754
1512010 755
1512020 755
1512030 755
1512040 756
1512050 758
1512060 758
1512070 762
1512080 766
1512090 766
1512100 768
1512110 770
1512120 770
1512130 773
1512140 776
1512150 776
1512160 779
1512170 781
1512180 781
1512190 782
1512200 783
1512210 783
1512220 782
1512230 781
1512240 778
1512250 778
1512260 772
1512270 766
1512280 766
1512290 761
1512300 757
1512310 757
1512320 758
1512330 763
1512340 763
1512350 772
1512360 780
1512370 780
1512380 786
1512390 788
1512400 788
1512410 787
1512420 784
1512430 784
1512440 778
1512450 773
1512460 773
1512470 769
1512480 764
1512490 764
1512500 760
1512510 755
1512520 755
1512530 750
1512540 746
1512550 746
1512560 739
1512570 730
1512580 730
1512590 719
1512600 709
1512610 709
1512620 701
1512630 696
1512640 696
1512650 693
1512660 690
1512670 690
1512680 688
1512690 687
1512700 687
1512710 688
1512720 688
1512730 688
1512740 688
1512750 687
1512760 686
1512770 686
1512780 683
1512790 677
1512800 677
1512810 672
1512820 671
1512830 671
1512840 673
1512850 675
1512860 675
1512870 677
1512880 678
1512890 678
1512900 677
1512910 676
1512920 676
1512930 675
1512940 674
1512950 674
1512960 673
1512970 674
1512980 674
1512990 675
1513000 674
1513010 674
1513020 672
1513030 670
1513040 670
1513050 668
1513060 666
1513070 666
1513080 665
1513090 665
1513100 665
1513110 665
1513120 665
1513130 665
1513140 666
1513150 667
1513160 667
1513170 668
1513180 670
1513190 670
1513200 670
1513210 670
1513220 670
1513230 672
1513240 671
1513250 671
1513260 668
1513270 663
1513280 663
1513290 658
1513300 653
1513310 649
1513320 649
1513330 646
1513340 644
1513350 644
1513360 642
1513370 640
1513380 640
1513390 637
1513400 634
1513410 634
1513420 630
1513430 627
1513440 627
1513450 624
1513460 621
1513470 621
1513480 621
1513490 623
1513500 623
1513510 627
1513520 630
1513530 630
1513540 633
1513550 635
1513560 635
1513570 636
1513580 637
1513590 637
1513600 639
1513610 642
1513620 642
1513630 644
1513640 646
1513650 646
1513660 649
1513670 652
1513680 652
1513690 654
1513700 656
1513710 656
1513720 660
1513730 663
1513740 663
1513750 667
1513760 672
1513770 672
1513780 674
1513790 677
1513800 677
1513810 681
1513820 685
1513830 685
1513840 690
1513850 695
1513860 701
1513870 701
1513880 706
1513890 712
1513900 712
1513910 716
1513920 720
1513930 720
1513940 722
1513950 722
1513960 722
1513970 723
1513980 724
1513990 724
1514000 727
1514010 729
1514020 729
1514030 731
1514040 733
1514050 733
1514060 734
1514070 735
1514080 735
1514090 735
1514100 736
1514110 736
1514120 738
1514130 738
1514140 738
1514150 737
1514160 734
1514170 734
1514180 730
1514190 725
1514200 725
1514210 719
1514220 712
1514230 712
1514240 705
1514250 692
1514260 692
1514270 682
1514280 675
1514290 675
1514300 670
1514310 665
1514320 665
1514330 659
1514340 653
1514350 653
1514360 649
1514370 645
1514380 645
1514390 641
1514400 638
1514410 636
1514420 636
1514430 633
1514440 631
1514450 631
1514460 629
1514470 625
1514480 625
1514490 620
1514500 616
1514510 616
1514520 615
1514530 614
1514540 614
1514550 613
1514560 612
1514570 612
1514580 611
1514590 609
1514600 609
1514610 608
1514620 607
1514630 607
1514640 606
1514650 605
1514660 605
1514670 606
1514680 607
1514690 607
1514700 609
1514710 614
1514720 614
1514730 617
1514740 620
1514750 620
1514760 624
1514770 628
1514780 628
1514790 633
1514800 640
1514810 640
1514820 644
1514830 647
1514840 647
1514850 650
1514860 652
1514870 652
1514880 653
1514890 654
1514900 654
1514910 656
1514920 660
1514930 660
1514940 663
1514950 667
1514960 670
1514970 670
1514980 674
1514990 678
1515000 678
1515010 680
1515020 676
1515030 676
1515040 672
1515050 678
1515060 678
1515070 684
1515080 687
1515090 687
1515100 690
1515110 692
1515120 692
1515130 694
1515140 697
1515150 697
1515160 702
1515170 707
1515180 707
1515190 719
1515200 728
1515210 728
1515220 731
1515230 733
1515240 733
1515250 734
1515260 736
1515270 736
1515280 738
1515290 741
1515300 741
1515310 744
1515320 746
1515330 746
1515340 748
1515350 749
1515360 749
1515370 750
1515380 751
1515390 751
1515400 752
1515410 753
1515420 753
1515430 754
1515440 754
1515450 754
1515460 755
1515470 755
1515480 755
1515490 753
1515500 751
1515510 753
1515520 753
1515530 756
1515540 759
1515550 759
1515560 763
1515570 768
1515580 768
1515590 773
1515600 780
1515610 780
1515620 786
1515630 794
1515640 794
1515650 801
1515660 808
1515670 808
1515680 815
1515690 820
1515700 820
1515710 823
1515720 826
1515730 826
1515740 829
1515750 832
1515760 832
1515770 834
1515780 834
1515790 834
1515800 835
1515810 838
1515820 838
1515830 840
1515840 842
1515850 842
1515860 843
1515870 847
1515880 847
1515890 851
1515900 854
1515910 854
1515920 856
1515930 857
1515940 857
1515950 859
1515960 863
1515970 863
1515980 868
1515990 873
1516000 873
1516010 878
1516020 881
1516030 884
1516040 884
1516050 888
1516060 893
1516070 893
1516080 897
1516090 901
1516100 901
1516110 905
1516120 911
1516130 911
1516140 919
1516150 930
1516160 930
1516170 942
1516180 950
1516190 950
1516200 956
1516210 960
1516220 960
1516230 965
1516240 972
1516250 972
1516260 978
1516270 984
1516280 984
1516290 990
1516300 996
1516310 996
1516320 1002
1516330 1008
1516340 1008
1516350 1015
1516360 1022
1516370 1022
1516380 1028
1516390 1035
1516400 1035
1516410 1042
1516420 1049
1516430 1049
1516440 1056
1516450 1063
1516460 1063
1516470 1071
1516480 1078
1516490 1078
1516500 1086
1516510 1095
1516520 1095
1516530 1103
1516540 1111
1516550 1111
1516560 1120
1516570 1127
1516580 1133
1516590 1133
1516600 1140
1516610 1144
1516620 1144
1516630 1149
1516640 1153
1516650 1153
1516660 1156
1516670 1158
1516680 1158
1516690 1161
1516700 1163
1516710 1163
1516720 1166
1516730 1169
1516740 1169
1516750 1171
1516760 1172
1516770 1172
1516780 1181
1516790 1182
1516800 1182
1516810 1183
1516820 1184
1516830 1184
1516840 1185
1516850 1185
1516860 1185
1516870 1187
1516880 1189
1516890 1189
1516900 1191
1516910 1194
1516920 1194
1516930 1196
1516940 1198
1516950 1198
1516960 1200
1516970 1201
1516980 1201
1516990 1203
1517000 1206
1517010 1206
1517020 1210
1517030 1214
1517040 1214
1517050 1216
1517060 1219
1517070 1219
1517080 1223
1517090 1226
1517100 1226
1517110 1231
1517120 1234
1517130 1236
1517140 1236
1517150 1238
1517160 1239
1517170 1239
1517180 1239
1517190 1238
1517200 1238
1517210 1238
1517220 1239
1517230 1239
1517240 1241
1517250 1243
1517260 1243
1517270 1245
1517280 1246
1517290 1246
1517300 1248
1517310 1249
1517320 1249
1517330 1251
1517340 1253
1517350 1253
1517360 1254
1517370 1253
1517380 1253
1517390 1250
1517400 1243
1517410 1243
1517420 1238
1517430 1227
1517440 1227
1517450 1210
1517460 1198
1517470 1198
1517480 1190
1517490 1182
1517500 1182
1517510 1173
1517520 1165
1517530 1165
1517540 1155
1517550 1146
1517560 1146
1517570 1140
1517580 1134
1517590 1134
1517600 1128
1517610 1122
1517620 1122
1517630 1118
1517640 1114
1517650 1114
1517660 1110
1517670 1107
1517680 1104
1517690 1104
1517700 1102
1517710 1102
1517720 1102
1517730 1103
1517740 1105
1517750 1105
1517760 1106
1517770 1108
1517780 1108
1517790 1110
1517800 1112
1517810 1112
1517820 1114
1517830 1116
1517840 1116
1517850 1120
1517860 1124
1517870 1124
1517880 1130
1517890 1136
1517900 1136
1517910 1146
1517920 1161
1517930 1161
1517940 1176
1517950 1187
1517960 1187
1517970 1194
1517980 1201
1517990 1201
1518000 1209
1518010 1216
1518020 1216
1518030 1223
1518040 1230
1518050 1230
1518060 1237
1518070 1244
1518080 1244
1518090 1251
1518100 1258
1518110 1258
1518120 1265
1518130 1273
1518140 1273
1518150 1282
1518160 1292
1518170 1292
1518180 1299
1518190 1304
1518200 1304
1518210 1312
1518220 1321
1518230 1341
1518240 1341
1518250 1355
1518260 1361
1518270 1361
1518280 1365
1518290 1368
1518300 1368
1518310 1371
1518320 1374
1518330 1374
1518340 1378
1518350 1381
1518360 1381
1518370 1385
1518380 1387
1518390 1387
1518400 1391
1518410 1395
1518420 1395
1518430 1399
1518440 1404
1518450 1404
1518460 1407
1518470 1410
1518480 1410
1518490 1412
1518500 1413
1518510 1413
1518520 1412
1518530 1410
1518540 1410
1518550 1408
1518560 1406
1518570 1406
1518580 1404
1518590 1402
1518600 1402
1518610 1401
1518620 1400
1518630 1400
1518640 1399
1518650 1399
1518660 1399
1518670 1400
1518680 1400
1518690 1400
1518700 1401
1518710 1402
1518720 1402
1518730 1403
1518740 1405
1518750 1405
1518760 1409
1518770 1412
1518780 1413
1518790 1413
1518800 1410
1518810 1401
1518820 1401
1518830 1386
1518840 1374
1518850 1374
1518860 1370
1518870 1362
1518880 1362
1518890 1353
1518900 1341
1518910 1341
1518920 1328
1518930 1317
1518940 1317
1518950 1312
1518960 1309
1518970 1309
1518980 1308
1518990 1306
1519000 1306
1519010 1305
1519020 1304
1519030 1304
1519040 1304
1519050 1305
1519060 1305
1519070 1306
1519080 1304
1519090 1304
1519100 1303
1519110 1302
1519120 1302
1519130 1301
1519140 1301
1519150 1301
1519160 1301
1519170 1303
1519180 1303
1519190 1304
1519200 1304
1519210 1304
1519220 1305
1519230 1306
1519240 1306
1519250 1308
1519260 1312
1519270 1312
1519280 1316
1519290 1321
1519300 1327
1519310 1327
1519320 1333
1519330 1340
1519340 1340
1519350 1346
1519360 1353
1519370 1353
1519380 1359
1519390 1378
1519400 1378
1519410 1391
1519420 1398
1519430 1398
1519440 1405
1519450 1420
1519460 1420
1519470 1433
1519480 1438
1519490 1438
1519500 1423
1519510 1410
1519520 1410
1519530 1398
1519540 1372
1519550 1372
1519560 1359
1519570 1352
1519580 1352
1519590 1346
1519600 1339
1519610 1339
1519620 1335
1519630 1332
1519640 1332
1519650 1333
1519660 1334
1519670 1334
1519680 1336
1519690 1338
1519700 1338
1519710 1339
1519720 1340
1519730 1340
1519740 1341
1519750 1342
1519760 1342
1519770 1347
1519780 1353
1519790 1353
1519800 1359
1519810 1364
1519820 1364
1519830 1367
1519840 1370
1519850 1376
1519860 1376
1519870 1386
1519880 1395
1519890 1395
1519900 1399
1519910 1396
1519920 1396
1519930 1394
1519940 1396
1519950 1396
1519960 1398
1519970 1401
1519980 1401
1519990 1406
