1500000 510
1500010 511
1500020 511
1500030 512
1500040 514
1500050 514
1500060 515
1500070 515
1500080 515
1500090 515
1500100 516
1500110 516
1500120 517
1500130 518
1500140 518
1500150 519
1500160 520
1500170 520
1500180 522
1500190 524
1500200 524
1500210 525
1500220 526
1500230 526
1500240 526
1500250 526
1500260 526
1500270 526
1500280 526
1500290 526
1500300 525
1500310 525
1500320 525
1500330 524
1500340 523
1500350 523
1500360 523
1500370 522
1500380 522
1500390 521
1500400 519
1500410 519
1500420 517
1500430 517
1500440 517
1500450 519
1500460 518
1500470 518
1500480 518
1500490 518
1500500 517
1500510 517
1500520 517
1500530 517
1500540 517
1500550 517
1500560 518
1500570 518
1500580 518
1500590 518
1500600 518
1500610 518
1500620 519
1500630 519
1500640 520
1500650 520
1500660 520
1500670 521
1500680 521
1500690 521
1500700 521
1500710 521
1500720 521
1500730 518
1500740 515
1500750 515
1500760 513
1500770 510
1500780 510
1500790 506
1500800 502
1500810 502
1500820 502
1500830 506
1500840 506
1500850 507
1500860 507
1500870 507
1500880 507
1500890 507
1500900 507
1500910 507
1500920 507
1500930 507
1500940 507
1500950 507
1500960 507
1500970 505
1500980 500
1500990 500
1501000 496
1501010 495
1501020 495
1501030 498
1501040 500
1501050 501
1501060 501
1501070 501
1501080 502
1501090 502
1501100 501
1501110 499
1501120 499
1501130 498
1501140 498
1501150 498
1501160 499
1501170 500
1501180 500
1501190 500
1501200 500
1501210 500
1501220 500
1501230 499
1501240 499
1501250 498
1501260 497
1501270 497
1501280 495
1501290 492
1501300 492
1501310 489
1501320 487
1501330 487
1501340 486
1501350 484
1501360 484
1501370 483
1501380 483
1501390 483
1501400 482
1501410 481
1501420 481
1501430 481
1501440 481
1501450 481
1501460 480
1501470 480
1501480 480
1501490 478
1501500 478
1501510 478
1501520 477
1501530 477
1501540 477
1501550 476
1501560 476
1501570 476
1501580 475
1501590 475
1501600 475
1501610 475
1501620 475
1501630 475
1501640 475
1501650 475
1501660 474
1501670 474
1501680 473
1501690 471
1501700 471
1501710 470
1501720 470
1501730 470
1501740 470
1501750 470
1501760 470
1501770 469
1501780 469
1501790 469
1501800 469
1501810 469
1501820 469
1501830 469
1501840 469
1501850 469
1501860 468
1501870 468
1501880 468
1501890 468
1501900 468
1501910 468
1501920 468
1501930 468
1501940 468
1501950 468
1501960 468
1501970 468
1501980 468
1501990 468
1502000 468
1502010 468
1502020 468
1502030 468
1502040 468
1502050 468
1502060 468
1502070 468
1502080 468
1502090 468
1502100 468
1502110 468
1502120 468
1502130 468
1502140 468
1502150 468
1502160 468
1502170 468
1502180 468
1502190 468
1502200 468
1502210 468
1502220 468
1502230 468
1502240 468
1502250 468
1502260 468
1502270 468
1502280 468
1502290 468
1502300 468
1502310 468
1502320 468
1502330 468
1502340 468
1502350 468
1502360 468
1502370 468
1502380 468
1502390 468
1502400 468
1502410 468
1502420 468
1502430 468
1502440 468
1502450 468
1502460 468
1502470 468
1502480 468
1502490 468
1502500 468
1502510 468
1502520 468
1502530 468
1502540 468
1502550 468
1502560 468
1502570 468
1502580 468
1502590 468
1502600 468
1502610 468
1502620 468
1502630 468
1502640 468
1502650 468
1502660 468
1502670 468
1502680 468
1502690 468
1502700 468
1502710 468
1502720 468
1502730 468
1502740 468
1502750 468
1502760 468
1502770 468
1502780 468
1502790 468
1502800 468
1502810 468
1502820 468
1502830 468
1502840 468
1502850 468
1502860 468
1502870 468
1502880 468
1502890 468
1502900 468
1502910 468
1502920 468
1502930 468
1502940 468
1502950 468
1502960 468
1502970 468
1502980 468
1502990 468
1503000 468
1503010 468
1503020 468
1503030 468
1503040 468
1503050 468
1503060 468
1503070 468
1503080 468
1503090 468
1503100 468
1503110 468
1503120 468
1503130 468
1503140 468
1503150 468
1503160 468
1503170 468
1503180 468
1503190 468
1503200 468
1503210 468
1503220 468
1503230 468
1503240 468
1503250 468
1503260 468
1503270 468
1503280 468
1503290 468
1503300 468
1503310 468
1503320 468
1503330 468
1503340 468
1503350 468
1503360 468
1503370 468
1503380 468
1503390 468
1503400 468
1503410 468
1503420 468
1503430 468
1503440 468
1503450 468
1503460 468
1503470 468
1503480 468
1503490 468
1503500 468
1503510 468
1503520 468
1503530 468
1503540 468
1503550 468
1503560 468
1503570 468
1503580 468
1503590 468
1503600 468
1503610 468
1503620 468
1503630 468
1503640 468
1503650 468
1503660 468
1503670 468
1503680 468
1503690 468
1503700 468
1503710 468
1503720 468
1503730 468
1503740 468
1503750 468
1503760 468
1503770 468
1503780 468
1503790 468
1503800 468
1503810 468
1503820 468
1503830 468
1503840 468
1503850 468
1503860 468
1503870 468
1503880 468
1503890 468
1503900 468
1503910 468
1503920 468
1503930 468
1503940 468
1503950 468
1503960 468
1503970 468
1503980 468
1503990 468
1504000 468
1504010 468
1504020 468
1504030 468
1504040 468
1504050 468
1504060 468
1504070 468
1504080 468
1504090 468
1504100 468
1504110 468
1504120 468
1504130 468
1504140 468
1504150 468
1504160 468
1504170 468
1504180 468
1504190 468
1504200 468
1504210 468
1504220 468
1504230 468
1504240 468
1504250 468
1504260 468
1504270 468
1504280 468
1504290 468
1504300 468
1504310 468
1504320 468
1504330 468
1504340 468
1504350 468
1504360 468
1504370 468
1504380 468
1504390 468
1504400 468
1504410 468
1504420 468
1504430 468
1504440 468
1504450 468
1504460 468
1504470 468
1504480 468
1504490 468
1504500 468
1504510 468
1504520 468
1504530 468
1504540 468
1504550 468
1504560 468
1504570 468
1504580 468
1504590 468
1504600 468
1504610 468
1504620 468
1504630 468
1504640 468
1504650 468
1504660 468
1504670 468
1504680 468
1504690 468
1504700 468
1504710 468
1504720 468
1504730 468
1504740 468
1504750 468
1504760 468
1504770 468
1504780 468
1504790 468
1504800 468
1504810 468
1504820 468
1504830 468
1504840 468
1504850 468
1504860 468
1504870 468
1504880 468
1504890 468
1504900 468
1504910 468
1504920 468
1504930 468
1504940 468
1504950 468
1504960 468
1504970 468
1504980 468
1504990 468
1505000 468
1505010 468
1505020 468
1505030 468
1505040 468
1505050 468
1505060 468
1505070 468
1505080 468
1505090 468
1505100 468
1505110 468
1505120 468
1505130 468
1505140 468
1505150 468
1505160 468
1505170 468
1505180 468
1505190 468
1505200 468
1505210 468
1505220 468
1505230 468
1505240 468
1505250 468
1505260 468
1505270 468
1505280 468
1505290 468
1505300 468
1505310 468
1505320 468
1505330 468
1505340 468
1505350 468
1505360 468
1505370 468
1505380 468
1505390 468
1505400 468
1505410 468
1505420 468
1505430 468
1505440 468
1505450 468
1505460 468
1505470 468
1505480 468
1505490 468
1505500 468
1505510 468
1505520 468
1505530 468
1505540 468
1505550 468
1505560 468
1505570 468
1505580 468
1505590 468
1505600 468
1505610 468
1505620 468
1505630 468
1505640 468
1505650 468
1505660 468
1505670 468
1505680 468
1505690 468
1505700 468
1505710 468
1505720 468
1505730 468
1505740 468
1505750 468
1505760 468
1505770 468
1505780 468
1505790 468
1505800 468
1505810 468
1505820 468
1505830 468
1505840 468
1505850 468
1505860 468
1505870 468
1505880 468
1505890 468
1505900 468
1505910 468
1505920 468
1505930 468
1505940 468
1505950 468
1505960 468
1505970 468
1505980 468
1505990 468
1506000 468
1506010 468
1506020 468
1506030 468
1506040 468
1506050 468
1506060 468
1506070 468
1506080 468
1506090 468
1506100 468
1506110 468
1506120 468
1506130 468
1506140 468
1506150 468
1506160 468
1506170 468
1506180 468
1506190 468
1506200 468
1506210 468
1506220 468
1506230 468
1506240 468
1506250 468
1506260 468
1506270 468
1506280 468
1506290 468
1506300 468
1506310 468
1506320 468
1506330 468
1506340 468
1506350 468
1506360 468
1506370 468
1506380 468
1506390 468
1506400 468
1506410 468
1506420 468
1506430 468
1506440 468
1506450 468
1506460 468
1506470 468
1506480 468
1506490 468
1506500 468
1506510 468
1506520 468
1506530 468
1506540 468
1506550 468
1506560 468
1506570 468
1506580 468
1506590 468
1506600 468
1506610 468
1506620 468
1506630 468
1506640 468
1506650 468
1506660 468
1506670 468
1506680 468
1506690 468
1506700 468
1506710 468
1506720 468
1506730 468
1506740 468
1506750 468
1506760 468
1506770 468
1506780 468
1506790 468
1506800 468
1506810 468
1506820 468
1506830 468
1506840 468
1506850 468
1506860 468
1506870 468
1506880 468
1506890 468
1506900 468
1506910 468
1506920 468
1506930 468
1506940 468
1506950 468
1506960 468
1506970 468
1506980 468
1506990 468
1507000 468
1507010 468
1507020 468
1507030 468
1507040 468
1507050 468
1507060 468
1507070 468
1507080 468
1507090 468
1507100 468
1507110 468
1507120 468
1507130 468
1507140 468
1507150 468
1507160 468
1507170 468
1507180 468
1507190 468
1507200 468
1507210 468
1507220 468
1507230 468
1507240 468
1507250 468
1507260 468
1507270 468
1507280 468
1507290 468
1507300 468
1507310 468
1507320 468
1507330 468
1507340 468
1507350 468
1507360 468
1507370 468
1507380 468
1507390 468
1507400 468
1507410 468
1507420 468
1507430 468
1507440 468
1507450 468
1507460 468
1507470 468
1507480 468
1507490 468
1507500 468
1507510 468
1507520 468
1507530 468
1507540 468
1507550 468
1507560 468
1507570 468
1507580 468
1507590 468
1507600 468
1507610 468
1507620 468
1507630 468
1507640 468
1507650 468
1507660 468
1507670 468
1507680 468
1507690 468
1507700 468
1507710 468
1507720 468
1507730 468
1507740 468
1507750 468
1507760 468
1507770 468
1507780 468
1507790 468
1507800 468
1507810 468
1507820 468
1507830 468
1507840 468
1507850 468
1507860 468
1507870 468
1507880 468
1507890 468
1507900 468
1507910 468
1507920 468
1507930 468
1507940 468
1507950 468
1507960 468
1507970 468
1507980 468
1507990 468
1508000 468
1508010 468
1508020 468
1508030 468
1508040 468
1508050 468
1508060 468
1508070 469
1508080 469
1508090 469
1508100 471
1508110 471
1508120 472
1508130 473
1508140 473
1508150 474
1508160 478
1508170 478
1508180 483
1508190 484
1508200 484
1508210 486
1508220 490
1508230 490
1508240 494
1508250 497
1508260 501
1508270 501
1508280 504
1508290 507
1508300 507
1508310 511
1508320 515
1508330 515
1508340 519
1508350 524
1508360 524
1508370 530
1508380 536
1508390 536
1508400 541
1508410 546
1508420 546
1508430 551
1508440 557
1508450 557
1508460 562
1508470 568
1508480 568
1508490 573
1508500 579
1508510 579
1508520 584
1508530 590
1508540 590
1508550 596
1508560 602
1508570 602
1508580 608
1508590 614
1508600 614
1508610 619
1508620 625
1508630 625
1508640 630
1508650 635
1508660 635
1508670 638
1508680 641
1508690 641
1508700 651
1508710 664
1508720 664
1508730 683
1508740 702
1508750 702
1508760 724
1508770 747
1508780 747
1508790 758
1508800 769
1508810 788
1508820 788
1508830 800
1508840 818
1508850 818
1508860 845
1508870 870
1508880 870
1508890 894
1508900 913
1508910 913
1508920 932
1508930 948
1508940 948
1508950 958
1508960 963
1508970 963
1508980 969
1508990 982
1509000 982
1509010 996
1509020 1008
1509030 1008
1509040 1018
1509050 1023
1509060 1023
1509070 1028
1509080 1035
1509090 1035
1509100 1042
1509110 1051
1509120 1051
1509130 1061
1509140 1075
1509150 1075
1509160 1088
1509170 1097
1509180 1097
1509190 1106
1509200 1115
1509210 1115
1509220 1122
1509230 1129
1509240 1129
1509250 1142
1509260 1154
1509270 1154
1509280 1164
1509290 1175
1509300 1175
1509310 1195
1509320 1217
1509330 1217
1509340 1226
1509350 1228
1509360 1235
1509370 1235
1509380 1241
1509390 1247
1509400 1247
1509410 1253
1509420 1256
1509430 1256
1509440 1250
1509450 1243
1509460 1243
1509470 1238
1509480 1231
1509490 1231
1509500 1226
1509510 1221
1509520 1221
1509530 1215
1509540 1210
1509550 1210
1509560 1206
1509570 1201
1509580 1201
1509590 1192
1509600 1183
1509610 1183
1509620 1177
1509630 1173
1509640 1173
1509650 1166
1509660 1161
1509670 1161
1509680 1156
1509690 1147
1509700 1147
1509710 1139
1509720 1134
1509730 1134
1509740 1131
1509750 1129
1509760 1129
1509770 1128
1509780 1125
1509790 1125
1509800 1121
1509810 1116
1509820 1116
1509830 1113
1509840 1110
1509850 1110
1509860 1107
1509870 1104
1509880 1104
1509890 1102
1509900 1101
1509910 1099
1509920 1099
1509930 1095
1509940 1092
1509950 1098
1509960 1095
1509970 1091
1509980 1091
1509990 1087
1510000 1084
1510010 1084
1510020 1080
1510030 1077
1510040 1077
1510050 1077
1510060 1079
1510070 1079
1510080 1083
1510090 1085
1510100 1085
1510110 1086
1510120 1083
1510130 1083
1510140 1080
1510150 1075
1510160 1075
1510170 1070
1510180 1066
1510190 1066
1510200 1065
1510210 1065
1510220 1065
1510230 1062
1510240 1060
1510250 1060
1510260 1057
1510270 1051
1510280 1051
1510290 1051
1510300 1055
1510310 1055
1510320 1059
1510330 1062
1510340 1062
1510350 1065
1510360 1069
1510370 1069
1510380 1072
1510390 1071
1510400 1071
1510410 1069
1510420 1068
1510430 1068
1510440 1067
1510450 1064
1510460 1064
1510470 1060
1510480 1054
1510490 1050
1510500 1050
1510510 1047
1510520 1045
1510530 1045
1510540 1042
1510550 1038
1510560 1038
1510570 1038
1510580 1040
1510590 1040
1510600 1042
1510610 1040
1510620 1040
1510630 1036
1510640 1034
1510650 1034
1510660 1035
1510670 1038
1510680 1038
1510690 1041
1510700 1046
1510710 1046
1510720 1049
1510730 1049
1510740 1049
1510750 1046
1510760 1042
1510770 1042
1510780 1039
1510790 1039
1510800 1039
1510810 1043
1510820 1050
1510830 1050
1510840 1058
1510850 1064
1510860 1064
1510870 1069
1510880 1072
1510890 1072
1510900 1073
1510910 1074
1510920 1074
1510930 1074
1510940 1074
1510950 1074
1510960 1071
1510970 1065
1510980 1065
1510990 1060
1511000 1054
1511010 1054
1511020 1049
1511030 1046
1511040 1048
1511050 1048
1511060 1054
1511070 1062
1511080 1062
1511090 1070
1511100 1078
1511110 1078
1511120 1085
1511130 1091
1511140 1091
1511150 1097
1511160 1104
1511170 1104
1511180 1112
1511190 1118
1511200 1118
1511210 1121
1511220 1121
1511230 1121
1511240 1119
1511250 1117
1511260 1117
1511270 1115
1511280 1113
1511290 1113
1511300 1112
1511310 1112
1511320 1112
1511330 1111
1511340 1110
1511350 1110
1511360 1111
1511370 1111
1511380 1111
1511390 1112
1511400 1113
1511410 1113
1511420 1113
1511430 1113
1511440 1113
1511450 1114
1511460 1115
1511470 1115
1511480 1114
1511490 1113
1511500 1113
1511510 1112
1511520 1110
1511530 1110
1511540 1109
1511550 1108
1511560 1108
1511570 1106
1511580 1105
1511590 1107
1511600 1107
1511610 1111
1511620 1116
1511630 1116
1511640 1122
1511650 1127
1511660 1127
1511670 1131
1511680 1135
1511690 1135
1511700 1138
1511710 1141
1511720 1141
1511730 1144
1511740 1146
1511750 1146
1511760 1147
1511770 1148
1511780 1148
1511790 1148
1511800 1146
1511810 1146
1511820 1143
1511830 1138
1511840 1138
1511850 1129
1511860 1119
1511870 1119
1511880 1113
1511890 1109
1511900 1109
1511910 1107
1511920 1103
1511930 1103
1511940 1098
1511950 1092
1511960 1092
1511970 1087
1511980 1082
1511990 1082
1512000 1078
1512010 1074
1512020 1074
1512030 1071
1512040 1068
1512050 1068
1512060 1067
1512070 1067
1512080 1067
1512090 1069
1512100 1070
1512110 1070
1512120 1071
1512130 1073
1512140 1075
1512150 1075
1512160 1077
1512170 1079
1512180 1079
1512190 1081
1512200 1081
1512210 1081
1512220 1080
1512230 1078
1512240 1078
1512250 1077
1512260 1076
1512270 1076
1512280 1071
1512290 1067
1512300 1067
1512310 1067
1512320 1068
1512330 1068
1512340 1068
1512350 1067
1512360 1067
1512370 1068
1512380 1069
1512390 1069
1512400 1070
1512410 1072
1512420 1072
1512430 1075
1512440 1075
1512450 1075
1512460 1076
1512470 1076
1512480 1076
1512490 1074
1512500 1072
1512510 1072
1512520 1072
1512530 1072
1512540 1072
1512550 1076
1512560 1078
1512570 1078
1512580 1079
1512590 1080
1512600 1080
1512610 1081
1512620 1081
1512630 1081
1512640 1081
1512650 1081
1512660 1081
1512670 1079
1512680 1074
1512690 1069
1512700 1069
1512710 1067
1512720 1070
1512730 1070
1512740 1074
1512750 1077
1512760 1077
1512770 1079
1512780 1081
1512790 1081
1512800 1081
1512810 1080
1512820 1080
1512830 1081
1512840 1082
1512850 1082
1512860 1080
1512870 1079
1512880 1079
1512890 1080
1512900 1082
1512910 1082
1512920 1084
1512930 1085
1512940 1085
1512950 1088
1512960 1090
1512970 1090
1512980 1092
1512990 1096
1513000 1096
1513010 1098
1513020 1098
1513030 1098
1513040 1096
1513050 1092
1513060 1092
1513070 1090
1513080 1090
1513090 1090
1513100 1090
1513110 1088
1513120 1088
1513130 1087
1513140 1087
1513150 1087
1513160 1086
1513170 1083
1513180 1083
1513190 1080
1513200 1078
1513210 1078
1513220 1076
1513230 1074
1513240 1073
1513250 1073
1513260 1072
1513270 1071
1513280 1071
1513290 1070
1513300 1067
1513310 1067
1513320 1066
1513330 1065
1513340 1065
1513350 1063
1513360 1059
1513370 1059
1513380 1056
1513390 1056
1513400 1056
1513410 1060
1513420 1063
1513430 1063
1513440 1064
1513450 1051
1513460 1051
1513470 1039
1513480 1035
1513490 1035
1513500 1039
1513510 1045
1513520 1045
1513530 1048
1513540 1051
1513550 1051
1513560 1056
1513570 1058
1513580 1058
1513590 1060
1513600 1063
1513610 1063
1513620 1066
1513630 1066
1513640 1066
1513650 1064
1513660 1060
1513670 1060
1513680 1057
1513690 1050
1513700 1050
1513710 1038
1513720 1032
1513730 1032
1513740 1033
1513750 1033
1513760 1033
1513770 1033
1513780 1033
1513790 1034
1513800 1034
1513810 1037
1513820 1041
1513830 1041
1513840 1046
1513850 1053
1513860 1053
1513870 1061
1513880 1070
1513890 1070
1513900 1081
1513910 1092
1513920 1092
1513930 1100
1513940 1106
1513950 1106
1513960 1113
1513970 1124
1513980 1124
1513990 1135
1514000 1144
1514010 1144
1514020 1145
1514030 1140
1514040 1140
1514050 1132
1514060 1125
1514070 1125
1514080 1114
1514090 1103
1514100 1103
1514110 1098
1514120 1095
1514130 1095
1514140 1092
1514150 1086
1514160 1086
1514170 1082
1514180 1081
1514190 1081
1514200 1084
1514210 1089
1514220 1089
1514230 1092
1514240 1095
1514250 1095
1514260 1101
1514270 1106
1514280 1106
1514290 1109
1514300 1110
1514310 1110
1514320 1108
1514330 1103
1514340 1103
1514350 1096
1514360 1091
1514370 1092
1514380 1092
1514390 1095
1514400 1098
1514410 1098
1514420 1100
1514430 1102
1514440 1102
1514450 1103
1514460 1105
1514470 1105
1514480 1107
1514490 1109
1514500 1109
1514510 1111
1514520 1112
1514530 1112
1514540 1112
1514550 1112
1514560 1112
1514570 1113
1514580 1113
1514590 1118
1514600 1118
1514610 1120
1514620 1120
1514630 1122
1514640 1124
1514650 1124
1514660 1128
1514670 1132
1514680 1132
1514690 1136
1514700 1139
1514710 1139
1514720 1138
1514730 1129
1514740 1129
1514750 1118
1514760 1113
1514770 1113
1514780 1106
1514790 1097
1514800 1097
1514810 1087
1514820 1081
1514830 1081
1514840 1076
1514850 1069
1514860 1069
1514870 1063
1514880 1058
1514890 1058
1514900 1050
1514910 1042
1514920 1031
1514930 1031
1514940 1023
1514950 1017
1514960 1017
1514970 1011
1514980 1004
1514990 1004
1515000 999
1515010 998
1515020 998
1515030 998
1515040 1003
1515050 1003
1515060 1010
1515070 1013
1515080 1013
1515090 1012
1515100 1009
1515110 1009
1515120 1008
1515130 1006
1515140 1006
1515150 1005
1515160 1004
1515170 1004
1515180 1005
1515190 1006
1515200 1006
1515210 1015
1515220 1020
1515230 1020
1515240 1026
1515250 1034
1515260 1034
1515270 1039
1515280 1041
1515290 1041
1515300 1042
1515310 1046
1515320 1046
1515330 1051
1515340 1058
1515350 1058
1515360 1063
1515370 1064
1515380 1064
1515390 1064
1515400 1066
1515410 1066
1515420 1066
1515430 1064
1515440 1064
1515450 1064
1515460 1065
1515470 1068
1515480 1068
1515490 1071
1515500 1075
1515510 1075
1515520 1077
1515530 1079
1515540 1079
1515550 1082
1515560 1084
1515570 1084
1515580 1086
1515590 1088
1515600 1088
1515610 1090
1515620 1093
1515630 1093
1515640 1099
1515650 1106
1515660 1106
1515670 1111
1515680 1116
1515690 1116
1515700 1119
1515710 1121
1515720 1121
1515730 1124
1515740 1127
1515750 1127
1515760 1132
1515770 1138
1515780 1138
1515790 1146
1515800 1152
1515810 1152
1515820 1159
1515830 1166
1515840 1166
1515850 1172
1515860 1177
1515870 1177
1515880 1183
1515890 1190
1515900 1190
1515910 1199
1515920 1207
1515930 1207
1515940 1215
1515950 1224
1515960 1224
1515970 1233
1515980 1242
1515990 1242
1516000 1251
1516010 1260
1516020 1268
1516030 1268
1516040 1277
1516050 1287
1516060 1287
1516070 1298
1516080 1309
1516090 1309
1516100 1318
1516110 1327
1516120 1327
1516130 1333
1516140 1336
1516150 1336
1516160 1333
1516170 1328
1516180 1328
1516190 1325
1516200 1321
1516210 1321
1516220 1317
1516230 1314
1516240 1314
1516250 1311
1516260 1309
1516270 1309
1516280 1308
1516290 1307
1516300 1307
1516310 1306
1516320 1306
1516330 1306
1516340 1306
1516350 1306
1516360 1306
1516370 1307
1516380 1310
1516390 1310
1516400 1311
1516410 1313
1516420 1313
1516430 1314
1516440 1316
1516450 1316
1516460 1318
1516470 1320
1516480 1320
1516490 1323
1516500 1326
1516510 1326
1516520 1328
1516530 1329
1516540 1329
1516550 1327
1516560 1317
1516570 1301
1516580 1301
1516590 1292
1516600 1288
1516610 1288
1516620 1287
1516630 1287
1516640 1287
1516650 1287
1516660 1286
1516670 1286
1516680 1286
1516690 1286
1516700 1286
1516710 1284
1516720 1283
1516730 1283
1516740 1281
1516750 1281
1516760 1281
1516770 1283
1516780 1284
1516790 1284
1516800 1285
1516810 1286
1516820 1286
1516830 1287
1516840 1289
1516850 1289
1516860 1293
1516870 1297
1516880 1297
1516890 1302
1516900 1306
1516910 1306
1516920 1306
1516930 1305
1516940 1305
1516950 1304
1516960 1303
1516970 1303
1516980 1302
1516990 1302
1517000 1302
1517010 1302
1517020 1304
1517030 1304
1517040 1305
1517050 1306
1517060 1306
1517070 1310
1517080 1314
1517090 1314
1517100 1318
1517110 1321
1517120 1325
1517130 1325
1517140 1329
1517150 1334
1517160 1334
1517170 1340
1517180 1344
1517190 1344
1517200 1350
1517210 1356
1517220 1356
1517230 1361
1517240 1364
1517250 1364
1517260 1370
1517270 1375
1517280 1375
1517290 1381
1517300 1392
1517310 1392
1517320 1401
1517330 1406
1517340 1406
1517350 1410
1517360 1413
1517370 1413
1517380 1416
1517390 1421
1517400 1421
1517410 1426
1517420 1430
1517430 1430
1517440 1435
1517450 1439
1517460 1439
1517470 1440
1517480 1441
1517490 1441
1517500 1444
1517510 1449
1517520 1449
1517530 1453
1517540 1459
1517550 1459
1517560 1466
1517570 1474
1517580 1474
1517590 1480
1517600 1484
1517610 1484
1517620 1487
1517630 1489
1517640 1489
1517650 1492
1517660 1495
1517670 1500
1517680 1500
1517690 1506
1517700 1512
1517710 1512
1517720 1518
1517730 1523
1517740 1523
1517750 1527
1517760 1531
1517770 1531
1517780 1538
1517790 1545
1517800 1545
1517810 1550
1517820 1553
1517830 1553
1517840 1555
1517850 1557
1517860 1557
1517870 1559
1517880 1561
1517890 1561
1517900 1564
1517910 1567
1517920 1567
1517930 1569
1517940 1570
1517950 1570
1517960 1569
1517970 1567
1517980 1567
1517990 1567
1518000 1568
1518010 1568
1518020 1569
1518030 1572
1518040 1572
1518050 1576
1518060 1579
1518070 1579
1518080 1582
1518090 1584
1518100 1584
1518110 1586
1518120 1588
1518130 1588
1518140 1590
1518150 1592
1518160 1592
1518170 1593
1518180 1593
1518190 1593
1518200 1596
1518210 1600
1518220 1600
1518230 1603
1518240 1606
1518250 1608
1518260 1608
1518270 1609
1518280 1610
1518290 1610
1518300 1610
1518310 1610
1518320 1610
1518330 1609
1518340 1607
1518350 1607
1518360 1606
1518370 1605
1518380 1605
1518390 1603
1518400 1601
1518410 1601
1518420 1601
1518430 1600
1518440 1600
1518450 1599
1518460 1597
1518470 1597
1518480 1598
1518490 1600
1518500 1600
1518510 1599
1518520 1596
1518530 1596
1518540 1592
1518550 1589
1518560 1589
1518570 1588
1518580 1588
1518590 1588
1518600 1586
1518610 1590
1518620 1590
1518630 1594
1518640 1599
1518650 1599
1518660 1602
1518670 1605
1518680 1605
1518690 1605
1518700 1605
1518710 1605
1518720 1603
1518730 1601
1518740 1601
1518750 1599
1518760 1600
1518770 1600
1518780 1603
1518790 1606
1518800 1610
1518810 1610
1518820 1613
1518830 1613
1518840 1613
1518850 1608
1518860 1604
1518870 1604
1518880 1603
1518890 1602
1518900 1602
1518910 1598
1518920 1595
1518930 1595
1518940 1593
1518950 1592
1518960 1592
1518970 1591
1518980 1589
1518990 1589
1519000 1587
1519010 1586
1519020 1586
1519030 1584
1519040 1582
1519050 1582
1519060 1583
1519070 1584
1519080 1584
1519090 1585
1519100 1583
1519110 1583
1519120 1582
1519130 1583
1519140 1583
1519150 1585
1519160 1583
1519170 1583
1519180 1579
1519190 1575
1519200 1575
1519210 1576
1519220 1579
1519230 1579
1519240 1580
1519250 1582
1519260 1582
1519270 1585
1519280 1589
1519290 1589
1519300 1593
1519310 1594
1519320 1594
1519330 1597
1519340 1599
1519350 1602
1519360 1602
1519370 1607
1519380 1611
1519390 1611
1519400 1613
1519410 1613
1519420 1613
1519430 1616
1519440 1622
1519450 1622
1519460 1627
1519470 1628
1519480 1628
1519490 1631
1519500 1635
1519510 1635
1519520 1639
1519530 1641
1519540 1641
1519550 1644
1519560 1648
1519570 1648
1519580 1652
1519590 1656
1519600 1656
1519610 1659
1519620 1663
1519630 1663
1519640 1667
1519650 1670
1519660 1670
1519670 1672
1519680 1675
1519690 1675
1519700 1680
1519710 1684
1519720 1684
1519730 1688
1519740 1691
1519750 1691
1519760 1695
1519770 1698
1519780 1698
1519790 1701
1519800 1703
1519810 1703
1519820 1702
1519830 1699
1519840 1699
1519850 1695
1519860 1692
1519870 1692
1519880 1689
1519890 1687
1519900 1684
1519910 1684
1519920 1680
1519930 1677
1519940 1677
1519950 1677
1519960 1674
1519970 1674
1519980 1673
1519990 1672
