1500000 713
1500010 713
1500020 712
1500030 715
1500040 715
1500050 719
1500060 721
1500070 721
1500080 721
1500090 722
1500100 722
1500110 722
1500120 720
1500130 720
1500140 718
1500150 716
1500160 716
1500170 716
1500180 717
1500190 717
1500200 719
1500210 720
1500220 720
1500230 720
1500240 721
1500250 720
1500260 720
1500270 720
1500280 722
1500290 722
1500300 725
1500310 727
1500320 727
1500330 725
1500340 719
1500350 719
1500360 716
1500370 716
1500380 716
1500390 715
1500400 710
1500410 710
1500420 707
1500430 707
1500440 707
1500450 710
1500460 714
1500470 714
1500480 720
1500490 725
1500500 725
1500510 731
1500520 736
1500530 736
1500540 739
1500550 740
1500560 740
1500570 737
1500580 731
1500590 731
1500600 728
1500610 728
1500620 728
1500630 732
1500640 736
1500650 736
1500660 739
1500670 742
1500680 742
1500690 746
1500700 751
1500710 751
1500720 754
1500730 756
1500740 756
1500750 758
1500760 758
1500770 757
1500780 757
1500790 757
1500800 757
1500810 757
1500820 757
1500830 757
1500840 757
1500850 756
1500860 754
1500870 754
1500880 751
1500890 752
1500900 752
1500910 752
1500920 751
1500930 751
1500940 749
1500950 748
1500960 748
1500970 748
1500980 747
1500990 747
1501000 745
1501010 742
1501020 742
1501030 738
1501040 733
1501050 733
1501060 731
1501070 735
1501080 735
1501090 736
1501100 735
1501110 735
1501120 734
1501130 734
1501140 734
1501150 734
1501160 735
1501170 735
1501180 735
1501190 735
1501200 735
1501210 733
1501220 730
1501230 730
1501240 726
1501250 727
1501260 727
1501270 727
1501280 727
1501290 727
1501300 727
1501310 727
1501320 727
1501330 727
1501340 726
1501350 725
1501360 725
1501370 725
1501380 724
1501390 724
1501400 723
1501410 723
1501420 723
1501430 723
1501440 722
1501450 722
1501460 722
1501470 721
1501480 721
1501490 718
1501500 714
1501510 714
1501520 709
1501530 704
1501540 704
1501550 700
1501560 695
1501570 695
1501580 693
1501590 691
1501600 691
1501610 689
1501620 688
1501630 688
1501640 686
1501650 683
1501660 683
1501670 680
1501680 678
1501690 678
1501700 676
1501710 674
1501720 674
1501730 673
1501740 672
1501750 672
1501760 673
1501770 673
1501780 673
1501790 674
1501800 676
1501810 676
1501820 675
1501830 673
1501840 673
1501850 673
1501860 673
1501870 673
1501880 674
1501890 675
1501900 675
1501910 675
1501920 675
1501930 673
1501940 673
1501950 671
1501960 667
1501970 667
1501980 664
1501990 661
1502000 661
1502010 660
1502020 658
1502030 658
1502040 657
1502050 654
1502060 654
1502070 650
1502080 645
1502090 645
1502100 641
1502110 637
1502120 637
1502130 634
1502140 632
1502150 632
1502160 629
1502170 627
1502180 627
1502190 623
1502200 620
1502210 620
1502220 619
1502230 617
1502240 617
1502250 615
1502260 614
1502270 614
1502280 612
1502290 610
1502300 610
1502310 607
1502320 605
1502330 605
1502340 603
1502350 600
1502360 600
1502370 597
1502380 594
1502390 594
1502400 592
1502410 590
1502420 590
1502430 587
1502440 585
1502450 585
1502460 583
1502470 581
1502480 579
1502490 579
1502500 577
1502510 576
1502520 576
1502530 575
1502540 574
1502550 574
1502560 573
1502570 572
1502580 572
1502590 570
1502600 569
1502610 569
1502620 567
1502630 566
1502640 566
1502650 565
1502660 563
1502670 563
1502680 562
1502690 560
1502700 560
1502710 560
1502720 558
1502730 558
1502740 557
1502750 556
1502760 556
1502770 554
1502780 553
1502790 553
1502800 550
1502810 546
1502820 546
1502830 545
1502840 544
1502850 544
1502860 542
1502870 540
1502880 540
1502890 537
1502900 535
1502910 535
1502920 533
1502930 531
1502940 531
1502950 529
1502960 527
1502970 527
1502980 525
1502990 524
1503000 524
1503010 521
1503020 518
1503030 518
1503040 517
1503050 516
1503060 514
1503070 514
1503080 513
1503090 512
1503100 512
1503110 509
1503120 505
1503130 505
1503140 502
1503150 500
1503160 500
1503170 499
1503180 498
1503190 498
1503200 497
1503210 496
1503220 496
1503230 495
1503240 494
1503250 494
1503260 493
1503270 491
1503280 491
1503290 490
1503300 488
1503310 488
1503320 486
1503330 485
1503340 485
1503350 483
1503360 482
1503370 482
1503380 481
1503390 480
1503400 480
1503410 478
1503420 477
1503430 477
1503440 475
1503450 474
1503460 474
1503470 473
1503480 471
1503490 471
1503500 469
1503510 468
1503520 468
1503530 468
1503540 468
1503550 468
1503560 468
1503570 468
1503580 468
1503590 468
1503600 468
1503610 468
1503620 468
1503630 468
1503640 468
1503650 468
1503660 468
1503670 468
1503680 468
1503690 468
1503700 468
1503710 468
1503720 468
1503730 468
1503740 468
1503750 468
1503760 468
1503770 468
1503780 468
1503790 468
1503800 468
1503810 468
1503820 468
1503830 468
1503840 468
1503850 468
1503860 468
1503870 468
1503880 468
1503890 468
1503900 468
1503910 468
1503920 468
1503930 468
1503940 468
1503950 468
1503960 468
1503970 468
1503980 468
1503990 468
1504000 468
1504010 468
1504020 468
1504030 468
1504040 468
1504050 468
1504060 468
1504070 468
1504080 468
1504090 468
1504100 468
1504110 468
1504120 468
1504130 468
1504140 468
1504150 468
1504160 468
1504170 468
1504180 468
1504190 468
1504200 468
1504210 468
1504220 468
1504230 468
1504240 468
1504250 468
1504260 468
1504270 468
1504280 468
1504290 468
1504300 468
1504310 468
1504320 468
1504330 468
1504340 468
1504350 468
1504360 468
1504370 468
1504380 468
1504390 468
1504400 468
1504410 468
1504420 468
1504430 468
1504440 468
1504450 468
1504460 468
1504470 468
1504480 468
1504490 468
1504500 468
1504510 468
1504520 468
1504530 468
1504540 468
1504550 468
1504560 468
1504570 468
1504580 468
1504590 468
1504600 468
1504610 468
1504620 468
1504630 468
1504640 468
1504650 468
1504660 468
1504670 468
1504680 468
1504690 468
1504700 468
1504710 468
1504720 468
1504730 468
1504740 468
1504750 468
1504760 468
1504770 468
1504780 468
1504790 468
1504800 468
1504810 468
1504820 468
1504830 468
1504840 468
1504850 468
1504860 468
1504870 468
1504880 468
1504890 468
1504900 468
1504910 468
1504920 468
1504930 468
1504940 468
1504950 468
1504960 468
1504970 468
1504980 468
1504990 468
1505000 468
1505010 468
1505020 468
1505030 468
1505040 468
1505050 468
1505060 468
1505070 468
1505080 468
1505090 468
1505100 468
1505110 468
1505120 468
1505130 468
1505140 468
1505150 468
1505160 468
1505170 468
1505180 468
1505190 468
1505200 468
1505210 468
1505220 468
1505230 468
1505240 468
1505250 468
1505260 468
1505270 468
1505280 468
1505290 468
1505300 468
1505310 468
1505320 468
1505330 468
1505340 468
1505350 468
1505360 468
1505370 468
1505380 468
1505390 468
1505400 468
1505410 468
1505420 468
1505430 468
1505440 468
1505450 468
1505460 468
1505470 468
1505480 468
1505490 468
1505500 468
1505510 468
1505520 468
1505530 468
1505540 468
1505550 468
1505560 468
1505570 468
1505580 468
1505590 468
1505600 468
1505610 468
1505620 468
1505630 468
1505640 468
1505650 468
1505660 468
1505670 468
1505680 468
1505690 468
1505700 468
1505710 468
1505720 468
1505730 468
1505740 468
1505750 468
1505760 468
1505770 468
1505780 468
1505790 468
1505800 468
1505810 468
1505820 468
1505830 468
1505840 468
1505850 468
1505860 468
1505870 468
1505880 468
1505890 468
1505900 468
1505910 468
1505920 468
1505930 468
1505940 468
1505950 468
1505960 468
1505970 468
1505980 468
1505990 468
1506000 468
1506010 468
1506020 468
1506030 468
1506040 468
1506050 468
1506060 468
1506070 468
1506080 468
1506090 468
1506100 468
1506110 468
1506120 468
1506130 468
1506140 468
1506150 468
1506160 468
1506170 468
1506180 468
1506190 468
1506200 468
1506210 468
1506220 468
1506230 468
1506240 468
1506250 468
1506260 468
1506270 468
1506280 468
1506290 468
1506300 468
1506310 468
1506320 468
1506330 468
1506340 468
1506350 468
1506360 468
1506370 468
1506380 468
1506390 468
1506400 468
1506410 468
1506420 468
1506430 468
1506440 468
1506450 468
1506460 468
1506470 468
1506480 468
1506490 468
1506500 468
1506510 468
1506520 468
1506530 468
1506540 468
1506550 468
1506560 468
1506570 468
1506580 468
1506590 468
1506600 468
1506610 468
1506620 468
1506630 468
1506640 468
1506650 468
1506660 468
1506670 468
1506680 468
1506690 468
1506700 468
1506710 468
1506720 468
1506730 468
1506740 468
1506750 468
1506760 468
1506770 468
1506780 468
1506790 468
1506800 468
1506810 468
1506820 468
1506830 468
1506840 468
1506850 468
1506860 468
1506870 468
1506880 468
1506890 468
1506900 468
1506910 468
1506920 468
1506930 468
1506940 468
1506950 468
1506960 468
1506970 468
1506980 468
1506990 468
1507000 468
1507010 468
1507020 468
1507030 468
1507040 468
1507050 468
1507060 468
1507070 468
1507080 468
1507090 468
1507100 468
1507110 468
1507120 468
1507130 468
1507140 468
1507150 468
1507160 468
1507170 468
1507180 468
1507190 468
1507200 468
1507210 468
1507220 468
1507230 468
1507240 468
1507250 468
1507260 468
1507270 468
1507280 468
1507290 468
1507300 468
1507310 468
1507320 468
1507330 468
1507340 468
1507350 468
1507360 468
1507370 468
1507380 468
1507390 468
1507400 468
1507410 468
1507420 468
1507430 468
1507440 468
1507450 468
1507460 468
1507470 468
1507480 468
1507490 468
1507500 468
1507510 468
1507520 468
1507530 468
1507540 468
1507550 468
1507560 468
1507570 468
1507580 468
1507590 468
1507600 468
1507610 468
1507620 468
1507630 468
1507640 468
1507650 468
1507660 468
1507670 468
1507680 468
1507690 468
1507700 468
1507710 468
1507720 468
1507730 468
1507740 468
1507750 468
1507760 468
1507770 468
1507780 468
1507790 468
1507800 468
1507810 468
1507820 468
1507830 468
1507840 468
1507850 468
1507860 468
1507870 468
1507880 468
1507890 468
1507900 468
1507910 468
1507920 468
1507930 468
1507940 468
1507950 468
1507960 468
1507970 469
1507980 469
1507990 470
1508000 470
1508010 470
1508020 471
1508030 472
1508040 472
1508050 473
1508060 474
1508070 474
1508080 475
1508090 476
1508100 476
1508110 477
1508120 479
1508130 480
1508140 480
1508150 481
1508160 481
1508170 481
1508180 481
1508190 482
1508200 482
1508210 483
1508220 484
1508230 484
1508240 485
1508250 486
1508260 486
1508270 487
1508280 488
1508290 488
1508300 489
1508310 490
1508320 490
1508330 491
1508340 493
1508350 493
1508360 494
1508370 495
1508380 495
1508390 496
1508400 498
1508410 498
1508420 499
1508430 500
1508440 500
1508450 501
1508460 502
1508470 502
1508480 503
1508490 505
1508500 505
1508510 506
1508520 507
1508530 507
1508540 509
1508550 511
1508560 511
1508570 512
1508580 514
1508590 514
1508600 515
1508610 517
1508620 517
1508630 520
1508640 524
1508650 524
1508660 526
1508670 529
1508680 529
1508690 532
1508700 535
1508710 538
1508720 538
1508730 539
1508740 540
1508750 540
1508760 541
1508770 543
1508780 543
1508790 546
1508800 548
1508810 548
1508820 551
1508830 553
1508840 553
1508850 555
1508860 558
1508870 558
1508880 561
1508890 563
1508900 563
1508910 567
1508920 570
1508930 570
1508940 573
1508950 576
1508960 576
1508970 579
1508980 582
1508990 582
1509000 586
1509010 589
1509020 589
1509030 593
1509040 596
1509050 596
1509060 598
1509070 602
1509080 602
1509090 605
1509100 608
1509110 608
1509120 612
1509130 615
1509140 615
1509150 618
1509160 622
1509170 622
1509180 625
1509190 628
1509200 628
1509210 631
1509220 635
1509230 635
1509240 638
1509250 640
1509260 644
1509270 644
1509280 649
1509290 656
1509300 656
1509310 663
1509320 669
1509330 669
1509340 675
1509350 679
1509360 679
1509370 682
1509380 685
1509390 685
1509400 688
1509410 692
1509420 692
1509430 696
1509440 701
1509450 701
1509460 705
1509470 709
1509480 709
1509490 712
1509500 714
1509510 714
1509520 717
1509530 720
1509540 720
1509550 722
1509560 723
1509570 723
1509580 725
1509590 727
1509600 727
1509610 730
1509620 734
1509630 734
1509640 736
1509650 739
1509660 739
1509670 743
1509680 748
1509690 748
1509700 755
1509710 765
1509720 765
1509730 777
1509740 783
1509750 783
1509760 786
1509770 794
1509780 794
1509790 802
1509800 809
1509810 809
1509820 816
1509830 828
1509840 838
1509850 838
1509860 852
1509870 859
1509880 859
1509890 858
1509900 862
1509910 862
1509920 871
1509930 882
1509940 882
1509950 893
1509960 915
1509970 915
1509980 937
1509990 953
1510000 953
1510010 968
1510020 980
1510030 980
1510040 993
1510050 1005
1510060 1005
1510070 1016
1510080 1024
1510090 1024
1510100 1029
1510110 1036
1510120 1036
1510130 1042
1510140 1048
1510150 1048
1510160 1056
1510170 1068
1510180 1068
1510190 1077
1510200 1088
1510210 1088
1510220 1112
1510230 1134
1510240 1134
1510250 1157
1510260 1182
1510270 1182
1510280 1213
1510290 1242
1510300 1242
1510310 1251
1510320 1250
1510330 1250
1510340 1258
1510350 1268
1510360 1268
1510370 1272
1510380 1277
1510390 1278
1510400 1278
1510410 1278
1510420 1282
1510430 1282
1510440 1289
1510450 1297
1510460 1297
1510470 1308
1510480 1317
1510490 1317
1510500 1327
1510510 1336
1510520 1336
1510530 1345
1510540 1355
1510550 1355
1510560 1363
1510570 1372
1510580 1372
1510590 1386
1510600 1401
1510610 1401
1510620 1410
1510630 1419
1510640 1419
1510650 1427
1510660 1434
1510670 1434
1510680 1441
1510690 1448
1510700 1448
1510710 1456
1510720 1464
1510730 1464
1510740 1472
1510750 1480
1510760 1480
1510770 1488
1510780 1497
1510790 1497
1510800 1504
1510810 1513
1510820 1513
1510830 1523
1510840 1528
1510850 1528
1510860 1529
1510870 1528
1510880 1528
1510890 1524
1510900 1518
1510910 1518
1510920 1512
1510930 1507
1510940 1507
1510950 1500
1510960 1495
1510970 1495
1510980 1495
1510990 1494
1511000 1494
1511010 1494
1511020 1496
1511030 1499
1511040 1499
1511050 1503
1511060 1506
1511070 1506
1511080 1508
1511090 1511
1511100 1511
1511110 1513
1511120 1515
1511130 1515
1511140 1518
1511150 1522
1511160 1522
1511170 1526
1511180 1529
1511190 1529
1511200 1531
1511210 1533
1511220 1533
1511230 1535
1511240 1536
1511250 1536
1511260 1537
1511270 1537
1511280 1537
1511290 1541
1511300 1546
1511310 1546
1511320 1550
1511330 1554
1511340 1554
1511350 1557
1511360 1559
1511370 1559
1511380 1562
1511390 1564
1511400 1564
1511410 1566
1511420 1568
1511430 1568
1511440 1571
1511450 1574
1511460 1574
1511470 1577
1511480 1579
1511490 1579
1511500 1581
1511510 1583
1511520 1585
1511530 1585
1511540 1587
1511550 1588
1511560 1588
1511570 1590
1511580 1591
1511590 1591
1511600 1592
1511610 1593
1511620 1593
1511630 1593
1511640 1594
1511650 1594
1511660 1594
1511670 1594
1511680 1594
1511690 1593
1511700 1592
1511710 1592
1511720 1589
1511730 1586
1511740 1586
1511750 1585
1511760 1584
1511770 1584
1511780 1584
1511790 1583
1511800 1583
1511810 1581
1511820 1577
1511830 1577
1511840 1572
1511850 1567
1511860 1567
1511870 1563
1511880 1560
1511890 1560
1511900 1554
1511910 1548
1511920 1548
1511930 1544
1511940 1543
1511950 1543
1511960 1544
1511970 1544
1511980 1544
1511990 1545
1512000 1547
1512010 1547
1512020 1550
1512030 1553
1512040 1553
1512050 1557
1512060 1562
1512070 1567
1512080 1567
1512090 1571
1512100 1572
1512110 1572
1512120 1573
1512130 1574
1512140 1574
1512150 1576
1512160 1578
1512170 1578
1512180 1577
1512190 1573
1512200 1573
1512210 1567
1512220 1561
1512230 1561
1512240 1556
1512250 1551
1512260 1551
1512270 1544
1512280 1542
1512290 1542
1512300 1540
1512310 1535
1512320 1535
1512330 1529
1512340 1526
1512350 1526
1512360 1523
1512370 1519
1512380 1519
1512390 1516
1512400 1511
1512410 1511
1512420 1507
1512430 1505
1512440 1505
1512450 1503
1512460 1501
1512470 1501
1512480 1500
1512490 1500
1512500 1500
1512510 1501
1512520 1500
1512530 1500
1512540 1499
1512550 1498
1512560 1498
1512570 1496
1512580 1494
1512590 1494
1512600 1490
1512610 1487
1512620 1487
1512630 1486
1512640 1486
1512650 1486
1512660 1486
1512670 1487
1512680 1487
1512690 1487
1512700 1484
1512710 1483
1512720 1483
1512730 1484
1512740 1486
1512750 1486
1512760 1486
1512770 1485
1512780 1485
1512790 1483
1512800 1482
1512810 1482
1512820 1479
1512830 1477
1512840 1477
1512850 1474
1512860 1472
1512870 1472
1512880 1470
1512890 1468
1512900 1468
1512910 1466
1512920 1466
1512930 1466
1512940 1464
1512950 1463
1512960 1463
1512970 1463
1512980 1463
1512990 1463
1513000 1462
1513010 1461
1513020 1461
1513030 1461
1513040 1462
1513050 1462
1513060 1464
1513070 1468
1513080 1468
1513090 1471
1513100 1474
1513110 1474
1513120 1477
1513130 1477
1513140 1477
1513150 1475
1513160 1473
1513170 1473
1513180 1473
1513190 1475
1513200 1475
1513210 1475
1513220 1475
1513230 1475
1513240 1475
1513250 1474
1513260 1472
1513270 1472
1513280 1468
1513290 1466
1513300 1466
1513310 1463
1513320 1462
1513330 1462
1513340 1462
1513350 1464
1513360 1464
1513370 1465
1513380 1467
1513390 1467
1513400 1468
1513410 1467
1513420 1467
1513430 1461
1513440 1456
1513450 1456
1513460 1453
1513470 1450
1513480 1450
1513490 1449
1513500 1447
1513510 1447
1513520 1446
1513530 1445
1513540 1445
1513550 1442
1513560 1438
1513570 1438
1513580 1431
1513590 1425
1513600 1425
1513610 1419
1513620 1415
1513630 1415
1513640 1414
1513650 1412
1513660 1412
1513670 1409
1513680 1407
1513690 1407
1513700 1404
1513710 1402
1513720 1402
1513730 1400
1513740 1401
1513750 1401
1513760 1405
1513770 1407
1513780 1409
1513790 1409
1513800 1413
1513810 1416
1513820 1416
1513830 1420
1513840 1426
1513850 1426
1513860 1433
1513870 1440
1513880 1440
1513890 1449
1513900 1455
1513910 1455
1513920 1458
1513930 1463
1513940 1463
1513950 1464
1513960 1463
1513970 1463
1513980 1466
1513990 1468
1514000 1468
1514010 1471
1514020 1469
1514030 1469
1514040 1465
1514050 1461
1514060 1461
1514070 1459
1514080 1459
1514090 1459
1514100 1463
1514110 1469
1514120 1469
1514130 1475
1514140 1478
1514150 1478
1514160 1480
1514170 1484
1514180 1484
1514190 1489
1514200 1491
1514210 1491
1514220 1494
1514230 1498
1514240 1498
1514250 1504
1514260 1511
1514270 1511
1514280 1519
1514290 1526
1514300 1526
1514310 1537
1514320 1547
1514330 1547
1514340 1555
1514350 1563
1514360 1571
1514370 1571
1514380 1578
1514390 1587
1514400 1587
1514410 1595
1514420 1601
1514430 1601
1514440 1601
1514450 1597
1514460 1597
1514470 1593
1514480 1589
1514490 1589
1514500 1585
1514510 1581
1514520 1581
1514530 1578
1514540 1571
1514550 1571
1514560 1563
1514570 1556
1514580 1556
1514590 1551
1514600 1548
1514610 1548
1514620 1544
1514630 1541
1514640 1541
1514650 1537
1514660 1535
1514670 1535
1514680 1533
1514690 1533
1514700 1533
1514710 1532
1514720 1531
1514730 1531
1514740 1532
1514750 1532
1514760 1532
1514770 1531
1514780 1529
1514790 1529
1514800 1527
1514810 1527
1514820 1527
1514830 1527
1514840 1528
1514850 1528
1514860 1529
1514870 1529
1514880 1529
1514890 1528
1514900 1525
1514910 1521
1514920 1521
1514930 1521
1514940 1518
1514950 1518
1514960 1515
1514970 1512
1514980 1512
1514990 1509
1515000 1508
1515010 1508
1515020 1509
1515030 1514
1515040 1514
1515050 1519
1515060 1520
1515070 1520
1515080 1518
1515090 1514
1515100 1514
1515110 1514
1515120 1513
1515130 1513
1515140 1512
1515150 1512
1515160 1512
1515170 1509
1515180 1505
1515190 1505
1515200 1502
1515210 1493
1515220 1493
1515230 1484
1515240 1476
1515250 1476
1515260 1469
1515270 1464
1515280 1464
1515290 1458
1515300 1453
1515310 1453
1515320 1449
1515330 1448
1515340 1448
1515350 1447
1515360 1444
1515370 1444
1515380 1446
1515390 1452
1515400 1452
1515410 1461
1515420 1471
1515430 1471
1515440 1481
1515450 1488
1515460 1494
1515470 1494
1515480 1498
1515490 1506
1515500 1506
1515510 1512
1515520 1509
1515530 1509
1515540 1496
1515550 1484
1515560 1484
1515570 1476
1515580 1469
1515590 1469
1515600 1463
1515610 1457
1515620 1457
1515630 1454
1515640 1452
1515650 1452
1515660 1450
1515670 1445
1515680 1445
1515690 1437
1515700 1431
1515710 1431
1515720 1430
1515730 1431
1515740 1431
1515750 1431
1515760 1428
1515770 1428
1515780 1423
1515790 1416
1515800 1416
1515810 1408
1515820 1402
1515830 1402
1515840 1398
1515850 1397
1515860 1397
1515870 1394
1515880 1391
1515890 1391
1515900 1386
1515910 1381
1515920 1381
1515930 1379
1515940 1376
1515950 1376
1515960 1370
1515970 1366
1515980 1366
1515990 1369
1516000 1371
1516010 1371
1516020 1373
1516030 1377
1516040 1385
1516050 1385
1516060 1394
1516070 1401
1516080 1401
1516090 1407
1516100 1410
1516110 1410
1516120 1415
1516130 1421
1516140 1421
1516150 1428
1516160 1433
1516170 1433
1516180 1436
1516190 1438
1516200 1438
1516210 1442
1516220 1449
1516230 1449
1516240 1453
1516250 1457
1516260 1457
1516270 1460
1516280 1464
1516290 1464
1516300 1466
1516310 1465
1516320 1465
1516330 1464
1516340 1465
1516350 1465
1516360 1469
1516370 1475
1516380 1475
1516390 1480
1516400 1490
1516410 1490
1516420 1500
1516430 1507
1516440 1507
1516450 1512
1516460 1518
1516470 1518
1516480 1525
1516490 1529
1516500 1529
1516510 1529
1516520 1528
1516530 1528
1516540 1526
1516550 1524
1516560 1524
1516570 1524
1516580 1525
1516590 1525
1516600 1525
1516610 1524
1516620 1523
1516630 1523
1516640 1522
1516650 1518
1516660 1518
1516670 1514
1516680 1512
1516690 1512
1516700 1510
1516710 1509
1516720 1509
1516730 1507
1516740 1507
1516750 1507
1516760 1508
1516770 1510
1516780 1510
1516790 1513
1516800 1516
1516810 1516
1516820 1518
1516830 1517
1516840 1517
1516850 1517
1516860 1518
1516870 1518
1516880 1517
1516890 1518
1516900 1518
1516910 1519
1516920 1519
1516930 1519
1516940 1519
1516950 1519
1516960 1519
1516970 1520
1516980 1523
1516990 1523
1517000 1527
1517010 1529
1517020 1529
1517030 1529
1517040 1531
1517050 1531
1517060 1534
1517070 1537
1517080 1537
1517090 1541
1517100 1547
1517110 1547
1517120 1550
1517130 1552
1517140 1552
1517150 1555
1517160 1557
1517170 1559
1517180 1559
1517190 1558
1517200 1560
1517210 1560
1517220 1563
1517230 1566
1517240 1566
1517250 1571
1517260 1576
1517270 1576
1517280 1579
1517290 1585
1517300 1585
1517310 1591
1517320 1592
1517330 1592
1517340 1594
1517350 1595
1517360 1595
1517370 1597
1517380 1600
1517390 1600
1517400 1605
1517410 1611
1517420 1611
1517430 1618
1517440 1623
1517450 1623
1517460 1629
1517470 1634
1517480 1634
1517490 1638
1517500 1642
1517510 1642
1517520 1645
1517530 1647
1517540 1647
1517550 1649
1517560 1653
1517570 1653
1517580 1656
1517590 1658
1517600 1658
1517610 1661
1517620 1664
1517630 1664
1517640 1664
1517650 1662
1517660 1662
1517670 1662
1517680 1662
1517690 1662
1517700 1664
1517710 1666
1517720 1669
1517730 1669
1517740 1673
1517750 1673
1517760 1673
1517770 1678
1517780 1683
1517790 1683
1517800 1688
1517810 1694
1517820 1694
1517830 1709
1517840 1723
1517850 1723
1517860 1731
1517870 1735
1517880 1735
1517890 1739
1517900 1745
1517910 1745
1517920 1751
1517930 1758
1517940 1758
1517950 1764
1517960 1769
1517970 1769
1517980 1774
1517990 1779
1518000 1779
1518010 1783
1518020 1787
1518030 1787
1518040 1790
1518050 1793
1518060 1793
1518070 1796
1518080 1798
1518090 1798
1518100 1800
1518110 1802
1518120 1802
1518130 1803
1518140 1804
1518150 1804
1518160 1804
1518170 1803
1518180 1803
1518190 1801
1518200 1796
1518210 1796
1518220 1790
1518230 1788
1518240 1788
1518250 1790
1518260 1792
1518270 1792
1518280 1794
1518290 1794
1518300 1795
1518310 1795
1518320 1795
1518330 1796
1518340 1796
1518350 1797
1518360 1796
1518370 1796
1518380 1796
1518390 1794
1518400 1794
1518410 1792
1518420 1789
1518430 1789
1518440 1784
1518450 1777
1518460 1777
1518470 1769
1518480 1761
1518490 1761
1518500 1753
1518510 1749
1518520 1749
1518530 1748
1518540 1750
1518550 1750
1518560 1752
1518570 1752
1518580 1752
1518590 1747
1518600 1743
1518610 1743
1518620 1738
1518630 1734
1518640 1734
1518650 1730
1518660 1729
1518670 1729
1518680 1725
1518690 1720
1518700 1720
1518710 1716
1518720 1712
1518730 1712
1518740 1708
1518750 1706
1518760 1706
1518770 1704
1518780 1702
1518790 1702
1518800 1698
1518810 1694
1518820 1694
1518830 1690
1518840 1688
1518850 1685
1518860 1685
1518870 1680
1518880 1676
1518890 1676
1518900 1672
1518910 1672
1518920 1672
1518930 1672
1518940 1671
1518950 1671
1518960 1672
1518970 1675
1518980 1675
1518990 1676
1519000 1673
1519010 1673
1519020 1669
1519030 1668
1519040 1668
1519050 1665
1519060 1663
1519070 1663
1519080 1664
1519090 1663
1519100 1663
1519110 1661
1519120 1659
1519130 1659
1519140 1656
1519150 1656
1519160 1656
1519170 1656
1519180 1657
1519190 1657
1519200 1656
1519210 1650
1519220 1650
1519230 1644
1519240 1642
1519250 1642
1519260 1643
1519270 1645
1519280 1645
1519290 1644
1519300 1641
1519310 1641
1519320 1641
1519330 1639
1519340 1639
1519350 1633
1519360 1628
1519370 1628
1519380 1627
1519390 1627
1519400 1627
1519410 1629
1519420 1629
1519430 1624
1519440 1624
1519450 1619
1519460 1616
1519470 1616
1519480 1611
1519490 1607
1519500 1607
1519510 1604
1519520 1600
1519530 1600
1519540 1598
1519550 1591
1519560 1591
1519570 1587
1519580 1587
1519590 1587
1519600 1586
1519610 1582
1519620 1582
1519630 1584
1519640 1592
1519650 1592
1519660 1599
1519670 1604
1519680 1604
1519690 1608
1519700 1610
1519710 1610
1519720 1614
1519730 1618
1519740 1618
1519750 1619
1519760 1618
1519770 1618
1519780 1614
1519790 1610
1519800 1610
1519810 1609
1519820 1609
1519830 1609
1519840 1609
1519850 1607
1519860 1607
1519870 1602
1519880 1594
1519890 1594
1519900 1586
1519910 1569
1519920 1569
1519930 1553
1519940 1547
1519950 1547
1519960 1543
1519970 1536
1519980 1532
1519990 1532
