1500000 762
1500010 764
1500020 764
1500030 765
1500040 766
1500050 766
1500060 767
1500070 767
1500080 767
1500090 768
1500100 768
1500110 768
1500120 768
1500130 769
1500140 769
1500150 769
1500160 770
1500170 770
1500180 770
1500190 770
1500200 770
1500210 769
1500220 769
1500230 769
1500240 770
1500250 770
1500260 770
1500270 771
1500280 771
1500290 771
1500300 772
1500310 772
1500320 772
1500330 773
1500340 772
1500350 772
1500360 771
1500370 771
1500380 770
1500390 770
1500400 769
1500410 768
1500420 768
1500430 768
1500440 767
1500450 767
1500460 767
1500470 767
1500480 767
1500490 767
1500500 766
1500510 766
1500520 766
1500530 766
1500540 766
1500550 765
1500560 765
1500570 765
1500580 764
1500590 764
1500600 764
1500610 763
1500620 763
1500630 763
1500640 764
1500650 764
1500660 764
1500670 764
1500680 764
1500690 764
1500700 764
1500710 764
1500720 764
1500730 764
1500740 764
1500750 764
1500760 764
1500770 763
1500780 765
1500790 765
1500800 766
1500810 766
1500820 766
1500830 766
1500840 766
1500850 766
1500860 766
1500870 766
1500880 766
1500890 766
1500900 766
1500910 765
1500920 764
1500930 764
1500940 763
1500950 762
1500960 762
1500970 761
1500980 761
1500990 761
1501000 761
1501010 760
1501020 759
1501030 759
1501040 758
1501050 757
1501060 757
1501070 755
1501080 753
1501090 753
1501100 752
1501110 751
1501120 751
1501130 750
1501140 750
1501150 750
1501160 750
1501170 750
1501180 750
1501190 750
1501200 751
1501210 751
1501220 751
1501230 751
1501240 751
1501250 751
1501260 750
1501270 750
1501280 750
1501290 749
1501300 749
1501310 748
1501320 746
1501330 746
1501340 745
1501350 744
1501360 744
1501370 743
1501380 741
1501390 741
1501400 740
1501410 740
1501420 740
1501430 739
1501440 739
1501450 739
1501460 739
1501470 739
1501480 739
1501490 739
1501500 738
1501510 738
1501520 738
1501530 738
1501540 738
1501550 738
1501560 737
1501570 737
1501580 737
1501590 737
1501600 737
1501610 737
1501620 736
1501630 736
1501640 736
1501650 736
1501660 736
1501670 736
1501680 736
1501690 735
1501700 735
1501710 735
1501720 734
1501730 734
1501740 734
1501750 733
1501760 733
1501770 733
1501780 733
1501790 733
1501800 732
1501810 732
1501820 732
1501830 731
1501840 730
1501850 730
1501860 730
1501870 730
1501880 730
1501890 730
1501900 729
1501910 729
1501920 729
1501930 729
1501940 729
1501950 729
1501960 729
1501970 729
1501980 729
1501990 730
1502000 730
1502010 730
1502020 731
1502030 731
1502040 731
1502050 732
1502060 732
1502070 733
1502080 734
1502090 734
1502100 734
1502110 735
1502120 735
1502130 736
1502140 736
1502150 736
1502160 737
1502170 737
1502180 737
1502190 737
1502200 736
1502210 736
1502220 736
1502230 736
1502240 736
1502250 736
1502260 737
1502270 738
1502280 738
1502290 740
1502300 742
1502310 742
1502320 743
1502330 743
1502340 743
1502350 742
1502360 742
1502370 742
1502380 742
1502390 742
1502400 742
1502410 742
1502420 741
1502430 741
1502440 741
1502450 739
1502460 739
1502470 738
1502480 736
1502490 736
1502500 734
1502510 732
1502520 732
1502530 731
1502540 729
1502550 729
1502560 727
1502570 725
1502580 725
1502590 723
1502600 722
1502610 722
1502620 722
1502630 722
1502640 722
1502650 723
1502660 725
1502670 725
1502680 728
1502690 731
1502700 731
1502710 733
1502720 734
1502730 734
1502740 733
1502750 732
1502760 732
1502770 730
1502780 727
1502790 727
1502800 724
1502810 720
1502820 720
1502830 716
1502840 714
1502850 711
1502860 711
1502870 707
1502880 703
1502890 703
1502900 700
1502910 696
1502920 696
1502930 693
1502940 689
1502950 689
1502960 687
1502970 685
1502980 685
1502990 682
1503000 679
1503010 679
1503020 674
1503030 668
1503040 668
1503050 663
1503060 663
1503070 663
1503080 668
1503090 673
1503100 673
1503110 671
1503120 667
1503130 667
1503140 663
1503150 661
1503160 661
1503170 658
1503180 655
1503190 655
1503200 651
1503210 648
1503220 648
1503230 645
1503240 643
1503250 643
1503260 641
1503270 639
1503280 639
1503290 639
1503300 638
1503310 638
1503320 637
1503330 637
1503340 637
1503350 636
1503360 635
1503370 635
1503380 634
1503390 633
1503400 633
1503410 633
1503420 632
1503430 632
1503440 631
1503450 631
1503460 630
1503470 630
1503480 630
1503490 629
1503500 629
1503510 629
1503520 629
1503530 629
1503540 629
1503550 630
1503560 630
1503570 632
1503580 631
1503590 631
1503600 630
1503610 628
1503620 628
1503630 626
1503640 625
1503650 625
1503660 624
1503670 622
1503680 622
1503690 620
1503700 619
1503710 619
1503720 619
1503730 619
1503740 619
1503750 619
1503760 619
1503770 619
1503780 619
1503790 618
1503800 618
1503810 618
1503820 616
1503830 616
1503840 615
1503850 614
1503860 614
1503870 614
1503880 613
1503890 613
1503900 612
1503910 611
1503920 611
1503930 610
1503940 609
1503950 609
1503960 609
1503970 607
1503980 607
1503990 606
1504000 605
1504010 605
1504020 603
1504030 601
1504040 601
1504050 599
1504060 597
1504070 595
1504080 595
1504090 593
1504100 591
1504110 591
1504120 590
1504130 588
1504140 588
1504150 586
1504160 585
1504170 585
1504180 584
1504190 583
1504200 583
1504210 580
1504220 578
1504230 578
1504240 575
1504250 572
1504260 572
1504270 570
1504280 567
1504290 567
1504300 563
1504310 560
1504320 560
1504330 557
1504340 555
1504350 555
1504360 554
1504370 553
1504380 553
1504390 552
1504400 551
1504410 551
1504420 549
1504430 547
1504440 547
1504450 545
1504460 543
1504470 543
1504480 543
1504490 542
1504500 542
1504510 540
1504520 537
1504530 537
1504540 535
1504550 532
1504560 532
1504570 531
1504580 532
1504590 532
1504600 533
1504610 533
1504620 533
1504630 534
1504640 534
1504650 534
1504660 534
1504670 533
1504680 534
1504690 534
1504700 532
1504710 531
1504720 531
1504730 530
1504740 529
1504750 529
1504760 529
1504770 528
1504780 528
1504790 528
1504800 528
1504810 528
1504820 528
1504830 529
1504840 529
1504850 529
1504860 529
1504870 529
1504880 530
1504890 530
1504900 530
1504910 530
1504920 529
1504930 529
1504940 528
1504950 525
1504960 525
1504970 524
1504980 522
1504990 522
1505000 520
1505010 519
1505020 519
1505030 518
1505040 517
1505050 517
1505060 515
1505070 513
1505080 513
1505090 512
1505100 510
1505110 510
1505120 509
1505130 507
1505140 507
1505150 505
1505160 503
1505170 503
1505180 502
1505190 500
1505200 500
1505210 498
1505220 497
1505230 497
1505240 496
1505250 495
1505260 495
1505270 495
1505280 494
1505290 494
1505300 494
1505310 494
1505320 494
1505330 494
1505340 493
1505350 492
1505360 492
1505370 492
1505380 491
1505390 491
1505400 491
1505410 490
1505420 490
1505430 489
1505440 489
1505450 489
1505460 488
1505470 488
1505480 488
1505490 487
1505500 487
1505510 487
1505520 488
1505530 490
1505540 490
1505550 492
1505560 493
1505570 493
1505580 494
1505590 495
1505600 495
1505610 496
1505620 496
1505630 496
1505640 497
1505650 497
1505660 497
1505670 497
1505680 497
1505690 497
1505700 497
1505710 497
1505720 497
1505730 497
1505740 497
1505750 497
1505760 496
1505770 495
1505780 495
1505790 494
1505800 492
1505810 492
1505820 490
1505830 488
1505840 488
1505850 486
1505860 484
1505870 484
1505880 482
1505890 480
1505900 480
1505910 478
1505920 476
1505930 473
1505940 473
1505950 471
1505960 469
1505970 469
1505980 468
1505990 469
1506000 469
1506010 469
1506020 469
1506030 469
1506040 469
1506050 468
1506060 468
1506070 468
1506080 468
1506090 468
1506100 469
1506110 469
1506120 469
1506130 469
1506140 469
1506150 469
1506160 469
1506170 469
1506180 469
1506190 469
1506200 469
1506210 469
1506220 468
1506230 468
1506240 468
1506250 469
1506260 469
1506270 469
1506280 468
1506290 469
1506300 469
1506310 469
1506320 468
1506330 468
1506340 468
1506350 468
1506360 468
1506370 468
1506380 469
1506390 469
1506400 469
1506410 469
1506420 469
1506430 468
1506440 468
1506450 468
1506460 469
1506470 469
1506480 469
1506490 469
1506500 469
1506510 469
1506520 469
1506530 469
1506540 469
1506550 469
1506560 469
1506570 469
1506580 469
1506590 468
1506600 468
1506610 468
1506620 468
1506630 468
1506640 468
1506650 468
1506660 469
1506670 469
1506680 469
1506690 468
1506700 468
1506710 468
1506720 468
1506730 468
1506740 468
1506750 468
1506760 468
1506770 468
1506780 468
1506790 468
1506800 469
1506810 469
1506820 469
1506830 468
1506840 469
1506850 469
1506860 469
1506870 469
1506880 469
1506890 469
1506900 469
1506910 469
1506920 468
1506930 469
1506940 469
1506950 469
1506960 468
1506970 468
1506980 469
1506990 469
1507000 469
1507010 468
1507020 468
1507030 468
1507040 468
1507050 468
1507060 468
1507070 469
1507080 469
1507090 469
1507100 469
1507110 469
1507120 469
1507130 469
1507140 468
1507150 468
1507160 468
1507170 469
1507180 469
1507190 469
1507200 468
1507210 468
1507220 468
1507230 469
1507240 469
1507250 469
1507260 468
1507270 468
1507280 468
1507290 468
1507300 468
1507310 468
1507320 469
1507330 469
1507340 469
1507350 469
1507360 468
1507370 468
1507380 468
1507390 468
1507400 468
1507410 469
1507420 469
1507430 469
1507440 468
1507450 468
1507460 468
1507470 468
1507480 468
1507490 468
1507500 469
1507510 468
1507520 468
1507530 468
1507540 469
1507550 469
1507560 469
1507570 469
1507580 469
1507590 469
1507600 468
1507610 468
1507620 468
1507630 468
1507640 468
1507650 469
1507660 469
1507670 469
1507680 469
1507690 469
1507700 469
1507710 468
1507720 468
1507730 468
1507740 468
1507750 468
1507760 468
1507770 468
1507780 468
1507790 468
1507800 468
1507810 468
1507820 468
1507830 468
1507840 468
1507850 469
1507860 469
1507870 469
1507880 469
1507890 469
1507900 469
1507910 469
1507920 469
1507930 469
1507940 468
1507950 468
1507960 468
1507970 469
1507980 469
1507990 469
1508000 468
1508010 468
1508020 468
1508030 468
1508040 468
1508050 469
1508060 469
1508070 469
1508080 469
1508090 469
1508100 469
1508110 469
1508120 469
1508130 469
1508140 469
1508150 469
1508160 469
1508170 468
1508180 468
1508190 468
1508200 468
1508210 468
1508220 468
1508230 468
1508240 468
1508250 468
1508260 468
1508270 469
1508280 469
1508290 469
1508300 469
1508310 469
1508320 468
1508330 469
1508340 469
1508350 469
1508360 469
1508370 469
1508380 469
1508390 469
1508400 469
1508410 469
1508420 469
1508430 469
1508440 469
1508450 468
1508460 468
1508470 468
1508480 468
1508490 468
1508500 468
1508510 468
1508520 468
1508530 468
1508540 468
1508550 468
1508560 468
1508570 468
1508580 468
1508590 468
1508600 468
1508610 468
1508620 468
1508630 468
1508640 468
1508650 468
1508660 468
1508670 468
1508680 468
1508690 468
1508700 468
1508710 468
1508720 468
1508730 468
1508740 468
1508750 468
1508760 468
1508770 468
1508780 468
1508790 468
1508800 468
1508810 468
1508820 468
1508830 468
1508840 468
1508850 468
1508860 468
1508870 469
1508880 470
1508890 470
1508900 473
1508910 478
1508920 478
1508930 483
1508940 489
1508950 489
1508960 494
1508970 499
1508980 505
1508990 505
1509000 511
1509010 517
1509020 517
1509030 522
1509040 527
1509050 527
1509060 534
1509070 539
1509080 539
1509090 544
1509100 548
1509110 548
1509120 554
1509130 561
1509140 561
1509150 568
1509160 575
1509170 575
1509180 583
1509190 591
1509200 591
1509210 598
1509220 604
1509230 604
1509240 610
1509250 616
1509260 616
1509270 620
1509280 624
1509290 624
1509300 630
1509310 638
1509320 638
1509330 647
1509340 654
1509350 654
1509360 659
1509370 664
1509380 664
1509390 669
1509400 674
1509410 674
1509420 678
1509430 682
1509440 682
1509450 686
1509460 690
1509470 690
1509480 694
1509490 698
1509500 698
1509510 703
1509520 708
1509530 708
1509540 713
1509550 718
1509560 718
1509570 724
1509580 729
1509590 733
1509600 733
1509610 739
1509620 744
1509630 744
1509640 749
1509650 754
1509660 754
1509670 760
1509680 765
1509690 765
1509700 770
1509710 775
1509720 775
1509730 780
1509740 784
1509750 784
1509760 787
1509770 791
1509780 791
1509790 794
1509800 797
1509810 797
1509820 799
1509830 801
1509840 801
1509850 803
1509860 805
1509870 805
1509880 806
1509890 807
1509900 807
1509910 806
1509920 805
1509930 805
1509940 803
1509950 801
1509960 801
1509970 798
1509980 795
1509990 795
1510000 793
1510010 791
1510020 791
1510030 788
1510040 785
1510050 785
1510060 782
1510070 778
1510080 778
1510090 774
1510100 770
1510110 770
1510120 767
1510130 765
1510140 765
1510150 763
1510160 761
1510170 761
1510180 758
1510190 756
1510200 754
1510210 754
1510220 754
1510230 753
1510240 753
1510250 751
1510260 750
1510270 750
1510280 748
1510290 747
1510300 747
1510310 747
1510320 746
1510330 746
1510340 745
1510350 744
1510360 744
1510370 742
1510380 742
1510390 742
1510400 743
1510410 743
1510420 743
1510430 743
1510440 743
1510450 743
1510460 743
1510470 743
1510480 743
1510490 742
1510500 740
1510510 740
1510520 739
1510530 737
1510540 737
1510550 736
1510560 737
1510570 737
1510580 737
1510590 737
1510600 737
1510610 737
1510620 737
1510630 737
1510640 737
1510650 737
1510660 737
1510670 738
1510680 738
1510690 738
1510700 738
1510710 739
1510720 739
1510730 739
1510740 737
1510750 737
1510760 736
1510770 734
1510780 734
1510790 731
1510800 729
1510810 729
1510820 728
1510830 727
1510840 727
1510850 727
1510860 731
1510870 733
1510880 733
1510890 733
1510900 733
1510910 733
1510920 733
1510930 733
1510940 733
1510950 732
1510960 732
1510970 732
1510980 731
1510990 731
1511000 731
1511010 732
1511020 732
1511030 732
1511040 732
1511050 733
1511060 733
1511070 731
1511080 728
1511090 728
1511100 722
1511110 715
1511120 715
1511130 706
1511140 705
1511150 705
1511160 711
1511170 711
1511180 711
1511190 707
1511200 710
1511210 710
1511220 715
1511230 718
1511240 718
1511250 720
1511260 723
1511270 723
1511280 725
1511290 728
1511300 728
1511310 730
1511320 730
1511330 730
1511340 730
1511350 732
1511360 732
1511370 733
1511380 735
1511390 735
1511400 736
1511410 737
1511420 737
1511430 738
1511440 737
1511450 735
1511460 735
1511470 732
1511480 729
1511490 729
1511500 728
1511510 727
1511520 727
1511530 726
1511540 727
1511550 727
1511560 731
1511570 736
1511580 736
1511590 738
1511600 736
1511610 736
1511620 730
1511630 723
1511640 723
1511650 716
1511660 709
1511670 709
1511680 704
1511690 699
1511700 699
1511710 694
1511720 692
1511730 692
1511740 690
1511750 690
1511760 690
1511770 692
1511780 693
1511790 693
1511800 692
1511810 687
1511820 687
1511830 684
1511840 684
1511850 684
1511860 685
1511870 685
1511880 685
1511890 685
1511900 688
1511910 688
1511920 693
1511930 698
1511940 698
1511950 703
1511960 709
1511970 709
1511980 713
1511990 718
1512000 718
1512010 722
1512020 725
1512030 725
1512040 728
1512050 729
1512060 728
1512070 728
1512080 723
1512090 718
1512100 718
1512110 715
1512120 712
1512130 712
1512140 712
1512150 713
1512160 713
1512170 713
1512180 712
1512190 712
1512200 713
1512210 715
1512220 715
1512230 716
1512240 715
1512250 715
1512260 715
1512270 715
1512280 715
1512290 716
1512300 717
1512310 717
1512320 717
1512330 716
1512340 716
1512350 714
1512360 712
1512370 712
1512380 711
1512390 710
1512400 710
1512410 711
1512420 713
1512430 713
1512440 715
1512450 720
1512460 720
1512470 721
1512480 722
1512490 722
1512500 724
1512510 726
1512520 726
1512530 728
1512540 729
1512550 729
1512560 732
1512570 734
1512580 734
1512590 736
1512600 738
1512610 738
1512620 740
1512630 741
1512640 741
1512650 743
1512660 745
1512670 746
1512680 746
1512690 747
1512700 747
1512710 747
1512720 747
1512730 746
1512740 746
1512750 745
1512760 743
1512770 743
1512780 740
1512790 735
1512800 735
1512810 731
1512820 726
1512830 726
1512840 722
1512850 718
1512860 718
1512870 713
1512880 709
1512890 709
1512900 706
1512910 705
1512920 705
1512930 706
1512940 706
1512950 706
1512960 706
1512970 705
1512980 705
1512990 703
1513000 701
1513010 701
1513020 706
1513030 714
1513040 714
1513050 719
1513060 722
1513070 722
1513080 725
1513090 727
1513100 727
1513110 730
1513120 734
1513130 734
1513140 736
1513150 739
1513160 739
1513170 741
1513180 743
1513190 743
1513200 744
1513210 745
1513220 745
1513230 746
1513240 747
1513250 747
1513260 746
1513270 745
1513280 745
1513290 745
1513300 743
1513310 742
1513320 742
1513330 740
1513340 736
1513350 736
1513360 731
1513370 727
1513380 727
1513390 723
1513400 721
1513410 721
1513420 720
1513430 722
1513440 722
1513450 722
1513460 721
1513470 721
1513480 720
1513490 719
1513500 719
1513510 716
1513520 714
1513530 714
1513540 712
1513550 711
1513560 711
1513570 707
1513580 704
1513590 704
1513600 701
1513610 700
1513620 700
1513630 705
1513640 710
1513650 710
1513660 713
1513670 712
1513680 712
1513690 709
1513700 707
1513710 707
1513720 709
1513730 712
1513740 712
1513750 715
1513760 718
1513770 718
1513780 721
1513790 723
1513800 723
1513810 727
1513820 730
1513830 730
1513840 733
1513850 737
1513860 737
1513870 740
1513880 744
1513890 744
1513900 747
1513910 751
1513920 755
1513930 755
1513940 759
1513950 763
1513960 763
1513970 767
1513980 770
1513990 770
1514000 774
1514010 777
1514020 777
1514030 781
1514040 784
1514050 784
1514060 786
1514070 788
1514080 788
1514090 790
1514100 791
1514110 791
1514120 793
1514130 794
1514140 794
1514150 795
1514160 797
1514170 797
1514180 797
1514190 796
1514200 796
1514210 795
1514220 795
1514230 795
1514240 797
1514250 799
1514260 799
1514270 800
1514280 798
1514290 798
1514300 800
1514310 805
1514320 805
1514330 810
1514340 812
1514350 812
1514360 814
1514370 817
1514380 817
1514390 820
1514400 821
1514410 821
1514420 823
1514430 827
1514440 827
1514450 834
1514460 842
1514470 842
1514480 849
1514490 856
1514500 856
1514510 862
1514520 870
1514530 877
1514540 877
1514550 884
1514560 891
1514570 891
1514580 898
1514590 903
1514600 903
1514610 908
1514620 912
1514630 912
1514640 915
1514650 918
1514660 918
1514670 921
1514680 924
1514690 924
1514700 925
1514710 927
1514720 927
1514730 928
1514740 928
1514750 928
1514760 927
1514770 926
1514780 926
1514790 925
1514800 925
1514810 925
1514820 924
1514830 924
1514840 924
1514850 926
1514860 927
1514870 927
1514880 928
1514890 930
1514900 930
1514910 932
1514920 935
1514930 935
1514940 936
1514950 937
1514960 937
1514970 937
1514980 939
1514990 939
1515000 940
1515010 941
1515020 941
1515030 942
1515040 943
1515050 943
1515060 944
1515070 945
1515080 945
1515090 946
1515100 948
1515110 948
1515120 951
1515130 952
1515140 952
1515150 952
1515160 952
1515170 954
1515180 954
1515190 955
1515200 958
1515210 958
1515220 961
1515230 966
1515240 966
1515250 970
1515260 974
1515270 974
1515280 978
1515290 982
1515300 982
1515310 985
1515320 989
1515330 989
1515340 991
1515350 992
1515360 992
1515370 993
1515380 993
1515390 993
1515400 994
1515410 996
1515420 996
1515430 1000
1515440 1003
1515450 1003
1515460 1006
1515470 1009
1515480 1009
1515490 1013
1515500 1016
1515510 1016
1515520 1021
1515530 1026
1515540 1026
1515550 1031
1515560 1035
1515570 1035
1515580 1039
1515590 1043
1515600 1043
1515610 1046
1515620 1050
1515630 1050
1515640 1052
1515650 1055
1515660 1055
1515670 1057
1515680 1058
1515690 1058
1515700 1060
1515710 1060
1515720 1060
1515730 1060
1515740 1061
1515750 1061
1515760 1061
1515770 1060
1515780 1060
1515790 1060
1515800 1059
1515810 1058
1515820 1058
1515830 1057
1515840 1056
1515850 1056
1515860 1054
1515870 1053
1515880 1053
1515890 1052
1515900 1050
1515910 1050
1515920 1049
1515930 1047
1515940 1047
1515950 1045
1515960 1043
1515970 1043
1515980 1041
1515990 1038
1516000 1038
1516010 1036
1516020 1035
1516030 1035
1516040 1034
1516050 1032
1516060 1032
1516070 1031
1516080 1029
1516090 1029
1516100 1028
1516110 1026
1516120 1026
1516130 1024
1516140 1023
1516150 1023
1516160 1021
1516170 1020
1516180 1020
1516190 1018
1516200 1016
1516210 1016
1516220 1014
1516230 1012
1516240 1012
1516250 1009
1516260 1007
1516270 1007
1516280 1004
1516290 1002
1516300 1002
1516310 999
1516320 997
1516330 997
1516340 995
1516350 992
1516360 989
1516370 989
1516380 988
1516390 988
1516400 988
1516410 987
1516420 984
1516430 984
1516440 981
1516450 977
1516460 977
1516470 975
1516480 974
1516490 974
1516500 975
1516510 974
1516520 974
1516530 972
1516540 975
1516550 975
1516560 979
1516570 984
1516580 984
1516590 988
1516600 991
1516610 991
1516620 993
1516630 994
1516640 994
1516650 993
1516660 992
1516670 992
1516680 989
1516690 985
1516700 985
1516710 981
1516720 982
1516730 982
1516740 978
1516750 974
1516760 974
1516770 969
1516780 965
1516790 965
1516800 960
1516810 956
1516820 956
1516830 952
1516840 948
1516850 948
1516860 943
1516870 943
1516880 943
1516890 946
1516900 948
1516910 948
1516920 952
1516930 955
1516940 955
1516950 959
1516960 964
1516970 964
1516980 969
1516990 974
1517000 978
1517010 978
1517020 981
1517030 985
1517040 985
1517050 989
1517060 992
1517070 992
1517080 994
1517090 995
1517100 995
1517110 996
1517120 997
1517130 997
1517140 999
1517150 999
1517160 999
1517170 998
1517180 997
1517190 997
1517200 995
1517210 992
1517220 992
1517230 990
1517240 987
1517250 987
1517260 984
1517270 981
1517280 981
1517290 977
1517300 974
1517310 974
1517320 970
1517330 966
1517340 966
1517350 962
1517360 958
1517370 958
1517380 954
1517390 948
1517400 948
1517410 941
1517420 934
1517430 934
1517440 928
1517450 921
1517460 921
1517470 918
1517480 916
1517490 916
1517500 914
1517510 912
1517520 912
1517530 912
1517540 914
1517550 914
1517560 916
1517570 917
1517580 917
1517590 918
1517600 919
1517610 918
1517620 918
1517630 917
1517640 916
1517650 916
1517660 913
1517670 911
1517680 911
1517690 908
1517700 905
1517710 905
1517720 902
1517730 899
1517740 899
1517750 895
1517760 891
1517770 891
1517780 889
1517790 888
1517800 888
1517810 886
1517820 884
1517830 884
1517840 882
1517850 881
1517860 881
1517870 879
1517880 877
1517890 877
1517900 876
1517910 875
1517920 875
1517930 874
1517940 874
1517950 874
1517960 874
1517970 873
1517980 873
1517990 871
1518000 871
1518010 871
1518020 872
1518030 874
1518040 874
1518050 875
1518060 877
1518070 877
1518080 878
1518090 880
1518100 880
1518110 882
1518120 883
1518130 883
1518140 883
1518150 884
1518160 884
1518170 884
1518180 884
1518190 884
1518200 883
1518210 883
1518220 883
1518230 883
1518240 882
1518250 881
1518260 881
1518270 880
1518280 879
1518290 879
1518300 878
1518310 876
1518320 876
1518330 874
1518340 872
1518350 872
1518360 870
1518370 869
1518380 869
1518390 868
1518400 866
1518410 866
1518420 864
1518430 863
1518440 863
1518450 862
1518460 861
1518470 861
1518480 859
1518490 858
1518500 858
1518510 856
1518520 854
1518530 854
1518540 852
1518550 850
1518560 850
1518570 848
1518580 846
1518590 846
1518600 844
1518610 842
1518620 842
1518630 840
1518640 838
1518650 838
1518660 836
1518670 833
1518680 833
1518690 831
1518700 829
1518710 829
1518720 827
1518730 825
1518740 825
1518750 823
1518760 820
1518770 820
1518780 817
1518790 814
1518800 814
1518810 811
1518820 808
1518830 805
1518840 805
1518850 802
1518860 799
1518870 799
1518880 797
1518890 795
1518900 795
1518910 792
1518920 789
1518930 789
1518940 785
1518950 782
1518960 782
1518970 779
1518980 776
1518990 776
1519000 774
1519010 771
1519020 771
1519030 769
1519040 767
1519050 767
1519060 766
1519070 763
1519080 763
1519090 760
1519100 757
1519110 757
1519120 755
1519130 753
1519140 753
1519150 750
1519160 748
1519170 748
1519180 746
1519190 744
1519200 744
1519210 743
1519220 741
1519230 741
1519240 740
1519250 738
1519260 738
1519270 737
1519280 735
1519290 735
1519300 734
1519310 732
1519320 732
1519330 731
1519340 729
1519350 729
1519360 727
1519370 726
1519380 726
1519390 724
1519400 723
1519410 723
1519420 721
1519430 720
1519440 718
1519450 718
1519460 717
1519470 715
1519480 715
1519490 713
1519500 711
1519510 711
1519520 709
1519530 706
1519540 706
1519550 702
1519560 698
1519570 698
1519580 695
1519590 694
1519600 694
1519610 693
1519620 691
1519630 691
1519640 689
1519650 686
1519660 686
1519670 684
1519680 681
1519690 681
1519700 681
1519710 681
1519720 681
1519730 681
1519740 680
1519750 680
1519760 679
1519770 678
1519780 678
1519790 676
1519800 674
1519810 674
1519820 672
1519830 670
1519840 670
1519850 670
1519860 669
1519870 669
1519880 668
1519890 667
1519900 667
1519910 667
1519920 666
1519930 666
1519940 664
1519950 662
1519960 662
1519970 658
1519980 654
1519990 654
