1500000 965
1500010 965
1500020 965
1500030 966
1500040 966
1500050 967
1500060 969
1500070 969
1500080 970
1500090 972
1500100 972
1500110 974
1500120 975
1500130 975
1500140 977
1500150 980
1500160 980
1500170 982
1500180 984
1500190 984
1500200 986
1500210 987
1500220 987
1500230 989
1500240 990
1500250 990
1500260 991
1500270 992
1500280 992
1500290 993
1500300 994
1500310 994
1500320 995
1500330 995
1500340 995
1500350 996
1500360 997
1500370 997
1500380 998
1500390 998
1500400 998
1500410 999
1500420 1000
1500430 1000
1500440 1001
1500450 1001
1500460 1001
1500470 1001
1500480 1002
1500490 1002
1500500 1002
1500510 1003
1500520 1003
1500530 1003
1500540 1003
1500550 1003
1500560 1003
1500570 1003
1500580 1004
1500590 1004
1500600 1004
1500610 1004
1500620 1004
1500630 1004
1500640 1003
1500650 1003
1500660 1003
1500670 1002
1500680 1002
1500690 1002
1500700 1002
1500710 1002
1500720 1002
1500730 1001
1500740 1001
1500750 1001
1500760 1001
1500770 1001
1500780 1000
1500790 1000
1500800 1000
1500810 999
1500820 999
1500830 999
1500840 998
1500850 998
1500860 998
1500870 997
1500880 997
1500890 997
1500900 996
1500910 996
1500920 996
1500930 996
1500940 996
1500950 996
1500960 995
1500970 995
1500980 995
1500990 994
1501000 995
1501010 995
1501020 994
1501030 994
1501040 994
1501050 994
1501060 993
1501070 993
1501080 993
1501090 992
1501100 992
1501110 991
1501120 990
1501130 990
1501140 990
1501150 989
1501160 989
1501170 987
1501180 986
1501190 985
1501200 985
1501210 984
1501220 982
1501230 982
1501240 979
1501250 977
1501260 977
1501270 975
1501280 972
1501290 972
1501300 968
1501310 964
1501320 964
1501330 959
1501340 955
1501350 955
1501360 951
1501370 946
1501380 946
1501390 940
1501400 936
1501410 936
1501420 933
1501430 931
1501440 931
1501450 930
1501460 931
1501470 931
1501480 931
1501490 932
1501500 932
1501510 934
1501520 937
1501530 937
1501540 942
1501550 947
1501560 947
1501570 951
1501580 952
1501590 952
1501600 954
1501610 955
1501620 955
1501630 956
1501640 957
1501650 957
1501660 959
1501670 960
1501680 960
1501690 961
1501700 963
1501710 963
1501720 965
1501730 966
1501740 966
1501750 968
1501760 970
1501770 970
1501780 971
1501790 972
1501800 972
1501810 973
1501820 973
1501830 974
1501840 974
1501850 974
1501860 974
1501870 974
1501880 974
1501890 974
1501900 974
1501910 973
1501920 972
1501930 972
1501940 971
1501950 971
1501960 971
1501970 970
1501980 970
1501990 970
1502000 969
1502010 968
1502020 968
1502030 967
1502040 965
1502050 965
1502060 964
1502070 963
1502080 963
1502090 962
1502100 961
1502110 961
1502120 960
1502130 960
1502140 960
1502150 958
1502160 957
1502170 957
1502180 956
1502190 955
1502200 955
1502210 954
1502220 953
1502230 953
1502240 951
1502250 950
1502260 950
1502270 949
1502280 949
1502290 949
1502300 949
1502310 948
1502320 948
1502330 948
1502340 947
1502350 947
1502360 947
1502370 946
1502380 946
1502390 946
1502400 946
1502410 946
1502420 945
1502430 945
1502440 945
1502450 944
1502460 944
1502470 944
1502480 944
1502490 944
1502500 944
1502510 944
1502520 944
1502530 944
1502540 944
1502550 943
1502560 942
1502570 942
1502580 941
1502590 940
1502600 940
1502610 940
1502620 940
1502630 940
1502640 940
1502650 940
1502660 940
1502670 939
1502680 939
1502690 939
1502700 939
1502710 939
1502720 939
1502730 939
1502740 938
1502750 938
1502760 937
1502770 937
1502780 937
1502790 936
1502800 936
1502810 936
1502820 937
1502830 936
1502840 936
1502850 936
1502860 935
1502870 935
1502880 935
1502890 934
1502900 934
1502910 934
1502920 933
1502930 933
1502940 931
1502950 930
1502960 930
1502970 928
1502980 927
1502990 927
1503000 925
1503010 925
1503020 925
1503030 924
1503040 923
1503050 923
1503060 922
1503070 921
1503080 921
1503090 920
1503100 919
1503110 919
1503120 918
1503130 916
1503140 915
1503150 915
1503160 914
1503170 913
1503180 913
1503190 913
1503200 912
1503210 912
1503220 912
1503230 912
1503240 912
1503250 912
1503260 912
1503270 912
1503280 912
1503290 913
1503300 913
1503310 912
1503320 912
1503330 912
1503340 912
1503350 911
1503360 911
1503370 911
1503380 911
1503390 911
1503400 910
1503410 910
1503420 910
1503430 909
1503440 909
1503450 909
1503460 908
1503470 907
1503480 907
1503490 907
1503500 906
1503510 906
1503520 905
1503530 904
1503540 904
1503550 902
1503560 900
1503570 900
1503580 895
1503590 890
1503600 890
1503610 883
1503620 876
1503630 876
1503640 871
1503650 867
1503660 867
1503670 864
1503680 861
1503690 861
1503700 856
1503710 852
1503720 852
1503730 850
1503740 849
1503750 849
1503760 849
1503770 848
1503780 847
1503790 847
1503800 848
1503810 848
1503820 848
1503830 848
1503840 847
1503850 847
1503860 847
1503870 847
1503880 847
1503890 847
1503900 846
1503910 846
1503920 845
1503930 845
1503940 845
1503950 844
1503960 844
1503970 844
1503980 843
1503990 842
1504000 842
1504010 840
1504020 838
1504030 838
1504040 836
1504050 831
1504060 831
1504070 824
1504080 814
1504090 814
1504100 804
1504110 794
1504120 794
1504130 785
1504140 775
1504150 775
1504160 766
1504170 757
1504180 757
1504190 749
1504200 742
1504210 742
1504220 735
1504230 729
1504240 729
1504250 722
1504260 716
1504270 716
1504280 709
1504290 703
1504300 703
1504310 696
1504320 689
1504330 689
1504340 683
1504350 676
1504360 676
1504370 669
1504380 663
1504390 663
1504400 656
1504410 649
1504420 643
1504430 643
1504440 636
1504450 630
1504460 630
1504470 623
1504480 617
1504490 617
1504500 611
1504510 605
1504520 605
1504530 599
1504540 594
1504550 594
1504560 589
1504570 584
1504580 584
1504590 580
1504600 576
1504610 576
1504620 572
1504630 569
1504640 569
1504650 566
1504660 562
1504670 564
1504680 560
1504690 557
1504700 557
1504710 554
1504720 552
1504730 552
1504740 550
1504750 548
1504760 548
1504770 547
1504780 545
1504790 545
1504800 542
1504810 540
1504820 540
1504830 537
1504840 535
1504850 535
1504860 533
1504870 531
1504880 531
1504890 529
1504900 527
1504910 527
1504920 525
1504930 523
1504940 523
1504950 521
1504960 520
1504970 520
1504980 518
1504990 516
1505000 516
1505010 513
1505020 512
1505030 512
1505040 509
1505050 507
1505060 505
1505070 505
1505080 503
1505090 501
1505100 501
1505110 500
1505120 499
1505130 499
1505140 499
1505150 498
1505160 498
1505170 496
1505180 494
1505190 494
1505200 493
1505210 491
1505220 491
1505230 490
1505240 489
1505250 489
1505260 488
1505270 487
1505280 487
1505290 485
1505300 483
1505310 483
1505320 482
1505330 480
1505340 480
1505350 478
1505360 477
1505370 477
1505380 475
1505390 473
1505400 473
1505410 472
1505420 470
1505430 470
1505440 469
1505450 469
1505460 469
1505470 469
1505480 469
1505490 469
1505500 469
1505510 469
1505520 469
1505530 469
1505540 469
1505550 469
1505560 469
1505570 469
1505580 469
1505590 469
1505600 469
1505610 469
1505620 469
1505630 469
1505640 469
1505650 469
1505660 469
1505670 469
1505680 469
1505690 469
1505700 469
1505710 469
1505720 469
1505730 469
1505740 469
1505750 469
1505760 469
1505770 469
1505780 469
1505790 469
1505800 469
1505810 469
1505820 469
1505830 469
1505840 469
1505850 469
1505860 469
1505870 469
1505880 469
1505890 469
1505900 469
1505910 469
1505920 469
1505930 469
1505940 469
1505950 469
1505960 469
1505970 469
1505980 469
1505990 469
1506000 469
1506010 469
1506020 469
1506030 469
1506040 469
1506050 469
1506060 469
1506070 469
1506080 469
1506090 469
1506100 469
1506110 469
1506120 469
1506130 469
1506140 469
1506150 469
1506160 469
1506170 469
1506180 469
1506190 469
1506200 469
1506210 469
1506220 469
1506230 469
1506240 469
1506250 469
1506260 469
1506270 469
1506280 469
1506290 469
1506300 469
1506310 469
1506320 469
1506330 469
1506340 469
1506350 469
1506360 469
1506370 469
1506380 469
1506390 469
1506400 469
1506410 469
1506420 469
1506430 469
1506440 469
1506450 469
1506460 469
1506470 469
1506480 469
1506490 469
1506500 469
1506510 469
1506520 469
1506530 469
1506540 469
1506550 469
1506560 469
1506570 469
1506580 469
1506590 469
1506600 469
1506610 469
1506620 469
1506630 469
1506640 469
1506650 469
1506660 469
1506670 469
1506680 469
1506690 469
1506700 469
1506710 469
1506720 469
1506730 469
1506740 469
1506750 469
1506760 469
1506770 469
1506780 469
1506790 469
1506800 469
1506810 469
1506820 469
1506830 469
1506840 469
1506850 469
1506860 469
1506870 469
1506880 469
1506890 469
1506900 469
1506910 469
1506920 469
1506930 469
1506940 469
1506950 469
1506960 469
1506970 469
1506980 469
1506990 469
1507000 469
1507010 469
1507020 469
1507030 469
1507040 469
1507050 469
1507060 469
1507070 469
1507080 469
1507090 469
1507100 469
1507110 469
1507120 469
1507130 469
1507140 469
1507150 469
1507160 468
1507170 468
1507180 468
1507190 468
1507200 468
1507210 468
1507220 468
1507230 468
1507240 468
1507250 468
1507260 468
1507270 468
1507280 468
1507290 468
1507300 468
1507310 468
1507320 468
1507330 468
1507340 468
1507350 468
1507360 468
1507370 468
1507380 468
1507390 468
1507400 468
1507410 468
1507420 468
1507430 468
1507440 468
1507450 468
1507460 468
1507470 468
1507480 468
1507490 468
1507500 468
1507510 468
1507520 468
1507530 468
1507540 469
1507550 469
1507560 469
1507570 469
1507580 469
1507590 469
1507600 469
1507610 469
1507620 469
1507630 469
1507640 469
1507650 469
1507660 469
1507670 469
1507680 469
1507690 469
1507700 469
1507710 469
1507720 469
1507730 469
1507740 469
1507750 469
1507760 469
1507770 469
1507780 469
1507790 469
1507800 469
1507810 469
1507820 469
1507830 469
1507840 469
1507850 469
1507860 469
1507870 469
1507880 469
1507890 469
1507900 469
1507910 469
1507920 469
1507930 469
1507940 469
1507950 469
1507960 469
1507970 469
1507980 469
1507990 469
1508000 469
1508010 469
1508020 469
1508030 469
1508040 469
1508050 469
1508060 469
1508070 469
1508080 469
1508090 469
1508100 469
1508110 469
1508120 469
1508130 469
1508140 469
1508150 469
1508160 469
1508170 469
1508180 469
1508190 469
1508200 469
1508210 469
1508220 469
1508230 469
1508240 469
1508250 469
1508260 469
1508270 469
1508280 469
1508290 469
1508300 469
1508310 469
1508320 469
1508330 469
1508340 469
1508350 469
1508360 469
1508370 469
1508380 469
1508390 469
1508400 469
1508410 469
1508420 469
1508430 469
1508440 469
1508450 469
1508460 469
1508470 469
1508480 469
1508490 469
1508500 469
1508510 469
1508520 469
1508530 469
1508540 469
1508550 469
1508560 469
1508570 469
1508580 469
1508590 469
1508600 469
1508610 469
1508620 469
1508630 469
1508640 469
1508650 469
1508660 469
1508670 469
1508680 469
1508690 469
1508700 469
1508710 469
1508720 469
1508730 469
1508740 469
1508750 469
1508760 469
1508770 469
1508780 469
1508790 469
1508800 469
1508810 469
1508820 469
1508830 469
1508840 469
1508850 469
1508860 469
1508870 469
1508880 469
1508890 469
1508900 469
1508910 469
1508920 469
1508930 469
1508940 469
1508950 469
1508960 469
1508970 469
1508980 469
1508990 469
1509000 469
1509010 469
1509020 469
1509030 469
1509040 469
1509050 469
1509060 469
1509070 469
1509080 469
1509090 469
1509100 469
1509110 469
1509120 469
1509130 469
1509140 469
1509150 469
1509160 469
1509170 469
1509180 469
1509190 469
1509200 469
1509210 469
1509220 469
1509230 468
1509240 468
1509250 468
1509260 469
1509270 469
1509280 469
1509290 468
1509300 468
1509310 468
1509320 468
1509330 468
1509340 468
1509350 468
1509360 468
1509370 468
1509380 468
1509390 468
1509400 469
1509410 469
1509420 469
1509430 469
1509440 469
1509450 469
1509460 469
1509470 469
1509480 469
1509490 469
1509500 469
1509510 469
1509520 469
1509530 469
1509540 469
1509550 469
1509560 469
1509570 469
1509580 469
1509590 469
1509600 469
1509610 469
1509620 469
1509630 469
1509640 469
1509650 469
1509660 469
1509670 469
1509680 469
1509690 469
1509700 469
1509710 469
1509720 469
1509730 469
1509740 469
1509750 469
1509760 469
1509770 469
1509780 469
1509790 469
1509800 469
1509810 469
1509820 469
1509830 469
1509840 469
1509850 469
1509860 469
1509870 469
1509880 469
1509890 469
1509900 469
1509910 469
1509920 469
1509930 469
1509940 469
1509950 468
1509960 468
1509970 468
1509980 469
1509990 469
1510000 469
1510010 469
1510020 469
1510030 469
1510040 469
1510050 469
1510060 469
1510070 469
1510080 469
1510090 469
1510100 469
1510110 469
1510120 469
1510130 469
1510140 469
1510150 469
1510160 469
1510170 469
1510180 469
1510190 469
1510200 469
1510210 469
1510220 469
1510230 469
1510240 469
1510250 469
1510260 469
1510270 469
1510280 469
1510290 469
1510300 469
1510310 469
1510320 469
1510330 470
1510340 470
1510350 471
1510360 472
1510370 472
1510380 473
1510390 474
1510400 474
1510410 475
1510420 477
1510430 477
1510440 479
1510450 481
1510460 481
1510470 483
1510480 486
1510490 486
1510500 488
1510510 492
1510520 492
1510530 497
1510540 501
1510550 501
1510560 506
1510570 510
1510580 510
1510590 514
1510600 518
1510610 518
1510620 521
1510630 525
1510640 525
1510650 528
1510660 533
1510670 533
1510680 537
1510690 541
1510700 541
1510710 543
1510720 546
1510730 546
1510740 549
1510750 550
1510760 550
1510770 552
1510780 555
1510790 555
1510800 559
1510810 562
1510820 562
1510830 564
1510840 567
1510850 567
1510860 570
1510870 573
1510880 576
1510890 576
1510900 579
1510910 581
1510920 581
1510930 582
1510940 584
1510950 584
1510960 585
1510970 587
1510980 587
1510990 587
1511000 587
1511010 587
1511020 587
1511030 588
1511040 588
1511050 588
1511060 589
1511070 589
1511080 591
1511090 594
1511100 594
1511110 597
1511120 601
1511130 601
1511140 606
1511150 610
1511160 610
1511170 612
1511180 615
1511190 615
1511200 618
1511210 622
1511220 622
1511230 624
1511240 626
1511250 626
1511260 628
1511270 630
1511280 630
1511290 633
1511300 636
1511310 636
1511320 640
1511330 644
1511340 644
1511350 648
1511360 651
1511370 651
1511380 652
1511390 653
1511400 653
1511410 652
1511420 651
1511430 651
1511440 651
1511450 650
1511460 650
1511470 649
1511480 648
1511490 648
1511500 646
1511510 644
1511520 642
1511530 642
1511540 641
1511550 641
1511560 641
1511570 642
1511580 643
1511590 643
1511600 644
1511610 643
1511620 643
1511630 641
1511640 638
1511650 638
1511660 637
1511670 636
1511680 636
1511690 638
1511700 640
1511710 640
1511720 642
1511730 643
1511740 643
1511750 643
1511760 643
1511770 643
1511780 645
1511790 650
1511800 650
1511810 657
1511820 660
1511830 660
1511840 657
1511850 652
1511860 652
1511870 647
1511880 641
1511890 641
1511900 635
1511910 632
1511920 632
1511930 631
1511940 630
1511950 630
1511960 629
1511970 629
1511980 629
1511990 629
1512000 629
1512010 629
1512020 628
1512030 628
1512040 628
1512050 626
1512060 622
1512070 622
1512080 615
1512090 608
1512100 608
1512110 606
1512120 610
1512130 610
1512140 616
1512150 621
1512160 621
1512170 625
1512180 630
1512190 635
1512200 635
1512210 640
1512220 645
1512230 645
1512240 651
1512250 658
1512260 658
1512270 665
1512280 670
1512290 670
1512300 675
1512310 680
1512320 680
1512330 684
1512340 688
1512350 688
1512360 693
1512370 700
1512380 700
1512390 706
1512400 712
1512410 712
1512420 716
1512430 718
1512440 718
1512450 722
1512460 726
1512470 726
1512480 730
1512490 734
1512500 734
1512510 738
1512520 741
1512530 741
1512540 744
1512550 748
1512560 748
1512570 752
1512580 756
1512590 756
1512600 760
1512610 765
1512620 765
1512630 768
1512640 771
1512650 771
1512660 774
1512670 778
1512680 778
1512690 782
1512700 784
1512710 784
1512720 785
1512730 786
1512740 786
1512750 785
1512760 784
1512770 784
1512780 782
1512790 781
1512800 781
1512810 779
1512820 778
1512830 777
1512840 777
1512850 775
1512860 772
1512870 772
1512880 768
1512890 766
1512900 766
1512910 766
1512920 766
1512930 766
1512940 767
1512950 768
1512960 768
1512970 768
1512980 769
1512990 769
1513000 770
1513010 769
1513020 769
1513030 767
1513040 767
1513050 767
1513060 766
1513070 766
1513080 766
1513090 766
1513100 766
1513110 766
1513120 765
1513130 761
1513140 761
1513150 760
1513160 764
1513170 764
1513180 765
1513190 761
1513200 761
1513210 763
1513220 765
1513230 765
1513240 761
1513250 758
1513260 758
1513270 758
1513280 762
1513290 762
1513300 766
1513310 769
1513320 769
1513330 770
1513340 772
1513350 772
1513360 773
1513370 774
1513380 774
1513390 775
1513400 777
1513410 777
1513420 778
1513430 778
1513440 778
1513450 777
1513460 777
1513470 778
1513480 778
1513490 779
1513500 779
1513510 779
1513520 779
1513530 779
1513540 779
1513550 780
1513560 782
1513570 782
1513580 782
1513590 784
1513600 784
1513610 786
1513620 789
1513630 789
1513640 794
1513650 798
1513660 798
1513670 801
1513680 803
1513690 803
1513700 805
1513710 808
1513720 808
1513730 812
1513740 815
1513750 815
1513760 819
1513770 822
1513780 822
1513790 825
1513800 828
1513810 828
1513820 832
1513830 835
1513840 835
1513850 838
1513860 841
1513870 841
1513880 845
1513890 850
1513900 850
1513910 854
1513920 858
1513930 858
1513940 862
1513950 865
1513960 865
1513970 869
1513980 873
1513990 873
1514000 876
1514010 879
1514020 879
1514030 881
1514040 884
1514050 884
1514060 886
1514070 889
1514080 889
1514090 892
1514100 895
1514110 895
1514120 897
1514130 900
1514140 901
1514150 901
1514160 903
1514170 902
1514180 902
1514190 901
1514200 900
1514210 900
1514220 899
1514230 897
1514240 897
1514250 896
1514260 895
1514270 895
1514280 893
1514290 891
1514300 891
1514310 889
1514320 887
1514330 887
1514340 884
1514350 880
1514360 880
1514370 876
1514380 873
1514390 873
1514400 870
1514410 867
1514420 867
1514430 864
1514440 862
1514450 862
1514460 859
1514470 856
1514480 856
1514490 852
1514500 849
1514510 849
1514520 845
1514530 843
1514540 843
1514550 841
1514560 838
1514570 838
1514580 835
1514590 831
1514600 831
1514610 829
1514620 826
1514630 826
1514640 824
1514650 821
1514660 821
1514670 818
1514680 815
1514690 815
1514700 812
1514710 809
1514720 809
1514730 807
1514740 804
1514750 804
1514760 801
1514770 799
1514780 796
1514790 796
1514800 793
1514810 790
1514820 790
1514830 787
1514840 784
1514850 784
1514860 781
1514870 777
1514880 777
1514890 775
1514900 771
1514910 771
1514920 768
1514930 765
1514940 765
1514950 763
1514960 761
1514970 761
1514980 758
1514990 755
1515000 755
1515010 754
1515020 752
1515030 752
1515040 751
1515050 750
1515060 750
1515070 749
1515080 749
1515090 749
1515100 750
1515110 750
1515120 750
1515130 750
1515140 749
1515150 749
1515160 749
1515170 749
1515180 749
1515190 749
1515200 749
1515210 749
1515220 749
1515230 749
1515240 749
1515250 749
1515260 749
1515270 749
1515280 748
1515290 749
1515300 749
1515310 749
1515320 749
1515330 749
1515340 749
1515350 750
1515360 750
1515370 750
1515380 751
1515390 751
1515400 752
1515410 752
1515420 753
1515430 753
1515440 753
1515450 753
1515460 753
1515470 753
1515480 753
1515490 753
1515500 752
1515510 752
1515520 752
1515530 750
1515540 746
1515550 746
1515560 741
1515570 735
1515580 735
1515590 729
1515600 725
1515610 725
1515620 720
1515630 716
1515640 716
1515650 710
1515660 706
1515670 706
1515680 700
1515690 694
1515700 694
1515710 686
1515720 681
1515730 681
1515740 679
1515750 679
1515760 679
1515770 681
1515780 683
1515790 683
1515800 685
1515810 690
1515820 690
1515830 695
1515840 698
1515850 698
1515860 699
1515870 699
1515880 699
1515890 699
1515900 701
1515910 701
1515920 704
1515930 711
1515940 711
1515950 719
1515960 725
1515970 725
1515980 728
1515990 729
1516000 729
1516010 730
1516020 731
1516030 731
1516040 734
1516050 739
1516060 740
1516070 740
1516080 740
1516090 739
1516100 739
1516110 740
1516120 744
1516130 744
1516140 750
1516150 753
1516160 753
1516170 753
1516180 753
1516190 753
1516200 753
1516210 751
1516220 751
1516230 752
1516240 752
1516250 752
1516260 751
1516270 750
1516280 750
1516290 750
1516300 752
1516310 752
1516320 753
1516330 754
1516340 754
1516350 755
1516360 756
1516370 756
1516380 754
1516390 755
1516400 755
1516410 757
1516420 758
1516430 758
1516440 759
1516450 761
1516460 761
1516470 763
1516480 764
1516490 764
1516500 765
1516510 767
1516520 767
1516530 767
1516540 768
1516550 768
1516560 770
1516570 771
1516580 771
1516590 771
1516600 772
1516610 772
1516620 773
1516630 774
1516640 774
1516650 773
1516660 773
1516670 773
1516680 774
1516690 775
1516700 775
1516710 776
1516720 777
1516730 776
1516740 776
1516750 777
1516760 778
1516770 778
1516780 779
1516790 781
1516800 781
1516810 781
1516820 782
1516830 782
1516840 784
1516850 785
1516860 785
1516870 786
1516880 787
1516890 787
1516900 788
1516910 789
1516920 789
1516930 790
1516940 790
1516950 790
1516960 792
1516970 793
1516980 793
1516990 795
1517000 796
1517010 796
1517020 797
1517030 797
1517040 797
1517050 798
1517060 798
1517070 798
1517080 799
1517090 801
1517100 801
1517110 801
1517120 801
1517130 801
1517140 802
1517150 803
1517160 803
1517170 803
1517180 803
1517190 803
1517200 804
1517210 804
1517220 804
1517230 804
1517240 804
1517250 804
1517260 804
1517270 804
1517280 804
1517290 803
1517300 803
1517310 803
1517320 804
1517330 804
1517340 804
1517350 803
1517360 803
1517370 800
1517380 800
1517390 796
1517400 797
1517410 797
1517420 799
1517430 799
1517440 799
1517450 798
1517460 796
1517470 796
1517480 797
1517490 794
1517500 794
1517510 795
1517520 797
1517530 797
1517540 794
1517550 795
1517560 795
1517570 797
1517580 793
1517590 793
1517600 789
1517610 790
1517620 790
1517630 794
1517640 795
1517650 795
1517660 793
1517670 794
1517680 794
1517690 794
1517700 793
1517710 793
1517720 791
1517730 793
1517740 793
1517750 793
1517760 792
1517770 792
1517780 793
1517790 794
1517800 794
1517810 794
1517820 793
1517830 793
1517840 793
1517850 794
1517860 794
1517870 794
1517880 795
1517890 795
1517900 796
1517910 797
1517920 797
1517930 796
1517940 796
1517950 796
1517960 796
1517970 798
1517980 798
1517990 798
1518000 796
1518010 797
1518020 797
1518030 797
1518040 797
1518050 797
1518060 796
1518070 798
1518080 798
1518090 798
1518100 797
1518110 797
1518120 796
1518130 797
1518140 797
1518150 797
1518160 795
1518170 795
1518180 796
1518190 797
1518200 797
1518210 794
1518220 795
1518230 795
1518240 797
1518250 798
1518260 798
1518270 795
1518280 795
1518290 795
1518300 794
1518310 796
1518320 796
1518330 797
1518340 798
1518350 798
1518360 798
1518370 796
1518380 796
1518390 796
1518400 797
1518410 797
1518420 797
1518430 795
1518440 795
1518450 795
1518460 796
1518470 796
1518480 796
1518490 794
1518500 794
1518510 796
1518520 797
1518530 797
1518540 796
1518550 794
1518560 794
1518570 795
1518580 794
1518590 794
1518600 794
1518610 794
1518620 794
1518630 793
1518640 794
1518650 795
1518660 795
1518670 795
1518680 796
1518690 796
1518700 796
1518710 795
1518720 795
1518730 794
1518740 795
1518750 795
1518760 795
1518770 793
1518780 793
1518790 794
1518800 794
1518810 794
1518820 794
1518830 793
1518840 793
1518850 793
1518860 793
1518870 793
1518880 794
1518890 789
1518900 789
1518910 789
1518920 789
1518930 789
1518940 786
1518950 785
1518960 785
1518970 785
1518980 784
1518990 784
1519000 782
1519010 784
1519020 784
1519030 787
1519040 788
1519050 788
1519060 787
1519070 788
1519080 788
1519090 789
1519100 787
1519110 787
1519120 787
1519130 788
1519140 788
1519150 789
1519160 788
1519170 788
1519180 787
1519190 788
1519200 788
1519210 788
1519220 788
1519230 788
1519240 785
1519250 786
1519260 786
1519270 787
1519280 787
1519290 787
1519300 785
1519310 786
1519320 787
1519330 787
1519340 786
1519350 785
1519360 785
1519370 788
1519380 788
1519390 788
1519400 788
1519410 788
1519420 788
1519430 788
1519440 786
1519450 786
1519460 787
1519470 787
1519480 787
1519490 785
1519500 785
1519510 785
1519520 786
1519530 785
1519540 785
1519550 784
1519560 785
1519570 785
1519580 785
1519590 786
1519600 786
1519610 788
1519620 791
1519630 791
1519640 792
1519650 792
1519660 792
1519670 793
1519680 796
1519690 796
1519700 795
1519710 795
1519720 795
1519730 797
1519740 797
1519750 797
1519760 798
1519770 798
1519780 798
1519790 799
1519800 801
1519810 801
1519820 801
1519830 800
1519840 800
1519850 802
1519860 803
1519870 803
1519880 803
1519890 804
1519900 804
1519910 804
1519920 805
1519930 805
1519940 806
1519950 806
1519960 807
1519970 807
1519980 809
1519990 811
