1500000 678
1500010 676
1500020 674
1500030 674
1500040 673
1500050 671
1500060 671
1500070 669
1500080 667
1500090 667
1500100 664
1500110 661
1500120 661
1500130 657
1500140 655
1500150 655
1500160 653
1500170 651
1500180 651
1500190 650
1500200 649
1500210 649
1500220 646
1500230 644
1500240 644
1500250 641
1500260 639
1500270 639
1500280 638
1500290 637
1500300 637
1500310 635
1500320 633
1500330 633
1500340 631
1500350 631
1500360 631
1500370 631
1500380 630
1500390 630
1500400 629
1500410 628
1500420 628
1500430 627
1500440 628
1500450 628
1500460 628
1500470 627
1500480 627
1500490 627
1500500 626
1500510 626
1500520 624
1500530 624
1500540 625
1500550 625
1500560 624
1500570 625
1500580 625
1500590 625
1500600 625
1500610 625
1500620 625
1500630 624
1500640 624
1500650 623
1500660 624
1500670 624
1500680 624
1500690 624
1500700 624
1500710 624
1500720 626
1500730 626
1500740 626
1500750 628
1500760 628
1500770 630
1500780 632
1500790 632
1500800 634
1500810 636
1500820 636
1500830 638
1500840 639
1500850 639
1500860 641
1500870 642
1500880 642
1500890 642
1500900 642
1500910 642
1500920 642
1500930 643
1500940 643
1500950 642
1500960 643
1500970 643
1500980 643
1500990 643
1501000 643
1501010 643
1501020 642
1501030 642
1501040 641
1501050 641
1501060 641
1501070 641
1501080 639
1501090 639
1501100 637
1501110 635
1501120 635
1501130 636
1501140 639
1501150 639
1501160 640
1501170 640
1501180 640
1501190 641
1501200 643
1501210 644
1501220 645
1501230 647
1501240 648
1501250 648
1501260 649
1501270 649
1501280 649
1501290 650
1501300 651
1501310 651
1501320 652
1501330 654
1501340 654
1501350 656
1501360 658
1501370 658
1501380 659
1501390 661
1501400 661
1501410 662
1501420 663
1501430 663
1501440 664
1501450 664
1501460 664
1501470 664
1501480 665
1501490 665
1501500 665
1501510 665
1501520 665
1501530 666
1501540 666
1501550 666
1501560 667
1501570 669
1501580 669
1501590 670
1501600 671
1501610 671
1501620 671
1501630 671
1501640 671
1501650 671
1501660 671
1501670 671
1501680 672
1501690 673
1501700 673
1501710 674
1501720 675
1501730 675
1501740 678
1501750 681
1501760 681
1501770 685
1501780 687
1501790 687
1501800 689
1501810 693
1501820 693
1501830 697
1501840 700
1501850 700
1501860 702
1501870 705
1501880 705
1501890 708
1501900 710
1501910 712
1501920 712
1501930 714
1501940 715
1501950 715
1501960 716
1501970 717
1501980 717
1501990 718
1502000 718
1502010 718
1502020 720
1502030 723
1502040 723
1502050 724
1502060 726
1502070 726
1502080 727
1502090 729
1502100 729
1502110 732
1502120 733
1502130 733
1502140 733
1502150 734
1502160 734
1502170 735
1502180 735
1502190 735
1502200 736
1502210 736
1502220 736
1502230 736
1502240 737
1502250 737
1502260 737
1502270 738
1502280 738
1502290 738
1502300 738
1502310 738
1502320 739
1502330 740
1502340 740
1502350 741
1502360 742
1502370 742
1502380 742
1502390 743
1502400 743
1502410 744
1502420 745
1502430 745
1502440 746
1502450 747
1502460 747
1502470 748
1502480 748
1502490 748
1502500 749
1502510 750
1502520 750
1502530 750
1502540 751
1502550 751
1502560 752
1502570 752
1502580 753
1502590 753
1502600 754
1502610 754
1502620 754
1502630 755
1502640 755
1502650 755
1502660 755
1502670 756
1502680 756
1502690 756
1502700 756
1502710 756
1502720 757
1502730 757
1502740 757
1502750 757
1502760 758
1502770 758
1502780 758
1502790 758
1502800 758
1502810 758
1502820 759
1502830 759
1502840 759
1502850 760
1502860 760
1502870 760
1502880 760
1502890 760
1502900 760
1502910 760
1502920 760
1502930 760
1502940 760
1502950 760
1502960 760
1502970 760
1502980 760
1502990 760
1503000 760
1503010 760
1503020 760
1503030 759
1503040 759
1503050 759
1503060 759
1503070 759
1503080 758
1503090 757
1503100 757
1503110 757
1503120 756
1503130 756
1503140 756
1503150 755
1503160 755
1503170 754
1503180 754
1503190 754
1503200 753
1503210 753
1503220 753
1503230 753
1503240 752
1503250 752
1503260 752
1503270 751
1503280 751
1503290 751
1503300 751
1503310 751
1503320 751
1503330 750
1503340 750
1503350 750
1503360 750
1503370 750
1503380 750
1503390 750
1503400 750
1503410 750
1503420 749
1503430 749
1503440 749
1503450 749
1503460 749
1503470 749
1503480 749
1503490 749
1503500 749
1503510 748
1503520 747
1503530 747
1503540 746
1503550 744
1503560 744
1503570 743
1503580 742
1503590 742
1503600 740
1503610 738
1503620 738
1503630 737
1503640 734
1503650 734
1503660 731
1503670 727
1503680 727
1503690 724
1503700 720
1503710 720
1503720 717
1503730 715
1503740 715
1503750 713
1503760 710
1503770 710
1503780 707
1503790 705
1503800 705
1503810 703
1503820 702
1503830 702
1503840 701
1503850 701
1503860 701
1503870 701
1503880 701
1503890 701
1503900 702
1503910 704
1503920 706
1503930 706
1503940 707
1503950 705
1503960 705
1503970 700
1503980 695
1503990 695
1504000 690
1504010 685
1504020 685
1504030 680
1504040 676
1504050 676
1504060 672
1504070 669
1504080 669
1504090 667
1504100 664
1504110 664
1504120 662
1504130 658
1504140 658
1504150 654
1504160 649
1504170 649
1504180 644
1504190 639
1504200 639
1504210 635
1504220 630
1504230 630
1504240 626
1504250 623
1504260 623
1504270 619
1504280 616
1504290 616
1504300 613
1504310 609
1504320 609
1504330 604
1504340 600
1504350 600
1504360 595
1504370 590
1504380 590
1504390 584
1504400 580
1504410 580
1504420 577
1504430 573
1504440 573
1504450 570
1504460 568
1504470 568
1504480 566
1504490 564
1504500 564
1504510 562
1504520 560
1504530 560
1504540 558
1504550 556
1504560 556
1504570 554
1504580 552
1504590 550
1504600 550
1504610 548
1504620 546
1504630 546
1504640 544
1504650 542
1504660 542
1504670 540
1504680 539
1504690 539
1504700 537
1504710 535
1504720 535
1504730 534
1504740 532
1504750 532
1504760 531
1504770 530
1504780 530
1504790 528
1504800 527
1504810 527
1504820 525
1504830 524
1504840 524
1504850 523
1504860 522
1504870 522
1504880 520
1504890 519
1504900 519
1504910 518
1504920 517
1504930 517
1504940 516
1504950 515
1504960 515
1504970 514
1504980 512
1504990 512
1505000 512
1505010 511
1505020 511
1505030 510
1505040 509
1505050 509
1505060 509
1505070 508
1505080 508
1505090 507
1505100 507
1505110 507
1505120 507
1505130 506
1505140 506
1505150 506
1505160 506
1505170 506
1505180 505
1505190 505
1505200 505
1505210 505
1505220 504
1505230 504
1505240 504
1505250 504
1505260 504
1505270 504
1505280 504
1505290 504
1505300 504
1505310 504
1505320 504
1505330 504
1505340 504
1505350 504
1505360 504
1505370 504
1505380 504
1505390 504
1505400 503
1505410 503
1505420 503
1505430 502
1505440 501
1505450 501
1505460 499
1505470 498
1505480 498
1505490 498
1505500 497
1505510 497
1505520 495
1505530 494
1505540 494
1505550 493
1505560 492
1505570 492
1505580 490
1505590 489
1505600 489
1505610 489
1505620 488
1505630 488
1505640 488
1505650 488
1505660 488
1505670 488
1505680 487
1505690 487
1505700 487
1505710 487
1505720 487
1505730 487
1505740 487
1505750 487
1505760 486
1505770 486
1505780 486
1505790 485
1505800 485
1505810 485
1505820 485
1505830 484
1505840 484
1505850 484
1505860 484
1505870 484
1505880 483
1505890 483
1505900 483
1505910 482
1505920 481
1505930 480
1505940 480
1505950 479
1505960 478
1505970 478
1505980 478
1505990 477
1506000 477
1506010 476
1506020 475
1506030 475
1506040 475
1506050 475
1506060 475
1506070 475
1506080 475
1506090 475
1506100 475
1506110 476
1506120 476
1506130 478
1506140 479
1506150 479
1506160 479
1506170 479
1506180 479
1506190 479
1506200 479
1506210 479
1506220 479
1506230 479
1506240 479
1506250 479
1506260 478
1506270 478
1506280 478
1506290 477
1506300 477
1506310 477
1506320 476
1506330 476
1506340 476
1506350 475
1506360 475
1506370 475
1506380 473
1506390 473
1506400 471
1506410 469
1506420 469
1506430 469
1506440 469
1506450 469
1506460 469
1506470 469
1506480 469
1506490 469
1506500 469
1506510 469
1506520 469
1506530 469
1506540 469
1506550 469
1506560 469
1506570 469
1506580 469
1506590 469
1506600 469
1506610 469
1506620 469
1506630 469
1506640 469
1506650 469
1506660 469
1506670 469
1506680 469
1506690 469
1506700 469
1506710 469
1506720 469
1506730 469
1506740 469
1506750 469
1506760 469
1506770 469
1506780 469
1506790 469
1506800 469
1506810 469
1506820 469
1506830 469
1506840 469
1506850 469
1506860 469
1506870 469
1506880 469
1506890 469
1506900 469
1506910 469
1506920 469
1506930 469
1506940 469
1506950 469
1506960 469
1506970 469
1506980 469
1506990 469
1507000 469
1507010 469
1507020 469
1507030 469
1507040 469
1507050 469
1507060 469
1507070 469
1507080 469
1507090 469
1507100 469
1507110 469
1507120 469
1507130 469
1507140 469
1507150 469
1507160 469
1507170 469
1507180 469
1507190 469
1507200 469
1507210 469
1507220 469
1507230 469
1507240 469
1507250 469
1507260 469
1507270 469
1507280 469
1507290 469
1507300 469
1507310 469
1507320 469
1507330 469
1507340 469
1507350 469
1507360 469
1507370 469
1507380 469
1507390 469
1507400 469
1507410 469
1507420 469
1507430 469
1507440 469
1507450 469
1507460 469
1507470 469
1507480 469
1507490 469
1507500 469
1507510 469
1507520 469
1507530 469
1507540 469
1507550 469
1507560 469
1507570 469
1507580 469
1507590 469
1507600 469
1507610 469
1507620 469
1507630 469
1507640 469
1507650 469
1507660 469
1507670 469
1507680 469
1507690 469
1507700 469
1507710 469
1507720 469
1507730 469
1507740 469
1507750 469
1507760 469
1507770 469
1507780 469
1507790 469
1507800 469
1507810 469
1507820 469
1507830 469
1507840 469
1507850 469
1507860 469
1507870 469
1507880 469
1507890 469
1507900 469
1507910 469
1507920 469
1507930 469
1507940 469
1507950 469
1507960 469
1507970 469
1507980 469
1507990 469
1508000 469
1508010 469
1508020 469
1508030 469
1508040 469
1508050 469
1508060 469
1508070 469
1508080 469
1508090 469
1508100 469
1508110 469
1508120 469
1508130 469
1508140 469
1508150 469
1508160 469
1508170 469
1508180 469
1508190 469
1508200 469
1508210 469
1508220 469
1508230 469
1508240 469
1508250 469
1508260 469
1508270 469
1508280 469
1508290 469
1508300 469
1508310 469
1508320 469
1508330 469
1508340 469
1508350 469
1508360 469
1508370 469
1508380 469
1508390 469
1508400 469
1508410 469
1508420 469
1508430 469
1508440 469
1508450 469
1508460 469
1508470 469
1508480 469
1508490 469
1508500 469
1508510 469
1508520 469
1508530 469
1508540 469
1508550 469
1508560 469
1508570 469
1508580 469
1508590 469
1508600 469
1508610 469
1508620 469
1508630 469
1508640 469
1508650 469
1508660 469
1508670 469
1508680 469
1508690 469
1508700 469
1508710 469
1508720 469
1508730 469
1508740 469
1508750 469
1508760 469
1508770 469
1508780 469
1508790 469
1508800 469
1508810 469
1508820 469
1508830 469
1508840 469
1508850 469
1508860 469
1508870 469
1508880 469
1508890 469
1508900 469
1508910 469
1508920 469
1508930 469
1508940 469
1508950 469
1508960 469
1508970 469
1508980 469
1508990 469
1509000 469
1509010 469
1509020 469
1509030 469
1509040 469
1509050 469
1509060 469
1509070 469
1509080 469
1509090 469
1509100 469
1509110 469
1509120 469
1509130 469
1509140 469
1509150 469
1509160 469
1509170 469
1509180 469
1509190 469
1509200 469
1509210 469
1509220 469
1509230 469
1509240 469
1509250 469
1509260 469
1509270 469
1509280 469
1509290 469
1509300 469
1509310 469
1509320 469
1509330 469
1509340 469
1509350 469
1509360 469
1509370 469
1509380 469
1509390 469
1509400 469
1509410 469
1509420 469
1509430 469
1509440 469
1509450 469
1509460 469
1509470 469
1509480 469
1509490 469
1509500 469
1509510 469
1509520 469
1509530 469
1509540 469
1509550 469
1509560 469
1509570 469
1509580 469
1509590 469
1509600 469
1509610 469
1509620 469
1509630 469
1509640 469
1509650 469
1509660 469
1509670 469
1509680 469
1509690 469
1509700 469
1509710 469
1509720 469
1509730 469
1509740 469
1509750 469
1509760 469
1509770 469
1509780 469
1509790 469
1509800 469
1509810 469
1509820 469
1509830 469
1509840 469
1509850 469
1509860 469
1509870 469
1509880 469
1509890 469
1509900 469
1509910 469
1509920 469
1509930 469
1509940 469
1509950 469
1509960 469
1509970 469
1509980 469
1509990 469
1510000 469
1510010 469
1510020 469
1510030 469
1510040 469
1510050 469
1510060 469
1510070 469
1510080 469
1510090 469
1510100 469
1510110 469
1510120 469
1510130 469
1510140 469
1510150 469
1510160 469
1510170 469
1510180 469
1510190 469
1510200 469
1510210 469
1510220 469
1510230 469
1510240 469
1510250 469
1510260 469
1510270 469
1510280 469
1510290 469
1510300 469
1510310 469
1510320 469
1510330 469
1510340 469
1510350 469
1510360 469
1510370 469
1510380 469
1510390 469
1510400 469
1510410 469
1510420 469
1510430 470
1510440 470
1510450 472
1510460 474
1510470 474
1510480 477
1510490 480
1510500 480
1510510 483
1510520 485
1510530 485
1510540 487
1510550 488
1510560 488
1510570 489
1510580 492
1510590 492
1510600 495
1510610 497
1510620 497
1510630 501
1510640 505
1510650 505
1510660 509
1510670 512
1510680 514
1510690 514
1510700 516
1510710 518
1510720 518
1510730 520
1510740 522
1510750 522
1510760 524
1510770 525
1510780 525
1510790 527
1510800 530
1510810 530
1510820 532
1510830 534
1510840 534
1510850 537
1510860 540
1510870 540
1510880 543
1510890 546
1510900 546
1510910 549
1510920 552
1510930 552
1510940 554
1510950 556
1510960 556
1510970 557
1510980 559
1510990 559
1511000 562
1511010 566
1511020 566
1511030 568
1511040 569
1511050 569
1511060 571
1511070 574
1511080 574
1511090 578
1511100 583
1511110 583
1511120 589
1511130 594
1511140 594
1511150 598
1511160 603
1511170 603
1511180 607
1511190 611
1511200 611
1511210 617
1511220 623
1511230 623
1511240 629
1511250 636
1511260 636
1511270 642
1511280 648
1511290 648
1511300 652
1511310 655
1511320 655
1511330 659
1511340 664
1511350 668
1511360 668
1511370 672
1511380 675
1511390 675
1511400 679
1511410 683
1511420 683
1511430 688
1511440 692
1511450 692
1511460 697
1511470 702
1511480 702
1511490 707
1511500 712
1511510 712
1511520 717
1511530 722
1511540 722
1511550 725
1511560 726
1511570 726
1511580 726
1511590 727
1511600 727
1511610 727
1511620 727
1511630 727
1511640 727
1511650 727
1511660 727
1511670 726
1511680 726
1511690 726
1511700 726
1511710 725
1511720 725
1511730 724
1511740 723
1511750 723
1511760 722
1511770 721
1511780 721
1511790 720
1511800 719
1511810 719
1511820 717
1511830 715
1511840 715
1511850 712
1511860 709
1511870 709
1511880 704
1511890 699
1511900 699
1511910 694
1511920 689
1511930 689
1511940 684
1511950 679
1511960 679
1511970 676
1511980 673
1511990 673
1512000 671
1512010 669
1512020 664
1512030 664
1512040 660
1512050 659
1512060 659
1512070 657
1512080 655
1512090 655
1512100 652
1512110 650
1512120 650
1512130 648
1512140 647
1512150 647
1512160 646
1512170 644
1512180 644
1512190 644
1512200 644
1512210 644
1512220 644
1512230 643
1512240 643
1512250 641
1512260 640
1512270 640
1512280 638
1512290 637
1512300 637
1512310 635
1512320 634
1512330 634
1512340 634
1512350 633
1512360 633
1512370 631
1512380 629
1512390 629
1512400 625
1512410 622
1512420 622
1512430 619
1512440 618
1512450 618
1512460 618
1512470 617
1512480 617
1512490 616
1512500 616
1512510 616
1512520 615
1512530 614
1512540 614
1512550 614
1512560 613
1512570 613
1512580 613
1512590 613
1512600 613
1512610 613
1512620 610
1512630 610
1512640 604
1512650 598
1512660 598
1512670 600
1512680 605
1512690 609
1512700 609
1512710 613
1512720 616
1512730 616
1512740 619
1512750 621
1512760 621
1512770 624
1512780 627
1512790 627
1512800 629
1512810 631
1512820 631
1512830 634
1512840 635
1512850 635
1512860 637
1512870 639
1512880 639
1512890 640
1512900 642
1512910 642
1512920 644
1512930 645
1512940 645
1512950 645
1512960 645
1512970 645
1512980 644
1512990 643
1513000 643
1513010 641
1513020 640
1513030 640
1513040 639
1513050 638
1513060 638
1513070 638
1513080 638
1513090 638
1513100 637
1513110 637
1513120 637
1513130 637
1513140 636
1513150 636
1513160 636
1513170 636
1513180 636
1513190 636
1513200 636
1513210 636
1513220 637
1513230 636
1513240 636
1513250 635
1513260 634
1513270 634
1513280 633
1513290 632
1513300 632
1513310 631
1513320 631
1513330 631
1513340 630
1513350 630
1513360 629
1513370 629
1513380 628
1513390 626
1513400 626
1513410 625
1513420 623
1513430 623
1513440 620
1513450 617
1513460 617
1513470 613
1513480 608
1513490 608
1513500 605
1513510 602
1513520 602
1513530 600
1513540 597
1513550 597
1513560 593
1513570 590
1513580 590
1513590 588
1513600 586
1513610 586
1513620 583
1513630 582
1513640 582
1513650 580
1513660 578
1513670 578
1513680 577
1513690 576
1513700 576
1513710 576
1513720 575
1513730 575
1513740 572
1513750 570
1513760 570
1513770 572
1513780 572
1513790 572
1513800 568
1513810 567
1513820 567
1513830 570
1513840 574
1513850 574
1513860 576
1513870 577
1513880 577
1513890 578
1513900 580
1513910 580
1513920 581
1513930 582
1513940 582
1513950 582
1513960 583
1513970 583
1513980 584
1513990 584
1514000 584
1514010 585
1514020 586
1514030 586
1514040 587
1514050 588
1514060 589
1514070 589
1514080 591
1514090 593
1514100 593
1514110 594
1514120 595
1514130 595
1514140 596
1514150 597
1514160 597
1514170 598
1514180 598
1514190 598
1514200 599
1514210 600
1514220 600
1514230 601
1514240 602
1514250 602
1514260 603
1514270 605
1514280 605
1514290 606
1514300 608
1514310 608
1514320 610
1514330 611
1514340 611
1514350 612
1514360 612
1514370 612
1514380 612
1514390 611
1514400 611
1514410 610
1514420 607
1514430 607
1514440 604
1514450 601
1514460 601
1514470 599
1514480 598
1514490 598
1514500 598
1514510 596
1514520 596
1514530 596
1514540 595
1514550 595
1514560 595
1514570 594
1514580 594
1514590 593
1514600 594
1514610 594
1514620 594
1514630 593
1514640 593
1514650 594
1514660 593
1514670 593
1514680 591
1514690 589
1514700 589
1514710 589
1514720 589
1514730 589
1514740 589
1514750 590
1514760 590
1514770 590
1514780 588
1514790 585
1514800 585
1514810 581
1514820 575
1514830 575
1514840 573
1514850 575
1514860 575
1514870 581
1514880 587
1514890 587
1514900 591
1514910 595
1514920 595
1514930 599
1514940 601
1514950 601
1514960 604
1514970 606
1514980 606
1514990 609
1515000 613
1515010 613
1515020 615
1515030 618
1515040 618
1515050 621
1515060 624
1515070 624
1515080 627
1515090 630
1515100 630
1515110 633
1515120 636
1515130 636
1515140 639
1515150 643
1515160 643
1515170 646
1515180 650
1515190 650
1515200 654
1515210 659
1515220 659
1515230 664
1515240 666
1515250 666
1515260 669
1515270 673
1515280 673
1515290 677
1515300 680
1515310 680
1515320 684
1515330 687
1515340 687
1515350 690
1515360 693
1515370 693
1515380 697
1515390 700
1515400 703
1515410 703
1515420 707
1515430 711
1515440 711
1515450 714
1515460 717
1515470 717
1515480 719
1515490 724
1515500 724
1515510 728
1515520 732
1515530 732
1515540 736
1515550 740
1515560 740
1515570 744
1515580 748
1515590 748
1515600 751
1515610 753
1515620 753
1515630 756
1515640 761
1515650 761
1515660 765
1515670 768
1515680 768
1515690 771
1515700 773
1515710 773
1515720 775
1515730 778
1515740 778
1515750 781
1515760 782
1515770 782
1515780 785
1515790 787
1515800 787
1515810 788
1515820 787
1515830 787
1515840 787
1515850 786
1515860 786
1515870 785
1515880 784
1515890 784
1515900 783
1515910 782
1515920 782
1515930 781
1515940 779
1515950 779
1515960 778
1515970 776
1515980 776
1515990 774
1516000 772
1516010 772
1516020 769
1516030 767
1516040 767
1516050 764
1516060 762
1516070 759
1516080 759
1516090 755
1516100 751
1516110 751
1516120 747
1516130 745
1516140 745
1516150 742
1516160 739
1516170 739
1516180 736
1516190 732
1516200 732
1516210 728
1516220 723
1516230 723
1516240 718
1516250 712
1516260 712
1516270 705
1516280 700
1516290 700
1516300 696
1516310 691
1516320 691
1516330 687
1516340 683
1516350 683
1516360 679
1516370 676
1516380 676
1516390 674
1516400 675
1516410 675
1516420 676
1516430 676
1516440 676
1516450 675
1516460 672
1516470 672
1516480 670
1516490 669
1516500 669
1516510 667
1516520 666
1516530 666
1516540 664
1516550 663
1516560 663
1516570 661
1516580 658
1516590 658
1516600 655
1516610 653
1516620 653
1516630 651
1516640 648
1516650 648
1516660 644
1516670 641
1516680 641
1516690 637
1516700 632
1516710 632
1516720 627
1516730 623
1516740 619
1516750 619
1516760 615
1516770 610
1516780 610
1516790 605
1516800 600
1516810 600
1516820 592
1516830 588
1516840 588
1516850 587
1516860 587
1516870 587
1516880 587
1516890 587
1516900 587
1516910 587
1516920 585
1516930 585
1516940 584
1516950 586
1516960 586
1516970 595
1516980 605
1516990 605
1517000 612
1517010 619
1517020 619
1517030 625
1517040 632
1517050 632
1517060 637
1517070 641
1517080 641
1517090 647
1517100 652
1517110 652
1517120 655
1517130 658
1517140 658
1517150 661
1517160 664
1517170 664
1517180 666
1517190 668
1517200 668
1517210 670
1517220 672
1517230 672
1517240 672
1517250 673
1517260 673
1517270 672
1517280 670
1517290 670
1517300 669
1517310 667
1517320 667
1517330 667
1517340 666
1517350 666
1517360 665
1517370 661
1517380 661
1517390 658
1517400 657
1517410 656
1517420 656
1517430 656
1517440 656
1517450 656
1517460 656
1517470 657
1517480 657
1517490 657
1517500 660
1517510 660
1517520 664
1517530 667
1517540 667
1517550 669
1517560 670
1517570 670
1517580 671
1517590 671
1517600 671
1517610 673
1517620 674
1517630 674
1517640 676
1517650 678
1517660 678
1517670 679
1517680 680
1517690 680
1517700 682
1517710 684
1517720 684
1517730 685
1517740 686
1517750 686
1517760 687
1517770 689
1517780 689
1517790 690
1517800 692
1517810 692
1517820 693
1517830 694
1517840 694
1517850 696
1517860 697
1517870 697
1517880 698
1517890 700
1517900 700
1517910 701
1517920 702
1517930 702
1517940 703
1517950 704
1517960 704
1517970 705
1517980 707
1517990 707
1518000 709
1518010 711
1518020 711
1518030 712
1518040 714
1518050 714
1518060 715
1518070 716
1518080 716
1518090 718
1518100 719
1518110 719
1518120 719
1518130 721
1518140 725
1518150 725
1518160 730
1518170 735
1518180 735
1518190 739
1518200 745
1518210 745
1518220 751
1518230 757
1518240 757
1518250 762
1518260 764
1518270 764
1518280 765
1518290 769
1518300 769
1518310 772
1518320 776
1518330 776
1518340 781
1518350 785
1518360 785
1518370 787
1518380 790
1518390 790
1518400 793
1518410 796
1518420 796
1518430 799
1518440 801
1518450 801
1518460 803
1518470 805
1518480 805
1518490 807
1518500 808
1518510 808
1518520 811
1518530 813
1518540 813
1518550 816
1518560 819
1518570 819
1518580 822
1518590 825
1518600 825
1518610 829
1518620 832
1518630 832
1518640 835
1518650 837
1518660 837
1518670 839
1518680 841
1518690 841
1518700 843
1518710 845
1518720 845
1518730 847
1518740 849
1518750 849
1518760 851
1518770 853
1518780 854
1518790 854
1518800 856
1518810 859
1518820 859
1518830 861
1518840 863
1518850 863
1518860 866
1518870 868
1518880 868
1518890 871
1518900 874
1518910 874
1518920 876
1518930 879
1518940 879
1518950 882
1518960 887
1518970 887
1518980 890
1518990 893
1519000 893
1519010 896
1519020 900
1519030 900
1519040 903
1519050 906
1519060 906
1519070 910
1519080 912
1519090 912
1519100 915
1519110 918
1519120 918
1519130 921
1519140 924
1519150 924
1519160 928
1519170 930
1519180 930
1519190 933
1519200 935
1519210 935
1519220 937
1519230 939
1519240 939
1519250 941
1519260 943
1519270 943
1519280 945
1519290 947
1519300 947
1519310 949
1519320 951
1519330 951
1519340 952
1519350 954
1519360 954
1519370 956
1519380 958
1519390 958
1519400 960
1519410 962
1519420 962
1519430 963
1519440 965
1519450 967
1519460 967
1519470 968
1519480 970
1519490 970
1519500 971
1519510 973
1519520 973
1519530 974
1519540 976
1519550 976
1519560 977
1519570 979
1519580 979
1519590 980
1519600 982
1519610 982
1519620 983
1519630 984
1519640 984
1519650 985
1519660 986
1519670 986
1519680 987
1519690 987
1519700 987
1519710 988
1519720 988
1519730 988
1519740 988
1519750 987
1519760 987
1519770 987
1519780 987
1519790 987
1519800 988
1519810 987
1519820 987
1519830 987
1519840 987
1519850 987
1519860 987
1519870 986
1519880 986
1519890 985
1519900 986
1519910 986
1519920 986
1519930 987
1519940 987
1519950 986
1519960 986
1519970 986
1519980 985
1519990 985
