1500000 637
1500010 638
1500020 638
1500030 640
1500040 643
1500050 643
1500060 646
1500070 648
1500080 648
1500090 649
1500100 652
1500110 655
1500120 655
1500130 658
1500140 660
1500150 660
1500160 662
1500170 664
1500180 664
1500190 666
1500200 668
1500210 668
1500220 671
1500230 672
1500240 672
1500250 674
1500260 676
1500270 676
1500280 679
1500290 681
1500300 681
1500310 683
1500320 685
1500330 685
1500340 687
1500350 688
1500360 688
1500370 691
1500380 693
1500390 693
1500400 696
1500410 698
1500420 698
1500430 700
1500440 702
1500450 702
1500460 704
1500470 706
1500480 706
1500490 708
1500500 710
1500510 710
1500520 712
1500530 713
1500540 713
1500550 715
1500560 717
1500570 717
1500580 718
1500590 720
1500600 720
1500610 722
1500620 723
1500630 723
1500640 724
1500650 726
1500660 726
1500670 727
1500680 728
1500690 728
1500700 730
1500710 731
1500720 731
1500730 732
1500740 733
1500750 733
1500760 734
1500770 735
1500780 736
1500790 736
1500800 736
1500810 735
1500820 735
1500830 734
1500840 735
1500850 735
1500860 737
1500870 739
1500880 739
1500890 742
1500900 743
1500910 743
1500920 745
1500930 745
1500940 745
1500950 746
1500960 749
1500970 749
1500980 750
1500990 752
1501000 752
1501010 753
1501020 754
1501030 754
1501040 756
1501050 757
1501060 757
1501070 758
1501080 760
1501090 760
1501100 762
1501110 763
1501120 763
1501130 764
1501140 766
1501150 766
1501160 767
1501170 768
1501180 768
1501190 769
1501200 770
1501210 770
1501220 771
1501230 772
1501240 772
1501250 774
1501260 774
1501270 774
1501280 775
1501290 776
1501300 776
1501310 777
1501320 778
1501330 778
1501340 779
1501350 780
1501360 780
1501370 780
1501380 781
1501390 781
1501400 782
1501410 782
1501420 782
1501430 784
1501440 784
1501450 784
1501460 785
1501470 785
1501480 785
1501490 785
1501500 785
1501510 785
1501520 785
1501530 785
1501540 785
1501550 785
1501560 785
1501570 784
1501580 784
1501590 783
1501600 783
1501610 783
1501620 782
1501630 781
1501640 781
1501650 781
1501660 780
1501670 780
1501680 779
1501690 778
1501700 778
1501710 777
1501720 775
1501730 775
1501740 774
1501750 773
1501760 773
1501770 771
1501780 769
1501790 769
1501800 767
1501810 765
1501820 765
1501830 762
1501840 760
1501850 760
1501860 757
1501870 756
1501880 756
1501890 755
1501900 754
1501910 754
1501920 752
1501930 750
1501940 750
1501950 748
1501960 747
1501970 747
1501980 746
1501990 745
1502000 745
1502010 743
1502020 742
1502030 742
1502040 741
1502050 739
1502060 739
1502070 738
1502080 736
1502090 736
1502100 735
1502110 734
1502120 734
1502130 732
1502140 729
1502150 728
1502160 728
1502170 728
1502180 727
1502190 727
1502200 725
1502210 724
1502220 724
1502230 722
1502240 721
1502250 721
1502260 720
1502270 717
1502280 717
1502290 714
1502300 713
1502310 713
1502320 713
1502330 713
1502340 713
1502350 712
1502360 711
1502370 711
1502380 710
1502390 709
1502400 709
1502410 709
1502420 709
1502430 709
1502440 708
1502450 709
1502460 709
1502470 710
1502480 709
1502490 709
1502500 709
1502510 709
1502520 709
1502530 709
1502540 709
1502550 709
1502560 708
1502570 708
1502580 708
1502590 707
1502600 705
1502610 705
1502620 703
1502630 701
1502640 701
1502650 699
1502660 698
1502670 698
1502680 698
1502690 699
1502700 699
1502710 699
1502720 698
1502730 698
1502740 698
1502750 697
1502760 697
1502770 695
1502780 696
1502790 696
1502800 699
1502810 700
1502820 700
1502830 701
1502840 702
1502850 704
1502860 704
1502870 705
1502880 706
1502890 706
1502900 707
1502910 709
1502920 709
1502930 710
1502940 710
1502950 710
1502960 711
1502970 711
1502980 711
1502990 710
1503000 709
1503010 709
1503020 709
1503030 708
1503040 708
1503050 708
1503060 707
1503070 707
1503080 706
1503090 706
1503100 706
1503110 705
1503120 705
1503130 705
1503140 704
1503150 703
1503160 703
1503170 702
1503180 700
1503190 700
1503200 698
1503210 697
1503220 697
1503230 696
1503240 694
1503250 694
1503260 692
1503270 690
1503280 690
1503290 687
1503300 684
1503310 684
1503320 681
1503330 679
1503340 679
1503350 678
1503360 676
1503370 676
1503380 675
1503390 673
1503400 673
1503410 670
1503420 669
1503430 669
1503440 667
1503450 665
1503460 665
1503470 662
1503480 659
1503490 659
1503500 659
1503510 660
1503520 661
1503530 661
1503540 663
1503550 665
1503560 665
1503570 668
1503580 671
1503590 671
1503600 673
1503610 676
1503620 676
1503630 678
1503640 679
1503650 679
1503660 679
1503670 677
1503680 677
1503690 673
1503700 670
1503710 670
1503720 669
1503730 669
1503740 669
1503750 668
1503760 666
1503770 666
1503780 664
1503790 660
1503800 660
1503810 655
1503820 651
1503830 651
1503840 647
1503850 643
1503860 643
1503870 640
1503880 638
1503890 638
1503900 635
1503910 632
1503920 632
1503930 631
1503940 629
1503950 629
1503960 628
1503970 625
1503980 625
1503990 622
1504000 618
1504010 618
1504020 614
1504030 611
1504040 611
1504050 604
1504060 601
1504070 601
1504080 597
1504090 593
1504100 593
1504110 587
1504120 582
1504130 582
1504140 577
1504150 573
1504160 573
1504170 569
1504180 566
1504190 566
1504200 564
1504210 562
1504220 560
1504230 560
1504240 558
1504250 557
1504260 557
1504270 555
1504280 553
1504290 553
1504300 551
1504310 549
1504320 549
1504330 547
1504340 545
1504350 545
1504360 544
1504370 542
1504380 542
1504390 540
1504400 539
1504410 539
1504420 538
1504430 535
1504440 535
1504450 533
1504460 532
1504470 532
1504480 531
1504490 530
1504500 530
1504510 529
1504520 527
1504530 527
1504540 526
1504550 525
1504560 525
1504570 524
1504580 523
1504590 523
1504600 522
1504610 521
1504620 521
1504630 519
1504640 518
1504650 518
1504660 517
1504670 516
1504680 516
1504690 515
1504700 514
1504710 514
1504720 513
1504730 512
1504740 512
1504750 512
1504760 511
1504770 511
1504780 510
1504790 509
1504800 509
1504810 508
1504820 507
1504830 507
1504840 506
1504850 505
1504860 505
1504870 504
1504880 503
1504890 503
1504900 503
1504910 502
1504920 500
1504930 500
1504940 499
1504950 498
1504960 498
1504970 498
1504980 498
1504990 498
1505000 498
1505010 499
1505020 499
1505030 500
1505040 501
1505050 501
1505060 501
1505070 501
1505080 501
1505090 501
1505100 501
1505110 501
1505120 501
1505130 501
1505140 501
1505150 501
1505160 501
1505170 501
1505180 501
1505190 500
1505200 500
1505210 500
1505220 500
1505230 500
1505240 499
1505250 499
1505260 499
1505270 499
1505280 500
1505290 500
1505300 500
1505310 501
1505320 501
1505330 501
1505340 502
1505350 502
1505360 502
1505370 503
1505380 503
1505390 504
1505400 504
1505410 504
1505420 505
1505430 505
1505440 505
1505450 506
1505460 506
1505470 506
1505480 507
1505490 507
1505500 507
1505510 507
1505520 507
1505530 507
1505540 507
1505550 506
1505560 506
1505570 503
1505580 499
1505590 497
1505600 497
1505610 495
1505620 495
1505630 495
1505640 494
1505650 494
1505660 494
1505670 492
1505680 491
1505690 491
1505700 491
1505710 490
1505720 490
1505730 490
1505740 489
1505750 489
1505760 488
1505770 488
1505780 488
1505790 487
1505800 487
1505810 487
1505820 486
1505830 486
1505840 486
1505850 485
1505860 485
1505870 485
1505880 484
1505890 484
1505900 484
1505910 484
1505920 483
1505930 483
1505940 483
1505950 483
1505960 483
1505970 483
1505980 483
1505990 483
1506000 482
1506010 482
1506020 482
1506030 481
1506040 480
1506050 480
1506060 479
1506070 479
1506080 479
1506090 478
1506100 477
1506110 477
1506120 477
1506130 476
1506140 476
1506150 476
1506160 476
1506170 476
1506180 475
1506190 475
1506200 475
1506210 474
1506220 474
1506230 474
1506240 473
1506250 472
1506260 471
1506270 471
1506280 470
1506290 469
1506300 469
1506310 469
1506320 469
1506330 469
1506340 469
1506350 469
1506360 469
1506370 469
1506380 469
1506390 469
1506400 469
1506410 469
1506420 469
1506430 469
1506440 469
1506450 469
1506460 469
1506470 470
1506480 470
1506490 470
1506500 470
1506510 470
1506520 469
1506530 469
1506540 469
1506550 469
1506560 469
1506570 469
1506580 469
1506590 469
1506600 469
1506610 469
1506620 469
1506630 469
1506640 469
1506650 469
1506660 469
1506670 469
1506680 469
1506690 469
1506700 469
1506710 469
1506720 469
1506730 469
1506740 469
1506750 469
1506760 469
1506770 469
1506780 469
1506790 469
1506800 469
1506810 469
1506820 469
1506830 469
1506840 469
1506850 469
1506860 469
1506870 469
1506880 469
1506890 469
1506900 469
1506910 469
1506920 469
1506930 469
1506940 469
1506950 469
1506960 469
1506970 469
1506980 469
1506990 469
1507000 469
1507010 469
1507020 469
1507030 469
1507040 469
1507050 469
1507060 469
1507070 469
1507080 469
1507090 469
1507100 469
1507110 469
1507120 469
1507130 469
1507140 469
1507150 469
1507160 469
1507170 469
1507180 469
1507190 469
1507200 469
1507210 469
1507220 469
1507230 469
1507240 469
1507250 469
1507260 469
1507270 469
1507280 469
1507290 469
1507300 469
1507310 469
1507320 469
1507330 469
1507340 469
1507350 469
1507360 469
1507370 469
1507380 469
1507390 469
1507400 469
1507410 469
1507420 469
1507430 469
1507440 469
1507450 469
1507460 469
1507470 469
1507480 469
1507490 469
1507500 469
1507510 469
1507520 469
1507530 469
1507540 469
1507550 469
1507560 469
1507570 469
1507580 469
1507590 469
1507600 469
1507610 469
1507620 469
1507630 469
1507640 469
1507650 469
1507660 469
1507670 469
1507680 469
1507690 469
1507700 469
1507710 469
1507720 469
1507730 469
1507740 469
1507750 469
1507760 469
1507770 469
1507780 469
1507790 469
1507800 469
1507810 469
1507820 469
1507830 469
1507840 469
1507850 469
1507860 469
1507870 469
1507880 469
1507890 469
1507900 469
1507910 469
1507920 469
1507930 469
1507940 469
1507950 469
1507960 469
1507970 469
1507980 469
1507990 469
1508000 469
1508010 469
1508020 469
1508030 469
1508040 469
1508050 469
1508060 469
1508070 469
1508080 469
1508090 469
1508100 469
1508110 469
1508120 469
1508130 469
1508140 469
1508150 469
1508160 469
1508170 469
1508180 469
1508190 469
1508200 469
1508210 469
1508220 469
1508230 469
1508240 469
1508250 469
1508260 469
1508270 469
1508280 469
1508290 469
1508300 469
1508310 469
1508320 469
1508330 469
1508340 469
1508350 469
1508360 469
1508370 469
1508380 469
1508390 469
1508400 469
1508410 469
1508420 469
1508430 469
1508440 469
1508450 469
1508460 469
1508470 469
1508480 469
1508490 469
1508500 469
1508510 469
1508520 469
1508530 469
1508540 469
1508550 469
1508560 469
1508570 469
1508580 469
1508590 469
1508600 469
1508610 469
1508620 469
1508630 469
1508640 469
1508650 469
1508660 469
1508670 469
1508680 469
1508690 469
1508700 469
1508710 469
1508720 469
1508730 469
1508740 469
1508750 469
1508760 469
1508770 469
1508780 469
1508790 469
1508800 469
1508810 469
1508820 469
1508830 469
1508840 469
1508850 469
1508860 469
1508870 469
1508880 469
1508890 469
1508900 469
1508910 469
1508920 469
1508930 469
1508940 469
1508950 469
1508960 469
1508970 469
1508980 469
1508990 469
1509000 469
1509010 469
1509020 469
1509030 469
1509040 469
1509050 469
1509060 469
1509070 469
1509080 469
1509090 469
1509100 469
1509110 469
1509120 469
1509130 469
1509140 469
1509150 469
1509160 469
1509170 469
1509180 469
1509190 469
1509200 469
1509210 469
1509220 469
1509230 469
1509240 469
1509250 469
1509260 469
1509270 469
1509280 469
1509290 469
1509300 469
1509310 469
1509320 469
1509330 469
1509340 469
1509350 469
1509360 469
1509370 469
1509380 469
1509390 469
1509400 469
1509410 469
1509420 469
1509430 469
1509440 469
1509450 469
1509460 469
1509470 469
1509480 469
1509490 469
1509500 469
1509510 469
1509520 469
1509530 469
1509540 469
1509550 469
1509560 469
1509570 469
1509580 469
1509590 469
1509600 469
1509610 469
1509620 469
1509630 469
1509640 469
1509650 469
1509660 469
1509670 469
1509680 469
1509690 469
1509700 469
1509710 469
1509720 469
1509730 469
1509740 469
1509750 469
1509760 469
1509770 469
1509780 469
1509790 469
1509800 469
1509810 469
1509820 469
1509830 469
1509840 469
1509850 469
1509860 469
1509870 469
1509880 469
1509890 469
1509900 469
1509910 469
1509920 469
1509930 469
1509940 469
1509950 469
1509960 469
1509970 469
1509980 469
1509990 469
1510000 469
1510010 469
1510020 469
1510030 469
1510040 469
1510050 469
1510060 469
1510070 469
1510080 469
1510090 469
1510100 469
1510110 469
1510120 469
1510130 469
1510140 469
1510150 469
1510160 469
1510170 469
1510180 469
1510190 469
1510200 469
1510210 469
1510220 469
1510230 469
1510240 469
1510250 469
1510260 469
1510270 469
1510280 469
1510290 469
1510300 469
1510310 469
1510320 469
1510330 469
1510340 469
1510350 469
1510360 469
1510370 469
1510380 469
1510390 469
1510400 469
1510410 469
1510420 469
1510430 469
1510440 469
1510450 469
1510460 469
1510470 469
1510480 469
1510490 469
1510500 469
1510510 469
1510520 469
1510530 469
1510540 469
1510550 469
1510560 469
1510570 469
1510580 469
1510590 469
1510600 469
1510610 469
1510620 469
1510630 469
1510640 469
1510650 469
1510660 469
1510670 469
1510680 469
1510690 469
1510700 470
1510710 470
1510720 471
1510730 472
1510740 472
1510750 473
1510760 474
1510770 474
1510780 475
1510790 477
1510800 477
1510810 478
1510820 479
1510830 479
1510840 480
1510850 481
1510860 481
1510870 483
1510880 484
1510890 484
1510900 486
1510910 488
1510920 488
1510930 491
1510940 492
1510950 492
1510960 493
1510970 494
1510980 494
1510990 494
1511000 495
1511010 495
1511020 497
1511030 499
1511040 499
1511050 501
1511060 503
1511070 505
1511080 505
1511090 508
1511100 511
1511110 511
1511120 515
1511130 517
1511140 517
1511150 520
1511160 522
1511170 522
1511180 525
1511190 528
1511200 528
1511210 531
1511220 534
1511230 534
1511240 538
1511250 543
1511260 543
1511270 547
1511280 550
1511290 550
1511300 553
1511310 556
1511320 556
1511330 558
1511340 560
1511350 560
1511360 562
1511370 562
1511380 562
1511390 563
1511400 565
1511410 565
1511420 566
1511430 567
1511440 567
1511450 568
1511460 571
1511470 571
1511480 573
1511490 576
1511500 576
1511510 578
1511520 580
1511530 580
1511540 582
1511550 584
1511560 584
1511570 586
1511580 588
1511590 588
1511600 589
1511610 590
1511620 590
1511630 591
1511640 593
1511650 593
1511660 594
1511670 597
1511680 597
1511690 599
1511700 601
1511710 601
1511720 602
1511730 603
1511740 604
1511750 604
1511760 604
1511770 604
1511780 604
1511790 604
1511800 604
1511810 604
1511820 604
1511830 605
1511840 605
1511850 608
1511860 611
1511870 611
1511880 615
1511890 618
1511900 618
1511910 621
1511920 624
1511930 624
1511940 624
1511950 623
1511960 623
1511970 622
1511980 623
1511990 623
1512000 623
1512010 620
1512020 620
1512030 618
1512040 616
1512050 616
1512060 616
1512070 617
1512080 617
1512090 618
1512100 619
1512110 619
1512120 620
1512130 621
1512140 621
1512150 619
1512160 613
1512170 613
1512180 606
1512190 601
1512200 601
1512210 595
1512220 590
1512230 590
1512240 587
1512250 583
1512260 583
1512270 579
1512280 576
1512290 576
1512300 572
1512310 569
1512320 569
1512330 567
1512340 566
1512350 566
1512360 564
1512370 563
1512380 563
1512390 563
1512400 562
1512410 562
1512420 560
1512430 557
1512440 554
1512450 554
1512460 553
1512470 551
1512480 551
1512490 550
1512500 547
1512510 547
1512520 542
1512530 540
1512540 540
1512550 538
1512560 537
1512570 537
1512580 538
1512590 539
1512600 539
1512610 540
1512620 541
1512630 541
1512640 541
1512650 541
1512660 541
1512670 541
1512680 542
1512690 542
1512700 542
1512710 541
1512720 541
1512730 541
1512740 540
1512750 540
1512760 540
1512770 540
1512780 540
1512790 541
1512800 542
1512810 542
1512820 543
1512830 543
1512840 543
1512850 543
1512860 542
1512870 542
1512880 540
1512890 539
1512900 539
1512910 537
1512920 535
1512930 535
1512940 531
1512950 527
1512960 527
1512970 523
1512980 520
1512990 520
1513000 518
1513010 519
1513020 519
1513030 520
1513040 520
1513050 520
1513060 522
1513070 522
1513080 522
1513090 523
1513100 524
1513110 525
1513120 525
1513130 526
1513140 528
1513150 528
1513160 529
1513170 532
1513180 532
1513190 535
1513200 536
1513210 536
1513220 535
1513230 536
1513240 536
1513250 536
1513260 537
1513270 537
1513280 539
1513290 542
1513300 542
1513310 546
1513320 552
1513330 552
1513340 558
1513350 562
1513360 562
1513370 565
1513380 567
1513390 567
1513400 568
1513410 568
1513420 568
1513430 569
1513440 569
1513450 569
1513460 568
1513470 568
1513480 568
1513490 567
1513500 564
1513510 564
1513520 562
1513530 562
1513540 562
1513550 562
1513560 562
1513570 562
1513580 563
1513590 564
1513600 564
1513610 564
1513620 564
1513630 564
1513640 564
1513650 565
1513660 565
1513670 565
1513680 567
1513690 567
1513700 567
1513710 568
1513720 568
1513730 568
1513740 566
1513750 566
1513760 567
1513770 568
1513780 568
1513790 568
1513800 567
1513810 567
1513820 567
1513830 566
1513840 567
1513850 567
1513860 569
1513870 570
1513880 570
1513890 571
1513900 570
1513910 570
1513920 570
1513930 570
1513940 570
1513950 570
1513960 570
1513970 570
1513980 569
1513990 568
1514000 568
1514010 567
1514020 565
1514030 565
1514040 564
1514050 564
1514060 564
1514070 562
1514080 559
1514090 559
1514100 560
1514110 562
1514120 562
1514130 562
1514140 563
1514150 563
1514160 564
1514170 563
1514180 563
1514190 558
1514200 555
1514210 555
1514220 555
1514230 554
1514240 554
1514250 551
1514260 548
1514270 548
1514280 546
1514290 547
1514300 547
1514310 547
1514320 547
1514330 547
1514340 547
1514350 546
1514360 546
1514370 545
1514380 546
1514390 546
1514400 546
1514410 546
1514420 546
1514430 547
1514440 547
1514450 547
1514460 546
1514470 546
1514480 546
1514490 546
1514500 549
1514510 546
1514520 546
1514530 543
1514540 542
1514550 542
1514560 541
1514570 540
1514580 540
1514590 539
1514600 539
1514610 539
1514620 541
1514630 541
1514640 541
1514650 541
1514660 542
1514670 542
1514680 542
1514690 542
1514700 542
1514710 542
1514720 542
1514730 542
1514740 542
1514750 542
1514760 542
1514770 543
1514780 543
1514790 543
1514800 543
1514810 543
1514820 543
1514830 544
1514840 546
1514850 546
1514860 549
1514870 550
1514880 550
1514890 552
1514900 555
1514910 555
1514920 557
1514930 558
1514940 558
1514950 560
1514960 561
1514970 561
1514980 562
1514990 564
1515000 564
1515010 565
1515020 566
1515030 566
1515040 569
1515050 571
1515060 571
1515070 573
1515080 574
1515090 574
1515100 575
1515110 576
1515120 576
1515130 577
1515140 578
1515150 578
1515160 579
1515170 579
1515180 580
1515190 580
1515200 582
1515210 583
1515220 583
1515230 583
1515240 584
1515250 584
1515260 585
1515270 586
1515280 586
1515290 588
1515300 590
1515310 590
1515320 591
1515330 591
1515340 591
1515350 592
1515360 595
1515370 595
1515380 598
1515390 599
1515400 599
1515410 600
1515420 600
1515430 600
1515440 602
1515450 605
1515460 605
1515470 607
1515480 609
1515490 609
1515500 610
1515510 612
1515520 612
1515530 614
1515540 615
1515550 615
1515560 617
1515570 618
1515580 618
1515590 619
1515600 620
1515610 620
1515620 620
1515630 621
1515640 621
1515650 622
1515660 622
1515670 622
1515680 623
1515690 623
1515700 623
1515710 623
1515720 623
1515730 623
1515740 624
1515750 623
1515760 623
1515770 623
1515780 622
1515790 622
1515800 621
1515810 619
1515820 619
1515830 616
1515840 613
1515850 613
1515860 609
1515870 606
1515880 603
1515890 603
1515900 601
1515910 604
1515920 604
1515930 608
1515940 610
1515950 610
1515960 611
1515970 612
1515980 612
1515990 614
1516000 615
1516010 615
1516020 616
1516030 617
1516040 617
1516050 618
1516060 618
1516070 618
1516080 618
1516090 618
1516100 618
1516110 618
1516120 617
1516130 617
1516140 617
1516150 617
1516160 617
1516170 616
1516180 616
1516190 616
1516200 615
1516210 614
1516220 614
1516230 612
1516240 611
1516250 611
1516260 609
1516270 604
1516280 604
1516290 599
1516300 594
1516310 594
1516320 591
1516330 586
1516340 586
1516350 582
1516360 575
1516370 575
1516380 569
1516390 567
1516400 567
1516410 567
1516420 568
1516430 568
1516440 569
1516450 569
1516460 569
1516470 570
1516480 575
1516490 575
1516500 582
1516510 587
1516520 587
1516530 591
1516540 595
1516550 599
1516560 599
1516570 603
1516580 606
1516590 606
1516600 609
1516610 611
1516620 611
1516630 613
1516640 616
1516650 616
1516660 619
1516670 621
1516680 621
1516690 624
1516700 628
1516710 628
1516720 632
1516730 635
1516740 635
1516750 638
1516760 641
1516770 641
1516780 644
1516790 647
1516800 647
1516810 650
1516820 653
1516830 653
1516840 656
1516850 659
1516860 659
1516870 662
1516880 665
1516890 665
1516900 669
1516910 673
1516920 673
1516930 676
1516940 680
1516950 680
1516960 684
1516970 687
1516980 687
1516990 688
1517000 688
1517010 688
1517020 690
1517030 693
1517040 693
1517050 696
1517060 698
1517070 698
1517080 700
1517090 702
1517100 702
1517110 705
1517120 707
1517130 707
1517140 710
1517150 712
1517160 712
1517170 714
1517180 716
1517190 716
1517200 718
1517210 720
1517220 720
1517230 723
1517240 725
1517250 728
1517260 728
1517270 732
1517280 738
1517290 738
1517300 744
1517310 749
1517320 749
1517330 753
1517340 758
1517350 758
1517360 764
1517370 771
1517380 771
1517390 779
1517400 787
1517410 787
1517420 796
1517430 803
1517440 803
1517450 810
1517460 816
1517470 816
1517480 821
1517490 826
1517500 826
1517510 832
1517520 836
1517530 836
1517540 840
1517550 842
1517560 842
1517570 845
1517580 847
1517590 847
1517600 848
1517610 850
1517620 850
1517630 853
1517640 855
1517650 855
1517660 857
1517670 859
1517680 859
1517690 861
1517700 863
1517710 863
1517720 864
1517730 864
1517740 864
1517750 864
1517760 862
1517770 862
1517780 860
1517790 858
1517800 858
1517810 856
1517820 856
1517830 856
1517840 855
1517850 855
1517860 855
1517870 855
1517880 856
1517890 856
1517900 857
1517910 857
1517920 858
1517930 858
1517940 859
1517950 859
1517960 859
1517970 860
1517980 860
1517990 860
1518000 861
1518010 861
1518020 861
1518030 860
1518040 860
1518050 860
1518060 858
1518070 856
1518080 856
1518090 855
1518100 853
1518110 853
1518120 851
1518130 849
1518140 849
1518150 848
1518160 846
1518170 846
1518180 844
1518190 842
1518200 842
1518210 840
1518220 838
1518230 838
1518240 838
1518250 837
1518260 837
1518270 835
1518280 832
1518290 832
1518300 832
1518310 834
1518320 834
1518330 835
1518340 836
1518350 836
1518360 837
1518370 838
1518380 838
1518390 839
1518400 840
1518410 840
1518420 841
1518430 842
1518440 842
1518450 844
1518460 845
1518470 845
1518480 848
1518490 851
1518500 851
1518510 853
1518520 854
1518530 854
1518540 853
1518550 855
1518560 855
1518570 857
1518580 858
1518590 858
1518600 860
1518610 861
1518620 863
1518630 863
1518640 864
1518650 865
1518660 865
1518670 867
1518680 869
1518690 869
1518700 870
1518710 872
1518720 872
1518730 875
1518740 878
1518750 878
1518760 880
1518770 881
1518780 881
1518790 883
1518800 885
1518810 885
1518820 887
1518830 889
1518840 889
1518850 891
1518860 893
1518870 893
1518880 895
1518890 896
1518900 896
1518910 898
1518920 899
1518930 899
1518940 901
1518950 902
1518960 902
1518970 903
1518980 904
1518990 904
1519000 906
1519010 908
1519020 908
1519030 909
1519040 910
1519050 910
1519060 912
1519070 913
1519080 913
1519090 915
1519100 916
1519110 916
1519120 917
1519130 918
1519140 918
1519150 918
1519160 917
1519170 917
1519180 914
1519190 910
1519200 910
1519210 905
1519220 900
1519230 900
1519240 896
1519250 892
1519260 892
1519270 889
1519280 886
1519290 883
1519300 883
1519310 880
1519320 877
1519330 877
1519340 875
1519350 872
1519360 872
1519370 869
1519380 867
1519390 867
1519400 865
1519410 862
1519420 862
1519430 861
1519440 860
1519450 860
1519460 859
1519470 857
1519480 857
1519490 853
1519500 854
1519510 854
1519520 856
1519530 855
1519540 855
1519550 854
1519560 853
1519570 853
1519580 852
1519590 852
1519600 852
1519610 852
1519620 855
1519630 855
1519640 859
1519650 863
1519660 863
1519670 865
1519680 868
1519690 868
1519700 871
1519710 874
1519720 874
1519730 876
1519740 879
1519750 879
1519760 881
1519770 884
1519780 884
1519790 889
1519800 893
1519810 893
1519820 896
1519830 899
1519840 899
1519850 903
1519860 907
1519870 907
1519880 910
1519890 915
1519900 915
1519910 919
1519920 923
1519930 923
1519940 926
1519950 930
1519960 934
1519970 934
1519980 937
1519990 939
