1500000 642
1500010 644
1500020 644
1500030 645
1500040 646
1500050 646
1500060 646
1500070 646
1500080 646
1500090 647
1500100 648
1500110 648
1500120 650
1500130 650
1500140 650
1500150 651
1500160 651
1500170 651
1500180 651
1500190 652
1500200 652
1500210 653
1500220 654
1500230 654
1500240 654
1500250 654
1500260 654
1500270 656
1500280 657
1500290 657
1500300 659
1500310 660
1500320 660
1500330 663
1500340 663
1500350 663
1500360 663
1500370 664
1500380 664
1500390 666
1500400 669
1500410 669
1500420 672
1500430 675
1500440 675
1500450 677
1500460 680
1500470 680
1500480 682
1500490 684
1500500 684
1500510 686
1500520 687
1500530 687
1500540 689
1500550 691
1500560 692
1500570 692
1500580 693
1500590 693
1500600 693
1500610 693
1500620 693
1500630 693
1500640 693
1500650 693
1500660 693
1500670 693
1500680 693
1500690 693
1500700 693
1500710 692
1500720 692
1500730 692
1500740 692
1500750 692
1500760 692
1500770 692
1500780 692
1500790 691
1500800 691
1500810 691
1500820 691
1500830 690
1500840 690
1500850 690
1500860 690
1500870 690
1500880 689
1500890 689
1500900 689
1500910 689
1500920 688
1500930 688
1500940 688
1500950 687
1500960 687
1500970 687
1500980 686
1500990 686
1501000 686
1501010 685
1501020 685
1501030 684
1501040 683
1501050 683
1501060 682
1501070 681
1501080 681
1501090 680
1501100 678
1501110 678
1501120 676
1501130 672
1501140 672
1501150 667
1501160 663
1501170 663
1501180 659
1501190 655
1501200 655
1501210 650
1501220 645
1501230 645
1501240 641
1501250 638
1501260 635
1501270 635
1501280 633
1501290 630
1501300 630
1501310 628
1501320 627
1501330 627
1501340 628
1501350 631
1501360 631
1501370 635
1501380 639
1501390 639
1501400 642
1501410 645
1501420 645
1501430 649
1501440 652
1501450 652
1501460 654
1501470 655
1501480 655
1501490 656
1501500 655
1501510 655
1501520 655
1501530 654
1501540 654
1501550 653
1501560 652
1501570 652
1501580 650
1501590 649
1501600 649
1501610 648
1501620 646
1501630 646
1501640 645
1501650 644
1501660 644
1501670 643
1501680 641
1501690 641
1501700 640
1501710 638
1501720 638
1501730 635
1501740 633
1501750 633
1501760 630
1501770 627
1501780 627
1501790 625
1501800 622
1501810 622
1501820 620
1501830 618
1501840 618
1501850 616
1501860 614
1501870 614
1501880 613
1501890 613
1501900 613
1501910 612
1501920 612
1501930 612
1501940 613
1501950 613
1501960 614
1501970 614
1501980 615
1501990 615
1502000 615
1502010 614
1502020 612
1502030 612
1502040 611
1502050 610
1502060 610
1502070 610
1502080 610
1502090 610
1502100 610
1502110 610
1502120 610
1502130 609
1502140 609
1502150 609
1502160 609
1502170 609
1502180 609
1502190 609
1502200 608
1502210 608
1502220 607
1502230 605
1502240 605
1502250 604
1502260 601
1502270 601
1502280 599
1502290 598
1502300 598
1502310 596
1502320 594
1502330 594
1502340 592
1502350 592
1502360 592
1502370 591
1502380 590
1502390 590
1502400 589
1502410 589
1502420 589
1502430 588
1502440 587
1502450 587
1502460 585
1502470 584
1502480 584
1502490 583
1502500 583
1502510 583
1502520 583
1502530 582
1502540 582
1502550 582
1502560 580
1502570 580
1502580 578
1502590 575
1502600 575
1502610 569
1502620 563
1502630 563
1502640 558
1502650 554
1502660 554
1502670 552
1502680 551
1502690 549
1502700 549
1502710 548
1502720 548
1502730 548
1502740 548
1502750 547
1502760 547
1502770 547
1502780 546
1502790 546
1502800 546
1502810 546
1502820 546
1502830 545
1502840 544
1502850 544
1502860 544
1502870 543
1502880 543
1502890 542
1502900 542
1502910 541
1502920 541
1502930 540
1502940 540
1502950 540
1502960 540
1502970 540
1502980 540
1502990 540
1503000 540
1503010 539
1503020 539
1503030 539
1503040 539
1503050 537
1503060 537
1503070 537
1503080 537
1503090 537
1503100 537
1503110 536
1503120 536
1503130 535
1503140 535
1503150 535
1503160 533
1503170 533
1503180 533
1503190 532
1503200 531
1503210 531
1503220 531
1503230 530
1503240 530
1503250 530
1503260 529
1503270 529
1503280 529
1503290 529
1503300 529
1503310 528
1503320 528
1503330 528
1503340 528
1503350 527
1503360 527
1503370 527
1503380 527
1503390 526
1503400 526
1503410 525
1503420 525
1503430 525
1503440 524
1503450 524
1503460 524
1503470 524
1503480 523
1503490 523
1503500 523
1503510 522
1503520 522
1503530 521
1503540 521
1503550 521
1503560 520
1503570 520
1503580 520
1503590 519
1503600 519
1503610 519
1503620 518
1503630 518
1503640 518
1503650 518
1503660 517
1503670 517
1503680 517
1503690 516
1503700 516
1503710 516
1503720 515
1503730 515
1503740 515
1503750 515
1503760 515
1503770 514
1503780 514
1503790 514
1503800 514
1503810 513
1503820 513
1503830 513
1503840 513
1503850 513
1503860 513
1503870 513
1503880 513
1503890 512
1503900 512
1503910 512
1503920 512
1503930 512
1503940 512
1503950 511
1503960 511
1503970 511
1503980 511
1503990 511
1504000 511
1504010 511
1504020 511
1504030 511
1504040 511
1504050 511
1504060 511
1504070 511
1504080 511
1504090 511
1504100 511
1504110 511
1504120 511
1504130 511
1504140 512
1504150 512
1504160 512
1504170 512
1504180 512
1504190 512
1504200 513
1504210 513
1504220 513
1504230 513
1504240 513
1504250 513
1504260 514
1504270 514
1504280 514
1504290 514
1504300 515
1504310 515
1504320 515
1504330 515
1504340 515
1504350 515
1504360 516
1504370 516
1504380 516
1504390 516
1504400 516
1504410 517
1504420 517
1504430 517
1504440 517
1504450 518
1504460 518
1504470 518
1504480 517
1504490 517
1504500 517
1504510 517
1504520 517
1504530 517
1504540 517
1504550 517
1504560 516
1504570 516
1504580 516
1504590 516
1504600 515
1504610 515
1504620 515
1504630 515
1504640 515
1504650 515
1504660 515
1504670 515
1504680 515
1504690 514
1504700 514
1504710 514
1504720 514
1504730 514
1504740 513
1504750 513
1504760 513
1504770 512
1504780 511
1504790 510
1504800 510
1504810 510
1504820 510
1504830 510
1504840 509
1504850 509
1504860 509
1504870 508
1504880 508
1504890 508
1504900 507
1504910 506
1504920 506
1504930 505
1504940 504
1504950 504
1504960 503
1504970 502
1504980 502
1504990 501
1505000 499
1505010 499
1505020 499
1505030 498
1505040 498
1505050 497
1505060 497
1505070 497
1505080 496
1505090 495
1505100 495
1505110 494
1505120 494
1505130 494
1505140 493
1505150 493
1505160 493
1505170 492
1505180 491
1505190 491
1505200 490
1505210 489
1505220 489
1505230 489
1505240 488
1505250 488
1505260 488
1505270 487
1505280 487
1505290 486
1505300 486
1505310 486
1505320 485
1505330 485
1505340 485
1505350 484
1505360 484
1505370 484
1505380 484
1505390 483
1505400 483
1505410 483
1505420 482
1505430 482
1505440 482
1505450 482
1505460 482
1505470 483
1505480 483
1505490 483
1505500 483
1505510 483
1505520 483
1505530 483
1505540 483
1505550 483
1505560 483
1505570 483
1505580 482
1505590 482
1505600 482
1505610 482
1505620 482
1505630 481
1505640 481
1505650 481
1505660 481
1505670 481
1505680 481
1505690 480
1505700 480
1505710 480
1505720 480
1505730 479
1505740 479
1505750 479
1505760 478
1505770 478
1505780 477
1505790 476
1505800 476
1505810 475
1505820 475
1505830 475
1505840 474
1505850 474
1505860 474
1505870 473
1505880 473
1505890 473
1505900 473
1505910 472
1505920 472
1505930 471
1505940 470
1505950 470
1505960 470
1505970 469
1505980 469
1505990 469
1506000 469
1506010 469
1506020 469
1506030 469
1506040 469
1506050 469
1506060 469
1506070 469
1506080 469
1506090 469
1506100 469
1506110 469
1506120 469
1506130 469
1506140 469
1506150 469
1506160 469
1506170 469
1506180 469
1506190 469
1506200 469
1506210 469
1506220 469
1506230 469
1506240 469
1506250 469
1506260 469
1506270 469
1506280 469
1506290 469
1506300 469
1506310 469
1506320 469
1506330 469
1506340 469
1506350 469
1506360 469
1506370 469
1506380 469
1506390 469
1506400 469
1506410 469
1506420 469
1506430 469
1506440 469
1506450 469
1506460 469
1506470 469
1506480 469
1506490 469
1506500 469
1506510 469
1506520 469
1506530 469
1506540 469
1506550 469
1506560 469
1506570 469
1506580 469
1506590 469
1506600 469
1506610 469
1506620 469
1506630 469
1506640 469
1506650 469
1506660 469
1506670 469
1506680 469
1506690 469
1506700 469
1506710 469
1506720 469
1506730 469
1506740 469
1506750 469
1506760 469
1506770 469
1506780 469
1506790 469
1506800 469
1506810 469
1506820 469
1506830 469
1506840 469
1506850 469
1506860 469
1506870 469
1506880 469
1506890 469
1506900 469
1506910 469
1506920 469
1506930 469
1506940 469
1506950 469
1506960 469
1506970 469
1506980 469
1506990 469
1507000 469
1507010 469
1507020 469
1507030 469
1507040 469
1507050 469
1507060 469
1507070 469
1507080 469
1507090 469
1507100 469
1507110 469
1507120 469
1507130 469
1507140 469
1507150 469
1507160 469
1507170 469
1507180 469
1507190 469
1507200 469
1507210 469
1507220 469
1507230 469
1507240 469
1507250 469
1507260 469
1507270 469
1507280 469
1507290 469
1507300 469
1507310 469
1507320 469
1507330 469
1507340 469
1507350 469
1507360 469
1507370 469
1507380 469
1507390 469
1507400 469
1507410 469
1507420 469
1507430 469
1507440 469
1507450 469
1507460 469
1507470 469
1507480 469
1507490 469
1507500 469
1507510 469
1507520 469
1507530 469
1507540 469
1507550 469
1507560 469
1507570 469
1507580 469
1507590 469
1507600 469
1507610 469
1507620 469
1507630 469
1507640 469
1507650 469
1507660 469
1507670 469
1507680 469
1507690 469
1507700 469
1507710 469
1507720 469
1507730 469
1507740 469
1507750 469
1507760 469
1507770 469
1507780 469
1507790 469
1507800 469
1507810 469
1507820 469
1507830 469
1507840 469
1507850 469
1507860 469
1507870 469
1507880 469
1507890 469
1507900 469
1507910 469
1507920 469
1507930 469
1507940 469
1507950 469
1507960 469
1507970 469
1507980 469
1507990 469
1508000 469
1508010 469
1508020 469
1508030 469
1508040 469
1508050 469
1508060 469
1508070 469
1508080 469
1508090 469
1508100 469
1508110 469
1508120 469
1508130 469
1508140 469
1508150 469
1508160 469
1508170 469
1508180 469
1508190 469
1508200 469
1508210 469
1508220 469
1508230 469
1508240 469
1508250 469
1508260 469
1508270 469
1508280 469
1508290 469
1508300 469
1508310 469
1508320 469
1508330 469
1508340 469
1508350 469
1508360 469
1508370 469
1508380 469
1508390 469
1508400 469
1508410 469
1508420 469
1508430 469
1508440 469
1508450 469
1508460 469
1508470 469
1508480 469
1508490 469
1508500 469
1508510 469
1508520 469
1508530 469
1508540 469
1508550 469
1508560 469
1508570 469
1508580 469
1508590 469
1508600 469
1508610 469
1508620 469
1508630 469
1508640 469
1508650 469
1508660 469
1508670 469
1508680 469
1508690 469
1508700 469
1508710 469
1508720 469
1508730 469
1508740 469
1508750 469
1508760 469
1508770 469
1508780 469
1508790 469
1508800 469
1508810 469
1508820 469
1508830 469
1508840 469
1508850 469
1508860 469
1508870 469
1508880 469
1508890 469
1508900 469
1508910 469
1508920 469
1508930 469
1508940 469
1508950 469
1508960 469
1508970 469
1508980 469
1508990 469
1509000 469
1509010 469
1509020 469
1509030 469
1509040 469
1509050 469
1509060 469
1509070 469
1509080 469
1509090 469
1509100 469
1509110 469
1509120 469
1509130 469
1509140 469
1509150 469
1509160 469
1509170 469
1509180 469
1509190 469
1509200 469
1509210 469
1509220 469
1509230 469
1509240 469
1509250 469
1509260 469
1509270 469
1509280 469
1509290 469
1509300 469
1509310 469
1509320 469
1509330 469
1509340 469
1509350 469
1509360 469
1509370 469
1509380 469
1509390 469
1509400 469
1509410 469
1509420 469
1509430 469
1509440 469
1509450 469
1509460 469
1509470 469
1509480 469
1509490 469
1509500 469
1509510 469
1509520 469
1509530 469
1509540 469
1509550 469
1509560 469
1509570 469
1509580 469
1509590 469
1509600 469
1509610 469
1509620 469
1509630 469
1509640 469
1509650 469
1509660 469
1509670 469
1509680 469
1509690 469
1509700 469
1509710 469
1509720 469
1509730 469
1509740 469
1509750 469
1509760 469
1509770 469
1509780 469
1509790 469
1509800 469
1509810 469
1509820 469
1509830 469
1509840 469
1509850 469
1509860 469
1509870 469
1509880 469
1509890 469
1509900 469
1509910 469
1509920 469
1509930 469
1509940 469
1509950 469
1509960 469
1509970 469
1509980 469
1509990 469
1510000 469
1510010 469
1510020 469
1510030 469
1510040 469
1510050 469
1510060 469
1510070 469
1510080 469
1510090 469
1510100 469
1510110 469
1510120 469
1510130 469
1510140 469
1510150 469
1510160 469
1510170 469
1510180 469
1510190 469
1510200 469
1510210 469
1510220 469
1510230 469
1510240 469
1510250 470
1510260 470
1510270 470
1510280 470
1510290 470
1510300 470
1510310 470
1510320 471
1510330 471
1510340 471
1510350 471
1510360 471
1510370 471
1510380 471
1510390 471
1510400 471
1510410 472
1510420 472
1510430 472
1510440 472
1510450 472
1510460 472
1510470 471
1510480 472
1510490 472
1510500 472
1510510 472
1510520 472
1510530 473
1510540 473
1510550 473
1510560 473
1510570 473
1510580 473
1510590 474
1510600 474
1510610 474
1510620 474
1510630 474
1510640 474
1510650 474
1510660 474
1510670 474
1510680 474
1510690 473
1510700 473
1510710 474
1510720 475
1510730 475
1510740 474
1510750 475
1510760 475
1510770 476
1510780 477
1510790 477
1510800 477
1510810 477
1510820 477
1510830 478
1510840 478
1510850 478
1510860 478
1510870 478
1510880 478
1510890 478
1510900 479
1510910 479
1510920 479
1510930 479
1510940 479
1510950 479
1510960 480
1510970 480
1510980 480
1510990 480
1511000 480
1511010 480
1511020 480
1511030 480
1511040 480
1511050 482
1511060 482
1511070 485
1511080 487
1511090 487
1511100 491
1511110 494
1511120 494
1511130 497
1511140 499
1511150 501
1511160 501
1511170 503
1511180 505
1511190 505
1511200 506
1511210 507
1511220 507
1511230 508
1511240 509
1511250 509
1511260 510
1511270 511
1511280 511
1511290 511
1511300 510
1511310 510
1511320 510
1511330 510
1511340 510
1511350 511
1511360 512
1511370 512
1511380 514
1511390 516
1511400 516
1511410 518
1511420 519
1511430 519
1511440 520
1511450 521
1511460 521
1511470 522
1511480 524
1511490 524
1511500 525
1511510 526
1511520 526
1511530 526
1511540 527
1511550 527
1511560 528
1511570 529
1511580 529
1511590 531
1511600 532
1511610 532
1511620 534
1511630 536
1511640 536
1511650 537
1511660 539
1511670 539
1511680 541
1511690 542
1511700 542
1511710 544
1511720 545
1511730 545
1511740 547
1511750 548
1511760 548
1511770 550
1511780 552
1511790 552
1511800 554
1511810 556
1511820 556
1511830 557
1511840 559
1511850 561
1511860 561
1511870 563
1511880 564
1511890 564
1511900 566
1511910 567
1511920 567
1511930 568
1511940 569
1511950 569
1511960 570
1511970 572
1511980 572
1511990 573
1512000 576
1512010 576
1512020 579
1512030 581
1512040 581
1512050 583
1512060 585
1512070 585
1512080 586
1512090 588
1512100 588
1512110 590
1512120 591
1512130 591
1512140 593
1512150 594
1512160 594
1512170 596
1512180 596
1512190 596
1512200 597
1512210 599
1512220 599
1512230 602
1512240 603
1512250 603
1512260 604
1512270 605
1512280 605
1512290 607
1512300 609
1512310 609
1512320 607
1512330 602
1512340 602
1512350 597
1512360 590
1512370 590
1512380 582
1512390 576
1512400 576
1512410 577
1512420 584
1512430 584
1512440 592
1512450 598
1512460 598
1512470 604
1512480 609
1512490 609
1512500 613
1512510 617
1512520 617
1512530 619
1512540 621
1512550 625
1512560 625
1512570 630
1512580 636
1512590 636
1512600 640
1512610 643
1512620 643
1512630 645
1512640 646
1512650 646
1512660 646
1512670 646
1512680 646
1512690 645
1512700 644
1512710 644
1512720 643
1512730 643
1512740 643
1512750 642
1512760 641
1512770 641
1512780 641
1512790 641
1512800 641
1512810 642
1512820 643
1512830 643
1512840 645
1512850 646
1512860 646
1512870 648
1512880 650
1512890 650
1512900 652
1512910 654
1512920 654
1512930 656
1512940 658
1512950 658
1512960 660
1512970 661
1512980 661
1512990 662
1513000 663
1513010 663
1513020 664
1513030 664
1513040 664
1513050 664
1513060 664
1513070 664
1513080 662
1513090 660
1513100 660
1513110 657
1513120 655
1513130 655
1513140 653
1513150 651
1513160 651
1513170 649
1513180 647
1513190 647
1513200 646
1513210 644
1513220 644
1513230 643
1513240 641
1513250 640
1513260 640
1513270 639
1513280 638
1513290 638
1513300 636
1513310 634
1513320 634
1513330 632
1513340 630
1513350 630
1513360 629
1513370 628
1513380 628
1513390 627
1513400 627
1513410 627
1513420 627
1513430 628
1513440 628
1513450 628
1513460 628
1513470 628
1513480 627
1513490 628
1513500 628
1513510 628
1513520 629
1513530 629
1513540 630
1513550 630
1513560 630
1513570 630
1513580 628
1513590 628
1513600 626
1513610 625
1513620 625
1513630 624
1513640 624
1513650 624
1513660 624
1513670 623
1513680 623
1513690 619
1513700 612
1513710 612
1513720 610
1513730 609
1513740 609
1513750 609
1513760 610
1513770 610
1513780 611
1513790 612
1513800 612
1513810 615
1513820 618
1513830 618
1513840 623
1513850 628
1513860 628
1513870 631
1513880 632
1513890 632
1513900 631
1513910 633
1513920 633
1513930 636
1513940 639
1513950 639
1513960 642
1513970 644
1513980 646
1513990 646
1514000 649
1514010 652
1514020 652
1514030 654
1514040 655
1514050 655
1514060 657
1514070 659
1514080 659
1514090 660
1514100 663
1514110 663
1514120 665
1514130 666
1514140 666
1514150 669
1514160 670
1514170 670
1514180 672
1514190 674
1514200 674
1514210 676
1514220 678
1514230 678
1514240 678
1514250 679
1514260 679
1514270 681
1514280 684
1514290 684
1514300 686
1514310 688
1514320 688
1514330 690
1514340 691
1514350 691
1514360 693
1514370 693
1514380 693
1514390 694
1514400 695
1514410 695
1514420 698
1514430 699
1514440 699
1514450 701
1514460 703
1514470 703
1514480 703
1514490 705
1514500 705
1514510 706
1514520 708
1514530 708
1514540 710
1514550 712
1514560 712
1514570 714
1514580 716
1514590 716
1514600 717
1514610 718
1514620 718
1514630 720
1514640 722
1514650 722
1514660 724
1514670 726
1514680 728
1514690 728
1514700 730
1514710 732
1514720 732
1514730 734
1514740 736
1514750 736
1514760 738
1514770 740
1514780 740
1514790 741
1514800 743
1514810 743
1514820 745
1514830 745
1514840 745
1514850 748
1514860 751
1514870 751
1514880 751
1514890 752
1514900 752
1514910 754
1514920 757
1514930 757
1514940 759
1514950 760
1514960 760
1514970 761
1514980 763
1514990 763
1515000 765
1515010 766
1515020 766
1515030 767
1515040 768
1515050 768
1515060 770
1515070 771
1515080 771
1515090 770
1515100 769
1515110 769
1515120 769
1515130 770
1515140 770
1515150 773
1515160 777
1515170 777
1515180 781
1515190 782
1515200 782
1515210 784
1515220 786
1515230 786
1515240 787
1515250 788
1515260 788
1515270 791
1515280 793
1515290 793
1515300 796
1515310 798
1515320 798
1515330 799
1515340 800
1515350 800
1515360 801
1515370 802
1515380 803
1515390 803
1515400 803
1515410 804
1515420 804
1515430 804
1515440 804
1515450 804
1515460 805
1515470 805
1515480 805
1515490 805
1515500 805
1515510 805
1515520 805
1515530 805
1515540 805
1515550 805
1515560 804
1515570 804
1515580 804
1515590 804
1515600 804
1515610 804
1515620 804
1515630 804
1515640 804
1515650 804
1515660 804
1515670 805
1515680 805
1515690 805
1515700 805
1515710 806
1515720 806
1515730 806
1515740 806
1515750 806
1515760 807
1515770 807
1515780 807
1515790 808
1515800 808
1515810 808
1515820 809
1515830 809
1515840 809
1515850 810
1515860 810
1515870 810
1515880 810
1515890 811
1515900 811
1515910 812
1515920 813
1515930 813
1515940 813
1515950 814
1515960 814
1515970 815
1515980 816
1515990 816
1516000 817
1516010 819
1516020 819
1516030 819
1516040 821
1516050 821
1516060 822
1516070 823
1516080 824
1516090 824
1516100 825
1516110 825
1516120 825
1516130 826
1516140 826
1516150 826
1516160 827
1516170 827
1516180 827
1516190 827
1516200 827
1516210 827
1516220 827
1516230 827
1516240 827
1516250 827
1516260 826
1516270 826
1516280 826
1516290 825
1516300 825
1516310 824
1516320 823
1516330 823
1516340 822
1516350 822
1516360 822
1516370 822
1516380 822
1516390 822
1516400 823
1516410 822
1516420 822
1516430 822
1516440 820
1516450 820
1516460 819
1516470 818
1516480 818
1516490 817
1516500 816
1516510 816
1516520 816
1516530 815
1516540 815
1516550 814
1516560 812
1516570 812
1516580 808
1516590 804
1516600 804
1516610 802
1516620 800
1516630 800
1516640 799
1516650 799
1516660 799
1516670 800
1516680 799
1516690 799
1516700 800
1516710 801
1516720 801
1516730 800
1516740 799
1516750 799
1516760 799
1516770 798
1516780 797
1516790 797
1516800 796
1516810 794
1516820 794
1516830 794
1516840 794
1516850 794
1516860 795
1516870 794
1516880 794
1516890 793
1516900 792
1516910 792
1516920 791
1516930 792
1516940 792
1516950 793
1516960 793
1516970 793
1516980 793
1516990 792
1517000 792
1517010 789
1517020 786
1517030 786
1517040 783
1517050 780
1517060 780
1517070 775
1517080 772
1517090 772
1517100 769
1517110 764
1517120 764
1517130 762
1517140 761
1517150 761
1517160 761
1517170 761
1517180 761
1517190 758
1517200 757
1517210 757
1517220 757
1517230 755
1517240 755
1517250 752
1517260 747
1517270 747
1517280 744
1517290 743
1517300 743
1517310 745
1517320 744
1517330 744
1517340 743
1517350 738
1517360 738
1517370 734
1517380 737
1517390 737
1517400 742
1517410 744
1517420 744
1517430 746
1517440 747
1517450 747
1517460 749
1517470 750
1517480 750
1517490 751
1517500 753
1517510 754
1517520 754
1517530 755
1517540 756
1517550 756
1517560 757
1517570 757
1517580 757
1517590 758
1517600 758
1517610 758
1517620 759
1517630 759
1517640 759
1517650 759
1517660 758
1517670 758
1517680 757
1517690 756
1517700 756
1517710 755
1517720 754
1517730 754
1517740 752
1517750 751
1517760 751
1517770 750
1517780 748
1517790 748
1517800 746
1517810 744
1517820 744
1517830 742
1517840 739
1517850 739
1517860 737
1517870 735
1517880 735
1517890 734
1517900 732
1517910 732
1517920 732
1517930 730
1517940 730
1517950 729
1517960 727
1517970 727
1517980 726
1517990 725
1518000 725
1518010 725
1518020 724
1518030 724
1518040 722
1518050 723
1518060 723
1518070 722
1518080 722
1518090 722
1518100 721
1518110 720
1518120 720
1518130 718
1518140 716
1518150 716
1518160 715
1518170 714
1518180 714
1518190 715
1518200 715
1518210 715
1518220 715
1518230 715
1518240 714
1518250 714
1518260 711
1518270 710
1518280 710
1518290 708
1518300 707
1518310 707
1518320 707
1518330 706
1518340 706
1518350 706
1518360 705
1518370 705
1518380 705
1518390 704
1518400 704
1518410 703
1518420 704
1518430 704
1518440 707
1518450 708
1518460 708
1518470 706
1518480 706
1518490 706
1518500 706
1518510 705
1518520 705
1518530 706
1518540 705
1518550 705
1518560 704
1518570 704
1518580 704
1518590 705
1518600 703
1518610 703
1518620 704
1518630 705
1518640 705
1518650 705
1518660 705
1518670 705
1518680 705
1518690 705
1518700 705
1518710 705
1518720 703
1518730 703
1518740 703
1518750 704
1518760 704
1518770 703
1518780 703
1518790 703
1518800 703
1518810 701
1518820 701
1518830 701
1518840 700
1518850 700
1518860 701
1518870 702
1518880 702
1518890 702
1518900 701
1518910 701
1518920 701
1518930 700
1518940 697
1518950 697
1518960 698
1518970 697
1518980 697
1518990 699
1519000 701
1519010 701
1519020 700
1519030 700
1519040 700
1519050 700
1519060 699
1519070 699
1519080 699
1519090 696
1519100 696
1519110 696
1519120 697
1519130 697
1519140 696
1519150 693
1519160 693
1519170 693
1519180 694
1519190 694
1519200 693
1519210 690
1519220 690
1519230 688
1519240 689
1519250 689
1519260 688
1519270 688
1519280 688
1519290 687
1519300 687
1519310 687
1519320 686
1519330 685
1519340 685
1519350 684
1519360 681
1519370 681
1519380 681
1519390 681
1519400 681
1519410 679
1519420 679
1519430 679
1519440 679
1519450 679
1519460 679
1519470 679
1519480 679
1519490 679
1519500 679
1519510 678
1519520 678
1519530 675
1519540 670
1519550 670
1519560 666
1519570 664
1519580 664
1519590 664
1519600 668
1519610 673
1519620 673
1519630 676
1519640 679
1519650 679
1519660 681
1519670 683
1519680 683
1519690 685
1519700 687
1519710 687
1519720 689
1519730 692
1519740 692
1519750 693
1519760 695
1519770 695
1519780 696
1519790 698
1519800 698
1519810 699
1519820 700
1519830 700
1519840 701
1519850 702
1519860 702
1519870 703
1519880 703
1519890 703
1519900 701
1519910 697
1519920 697
1519930 691
1519940 684
1519950 684
1519960 677
1519970 670
1519980 670
1519990 668
