1500000 644
1500010 644
1500020 644
1500030 644
1500040 644
1500050 643
1500060 642
1500070 642
1500080 641
1500090 641
1500100 640
1500110 640
1500120 639
1500130 639
1500140 639
1500150 638
1500160 637
1500170 637
1500180 636
1500190 634
1500200 634
1500210 634
1500220 633
1500230 633
1500240 632
1500250 632
1500260 632
1500270 631
1500280 631
1500290 631
1500300 630
1500310 630
1500320 630
1500330 629
1500340 629
1500350 629
1500360 628
1500370 627
1500380 627
1500390 627
1500400 626
1500410 626
1500420 625
1500430 624
1500440 624
1500450 623
1500460 622
1500470 622
1500480 621
1500490 620
1500500 620
1500510 620
1500520 619
1500530 619
1500540 618
1500550 618
1500560 618
1500570 617
1500580 617
1500590 617
1500600 616
1500610 616
1500620 616
1500630 615
1500640 615
1500650 615
1500660 614
1500670 613
1500680 613
1500690 612
1500700 611
1500710 611
1500720 611
1500730 610
1500740 610
1500750 609
1500760 608
1500770 608
1500780 607
1500790 607
1500800 606
1500810 606
1500820 604
1500830 603
1500840 603
1500850 601
1500860 598
1500870 598
1500880 596
1500890 593
1500900 593
1500910 592
1500920 590
1500930 590
1500940 589
1500950 588
1500960 588
1500970 587
1500980 586
1500990 586
1501000 585
1501010 584
1501020 584
1501030 584
1501040 584
1501050 584
1501060 584
1501070 585
1501080 585
1501090 585
1501100 584
1501110 584
1501120 583
1501130 583
1501140 583
1501150 583
1501160 582
1501170 582
1501180 583
1501190 584
1501200 584
1501210 586
1501220 588
1501230 588
1501240 590
1501250 590
1501260 590
1501270 589
1501280 586
1501290 586
1501300 584
1501310 584
1501320 584
1501330 584
1501340 584
1501350 584
1501360 584
1501370 584
1501380 584
1501390 584
1501400 584
1501410 584
1501420 584
1501430 584
1501440 584
1501450 585
1501460 586
1501470 586
1501480 588
1501490 591
1501500 591
1501510 595
1501520 598
1501530 600
1501540 600
1501550 600
1501560 598
1501570 598
1501580 594
1501590 589
1501600 589
1501610 586
1501620 585
1501630 585
1501640 584
1501650 584
1501660 584
1501670 584
1501680 584
1501690 584
1501700 584
1501710 584
1501720 584
1501730 584
1501740 585
1501750 585
1501760 585
1501770 585
1501780 585
1501790 586
1501800 586
1501810 586
1501820 587
1501830 587
1501840 587
1501850 587
1501860 587
1501870 587
1501880 587
1501890 587
1501900 587
1501910 587
1501920 587
1501930 587
1501940 588
1501950 588
1501960 588
1501970 588
1501980 588
1501990 588
1502000 587
1502010 585
1502020 585
1502030 584
1502040 584
1502050 584
1502060 583
1502070 582
1502080 582
1502090 581
1502100 580
1502110 580
1502120 580
1502130 580
1502140 580
1502150 581
1502160 582
1502170 582
1502180 584
1502190 583
1502200 583
1502210 582
1502220 581
1502230 581
1502240 581
1502250 579
1502260 578
1502270 578
1502280 577
1502290 576
1502300 576
1502310 575
1502320 573
1502330 573
1502340 572
1502350 571
1502360 571
1502370 570
1502380 569
1502390 569
1502400 569
1502410 568
1502420 568
1502430 568
1502440 567
1502450 567
1502460 567
1502470 566
1502480 566
1502490 566
1502500 566
1502510 566
1502520 565
1502530 565
1502540 565
1502550 564
1502560 564
1502570 564
1502580 564
1502590 563
1502600 563
1502610 563
1502620 562
1502630 562
1502640 561
1502650 560
1502660 560
1502670 559
1502680 557
1502690 557
1502700 556
1502710 554
1502720 554
1502730 553
1502740 552
1502750 552
1502760 551
1502770 550
1502780 550
1502790 549
1502800 549
1502810 549
1502820 548
1502830 547
1502840 547
1502850 546
1502860 546
1502870 546
1502880 546
1502890 546
1502900 546
1502910 546
1502920 546
1502930 546
1502940 546
1502950 545
1502960 545
1502970 545
1502980 545
1502990 543
1503000 543
1503010 541
1503020 539
1503030 539
1503040 538
1503050 538
1503060 538
1503070 538
1503080 538
1503090 538
1503100 538
1503110 538
1503120 538
1503130 538
1503140 538
1503150 538
1503160 538
1503170 538
1503180 538
1503190 538
1503200 538
1503210 538
1503220 538
1503230 538
1503240 538
1503250 539
1503260 539
1503270 539
1503280 539
1503290 539
1503300 539
1503310 538
1503320 538
1503330 538
1503340 538
1503350 537
1503360 537
1503370 537
1503380 536
1503390 536
1503400 535
1503410 535
1503420 535
1503430 534
1503440 534
1503450 534
1503460 533
1503470 534
1503480 534
1503490 534
1503500 534
1503510 534
1503520 534
1503530 535
1503540 535
1503550 535
1503560 535
1503570 535
1503580 535
1503590 535
1503600 535
1503610 535
1503620 535
1503630 535
1503640 535
1503650 535
1503660 535
1503670 535
1503680 535
1503690 534
1503700 534
1503710 534
1503720 534
1503730 534
1503740 534
1503750 533
1503760 533
1503770 533
1503780 533
1503790 533
1503800 533
1503810 532
1503820 532
1503830 532
1503840 532
1503850 532
1503860 532
1503870 531
1503880 531
1503890 531
1503900 531
1503910 531
1503920 530
1503930 530
1503940 530
1503950 530
1503960 530
1503970 530
1503980 529
1503990 529
1504000 529
1504010 529
1504020 528
1504030 528
1504040 528
1504050 527
1504060 527
1504070 527
1504080 527
1504090 527
1504100 527
1504110 527
1504120 527
1504130 527
1504140 526
1504150 526
1504160 526
1504170 525
1504180 525
1504190 525
1504200 524
1504210 524
1504220 524
1504230 523
1504240 523
1504250 522
1504260 521
1504270 521
1504280 520
1504290 520
1504300 520
1504310 519
1504320 517
1504330 517
1504340 516
1504350 515
1504360 515
1504370 514
1504380 513
1504390 512
1504400 512
1504410 512
1504420 511
1504430 511
1504440 511
1504450 510
1504460 510
1504470 509
1504480 508
1504490 508
1504500 507
1504510 506
1504520 506
1504530 505
1504540 504
1504550 504
1504560 503
1504570 502
1504580 502
1504590 500
1504600 500
1504610 500
1504620 499
1504630 498
1504640 498
1504650 497
1504660 496
1504670 496
1504680 496
1504690 495
1504700 495
1504710 495
1504720 495
1504730 495
1504740 494
1504750 494
1504760 494
1504770 493
1504780 493
1504790 493
1504800 492
1504810 492
1504820 492
1504830 492
1504840 491
1504850 491
1504860 491
1504870 490
1504880 490
1504890 490
1504900 490
1504910 490
1504920 489
1504930 489
1504940 489
1504950 488
1504960 488
1504970 488
1504980 487
1504990 487
1505000 487
1505010 486
1505020 486
1505030 486
1505040 486
1505050 486
1505060 486
1505070 486
1505080 486
1505090 486
1505100 486
1505110 486
1505120 485
1505130 485
1505140 485
1505150 485
1505160 485
1505170 485
1505180 485
1505190 485
1505200 485
1505210 484
1505220 484
1505230 484
1505240 484
1505250 484
1505260 483
1505270 482
1505280 482
1505290 481
1505300 480
1505310 480
1505320 480
1505330 479
1505340 479
1505350 479
1505360 478
1505370 478
1505380 478
1505390 479
1505400 479
1505410 478
1505420 478
1505430 478
1505440 478
1505450 478
1505460 478
1505470 478
1505480 478
1505490 478
1505500 479
1505510 479
1505520 479
1505530 479
1505540 479
1505550 479
1505560 480
1505570 480
1505580 480
1505590 480
1505600 481
1505610 481
1505620 481
1505630 481
1505640 481
1505650 482
1505660 482
1505670 482
1505680 482
1505690 482
1505700 482
1505710 482
1505720 482
1505730 482
1505740 482
1505750 482
1505760 482
1505770 482
1505780 482
1505790 482
1505800 482
1505810 482
1505820 481
1505830 481
1505840 481
1505850 481
1505860 481
1505870 481
1505880 480
1505890 480
1505900 480
1505910 479
1505920 479
1505930 479
1505940 478
1505950 478
1505960 478
1505970 478
1505980 478
1505990 478
1506000 478
1506010 478
1506020 477
1506030 476
1506040 476
1506050 476
1506060 475
1506070 475
1506080 475
1506090 475
1506100 475
1506110 475
1506120 474
1506130 474
1506140 473
1506150 472
1506160 472
1506170 472
1506180 471
1506190 471
1506200 470
1506210 470
1506220 470
1506230 470
1506240 470
1506250 470
1506260 470
1506270 470
1506280 470
1506290 470
1506300 470
1506310 470
1506320 470
1506330 470
1506340 470
1506350 470
1506360 469
1506370 469
1506380 469
1506390 469
1506400 469
1506410 469
1506420 469
1506430 469
1506440 469
1506450 469
1506460 469
1506470 469
1506480 469
1506490 469
1506500 469
1506510 469
1506520 469
1506530 469
1506540 469
1506550 469
1506560 469
1506570 469
1506580 469
1506590 469
1506600 469
1506610 469
1506620 469
1506630 469
1506640 469
1506650 469
1506660 469
1506670 469
1506680 469
1506690 469
1506700 469
1506710 469
1506720 469
1506730 469
1506740 469
1506750 469
1506760 469
1506770 469
1506780 469
1506790 469
1506800 469
1506810 469
1506820 469
1506830 469
1506840 469
1506850 469
1506860 469
1506870 469
1506880 469
1506890 469
1506900 469
1506910 469
1506920 469
1506930 469
1506940 469
1506950 469
1506960 469
1506970 469
1506980 469
1506990 469
1507000 469
1507010 469
1507020 469
1507030 469
1507040 469
1507050 469
1507060 469
1507070 469
1507080 469
1507090 469
1507100 469
1507110 469
1507120 469
1507130 469
1507140 469
1507150 469
1507160 469
1507170 469
1507180 469
1507190 469
1507200 469
1507210 469
1507220 469
1507230 469
1507240 469
1507250 469
1507260 469
1507270 469
1507280 469
1507290 469
1507300 469
1507310 469
1507320 469
1507330 469
1507340 469
1507350 469
1507360 469
1507370 469
1507380 469
1507390 469
1507400 469
1507410 469
1507420 469
1507430 469
1507440 469
1507450 469
1507460 469
1507470 469
1507480 469
1507490 469
1507500 469
1507510 469
1507520 469
1507530 469
1507540 469
1507550 469
1507560 469
1507570 469
1507580 469
1507590 469
1507600 469
1507610 469
1507620 469
1507630 469
1507640 469
1507650 469
1507660 469
1507670 469
1507680 469
1507690 469
1507700 469
1507710 469
1507720 469
1507730 469
1507740 469
1507750 469
1507760 469
1507770 469
1507780 469
1507790 469
1507800 469
1507810 469
1507820 469
1507830 469
1507840 469
1507850 469
1507860 469
1507870 469
1507880 469
1507890 469
1507900 469
1507910 469
1507920 469
1507930 469
1507940 469
1507950 469
1507960 469
1507970 469
1507980 469
1507990 469
1508000 469
1508010 469
1508020 469
1508030 469
1508040 469
1508050 469
1508060 469
1508070 469
1508080 469
1508090 469
1508100 469
1508110 469
1508120 469
1508130 469
1508140 469
1508150 469
1508160 469
1508170 469
1508180 469
1508190 469
1508200 469
1508210 469
1508220 469
1508230 469
1508240 469
1508250 469
1508260 469
1508270 469
1508280 469
1508290 469
1508300 469
1508310 469
1508320 469
1508330 469
1508340 469
1508350 469
1508360 469
1508370 469
1508380 469
1508390 469
1508400 469
1508410 469
1508420 469
1508430 469
1508440 469
1508450 469
1508460 469
1508470 469
1508480 469
1508490 469
1508500 469
1508510 469
1508520 469
1508530 469
1508540 469
1508550 469
1508560 469
1508570 469
1508580 469
1508590 469
1508600 469
1508610 469
1508620 469
1508630 469
1508640 469
1508650 469
1508660 469
1508670 469
1508680 469
1508690 469
1508700 469
1508710 469
1508720 469
1508730 469
1508740 469
1508750 469
1508760 469
1508770 469
1508780 469
1508790 469
1508800 469
1508810 469
1508820 469
1508830 469
1508840 469
1508850 469
1508860 469
1508870 469
1508880 469
1508890 469
1508900 469
1508910 469
1508920 469
1508930 469
1508940 469
1508950 469
1508960 469
1508970 469
1508980 469
1508990 469
1509000 469
1509010 469
1509020 469
1509030 469
1509040 469
1509050 469
1509060 469
1509070 469
1509080 469
1509090 469
1509100 469
1509110 469
1509120 469
1509130 469
1509140 469
1509150 469
1509160 469
1509170 469
1509180 469
1509190 469
1509200 469
1509210 469
1509220 469
1509230 469
1509240 469
1509250 469
1509260 469
1509270 469
1509280 469
1509290 469
1509300 469
1509310 469
1509320 469
1509330 469
1509340 469
1509350 469
1509360 469
1509370 469
1509380 469
1509390 469
1509400 469
1509410 469
1509420 469
1509430 469
1509440 469
1509450 469
1509460 469
1509470 469
1509480 469
1509490 469
1509500 469
1509510 469
1509520 469
1509530 469
1509540 469
1509550 469
1509560 469
1509570 469
1509580 469
1509590 469
1509600 469
1509610 469
1509620 469
1509630 469
1509640 469
1509650 469
1509660 469
1509670 469
1509680 469
1509690 469
1509700 469
1509710 469
1509720 469
1509730 469
1509740 469
1509750 469
1509760 469
1509770 469
1509780 469
1509790 469
1509800 469
1509810 469
1509820 469
1509830 469
1509840 469
1509850 469
1509860 469
1509870 469
1509880 469
1509890 469
1509900 469
1509910 469
1509920 469
1509930 469
1509940 469
1509950 469
1509960 469
1509970 469
1509980 469
1509990 469
1510000 469
1510010 469
1510020 469
1510030 469
1510040 469
1510050 469
1510060 469
1510070 469
1510080 469
1510090 469
1510100 469
1510110 469
1510120 469
1510130 469
1510140 469
1510150 469
1510160 469
1510170 469
1510180 469
1510190 469
1510200 469
1510210 469
1510220 469
1510230 469
1510240 469
1510250 469
1510260 469
1510270 469
1510280 469
1510290 469
1510300 469
1510310 469
1510320 469
1510330 469
1510340 469
1510350 469
1510360 469
1510370 469
1510380 469
1510390 469
1510400 469
1510410 469
1510420 469
1510430 469
1510440 469
1510450 469
1510460 469
1510470 469
1510480 469
1510490 469
1510500 469
1510510 469
1510520 469
1510530 469
1510540 469
1510550 469
1510560 469
1510570 469
1510580 469
1510590 469
1510600 469
1510610 469
1510620 469
1510630 469
1510640 469
1510650 469
1510660 469
1510670 469
1510680 469
1510690 469
1510700 469
1510710 469
1510720 469
1510730 469
1510740 469
1510750 469
1510760 469
1510770 469
1510780 469
1510790 469
1510800 469
1510810 469
1510820 469
1510830 469
1510840 469
1510850 469
1510860 469
1510870 469
1510880 469
1510890 469
1510900 469
1510910 469
1510920 469
1510930 469
1510940 469
1510950 469
1510960 469
1510970 469
1510980 469
1510990 469
1511000 469
1511010 469
1511020 469
1511030 469
1511040 469
1511050 469
1511060 469
1511070 469
1511080 469
1511090 469
1511100 469
1511110 469
1511120 469
1511130 469
1511140 469
1511150 469
1511160 470
1511170 471
1511180 471
1511190 472
1511200 475
1511210 475
1511220 479
1511230 483
1511240 483
1511250 487
1511260 493
1511270 493
1511280 498
1511290 503
1511300 503
1511310 508
1511320 515
1511330 515
1511340 522
1511350 530
1511360 530
1511370 537
1511380 543
1511390 543
1511400 548
1511410 555
1511420 555
1511430 561
1511440 567
1511450 567
1511460 572
1511470 578
1511480 578
1511490 585
1511500 592
1511510 592
1511520 599
1511530 605
1511540 611
1511550 611
1511560 617
1511570 623
1511580 623
1511590 629
1511600 636
1511610 636
1511620 643
1511630 649
1511640 649
1511650 656
1511660 663
1511670 663
1511680 669
1511690 674
1511700 674
1511710 679
1511720 683
1511730 683
1511740 687
1511750 690
1511760 690
1511770 693
1511780 696
1511790 696
1511800 699
1511810 701
1511820 701
1511830 703
1511840 704
1511850 704
1511860 706
1511870 707
1511880 707
1511890 708
1511900 710
1511910 710
1511920 711
1511930 713
1511940 713
1511950 714
1511960 716
1511970 716
1511980 718
1511990 720
1512000 720
1512010 722
1512020 725
1512030 725
1512040 727
1512050 730
1512060 730
1512070 732
1512080 735
1512090 735
1512100 738
1512110 741
1512120 741
1512130 743
1512140 746
1512150 746
1512160 748
1512170 749
1512180 749
1512190 751
1512200 754
1512210 754
1512220 757
1512230 759
1512240 759
1512250 762
1512260 764
1512270 765
1512280 765
1512290 766
1512300 766
1512310 766
1512320 766
1512330 766
1512340 766
1512350 766
1512360 765
1512370 765
1512380 765
1512390 763
1512400 763
1512410 761
1512420 758
1512430 758
1512440 754
1512450 751
1512460 751
1512470 748
1512480 747
1512490 747
1512500 746
1512510 744
1512520 744
1512530 742
1512540 738
1512550 738
1512560 733
1512570 730
1512580 730
1512590 727
1512600 725
1512610 725
1512620 724
1512630 723
1512640 723
1512650 721
1512660 721
1512670 721
1512680 722
1512690 721
1512700 721
1512710 717
1512720 716
1512730 716
1512740 720
1512750 726
1512760 726
1512770 730
1512780 733
1512790 733
1512800 735
1512810 737
1512820 737
1512830 739
1512840 741
1512850 741
1512860 744
1512870 747
1512880 747
1512890 750
1512900 752
1512910 752
1512920 755
1512930 758
1512940 758
1512950 761
1512960 764
1512970 767
1512980 767
1512990 771
1513000 775
1513010 775
1513020 778
1513030 782
1513040 782
1513050 785
1513060 787
1513070 787
1513080 789
1513090 791
1513100 791
1513110 792
1513120 793
1513130 793
1513140 795
1513150 796
1513160 796
1513170 797
1513180 799
1513190 799
1513200 801
1513210 804
1513220 804
1513230 806
1513240 807
1513250 807
1513260 809
1513270 810
1513280 810
1513290 811
1513300 812
1513310 812
1513320 813
1513330 814
1513340 814
1513350 814
1513360 815
1513370 815
1513380 815
1513390 815
1513400 815
1513410 815
1513420 815
1513430 815
1513440 815
1513450 815
1513460 815
1513470 815
1513480 815
1513490 815
1513500 814
1513510 814
1513520 814
1513530 814
1513540 814
1513550 814
1513560 814
1513570 814
1513580 814
1513590 813
1513600 812
1513610 812
1513620 812
1513630 811
1513640 811
1513650 811
1513660 810
1513670 810
1513680 809
1513690 808
1513700 808
1513710 808
1513720 807
1513730 806
1513740 806
1513750 806
1513760 805
1513770 805
1513780 804
1513790 804
1513800 804
1513810 804
1513820 803
1513830 803
1513840 802
1513850 799
1513860 799
1513870 795
1513880 792
1513890 792
1513900 789
1513910 788
1513920 788
1513930 786
1513940 784
1513950 784
1513960 784
1513970 785
1513980 785
1513990 787
1514000 790
1514010 790
1514020 793
1514030 795
1514040 795
1514050 796
1514060 796
1514070 796
1514080 796
1514090 797
1514100 797
1514110 797
1514120 796
1514130 796
1514140 792
1514150 788
1514160 788
1514170 786
1514180 785
1514190 785
1514200 785
1514210 786
1514220 786
1514230 788
1514240 791
1514250 791
1514260 793
1514270 796
1514280 796
1514290 797
1514300 797
1514310 797
1514320 797
1514330 797
1514340 797
1514350 796
1514360 794
1514370 794
1514380 793
1514390 791
1514400 791
1514410 789
1514420 788
1514430 786
1514440 786
1514450 784
1514460 782
1514470 782
1514480 780
1514490 779
1514500 779
1514510 781
1514520 781
1514530 781
1514540 780
1514550 781
1514560 781
1514570 785
1514580 789
1514590 789
1514600 792
1514610 794
1514620 794
1514630 796
1514640 797
1514650 797
1514660 799
1514670 801
1514680 801
1514690 802
1514700 804
1514710 804
1514720 805
1514730 807
1514740 807
1514750 808
1514760 808
1514770 808
1514780 808
1514790 808
1514800 808
1514810 807
1514820 805
1514830 805
1514840 803
1514850 802
1514860 802
1514870 800
1514880 798
1514890 798
1514900 799
1514910 800
1514920 800
1514930 802
1514940 804
1514950 804
1514960 804
1514970 803
1514980 803
1514990 803
1515000 805
1515010 805
1515020 805
1515030 806
1515040 806
1515050 807
1515060 808
1515070 808
1515080 808
1515090 808
1515100 808
1515110 808
1515120 809
1515130 810
1515140 810
1515150 812
1515160 813
1515170 813
1515180 814
1515190 815
1515200 815
1515210 816
1515220 817
1515230 817
1515240 817
1515250 818
1515260 818
1515270 819
1515280 821
1515290 821
1515300 822
1515310 823
1515320 823
1515330 823
1515340 823
1515350 823
1515360 822
1515370 821
1515380 821
1515390 820
1515400 821
1515410 821
1515420 821
1515430 821
1515440 821
1515450 822
1515460 823
1515470 823
1515480 824
1515490 826
1515500 826
1515510 827
1515520 829
1515530 829
1515540 830
1515550 832
1515560 832
1515570 833
1515580 835
1515590 838
1515600 840
1515610 841
1515620 841
1515630 843
1515640 844
1515650 844
1515660 845
1515670 846
1515680 846
1515690 847
1515700 847
1515710 847
1515720 848
1515730 848
1515740 848
1515750 848
1515760 848
1515770 848
1515780 849
1515790 849
1515800 849
1515810 848
1515820 848
1515830 848
1515840 847
1515850 846
1515860 844
1515870 844
1515880 843
1515890 839
1515900 839
1515910 835
1515920 829
1515930 829
1515940 824
1515950 819
1515960 819
1515970 815
1515980 813
1515990 813
1516000 810
1516010 808
1516020 808
1516030 804
1516040 803
1516050 803
1516060 803
1516070 803
1516080 803
1516090 802
1516100 803
1516110 803
1516120 803
1516130 804
1516140 804
1516150 806
1516160 806
1516170 806
1516180 806
1516190 805
1516200 805
1516210 804
1516220 803
1516230 803
1516240 802
1516250 800
1516260 800
1516270 799
1516280 801
1516290 801
1516300 801
1516310 800
1516320 800
1516330 802
1516340 802
1516350 802
1516360 804
1516370 806
1516380 806
1516390 804
1516400 806
1516410 806
1516420 809
1516430 811
1516440 811
1516450 812
1516460 813
1516470 813
1516480 814
1516490 815
1516500 815
1516510 816
1516520 816
1516530 816
1516540 816
1516550 816
1516560 816
1516570 816
1516580 816
1516590 817
1516600 817
1516610 816
1516620 816
1516630 816
1516640 815
1516650 814
1516660 814
1516670 816
1516680 817
1516690 817
1516700 817
1516710 817
1516720 817
1516730 818
1516740 819
1516750 819
1516760 821
1516770 823
1516780 823
1516790 824
1516800 823
1516810 823
1516820 825
1516830 827
1516840 827
1516850 827
1516860 828
1516870 828
1516880 830
1516890 830
1516900 830
1516910 831
1516920 832
1516930 832
1516940 833
1516950 835
1516960 835
1516970 836
1516980 838
1516990 838
1517000 839
1517010 840
1517020 840
1517030 841
1517040 841
1517050 841
1517060 841
1517070 842
1517080 842
1517090 844
1517100 845
1517110 845
1517120 845
1517130 846
1517140 846
1517150 847
1517160 848
1517170 848
1517180 849
1517190 850
1517200 850
1517210 850
1517220 851
1517230 851
1517240 852
1517250 851
1517260 851
1517270 850
1517280 850
1517290 851
1517300 851
1517310 852
1517320 852
1517330 852
1517340 852
1517350 853
1517360 853
1517370 854
1517380 854
1517390 854
1517400 855
1517410 855
1517420 855
1517430 856
1517440 856
1517450 856
1517460 857
1517470 859
1517480 859
1517490 860
1517500 862
1517510 862
1517520 864
1517530 865
1517540 865
1517550 867
1517560 868
1517570 868
1517580 871
1517590 874
1517600 874
1517610 876
1517620 878
1517630 878
1517640 880
1517650 881
1517660 881
1517670 881
1517680 880
1517690 880
1517700 878
1517710 875
1517720 875
1517730 872
1517740 870
1517750 870
1517760 867
1517770 865
1517780 865
1517790 862
1517800 858
1517810 858
1517820 855
1517830 853
1517840 853
1517850 851
1517860 850
1517870 850
1517880 848
1517890 847
1517900 847
1517910 847
1517920 845
1517930 845
1517940 842
1517950 842
1517960 842
1517970 841
1517980 840
1517990 839
1518000 839
1518010 838
1518020 838
1518030 838
1518040 837
1518050 837
1518060 837
1518070 836
1518080 836
1518090 836
1518100 835
1518110 835
1518120 835
1518130 835
1518140 834
1518150 834
1518160 834
1518170 834
1518180 834
1518190 834
1518200 834
1518210 834
1518220 833
1518230 833
1518240 833
1518250 832
1518260 832
1518270 832
1518280 832
1518290 832
1518300 832
1518310 832
1518320 832
1518330 832
1518340 832
1518350 831
1518360 831
1518370 831
1518380 831
1518390 831
1518400 830
1518410 830
1518420 830
1518430 830
1518440 830
1518450 830
1518460 830
1518470 830
1518480 830
1518490 830
1518500 829
1518510 829
1518520 829
1518530 829
1518540 829
1518550 829
1518560 829
1518570 829
1518580 829
1518590 829
1518600 829
1518610 829
1518620 828
1518630 828
1518640 828
1518650 828
1518660 828
1518670 827
1518680 827
1518690 827
1518700 827
1518710 827
1518720 827
1518730 827
1518740 827
1518750 827
1518760 827
1518770 827
1518780 826
1518790 826
1518800 826
1518810 826
1518820 826
1518830 825
1518840 825
1518850 825
1518860 823
1518870 822
1518880 822
1518890 821
1518900 819
1518910 819
1518920 819
1518930 820
1518940 820
1518950 821
1518960 822
1518970 822
1518980 822
1518990 821
1519000 821
1519010 818
1519020 819
1519030 819
1519040 821
1519050 821
1519060 821
1519070 820
1519080 820
1519090 820
1519100 819
1519110 819
1519120 819
1519130 818
1519140 818
1519150 818
1519160 817
1519170 817
1519180 817
1519190 816
1519200 815
1519210 815
1519220 815
1519230 815
1519240 815
1519250 814
1519260 814
1519270 814
1519280 813
1519290 812
1519300 812
1519310 811
1519320 810
1519330 810
1519340 810
1519350 809
1519360 809
1519370 808
1519380 807
1519390 807
1519400 807
1519410 806
1519420 804
1519430 804
1519440 803
1519450 802
1519460 802
1519470 801
1519480 800
1519490 803
1519500 801
1519510 800
1519520 800
1519530 798
1519540 797
1519550 797
1519560 796
1519570 795
1519580 795
1519590 793
1519600 791
1519610 791
1519620 789
1519630 787
1519640 787
1519650 784
1519660 780
1519670 780
1519680 776
1519690 772
1519700 772
1519710 768
1519720 766
1519730 766
1519740 768
1519750 768
1519760 768
1519770 767
1519780 765
1519790 765
1519800 764
1519810 762
1519820 762
1519830 760
1519840 758
1519850 758
1519860 757
1519870 755
1519880 755
1519890 754
1519900 752
1519910 752
1519920 751
1519930 751
1519940 751
1519950 751
1519960 750
1519970 750
1519980 749
1519990 747
