1500000 557
1500010 556
1500020 556
1500030 556
1500040 556
1500050 556
1500060 556
1500070 555
1500080 555
1500090 555
1500100 554
1500110 554
1500120 554
1500130 553
1500140 553
1500150 552
1500160 552
1500170 552
1500180 551
1500190 551
1500200 551
1500210 550
1500220 550
1500230 550
1500240 550
1500250 549
1500260 549
1500270 549
1500280 549
1500290 549
1500300 548
1500310 548
1500320 548
1500330 548
1500340 548
1500350 548
1500360 548
1500370 548
1500380 548
1500390 548
1500400 548
1500410 547
1500420 547
1500430 546
1500440 545
1500450 545
1500460 545
1500470 545
1500480 545
1500490 546
1500500 547
1500510 547
1500520 547
1500530 547
1500540 547
1500550 547
1500560 547
1500570 547
1500580 547
1500590 547
1500600 547
1500610 547
1500620 548
1500630 548
1500640 548
1500650 548
1500660 548
1500670 548
1500680 548
1500690 548
1500700 548
1500710 548
1500720 548
1500730 548
1500740 548
1500750 548
1500760 548
1500770 548
1500780 548
1500790 548
1500800 548
1500810 548
1500820 548
1500830 548
1500840 548
1500850 548
1500860 548
1500870 548
1500880 548
1500890 548
1500900 548
1500910 547
1500920 547
1500930 547
1500940 547
1500950 547
1500960 547
1500970 547
1500980 547
1500990 547
1501000 547
1501010 547
1501020 547
1501030 547
1501040 547
1501050 547
1501060 546
1501070 546
1501080 546
1501090 546
1501100 546
1501110 546
1501120 546
1501130 546
1501140 546
1501150 546
1501160 546
1501170 546
1501180 546
1501190 546
1501200 545
1501210 545
1501220 545
1501230 545
1501240 545
1501250 545
1501260 545
1501270 545
1501280 545
1501290 545
1501300 545
1501310 545
1501320 544
1501330 544
1501340 544
1501350 544
1501360 544
1501370 544
1501380 544
1501390 544
1501400 543
1501410 543
1501420 543
1501430 543
1501440 543
1501450 543
1501460 543
1501470 542
1501480 542
1501490 542
1501500 542
1501510 542
1501520 541
1501530 541
1501540 541
1501550 542
1501560 542
1501570 542
1501580 542
1501590 542
1501600 542
1501610 542
1501620 542
1501630 542
1501640 542
1501650 542
1501660 542
1501670 542
1501680 542
1501690 542
1501700 542
1501710 542
1501720 542
1501730 542
1501740 542
1501750 542
1501760 542
1501770 541
1501780 541
1501790 541
1501800 541
1501810 541
1501820 540
1501830 540
1501840 540
1501850 539
1501860 538
1501870 538
1501880 538
1501890 537
1501900 537
1501910 536
1501920 534
1501930 534
1501940 532
1501950 530
1501960 530
1501970 528
1501980 526
1501990 525
1502000 525
1502010 524
1502020 524
1502030 524
1502040 524
1502050 523
1502060 523
1502070 523
1502080 523
1502090 523
1502100 523
1502110 523
1502120 523
1502130 523
1502140 523
1502150 523
1502160 523
1502170 525
1502180 525
1502190 525
1502200 526
1502210 526
1502220 527
1502230 528
1502240 528
1502250 528
1502260 529
1502270 529
1502280 530
1502290 531
1502300 531
1502310 531
1502320 532
1502330 532
1502340 532
1502350 533
1502360 533
1502370 533
1502380 533
1502390 533
1502400 531
1502410 531
1502420 531
1502430 533
1502440 533
1502450 533
1502460 533
1502470 533
1502480 533
1502490 533
1502500 533
1502510 533
1502520 532
1502530 531
1502540 531
1502550 530
1502560 529
1502570 529
1502580 529
1502590 529
1502600 529
1502610 529
1502620 528
1502630 528
1502640 528
1502650 528
1502660 528
1502670 528
1502680 528
1502690 528
1502700 528
1502710 527
1502720 527
1502730 527
1502740 527
1502750 527
1502760 525
1502770 522
1502780 521
1502790 521
1502800 520
1502810 520
1502820 520
1502830 520
1502840 520
1502850 520
1502860 520
1502870 520
1502880 520
1502890 520
1502900 520
1502910 520
1502920 519
1502930 519
1502940 519
1502950 520
1502960 520
1502970 520
1502980 520
1502990 520
1503000 520
1503010 520
1503020 520
1503030 520
1503040 519
1503050 519
1503060 519
1503070 519
1503080 519
1503090 519
1503100 519
1503110 519
1503120 519
1503130 519
1503140 519
1503150 519
1503160 519
1503170 519
1503180 519
1503190 519
1503200 519
1503210 519
1503220 519
1503230 519
1503240 519
1503250 519
1503260 522
1503270 522
1503280 525
1503290 529
1503300 529
1503310 532
1503320 534
1503330 534
1503340 537
1503350 539
1503360 539
1503370 541
1503380 544
1503390 544
1503400 546
1503410 548
1503420 548
1503430 549
1503440 550
1503450 550
1503460 551
1503470 551
1503480 551
1503490 552
1503500 553
1503510 553
1503520 553
1503530 554
1503540 554
1503550 554
1503560 554
1503570 554
1503580 555
1503590 555
1503600 556
1503610 556
1503620 556
1503630 556
1503640 556
1503650 556
1503660 556
1503670 556
1503680 557
1503690 557
1503700 557
1503710 557
1503720 557
1503730 557
1503740 557
1503750 557
1503760 557
1503770 557
1503780 557
1503790 557
1503800 557
1503810 557
1503820 557
1503830 557
1503840 557
1503850 557
1503860 557
1503870 557
1503880 557
1503890 557
1503900 558
1503910 558
1503920 558
1503930 558
1503940 558
1503950 558
1503960 558
1503970 558
1503980 559
1503990 559
1504000 559
1504010 559
1504020 559
1504030 559
1504040 559
1504050 559
1504060 559
1504070 560
1504080 560
1504090 560
1504100 560
1504110 560
1504120 560
1504130 561
1504140 561
1504150 561
1504160 561
1504170 561
1504180 561
1504190 561
1504200 561
1504210 561
1504220 561
1504230 561
1504240 561
1504250 562
1504260 562
1504270 562
1504280 563
1504290 563
1504300 563
1504310 563
1504320 564
1504330 564
1504340 564
1504350 565
1504360 565
1504370 565
1504380 566
1504390 566
1504400 566
1504410 567
1504420 568
1504430 568
1504440 568
1504450 568
1504460 568
1504470 569
1504480 569
1504490 569
1504500 570
1504510 571
1504520 571
1504530 571
1504540 572
1504550 572
1504560 572
1504570 573
1504580 573
1504590 574
1504600 574
1504610 574
1504620 575
1504630 575
1504640 575
1504650 576
1504660 576
1504670 576
1504680 576
1504690 577
1504700 577
1504710 577
1504720 577
1504730 577
1504740 577
1504750 577
1504760 577
1504770 578
1504780 578
1504790 578
1504800 579
1504810 580
1504820 580
1504830 580
1504840 581
1504850 581
1504860 582
1504870 582
1504880 582
1504890 583
1504900 584
1504910 584
1504920 585
1504930 585
1504940 585
1504950 586
1504960 586
1504970 586
1504980 587
1504990 587
1505000 587
1505010 588
1505020 588
1505030 588
1505040 589
1505050 589
1505060 589
1505070 590
1505080 590
1505090 590
1505100 591
1505110 591
1505120 591
1505130 592
1505140 593
1505150 593
1505160 593
1505170 594
1505180 594
1505190 595
1505200 595
1505210 596
1505220 596
1505230 596
1505240 597
1505250 597
1505260 597
1505270 597
1505280 597
1505290 597
1505300 597
1505310 597
1505320 596
1505330 596
1505340 596
1505350 596
1505360 596
1505370 596
1505380 596
1505390 596
1505400 596
1505410 597
1505420 598
1505430 598
1505440 599
1505450 601
1505460 601
1505470 601
1505480 601
1505490 601
1505500 601
1505510 601
1505520 601
1505530 601
1505540 601
1505550 601
1505560 602
1505570 603
1505580 603
1505590 604
1505600 604
1505610 604
1505620 605
1505630 606
1505640 606
1505650 606
1505660 607
1505670 607
1505680 607
1505690 608
1505700 608
1505710 609
1505720 609
1505730 609
1505740 610
1505750 610
1505760 610
1505770 611
1505780 611
1505790 611
1505800 612
1505810 612
1505820 612
1505830 612
1505840 613
1505850 613
1505860 613
1505870 613
1505880 613
1505890 613
1505900 613
1505910 613
1505920 613
1505930 613
1505940 613
1505950 613
1505960 613
1505970 613
1505980 612
1505990 612
1506000 611
1506010 611
1506020 611
1506030 610
1506040 610
1506050 609
1506060 609
1506070 609
1506080 608
1506090 607
1506100 607
1506110 606
1506120 605
1506130 605
1506140 604
1506150 604
1506160 604
1506170 602
1506180 601
1506190 601
1506200 600
1506210 598
1506220 598
1506230 597
1506240 595
1506250 595
1506260 593
1506270 591
1506280 591
1506290 590
1506300 588
1506310 588
1506320 586
1506330 584
1506340 584
1506350 581
1506360 578
1506370 578
1506380 576
1506390 574
1506400 574
1506410 573
1506420 571
1506430 571
1506440 570
1506450 569
1506460 569
1506470 568
1506480 567
1506490 567
1506500 566
1506510 564
1506520 564
1506530 563
1506540 562
1506550 562
1506560 561
1506570 560
1506580 560
1506590 559
1506600 559
1506610 559
1506620 558
1506630 558
1506640 558
1506650 558
1506660 558
1506670 558
1506680 557
1506690 555
1506700 555
1506710 553
1506720 551
1506730 551
1506740 550
1506750 549
1506760 549
1506770 549
1506780 548
1506790 548
1506800 548
1506810 547
1506820 547
1506830 547
1506840 546
1506850 546
1506860 546
1506870 546
1506880 546
1506890 546
1506900 545
1506910 545
1506920 545
1506930 545
1506940 545
1506950 545
1506960 545
1506970 545
1506980 545
1506990 545
1507000 545
1507010 545
1507020 545
1507030 545
1507040 545
1507050 544
1507060 544
1507070 544
1507080 544
1507090 543
1507100 543
1507110 543
1507120 542
1507130 542
1507140 542
1507150 542
1507160 542
1507170 541
1507180 541
1507190 541
1507200 541
1507210 541
1507220 541
1507230 542
1507240 541
1507250 541
1507260 541
1507270 541
1507280 541
1507290 542
1507300 542
1507310 542
1507320 542
1507330 541
1507340 541
1507350 541
1507360 541
1507370 541
1507380 541
1507390 541
1507400 541
1507410 540
1507420 540
1507430 540
1507440 540
1507450 541
1507460 541
1507470 541
1507480 541
1507490 541
1507500 542
1507510 542
1507520 542
1507530 543
1507540 543
1507550 543
1507560 544
1507570 545
1507580 545
1507590 545
1507600 545
1507610 546
1507620 546
1507630 546
1507640 546
1507650 546
1507660 546
1507670 546
1507680 546
1507690 546
1507700 547
1507710 547
1507720 547
1507730 547
1507740 547
1507750 547
1507760 546
1507770 546
1507780 545
1507790 542
1507800 542
1507810 541
1507820 540
1507830 540
1507840 540
1507850 540
1507860 540
1507870 538
1507880 537
1507890 537
1507900 536
1507910 535
1507920 535
1507930 535
1507940 535
1507950 535
1507960 534
1507970 533
1507980 533
1507990 532
1508000 532
1508010 532
1508020 532
1508030 532
1508040 532
1508050 533
1508060 534
1508070 534
1508080 535
1508090 537
1508100 537
1508110 538
1508120 538
1508130 538
1508140 538
1508150 538
1508160 538
1508170 538
1508180 537
1508190 537
1508200 536
1508210 535
1508220 535
1508230 534
1508240 533
1508250 533
1508260 531
1508270 530
1508280 530
1508290 528
1508300 527
1508310 527
1508320 527
1508330 526
1508340 526
1508350 526
1508360 527
1508370 527
1508380 528
1508390 530
1508400 531
1508410 531
1508420 530
1508430 527
1508440 527
1508450 525
1508460 524
1508470 524
1508480 522
1508490 521
1508500 521
1508510 520
1508520 520
1508530 520
1508540 520
1508550 519
1508560 519
1508570 519
1508580 519
1508590 519
1508600 518
1508610 518
1508620 518
1508630 518
1508640 518
1508650 518
1508660 518
1508670 518
1508680 518
1508690 517
1508700 517
1508710 517
1508720 517
1508730 517
1508740 517
1508750 517
1508760 517
1508770 517
1508780 516
1508790 516
1508800 516
1508810 516
1508820 516
1508830 516
1508840 515
1508850 515
1508860 515
1508870 514
1508880 514
1508890 514
1508900 513
1508910 513
1508920 513
1508930 512
1508940 512
1508950 512
1508960 512
1508970 512
1508980 512
1508990 512
1509000 512
1509010 512
1509020 512
1509030 512
1509040 512
1509050 512
1509060 512
1509070 512
1509080 512
1509090 512
1509100 512
1509110 512
1509120 512
1509130 512
1509140 512
1509150 512
1509160 512
1509170 512
1509180 512
1509190 512
1509200 512
1509210 513
1509220 513
1509230 513
1509240 514
1509250 514
1509260 514
1509270 515
1509280 515
1509290 515
1509300 515
1509310 515
1509320 515
1509330 515
1509340 514
1509350 514
1509360 514
1509370 513
1509380 513
1509390 513
1509400 513
1509410 513
1509420 513
1509430 513
1509440 513
1509450 513
1509460 513
1509470 513
1509480 513
1509490 513
1509500 513
1509510 513
1509520 513
1509530 513
1509540 513
1509550 513
1509560 513
1509570 513
1509580 512
1509590 512
1509600 512
1509610 512
1509620 512
1509630 512
1509640 512
1509650 512
1509660 512
1509670 512
1509680 512
1509690 512
1509700 512
1509710 512
1509720 512
1509730 512
1509740 512
1509750 512
1509760 512
1509770 512
1509780 512
1509790 512
1509800 512
1509810 512
1509820 512
1509830 512
1509840 512
1509850 512
1509860 512
1509870 512
1509880 512
1509890 512
1509900 511
1509910 511
1509920 511
1509930 511
1509940 511
1509950 511
1509960 511
1509970 511
1509980 511
1509990 511
1510000 511
1510010 511
1510020 511
1510030 510
1510040 510
1510050 510
1510060 511
1510070 510
1510080 510
1510090 510
1510100 510
1510110 510
1510120 510
1510130 509
1510140 509
1510150 507
1510160 505
1510170 505
1510180 503
1510190 501
1510200 501
1510210 498
1510220 497
1510230 497
1510240 496
1510250 495
1510260 495
1510270 494
1510280 493
1510290 493
1510300 493
1510310 492
1510320 492
1510330 491
1510340 490
1510350 490
1510360 488
1510370 486
1510380 486
1510390 484
1510400 483
1510410 483
1510420 483
1510430 483
1510440 483
1510450 483
1510460 484
1510470 484
1510480 484
1510490 485
1510500 485
1510510 487
1510520 490
1510530 490
1510540 493
1510550 495
1510560 495
1510570 498
1510580 501
1510590 501
1510600 503
1510610 506
1510620 506
1510630 508
1510640 511
1510650 511
1510660 512
1510670 512
1510680 512
1510690 512
1510700 512
1510710 512
1510720 511
1510730 510
1510740 510
1510750 510
1510760 509
1510770 509
1510780 509
1510790 508
1510800 508
1510810 508
1510820 508
1510830 508
1510840 508
1510850 508
1510860 507
1510870 507
1510880 507
1510890 507
1510900 507
1510910 507
1510920 506
1510930 506
1510940 505
1510950 503
1510960 503
1510970 503
1510980 502
1510990 502
1511000 501
1511010 501
1511020 501
1511030 500
1511040 500
1511050 500
1511060 500
1511070 500
1511080 500
1511090 499
1511100 499
1511110 499
1511120 498
1511130 497
1511140 497
1511150 497
1511160 496
1511170 496
1511180 494
1511190 493
1511200 493
1511210 491
1511220 489
1511230 489
1511240 486
1511250 484
1511260 484
1511270 483
1511280 481
1511290 481
1511300 480
1511310 478
1511320 478
1511330 477
1511340 476
1511350 476
1511360 475
1511370 474
1511380 474
1511390 473
1511400 473
1511410 473
1511420 473
1511430 473
1511440 473
1511450 473
1511460 473
1511470 473
1511480 473
1511490 473
1511500 473
1511510 473
1511520 474
1511530 474
1511540 474
1511550 475
1511560 475
1511570 474
1511580 473
1511590 473
1511600 473
1511610 476
1511620 475
1511630 475
1511640 474
1511650 473
1511660 473
1511670 473
1511680 473
1511690 473
1511700 473
1511710 474
1511720 474
1511730 474
1511740 473
1511750 473
1511760 473
1511770 472
1511780 472
1511790 472
1511800 471
1511810 471
1511820 470
1511830 470
1511840 470
1511850 470
1511860 470
1511870 470
1511880 470
1511890 469
1511900 469
1511910 469
1511920 469
1511930 469
1511940 469
1511950 469
1511960 469
1511970 469
1511980 469
1511990 469
1512000 469
1512010 469
1512020 469
1512030 469
1512040 469
1512050 469
1512060 469
1512070 469
1512080 469
1512090 469
1512100 469
1512110 469
1512120 469
1512130 469
1512140 469
1512150 469
1512160 469
1512170 469
1512180 469
1512190 469
1512200 469
1512210 469
1512220 469
1512230 469
1512240 469
1512250 469
1512260 469
1512270 469
1512280 469
1512290 469
1512300 469
1512310 469
1512320 469
1512330 469
1512340 469
1512350 469
1512360 469
1512370 469
1512380 469
1512390 469
1512400 469
1512410 469
1512420 469
1512430 469
1512440 469
1512450 469
1512460 469
1512470 469
1512480 469
1512490 469
1512500 469
1512510 469
1512520 469
1512530 469
1512540 469
1512550 469
1512560 469
1512570 469
1512580 469
1512590 469
1512600 469
1512610 469
1512620 469
1512630 469
1512640 469
1512650 469
1512660 469
1512670 469
1512680 470
1512690 470
1512700 469
1512710 469
1512720 469
1512730 469
1512740 469
1512750 469
1512760 469
1512770 469
1512780 469
1512790 469
1512800 469
1512810 469
1512820 470
1512830 470
1512840 470
1512850 470
1512860 470
1512870 470
1512880 470
1512890 470
1512900 470
1512910 470
1512920 470
1512930 470
1512940 470
1512950 470
1512960 470
1512970 471
1512980 472
1512990 472
1513000 472
1513010 473
1513020 473
1513030 473
1513040 473
1513050 473
1513060 473
1513070 474
1513080 474
1513090 474
1513100 474
1513110 474
1513120 475
1513130 477
1513140 477
1513150 477
1513160 478
1513170 478
1513180 478
1513190 478
1513200 478
1513210 479
1513220 479
1513230 479
1513240 479
1513250 480
1513260 480
1513270 480
1513280 481
1513290 481
1513300 481
1513310 482
1513320 481
1513330 481
1513340 480
1513350 480
1513360 480
1513370 479
1513380 479
1513390 479
1513400 478
1513410 478
1513420 478
1513430 477
1513440 477
1513450 477
1513460 476
1513470 475
1513480 475
1513490 475
1513500 475
1513510 475
1513520 475
1513530 475
1513540 475
1513550 475
1513560 476
1513570 476
1513580 477
1513590 476
1513600 476
1513610 475
1513620 473
1513630 473
1513640 473
1513650 473
1513660 473
1513670 473
1513680 473
1513690 473
1513700 473
1513710 473
1513720 473
1513730 473
1513740 474
1513750 474
1513760 474
1513770 474
1513780 474
1513790 474
1513800 475
1513810 475
1513820 476
1513830 477
1513840 477
1513850 479
1513860 480
1513870 480
1513880 482
1513890 483
1513900 483
1513910 483
1513920 484
1513930 484
1513940 484
1513950 484
1513960 484
1513970 485
1513980 486
1513990 486
1514000 486
1514010 487
1514020 487
1514030 488
1514040 489
1514050 489
1514060 489
1514070 490
1514080 491
1514090 491
1514100 491
1514110 493
1514120 493
1514130 496
1514140 495
1514150 495
1514160 494
1514170 492
1514180 492
1514190 490
1514200 488
1514210 488
1514220 486
1514230 485
1514240 485
1514250 483
1514260 481
1514270 481
1514280 480
1514290 479
1514300 479
1514310 479
1514320 479
1514330 479
1514340 479
1514350 478
1514360 478
1514370 477
1514380 476
1514390 476
1514400 475
1514410 474
1514420 474
1514430 473
1514440 472
1514450 472
1514460 472
1514470 472
1514480 472
1514490 472
1514500 471
1514510 471
1514520 469
1514530 468
1514540 468
1514550 467
1514560 467
1514570 467
1514580 467
1514590 467
1514600 467
1514610 467
1514620 467
1514630 467
1514640 467
1514650 468
1514660 468
1514670 469
1514680 472
1514690 472
1514700 475
1514710 479
1514720 479
1514730 482
1514740 485
1514750 485
1514760 487
1514770 488
1514780 488
1514790 489
1514800 489
1514810 489
1514820 489
1514830 489
1514840 489
1514850 489
1514860 488
1514870 489
1514880 489
1514890 489
1514900 489
1514910 489
1514920 489
1514930 489
1514940 489
1514950 489
1514960 489
1514970 489
1514980 489
1514990 488
1515000 488
1515010 488
1515020 488
1515030 488
1515040 488
1515050 489
1515060 489
1515070 489
1515080 489
1515090 489
1515100 489
1515110 489
1515120 489
1515130 489
1515140 489
1515150 489
1515160 489
1515170 489
1515180 489
1515190 489
1515200 488
1515210 488
1515220 488
1515230 487
1515240 487
1515250 487
1515260 487
1515270 487
1515280 486
1515290 487
1515300 487
1515310 487
1515320 487
1515330 487
1515340 488
1515350 488
1515360 488
1515370 488
1515380 489
1515390 489
1515400 489
1515410 490
1515420 490
1515430 490
1515440 491
1515450 491
1515460 491
1515470 491
1515480 491
1515490 491
1515500 491
1515510 491
1515520 491
1515530 491
1515540 491
1515550 491
1515560 491
1515570 491
1515580 491
1515590 491
1515600 491
1515610 491
1515620 491
1515630 491
1515640 491
1515650 491
1515660 491
1515670 491
1515680 491
1515690 491
1515700 491
1515710 491
1515720 491
1515730 491
1515740 491
1515750 491
1515760 491
1515770 491
1515780 491
1515790 491
1515800 491
1515810 491
1515820 491
1515830 491
1515840 491
1515850 491
1515860 491
1515870 490
1515880 490
1515890 490
1515900 491
1515910 491
1515920 491
1515930 491
1515940 491
1515950 491
1515960 491
1515970 491
1515980 491
1515990 491
1516000 491
1516010 491
1516020 491
1516030 491
1516040 491
1516050 491
1516060 491
1516070 491
1516080 491
1516090 491
1516100 491
1516110 491
1516120 491
1516130 491
1516140 491
1516150 491
1516160 491
1516170 491
1516180 491
1516190 491
1516200 491
1516210 491
1516220 491
1516230 491
1516240 491
1516250 491
1516260 490
1516270 490
1516280 490
1516290 490
1516300 490
1516310 490
1516320 490
1516330 490
1516340 490
1516350 490
1516360 490
1516370 490
1516380 490
1516390 490
1516400 490
1516410 490
1516420 490
1516430 490
1516440 490
1516450 490
1516460 490
1516470 490
1516480 490
1516490 490
1516500 490
1516510 490
1516520 490
1516530 490
1516540 490
1516550 490
1516560 490
1516570 490
1516580 490
1516590 490
1516600 490
1516610 490
1516620 490
1516630 490
1516640 490
1516650 490
1516660 490
1516670 490
1516680 490
1516690 490
1516700 490
1516710 490
1516720 490
1516730 490
1516740 490
1516750 490
1516760 490
1516770 490
1516780 490
1516790 490
1516800 490
1516810 490
1516820 490
1516830 490
1516840 490
1516850 490
1516860 490
1516870 490
1516880 490
1516890 490
1516900 490
1516910 490
1516920 490
1516930 490
1516940 490
1516950 489
1516960 487
1516970 487
1516980 485
1516990 485
1517000 485
1517010 485
1517020 485
1517030 485
1517040 485
1517050 485
1517060 485
1517070 486
1517080 486
1517090 486
1517100 486
1517110 487
1517120 487
1517130 487
1517140 487
1517150 487
1517160 487
1517170 486
1517180 486
1517190 486
1517200 486
1517210 486
1517220 486
1517230 486
1517240 486
1517250 487
1517260 487
1517270 487
1517280 487
1517290 486
1517300 486
1517310 486
1517320 487
1517330 487
1517340 487
1517350 487
1517360 487
1517370 487
1517380 487
1517390 487
1517400 487
1517410 487
1517420 487
1517430 487
1517440 487
1517450 487
1517460 487
1517470 488
1517480 488
1517490 488
1517500 488
1517510 488
1517520 488
1517530 488
1517540 488
1517550 488
1517560 488
1517570 488
1517580 488
1517590 488
1517600 488
1517610 488
1517620 488
1517630 488
1517640 488
1517650 488
1517660 488
1517670 488
1517680 488
1517690 489
1517700 489
1517710 488
1517720 489
1517730 489
1517740 488
1517750 488
1517760 488
1517770 488
1517780 488
1517790 488
1517800 488
1517810 488
1517820 488
1517830 488
1517840 488
1517850 488
1517860 488
1517870 488
1517880 488
1517890 488
1517900 489
1517910 489
1517920 489
1517930 489
1517940 489
1517950 489
1517960 489
1517970 489
1517980 489
1517990 489
1518000 489
1518010 489
1518020 489
1518030 489
1518040 489
1518050 490
1518060 490
1518070 490
1518080 490
1518090 491
1518100 491
1518110 491
1518120 491
1518130 491
1518140 492
1518150 492
1518160 492
1518170 492
1518180 493
1518190 493
1518200 493
1518210 493
1518220 493
1518230 493
1518240 493
1518250 493
1518260 493
1518270 494
1518280 494
1518290 494
1518300 494
1518310 494
1518320 494
1518330 494
1518340 494
1518350 494
1518360 494
1518370 494
1518380 494
1518390 494
1518400 494
1518410 494
1518420 494
1518430 494
1518440 494
1518450 494
1518460 494
1518470 494
1518480 494
1518490 494
1518500 495
1518510 495
1518520 495
1518530 495
1518540 495
1518550 495
1518560 495
1518570 496
1518580 496
1518590 496
1518600 496
1518610 496
1518620 497
1518630 497
1518640 497
1518650 497
1518660 497
1518670 497
1518680 498
1518690 498
1518700 498
1518710 499
1518720 499
1518730 499
1518740 499
1518750 500
1518760 500
1518770 500
1518780 501
1518790 501
1518800 501
1518810 502
1518820 502
1518830 502
1518840 503
1518850 503
1518860 504
1518870 504
1518880 505
1518890 505
1518900 505
1518910 506
1518920 506
1518930 506
1518940 507
1518950 507
1518960 508
1518970 509
1518980 509
1518990 509
1519000 510
1519010 510
1519020 510
1519030 510
1519040 510
1519050 511
1519060 511
1519070 511
1519080 512
1519090 512
1519100 512
1519110 513
1519120 513
1519130 513
1519140 514
1519150 514
1519160 514
1519170 514
1519180 514
1519190 514
1519200 515
1519210 515
1519220 515
1519230 515
1519240 516
1519250 516
1519260 516
1519270 516
1519280 516
1519290 516
1519300 516
1519310 516
1519320 516
1519330 516
1519340 516
1519350 516
1519360 516
1519370 516
1519380 516
1519390 516
1519400 516
1519410 516
1519420 517
1519430 517
1519440 517
1519450 517
1519460 517
1519470 516
1519480 516
1519490 516
1519500 516
1519510 516
1519520 516
1519530 516
1519540 516
1519550 516
1519560 516
1519570 516
1519580 516
1519590 516
1519600 516
1519610 516
1519620 516
1519630 516
1519640 516
1519650 516
1519660 516
1519670 516
1519680 516
1519690 516
1519700 516
1519710 516
1519720 515
1519730 515
1519740 515
1519750 515
1519760 515
1519770 515
1519780 514
1519790 514
1519800 514
1519810 514
1519820 513
1519830 513
1519840 513
1519850 512
1519860 512
1519870 512
1519880 511
1519890 511
1519900 510
1519910 510
1519920 510
1519930 509
1519940 508
1519950 508
1519960 506
1519970 504
1519980 504
1519990 502
