1500000 555
1500010 555
1500020 555
1500030 554
1500040 554
1500050 554
1500060 554
1500070 554
1500080 554
1500090 553
1500100 553
1500110 553
1500120 553
1500130 553
1500140 553
1500150 553
1500160 553
1500170 553
1500180 553
1500190 552
1500200 552
1500210 552
1500220 552
1500230 552
1500240 552
1500250 552
1500260 552
1500270 552
1500280 551
1500290 551
1500300 551
1500310 551
1500320 551
1500330 551
1500340 551
1500350 551
1500360 550
1500370 550
1500380 550
1500390 550
1500400 550
1500410 551
1500420 551
1500430 550
1500440 550
1500450 550
1500460 550
1500470 550
1500480 550
1500490 550
1500500 550
1500510 550
1500520 550
1500530 550
1500540 550
1500550 550
1500560 550
1500570 550
1500580 549
1500590 549
1500600 549
1500610 549
1500620 549
1500630 549
1500640 549
1500650 549
1500660 549
1500670 549
1500680 549
1500690 549
1500700 549
1500710 549
1500720 549
1500730 549
1500740 549
1500750 549
1500760 549
1500770 549
1500780 549
1500790 549
1500800 549
1500810 549
1500820 549
1500830 549
1500840 549
1500850 550
1500860 550
1500870 550
1500880 550
1500890 550
1500900 550
1500910 550
1500920 550
1500930 550
1500940 549
1500950 550
1500960 550
1500970 550
1500980 550
1500990 550
1501000 550
1501010 550
1501020 550
1501030 550
1501040 549
1501050 549
1501060 549
1501070 549
1501080 549
1501090 549
1501100 549
1501110 549
1501120 548
1501130 548
1501140 548
1501150 547
1501160 547
1501170 547
1501180 547
1501190 546
1501200 546
1501210 546
1501220 546
1501230 546
1501240 546
1501250 545
1501260 545
1501270 545
1501280 545
1501290 544
1501300 544
1501310 544
1501320 544
1501330 544
1501340 544
1501350 544
1501360 544
1501370 544
1501380 543
1501390 543
1501400 543
1501410 543
1501420 543
1501430 543
1501440 543
1501450 543
1501460 543
1501470 543
1501480 543
1501490 543
1501500 543
1501510 543
1501520 543
1501530 543
1501540 543
1501550 543
1501560 543
1501570 543
1501580 543
1501590 543
1501600 543
1501610 543
1501620 543
1501630 543
1501640 542
1501650 542
1501660 542
1501670 542
1501680 541
1501690 541
1501700 541
1501710 541
1501720 541
1501730 540
1501740 540
1501750 540
1501760 539
1501770 539
1501780 539
1501790 538
1501800 537
1501810 537
1501820 536
1501830 535
1501840 535
1501850 534
1501860 533
1501870 533
1501880 531
1501890 530
1501900 530
1501910 529
1501920 528
1501930 528
1501940 527
1501950 526
1501960 526
1501970 526
1501980 526
1501990 526
1502000 525
1502010 525
1502020 525
1502030 525
1502040 525
1502050 525
1502060 525
1502070 526
1502080 526
1502090 526
1502100 527
1502110 528
1502120 528
1502130 529
1502140 530
1502150 530
1502160 531
1502170 532
1502180 532
1502190 533
1502200 534
1502210 534
1502220 534
1502230 535
1502240 535
1502250 536
1502260 537
1502270 537
1502280 538
1502290 539
1502300 539
1502310 539
1502320 540
1502330 540
1502340 541
1502350 541
1502360 541
1502370 541
1502380 541
1502390 541
1502400 541
1502410 541
1502420 541
1502430 541
1502440 540
1502450 540
1502460 540
1502470 541
1502480 541
1502490 541
1502500 541
1502510 541
1502520 542
1502530 542
1502540 542
1502550 542
1502560 542
1502570 542
1502580 542
1502590 542
1502600 542
1502610 542
1502620 543
1502630 543
1502640 542
1502650 542
1502660 542
1502670 541
1502680 541
1502690 541
1502700 540
1502710 540
1502720 540
1502730 540
1502740 540
1502750 540
1502760 538
1502770 537
1502780 537
1502790 536
1502800 535
1502810 535
1502820 534
1502830 533
1502840 532
1502850 532
1502860 531
1502870 530
1502880 530
1502890 528
1502900 523
1502910 523
1502920 521
1502930 520
1502940 520
1502950 520
1502960 519
1502970 519
1502980 518
1502990 519
1503000 519
1503010 519
1503020 519
1503030 519
1503040 519
1503050 519
1503060 519
1503070 519
1503080 519
1503090 519
1503100 519
1503110 519
1503120 519
1503130 519
1503140 519
1503150 519
1503160 519
1503170 519
1503180 519
1503190 519
1503200 519
1503210 519
1503220 518
1503230 518
1503240 518
1503250 518
1503260 518
1503270 518
1503280 518
1503290 518
1503300 518
1503310 518
1503320 519
1503330 519
1503340 519
1503350 522
1503360 522
1503370 527
1503380 531
1503390 531
1503400 533
1503410 535
1503420 535
1503430 537
1503440 540
1503450 540
1503460 542
1503470 543
1503480 543
1503490 544
1503500 545
1503510 545
1503520 546
1503530 546
1503540 546
1503550 547
1503560 548
1503570 548
1503580 548
1503590 549
1503600 549
1503610 550
1503620 551
1503630 551
1503640 551
1503650 552
1503660 552
1503670 552
1503680 552
1503690 553
1503700 553
1503710 553
1503720 553
1503730 553
1503740 553
1503750 553
1503760 553
1503770 553
1503780 553
1503790 553
1503800 552
1503810 553
1503820 553
1503830 553
1503840 553
1503850 553
1503860 553
1503870 553
1503880 553
1503890 553
1503900 553
1503910 553
1503920 553
1503930 554
1503940 554
1503950 555
1503960 555
1503970 555
1503980 555
1503990 556
1504000 556
1504010 556
1504020 556
1504030 556
1504040 556
1504050 556
1504060 556
1504070 557
1504080 557
1504090 557
1504100 556
1504110 556
1504120 556
1504130 556
1504140 556
1504150 556
1504160 557
1504170 558
1504180 558
1504190 558
1504200 558
1504210 558
1504220 559
1504230 559
1504240 559
1504250 560
1504260 560
1504270 560
1504280 561
1504290 561
1504300 561
1504310 562
1504320 562
1504330 562
1504340 563
1504350 563
1504360 563
1504370 564
1504380 564
1504390 564
1504400 565
1504410 566
1504420 566
1504430 566
1504440 567
1504450 567
1504460 567
1504470 567
1504480 567
1504490 567
1504500 567
1504510 568
1504520 568
1504530 568
1504540 568
1504550 568
1504560 568
1504570 568
1504580 568
1504590 568
1504600 568
1504610 568
1504620 569
1504630 569
1504640 569
1504650 570
1504660 570
1504670 570
1504680 571
1504690 572
1504700 572
1504710 572
1504720 573
1504730 573
1504740 573
1504750 574
1504760 574
1504770 575
1504780 575
1504790 575
1504800 576
1504810 576
1504820 576
1504830 577
1504840 578
1504850 578
1504860 578
1504870 579
1504880 579
1504890 580
1504900 580
1504910 580
1504920 581
1504930 581
1504940 581
1504950 582
1504960 583
1504970 583
1504980 584
1504990 584
1505000 584
1505010 585
1505020 585
1505030 585
1505040 585
1505050 586
1505060 586
1505070 586
1505080 587
1505090 587
1505100 587
1505110 587
1505120 587
1505130 588
1505140 588
1505150 588
1505160 589
1505170 590
1505180 590
1505190 590
1505200 590
1505210 590
1505220 591
1505230 592
1505240 592
1505250 593
1505260 593
1505270 593
1505280 593
1505290 593
1505300 593
1505310 593
1505320 593
1505330 593
1505340 593
1505350 593
1505360 593
1505370 593
1505380 593
1505390 592
1505400 592
1505410 592
1505420 592
1505430 592
1505440 593
1505450 593
1505460 593
1505470 593
1505480 593
1505490 593
1505500 594
1505510 594
1505520 594
1505530 594
1505540 595
1505550 595
1505560 595
1505570 596
1505580 596
1505590 597
1505600 598
1505610 598
1505620 599
1505630 600
1505640 600
1505650 599
1505660 598
1505670 598
1505680 597
1505690 596
1505700 596
1505710 596
1505720 596
1505730 596
1505740 596
1505750 598
1505760 598
1505770 600
1505780 602
1505790 602
1505800 604
1505810 606
1505820 606
1505830 607
1505840 608
1505850 608
1505860 608
1505870 609
1505880 609
1505890 610
1505900 610
1505910 610
1505920 610
1505930 610
1505940 610
1505950 609
1505960 609
1505970 609
1505980 608
1505990 608
1506000 608
1506010 607
1506020 606
1506030 606
1506040 606
1506050 605
1506060 604
1506070 604
1506080 603
1506090 602
1506100 602
1506110 601
1506120 600
1506130 600
1506140 599
1506150 599
1506160 599
1506170 598
1506180 596
1506190 596
1506200 595
1506210 594
1506220 594
1506230 593
1506240 592
1506250 592
1506260 591
1506270 590
1506280 590
1506290 589
1506300 588
1506310 588
1506320 586
1506330 585
1506340 585
1506350 583
1506360 581
1506370 581
1506380 579
1506390 577
1506400 577
1506410 575
1506420 573
1506430 573
1506440 572
1506450 570
1506460 570
1506470 569
1506480 567
1506490 567
1506500 566
1506510 565
1506520 565
1506530 563
1506540 562
1506550 562
1506560 561
1506570 560
1506580 560
1506590 558
1506600 557
1506610 557
1506620 556
1506630 555
1506640 555
1506650 554
1506660 554
1506670 554
1506680 553
1506690 553
1506700 553
1506710 553
1506720 552
1506730 552
1506740 552
1506750 551
1506760 551
1506770 550
1506780 549
1506790 549
1506800 548
1506810 547
1506820 547
1506830 546
1506840 546
1506850 546
1506860 545
1506870 545
1506880 545
1506890 545
1506900 545
1506910 544
1506920 544
1506930 544
1506940 544
1506950 544
1506960 544
1506970 544
1506980 544
1506990 544
1507000 544
1507010 544
1507020 544
1507030 544
1507040 544
1507050 544
1507060 544
1507070 544
1507080 544
1507090 544
1507100 544
1507110 543
1507120 543
1507130 543
1507140 543
1507150 542
1507160 542
1507170 542
1507180 542
1507190 542
1507200 542
1507210 542
1507220 542
1507230 542
1507240 542
1507250 542
1507260 542
1507270 541
1507280 541
1507290 541
1507300 541
1507310 541
1507320 541
1507330 541
1507340 541
1507350 540
1507360 540
1507370 540
1507380 540
1507390 539
1507400 539
1507410 539
1507420 539
1507430 539
1507440 538
1507450 538
1507460 538
1507470 538
1507480 538
1507490 538
1507500 538
1507510 538
1507520 538
1507530 537
1507540 537
1507550 537
1507560 537
1507570 537
1507580 537
1507590 537
1507600 537
1507610 537
1507620 537
1507630 537
1507640 537
1507650 537
1507660 538
1507670 538
1507680 538
1507690 538
1507700 539
1507710 539
1507720 539
1507730 540
1507740 540
1507750 541
1507760 543
1507770 543
1507780 544
1507790 545
1507800 545
1507810 545
1507820 546
1507830 546
1507840 545
1507850 544
1507860 544
1507870 542
1507880 541
1507890 541
1507900 539
1507910 538
1507920 538
1507930 538
1507940 537
1507950 537
1507960 537
1507970 535
1507980 535
1507990 535
1508000 534
1508010 534
1508020 533
1508030 532
1508040 532
1508050 530
1508060 529
1508070 529
1508080 529
1508090 529
1508100 529
1508110 529
1508120 529
1508130 529
1508140 530
1508150 530
1508160 530
1508170 530
1508180 530
1508190 530
1508200 530
1508210 531
1508220 531
1508230 531
1508240 531
1508250 531
1508260 531
1508270 532
1508280 532
1508290 532
1508300 531
1508310 531
1508320 530
1508330 530
1508340 530
1508350 530
1508360 530
1508370 530
1508380 530
1508390 531
1508400 531
1508410 530
1508420 530
1508430 530
1508440 530
1508450 530
1508460 530
1508470 530
1508480 530
1508490 530
1508500 530
1508510 529
1508520 528
1508530 528
1508540 526
1508550 524
1508560 524
1508570 522
1508580 521
1508590 521
1508600 521
1508610 520
1508620 520
1508630 519
1508640 518
1508650 518
1508660 517
1508670 517
1508680 517
1508690 516
1508700 516
1508710 516
1508720 516
1508730 516
1508740 516
1508750 517
1508760 517
1508770 517
1508780 517
1508790 517
1508800 517
1508810 516
1508820 515
1508830 515
1508840 514
1508850 513
1508860 513
1508870 513
1508880 513
1508890 513
1508900 513
1508910 513
1508920 513
1508930 513
1508940 513
1508950 513
1508960 513
1508970 513
1508980 513
1508990 513
1509000 513
1509010 513
1509020 512
1509030 512
1509040 512
1509050 512
1509060 512
1509070 512
1509080 512
1509090 512
1509100 512
1509110 512
1509120 511
1509130 511
1509140 511
1509150 511
1509160 511
1509170 511
1509180 511
1509190 511
1509200 511
1509210 511
1509220 511
1509230 511
1509240 511
1509250 511
1509260 511
1509270 511
1509280 511
1509290 511
1509300 511
1509310 511
1509320 511
1509330 511
1509340 511
1509350 511
1509360 511
1509370 511
1509380 511
1509390 511
1509400 511
1509410 511
1509420 511
1509430 511
1509440 511
1509450 511
1509460 512
1509470 512
1509480 512
1509490 512
1509500 512
1509510 512
1509520 512
1509530 512
1509540 512
1509550 512
1509560 512
1509570 512
1509580 512
1509590 512
1509600 512
1509610 512
1509620 512
1509630 512
1509640 512
1509650 512
1509660 512
1509670 512
1509680 512
1509690 511
1509700 512
1509710 512
1509720 511
1509730 511
1509740 511
1509750 511
1509760 512
1509770 512
1509780 512
1509790 512
1509800 512
1509810 513
1509820 513
1509830 513
1509840 513
1509850 514
1509860 514
1509870 514
1509880 514
1509890 514
1509900 514
1509910 514
1509920 514
1509930 514
1509940 514
1509950 514
1509960 514
1509970 514
1509980 514
1509990 513
1510000 513
1510010 513
1510020 513
1510030 514
1510040 514
1510050 514
1510060 514
1510070 514
1510080 514
1510090 514
1510100 514
1510110 514
1510120 514
1510130 514
1510140 514
1510150 514
1510160 514
1510170 514
1510180 514
1510190 515
1510200 515
1510210 515
1510220 515
1510230 515
1510240 514
1510250 514
1510260 514
1510270 514
1510280 514
1510290 514
1510300 513
1510310 513
1510320 513
1510330 512
1510340 511
1510350 511
1510360 510
1510370 508
1510380 508
1510390 506
1510400 504
1510410 504
1510420 502
1510430 502
1510440 502
1510450 501
1510460 501
1510470 501
1510480 501
1510490 500
1510500 500
1510510 498
1510520 494
1510530 494
1510540 490
1510550 489
1510560 489
1510570 489
1510580 490
1510590 490
1510600 493
1510610 499
1510620 499
1510630 503
1510640 508
1510650 508
1510660 513
1510670 518
1510680 518
1510690 521
1510700 523
1510710 523
1510720 524
1510730 525
1510740 525
1510750 526
1510760 527
1510770 527
1510780 527
1510790 527
1510800 527
1510810 527
1510820 527
1510830 527
1510840 527
1510850 526
1510860 526
1510870 526
1510880 525
1510890 525
1510900 525
1510910 524
1510920 523
1510930 523
1510940 523
1510950 523
1510960 523
1510970 522
1510980 521
1510990 521
1511000 520
1511010 520
1511020 520
1511030 520
1511040 520
1511050 520
1511060 519
1511070 519
1511080 519
1511090 519
1511100 519
1511110 519
1511120 519
1511130 519
1511140 519
1511150 519
1511160 519
1511170 519
1511180 519
1511190 518
1511200 518
1511210 517
1511220 518
1511230 518
1511240 518
1511250 517
1511260 517
1511270 514
1511280 509
1511290 509
1511300 502
1511310 496
1511320 496
1511330 491
1511340 488
1511350 488
1511360 487
1511370 486
1511380 486
1511390 486
1511400 487
1511410 487
1511420 487
1511430 488
1511440 488
1511450 488
1511460 489
1511470 489
1511480 490
1511490 491
1511500 491
1511510 492
1511520 493
1511530 493
1511540 495
1511550 495
1511560 495
1511570 495
1511580 495
1511590 495
1511600 494
1511610 493
1511620 493
1511630 492
1511640 492
1511650 492
1511660 491
1511670 490
1511680 490
1511690 491
1511700 491
1511710 491
1511720 491
1511730 491
1511740 492
1511750 492
1511760 492
1511770 493
1511780 493
1511790 493
1511800 493
1511810 493
1511820 493
1511830 492
1511840 492
1511850 493
1511860 492
1511870 492
1511880 492
1511890 492
1511900 492
1511910 491
1511920 491
1511930 491
1511940 491
1511950 491
1511960 491
1511970 490
1511980 490
1511990 490
1512000 490
1512010 490
1512020 490
1512030 490
1512040 490
1512050 490
1512060 489
1512070 489
1512080 489
1512090 489
1512100 489
1512110 489
1512120 489
1512130 490
1512140 490
1512150 489
1512160 487
1512170 487
1512180 486
1512190 486
1512200 486
1512210 486
1512220 486
1512230 486
1512240 486
1512250 486
1512260 486
1512270 485
1512280 485
1512290 485
1512300 484
1512310 484
1512320 484
1512330 484
1512340 483
1512350 483
1512360 482
1512370 482
1512380 482
1512390 482
1512400 481
1512410 481
1512420 480
1512430 480
1512440 480
1512450 479
1512460 479
1512470 479
1512480 478
1512490 477
1512500 477
1512510 477
1512520 476
1512530 476
1512540 476
1512550 475
1512560 475
1512570 475
1512580 474
1512590 474
1512600 474
1512610 474
1512620 474
1512630 474
1512640 474
1512650 475
1512660 475
1512670 475
1512680 475
1512690 475
1512700 476
1512710 476
1512720 476
1512730 477
1512740 477
1512750 477
1512760 478
1512770 478
1512780 478
1512790 477
1512800 477
1512810 477
1512820 478
1512830 479
1512840 479
1512850 480
1512860 480
1512870 480
1512880 480
1512890 480
1512900 480
1512910 480
1512920 480
1512930 480
1512940 480
1512950 480
1512960 480
1512970 480
1512980 480
1512990 480
1513000 479
1513010 480
1513020 480
1513030 481
1513040 481
1513050 481
1513060 482
1513070 482
1513080 482
1513090 482
1513100 483
1513110 483
1513120 483
1513130 484
1513140 484
1513150 484
1513160 484
1513170 484
1513180 485
1513190 485
1513200 485
1513210 485
1513220 486
1513230 486
1513240 486
1513250 487
1513260 487
1513270 488
1513280 488
1513290 488
1513300 489
1513310 489
1513320 489
1513330 489
1513340 490
1513350 492
1513360 492
1513370 493
1513380 493
1513390 493
1513400 493
1513410 493
1513420 493
1513430 493
1513440 494
1513450 494
1513460 494
1513470 494
1513480 494
1513490 493
1513500 492
1513510 492
1513520 492
1513530 491
1513540 491
1513550 490
1513560 490
1513570 490
1513580 489
1513590 488
1513600 488
1513610 486
1513620 486
1513630 486
1513640 485
1513650 485
1513660 485
1513670 484
1513680 484
1513690 484
1513700 485
1513710 485
1513720 485
1513730 486
1513740 487
1513750 487
1513760 488
1513770 490
1513780 490
1513790 491
1513800 492
1513810 492
1513820 493
1513830 493
1513840 493
1513850 494
1513860 494
1513870 494
1513880 495
1513890 495
1513900 495
1513910 494
1513920 494
1513930 494
1513940 494
1513950 494
1513960 494
1513970 494
1513980 495
1513990 495
1514000 496
1514010 497
1514020 497
1514030 497
1514040 498
1514050 498
1514060 498
1514070 498
1514080 498
1514090 499
1514100 501
1514110 501
1514120 502
1514130 503
1514140 503
1514150 503
1514160 502
1514170 502
1514180 502
1514190 502
1514200 502
1514210 502
1514220 501
1514230 501
1514240 501
1514250 500
1514260 499
1514270 499
1514280 497
1514290 494
1514300 494
1514310 493
1514320 492
1514330 492
1514340 491
1514350 489
1514360 489
1514370 488
1514380 487
1514390 487
1514400 487
1514410 486
1514420 486
1514430 483
1514440 480
1514450 480
1514460 479
1514470 479
1514480 479
1514490 479
1514500 478
1514510 478
1514520 477
1514530 477
1514540 477
1514550 474
1514560 473
1514570 473
1514580 472
1514590 472
1514600 472
1514610 472
1514620 472
1514630 472
1514640 471
1514650 471
1514660 471
1514670 470
1514680 468
1514690 468
1514700 467
1514710 467
1514720 467
1514730 466
1514740 466
1514750 466
1514760 466
1514770 466
1514780 466
1514790 466
1514800 468
1514810 468
1514820 470
1514830 475
1514840 475
1514850 481
1514860 484
1514870 484
1514880 486
1514890 488
1514900 488
1514910 489
1514920 490
1514930 490
1514940 491
1514950 491
1514960 492
1514970 492
1514980 492
1514990 493
1515000 493
1515010 493
1515020 493
1515030 493
1515040 492
1515050 492
1515060 492
1515070 492
1515080 492
1515090 492
1515100 492
1515110 492
1515120 492
1515130 491
1515140 491
1515150 491
1515160 490
1515170 489
1515180 489
1515190 488
1515200 488
1515210 488
1515220 488
1515230 488
1515240 488
1515250 488
1515260 488
1515270 488
1515280 489
1515290 489
1515300 489
1515310 489
1515320 488
1515330 488
1515340 488
1515350 488
1515360 488
1515370 488
1515380 488
1515390 488
1515400 488
1515410 489
1515420 489
1515430 490
1515440 491
1515450 491
1515460 491
1515470 491
1515480 491
1515490 491
1515500 490
1515510 490
1515520 490
1515530 490
1515540 490
1515550 490
1515560 490
1515570 490
1515580 490
1515590 490
1515600 490
1515610 490
1515620 491
1515630 491
1515640 491
1515650 491
1515660 491
1515670 491
1515680 491
1515690 491
1515700 491
1515710 491
1515720 491
1515730 491
1515740 491
1515750 490
1515760 490
1515770 490
1515780 490
1515790 490
1515800 490
1515810 490
1515820 490
1515830 491
1515840 491
1515850 491
1515860 491
1515870 491
1515880 491
1515890 491
1515900 491
1515910 491
1515920 491
1515930 491
1515940 491
1515950 491
1515960 490
1515970 490
1515980 490
1515990 490
1516000 490
1516010 490
1516020 491
1516030 491
1516040 491
1516050 491
1516060 491
1516070 491
1516080 491
1516090 491
1516100 491
1516110 492
1516120 492
1516130 492
1516140 492
1516150 492
1516160 492
1516170 492
1516180 492
1516190 492
1516200 492
1516210 492
1516220 492
1516230 492
1516240 492
1516250 492
1516260 491
1516270 491
1516280 491
1516290 491
1516300 491
1516310 491
1516320 490
1516330 490
1516340 490
1516350 490
1516360 490
1516370 490
1516380 490
1516390 490
1516400 490
1516410 490
1516420 490
1516430 490
1516440 490
1516450 490
1516460 490
1516470 490
1516480 490
1516490 490
1516500 490
1516510 490
1516520 490
1516530 490
1516540 490
1516550 490
1516560 490
1516570 490
1516580 490
1516590 490
1516600 490
1516610 490
1516620 490
1516630 490
1516640 490
1516650 489
1516660 489
1516670 489
1516680 489
1516690 489
1516700 489
1516710 489
1516720 488
1516730 488
1516740 486
1516750 484
1516760 484
1516770 483
1516780 484
1516790 484
1516800 484
1516810 485
1516820 485
1516830 485
1516840 485
1516850 485
1516860 485
1516870 486
1516880 486
1516890 487
1516900 488
1516910 488
1516920 489
1516930 490
1516940 490
1516950 491
1516960 492
1516970 492
1516980 494
1516990 495
1517000 495
1517010 497
1517020 497
1517030 497
1517040 498
1517050 498
1517060 498
1517070 498
1517080 499
1517090 499
1517100 499
1517110 499
1517120 499
1517130 499
1517140 499
1517150 499
1517160 499
1517170 500
1517180 500
1517190 500
1517200 500
1517210 500
1517220 500
1517230 500
1517240 500
1517250 501
1517260 501
1517270 501
1517280 501
1517290 501
1517300 501
1517310 502
1517320 502
1517330 502
1517340 502
1517350 502
1517360 502
1517370 502
1517380 501
1517390 501
1517400 501
1517410 501
1517420 501
1517430 501
1517440 500
1517450 500
1517460 500
1517470 500
1517480 500
1517490 500
1517500 499
1517510 499
1517520 499
1517530 499
1517540 499
1517550 499
1517560 499
1517570 498
1517580 498
1517590 498
1517600 498
1517610 498
1517620 498
1517630 497
1517640 497
1517650 497
1517660 497
1517670 497
1517680 496
1517690 496
1517700 496
1517710 495
1517720 494
1517730 494
1517740 494
1517750 493
1517760 493
1517770 492
1517780 491
1517790 491
1517800 491
1517810 490
1517820 490
1517830 490
1517840 489
1517850 489
1517860 489
1517870 489
1517880 489
1517890 489
1517900 489
1517910 489
1517920 489
1517930 489
1517940 489
1517950 489
1517960 489
1517970 489
1517980 489
1517990 489
1518000 489
1518010 490
1518020 490
1518030 490
1518040 490
1518050 491
1518060 491
1518070 491
1518080 491
1518090 491
1518100 491
1518110 492
1518120 492
1518130 492
1518140 492
1518150 492
1518160 492
1518170 493
1518180 493
1518190 493
1518200 493
1518210 494
1518220 494
1518230 494
1518240 494
1518250 494
1518260 494
1518270 494
1518280 494
1518290 494
1518300 494
1518310 494
1518320 494
1518330 494
1518340 494
1518350 494
1518360 494
1518370 494
1518380 493
1518390 493
1518400 493
1518410 493
1518420 493
1518430 493
1518440 493
1518450 492
1518460 492
1518470 492
1518480 491
1518490 491
1518500 491
1518510 491
1518520 491
1518530 491
1518540 491
1518550 491
1518560 491
1518570 491
1518580 491
1518590 491
1518600 491
1518610 491
1518620 491
1518630 492
1518640 492
1518650 492
1518660 492
1518670 492
1518680 492
1518690 493
1518700 493
1518710 493
1518720 493
1518730 493
1518740 494
1518750 494
1518760 494
1518770 494
1518780 495
1518790 495
1518800 495
1518810 495
1518820 495
1518830 495
1518840 496
1518850 496
1518860 496
1518870 497
1518880 497
1518890 497
1518900 497
1518910 497
1518920 497
1518930 497
1518940 497
1518950 498
1518960 498
1518970 498
1518980 498
1518990 499
1519000 499
1519010 499
1519020 499
1519030 499
1519040 499
1519050 499
1519060 500
1519070 500
1519080 500
1519090 500
1519100 500
1519110 500
1519120 500
1519130 500
1519140 501
1519150 501
1519160 501
1519170 501
1519180 502
1519190 502
1519200 502
1519210 502
1519220 502
1519230 502
1519240 501
1519250 501
1519260 500
1519270 500
1519280 500
1519290 500
1519300 500
1519310 500
1519320 501
1519330 502
1519340 502
1519350 502
1519360 503
1519370 503
1519380 503
1519390 503
1519400 503
1519410 503
1519420 502
1519430 502
1519440 503
1519450 503
1519460 503
1519470 504
1519480 503
1519490 503
1519500 504
1519510 505
1519520 505
1519530 505
1519540 505
1519550 505
1519560 505
1519570 505
1519580 505
1519590 505
1519600 505
1519610 505
1519620 505
1519630 504
1519640 504
1519650 504
1519660 504
1519670 504
1519680 504
1519690 503
1519700 503
1519710 503
1519720 503
1519730 503
1519740 502
1519750 502
1519760 502
1519770 501
1519780 501
1519790 499
1519800 499
1519810 499
1519820 499
1519830 499
1519840 499
1519850 499
1519860 499
1519870 499
1519880 499
1519890 499
1519900 499
1519910 499
1519920 499
1519930 499
1519940 499
1519950 499
1519960 499
1519970 499
1519980 499
1519990 499
