1500000 578
1500010 578
1500020 578
1500030 577
1500040 577
1500050 576
1500060 576
1500070 576
1500080 576
1500090 575
1500100 575
1500110 575
1500120 574
1500130 574
1500140 573
1500150 572
1500160 572
1500170 571
1500180 570
1500190 570
1500200 569
1500210 569
1500220 569
1500230 568
1500240 568
1500250 568
1500260 567
1500270 567
1500280 567
1500290 567
1500300 567
1500310 567
1500320 566
1500330 566
1500340 566
1500350 566
1500360 566
1500370 566
1500380 565
1500390 565
1500400 565
1500410 565
1500420 565
1500430 565
1500440 565
1500450 565
1500460 565
1500470 565
1500480 565
1500490 565
1500500 566
1500510 566
1500520 566
1500530 566
1500540 566
1500550 566
1500560 566
1500570 566
1500580 566
1500590 566
1500600 567
1500610 567
1500620 567
1500630 567
1500640 567
1500650 567
1500660 567
1500670 567
1500680 567
1500690 567
1500700 567
1500710 567
1500720 566
1500730 566
1500740 566
1500750 566
1500760 566
1500770 566
1500780 566
1500790 566
1500800 566
1500810 565
1500820 565
1500830 565
1500840 565
1500850 565
1500860 565
1500870 565
1500880 564
1500890 564
1500900 564
1500910 564
1500920 564
1500930 564
1500940 563
1500950 563
1500960 563
1500970 563
1500980 563
1500990 562
1501000 562
1501010 562
1501020 561
1501030 561
1501040 561
1501050 560
1501060 559
1501070 559
1501080 559
1501090 558
1501100 558
1501110 558
1501120 558
1501130 558
1501140 557
1501150 557
1501160 557
1501170 557
1501180 557
1501190 557
1501200 556
1501210 556
1501220 556
1501230 556
1501240 555
1501250 555
1501260 555
1501270 555
1501280 555
1501290 555
1501300 554
1501310 554
1501320 554
1501330 554
1501340 554
1501350 554
1501360 553
1501370 553
1501380 553
1501390 553
1501400 553
1501410 553
1501420 552
1501430 552
1501440 552
1501450 552
1501460 552
1501470 552
1501480 551
1501490 551
1501500 551
1501510 551
1501520 551
1501530 550
1501540 550
1501550 550
1501560 550
1501570 550
1501580 549
1501590 549
1501600 549
1501610 549
1501620 549
1501630 549
1501640 549
1501650 549
1501660 548
1501670 548
1501680 548
1501690 548
1501700 548
1501710 548
1501720 548
1501730 548
1501740 548
1501750 548
1501760 548
1501770 548
1501780 549
1501790 549
1501800 549
1501810 549
1501820 549
1501830 549
1501840 549
1501850 549
1501860 549
1501870 549
1501880 549
1501890 549
1501900 549
1501910 550
1501920 550
1501930 550
1501940 550
1501950 550
1501960 549
1501970 549
1501980 549
1501990 549
1502000 549
1502010 549
1502020 549
1502030 549
1502040 549
1502050 548
1502060 548
1502070 548
1502080 548
1502090 547
1502100 547
1502110 547
1502120 547
1502130 547
1502140 547
1502150 546
1502160 546
1502170 546
1502180 545
1502190 545
1502200 545
1502210 544
1502220 544
1502230 544
1502240 544
1502250 544
1502260 543
1502270 543
1502280 543
1502290 543
1502300 542
1502310 542
1502320 541
1502330 540
1502340 540
1502350 540
1502360 540
1502370 540
1502380 541
1502390 541
1502400 541
1502410 541
1502420 541
1502430 541
1502440 541
1502450 541
1502460 541
1502470 541
1502480 541
1502490 541
1502500 541
1502510 542
1502520 541
1502530 541
1502540 542
1502550 542
1502560 542
1502570 542
1502580 542
1502590 542
1502600 542
1502610 542
1502620 542
1502630 542
1502640 542
1502650 542
1502660 542
1502670 542
1502680 542
1502690 542
1502700 542
1502710 542
1502720 542
1502730 542
1502740 542
1502750 542
1502760 542
1502770 542
1502780 541
1502790 541
1502800 541
1502810 541
1502820 541
1502830 541
1502840 541
1502850 541
1502860 541
1502870 542
1502880 542
1502890 542
1502900 541
1502910 541
1502920 541
1502930 541
1502940 541
1502950 541
1502960 541
1502970 541
1502980 541
1502990 541
1503000 541
1503010 541
1503020 541
1503030 541
1503040 541
1503050 541
1503060 541
1503070 541
1503080 541
1503090 541
1503100 541
1503110 541
1503120 540
1503130 540
1503140 540
1503150 540
1503160 540
1503170 540
1503180 540
1503190 540
1503200 540
1503210 539
1503220 539
1503230 539
1503240 539
1503250 539
1503260 539
1503270 538
1503280 538
1503290 538
1503300 537
1503310 537
1503320 537
1503330 537
1503340 536
1503350 536
1503360 536
1503370 535
1503380 535
1503390 534
1503400 534
1503410 534
1503420 533
1503430 533
1503440 533
1503450 532
1503460 531
1503470 531
1503480 530
1503490 529
1503500 529
1503510 529
1503520 528
1503530 528
1503540 527
1503550 526
1503560 526
1503570 525
1503580 524
1503590 524
1503600 521
1503610 516
1503620 516
1503630 509
1503640 504
1503650 504
1503660 503
1503670 502
1503680 502
1503690 502
1503700 502
1503710 502
1503720 502
1503730 502
1503740 502
1503750 502
1503760 502
1503770 502
1503780 502
1503790 502
1503800 502
1503810 502
1503820 502
1503830 502
1503840 502
1503850 505
1503860 505
1503870 509
1503880 517
1503890 517
1503900 524
1503910 527
1503920 527
1503930 529
1503940 530
1503950 530
1503960 531
1503970 531
1503980 531
1503990 532
1504000 532
1504010 532
1504020 532
1504030 532
1504040 532
1504050 531
1504060 531
1504070 531
1504080 531
1504090 531
1504100 531
1504110 530
1504120 530
1504130 530
1504140 530
1504150 530
1504160 530
1504170 529
1504180 528
1504190 528
1504200 528
1504210 527
1504220 525
1504230 525
1504240 524
1504250 522
1504260 522
1504270 519
1504280 515
1504290 515
1504300 513
1504310 510
1504320 510
1504330 508
1504340 508
1504350 508
1504360 509
1504370 509
1504380 509
1504390 509
1504400 509
1504410 509
1504420 510
1504430 510
1504440 510
1504450 512
1504460 515
1504470 515
1504480 518
1504490 521
1504500 521
1504510 524
1504520 526
1504530 526
1504540 528
1504550 530
1504560 530
1504570 532
1504580 534
1504590 534
1504600 535
1504610 537
1504620 537
1504630 538
1504640 540
1504650 540
1504660 541
1504670 543
1504680 543
1504690 544
1504700 546
1504710 546
1504720 547
1504730 549
1504740 549
1504750 551
1504760 554
1504770 554
1504780 554
1504790 555
1504800 555
1504810 556
1504820 556
1504830 556
1504840 556
1504850 556
1504860 556
1504870 557
1504880 557
1504890 557
1504900 557
1504910 557
1504920 557
1504930 557
1504940 557
1504950 557
1504960 557
1504970 556
1504980 556
1504990 556
1505000 555
1505010 555
1505020 555
1505030 554
1505040 554
1505050 554
1505060 553
1505070 552
1505080 552
1505090 551
1505100 551
1505110 551
1505120 550
1505130 550
1505140 550
1505150 549
1505160 549
1505170 549
1505180 549
1505190 550
1505200 550
1505210 550
1505220 550
1505230 550
1505240 551
1505250 552
1505260 552
1505270 552
1505280 552
1505290 552
1505300 553
1505310 553
1505320 553
1505330 554
1505340 554
1505350 554
1505360 554
1505370 554
1505380 554
1505390 555
1505400 555
1505410 555
1505420 555
1505430 555
1505440 555
1505450 555
1505460 555
1505470 555
1505480 555
1505490 555
1505500 555
1505510 555
1505520 556
1505530 556
1505540 556
1505550 556
1505560 556
1505570 556
1505580 556
1505590 556
1505600 556
1505610 556
1505620 556
1505630 556
1505640 556
1505650 556
1505660 556
1505670 555
1505680 555
1505690 555
1505700 555
1505710 555
1505720 555
1505730 555
1505740 555
1505750 555
1505760 555
1505770 555
1505780 555
1505790 555
1505800 555
1505810 554
1505820 554
1505830 554
1505840 554
1505850 553
1505860 553
1505870 553
1505880 552
1505890 552
1505900 552
1505910 552
1505920 551
1505930 551
1505940 551
1505950 550
1505960 550
1505970 550
1505980 550
1505990 550
1506000 550
1506010 549
1506020 549
1506030 549
1506040 549
1506050 549
1506060 549
1506070 549
1506080 549
1506090 548
1506100 548
1506110 548
1506120 548
1506130 548
1506140 548
1506150 547
1506160 547
1506170 547
1506180 547
1506190 546
1506200 546
1506210 546
1506220 546
1506230 546
1506240 545
1506250 545
1506260 545
1506270 544
1506280 544
1506290 544
1506300 543
1506310 542
1506320 542
1506330 542
1506340 541
1506350 541
1506360 541
1506370 540
1506380 540
1506390 540
1506400 539
1506410 539
1506420 539
1506430 538
1506440 538
1506450 538
1506460 538
1506470 538
1506480 537
1506490 537
1506500 537
1506510 536
1506520 536
1506530 536
1506540 536
1506550 537
1506560 537
1506570 538
1506580 539
1506590 539
1506600 539
1506610 539
1506620 539
1506630 539
1506640 541
1506650 541
1506660 543
1506670 544
1506680 544
1506690 544
1506700 545
1506710 545
1506720 545
1506730 545
1506740 545
1506750 546
1506760 546
1506770 546
1506780 547
1506790 548
1506800 548
1506810 548
1506820 548
1506830 549
1506840 549
1506850 549
1506860 549
1506870 549
1506880 550
1506890 550
1506900 550
1506910 550
1506920 551
1506930 551
1506940 551
1506950 551
1506960 551
1506970 551
1506980 551
1506990 551
1507000 551
1507010 551
1507020 551
1507030 551
1507040 551
1507050 551
1507060 551
1507070 552
1507080 552
1507090 552
1507100 552
1507110 552
1507120 553
1507130 553
1507140 553
1507150 553
1507160 554
1507170 554
1507180 554
1507190 555
1507200 555
1507210 555
1507220 555
1507230 555
1507240 556
1507250 556
1507260 556
1507270 557
1507280 557
1507290 557
1507300 558
1507310 558
1507320 558
1507330 558
1507340 559
1507350 559
1507360 559
1507370 559
1507380 559
1507390 559
1507400 560
1507410 560
1507420 560
1507430 560
1507440 560
1507450 560
1507460 560
1507470 560
1507480 560
1507490 560
1507500 560
1507510 560
1507520 560
1507530 560
1507540 560
1507550 560
1507560 560
1507570 560
1507580 560
1507590 560
1507600 560
1507610 560
1507620 560
1507630 560
1507640 560
1507650 560
1507660 560
1507670 559
1507680 559
1507690 559
1507700 559
1507710 559
1507720 559
1507730 559
1507740 559
1507750 559
1507760 558
1507770 558
1507780 558
1507790 558
1507800 558
1507810 558
1507820 558
1507830 558
1507840 558
1507850 558
1507860 558
1507870 558
1507880 558
1507890 558
1507900 558
1507910 558
1507920 558
1507930 558
1507940 558
1507950 558
1507960 558
1507970 558
1507980 558
1507990 558
1508000 558
1508010 557
1508020 557
1508030 557
1508040 557
1508050 557
1508060 557
1508070 557
1508080 557
1508090 557
1508100 557
1508110 557
1508120 557
1508130 556
1508140 556
1508150 556
1508160 556
1508170 556
1508180 556
1508190 556
1508200 556
1508210 555
1508220 555
1508230 555
1508240 555
1508250 554
1508260 554
1508270 554
1508280 553
1508290 553
1508300 553
1508310 553
1508320 553
1508330 552
1508340 552
1508350 552
1508360 551
1508370 551
1508380 551
1508390 551
1508400 551
1508410 551
1508420 550
1508430 550
1508440 550
1508450 550
1508460 550
1508470 550
1508480 550
1508490 549
1508500 549
1508510 549
1508520 549
1508530 548
1508540 548
1508550 548
1508560 548
1508570 548
1508580 548
1508590 547
1508600 547
1508610 547
1508620 547
1508630 547
1508640 547
1508650 546
1508660 546
1508670 546
1508680 545
1508690 545
1508700 545
1508710 544
1508720 544
1508730 544
1508740 543
1508750 543
1508760 542
1508770 542
1508780 542
1508790 541
1508800 541
1508810 541
1508820 540
1508830 539
1508840 539
1508850 539
1508860 538
1508870 538
1508880 538
1508890 537
1508900 537
1508910 537
1508920 536
1508930 536
1508940 536
1508950 535
1508960 535
1508970 535
1508980 535
1508990 535
1509000 534
1509010 534
1509020 534
1509030 534
1509040 533
1509050 533
1509060 533
1509070 533
1509080 533
1509090 533
1509100 534
1509110 534
1509120 534
1509130 534
1509140 534
1509150 534
1509160 535
1509170 535
1509180 535
1509190 535
1509200 535
1509210 535
1509220 535
1509230 535
1509240 535
1509250 535
1509260 535
1509270 536
1509280 536
1509290 536
1509300 536
1509310 536
1509320 536
1509330 536
1509340 537
1509350 537
1509360 537
1509370 537
1509380 537
1509390 537
1509400 537
1509410 537
1509420 537
1509430 537
1509440 537
1509450 537
1509460 537
1509470 536
1509480 536
1509490 536
1509500 536
1509510 536
1509520 536
1509530 536
1509540 536
1509550 536
1509560 536
1509570 536
1509580 536
1509590 536
1509600 536
1509610 536
1509620 536
1509630 536
1509640 536
1509650 536
1509660 536
1509670 536
1509680 536
1509690 536
1509700 536
1509710 536
1509720 536
1509730 536
1509740 535
1509750 535
1509760 535
1509770 535
1509780 535
1509790 534
1509800 534
1509810 534
1509820 533
1509830 533
1509840 533
1509850 532
1509860 532
1509870 532
1509880 531
1509890 530
1509900 530
1509910 530
1509920 530
1509930 530
1509940 530
1509950 530
1509960 530
1509970 530
1509980 530
1509990 530
1510000 530
1510010 530
1510020 530
1510030 530
1510040 530
1510050 530
1510060 530
1510070 530
1510080 530
1510090 530
1510100 530
1510110 530
1510120 530
1510130 530
1510140 530
1510150 530
1510160 530
1510170 530
1510180 530
1510190 530
1510200 530
1510210 530
1510220 530
1510230 530
1510240 529
1510250 529
1510260 529
1510270 529
1510280 529
1510290 528
1510300 528
1510310 528
1510320 528
1510330 528
1510340 527
1510350 527
1510360 527
1510370 527
1510380 526
1510390 526
1510400 526
1510410 526
1510420 526
1510430 526
1510440 527
1510450 527
1510460 527
1510470 528
1510480 528
1510490 528
1510500 529
1510510 529
1510520 529
1510530 529
1510540 529
1510550 529
1510560 529
1510570 529
1510580 530
1510590 530
1510600 530
1510610 530
1510620 531
1510630 531
1510640 531
1510650 531
1510660 531
1510670 532
1510680 532
1510690 532
1510700 532
1510710 533
1510720 533
1510730 533
1510740 533
1510750 533
1510760 534
1510770 534
1510780 534
1510790 534
1510800 535
1510810 535
1510820 535
1510830 535
1510840 535
1510850 536
1510860 536
1510870 536
1510880 536
1510890 537
1510900 537
1510910 537
1510920 537
1510930 537
1510940 538
1510950 538
1510960 538
1510970 538
1510980 539
1510990 539
1511000 539
1511010 539
1511020 539
1511030 539
1511040 540
1511050 540
1511060 540
1511070 540
1511080 540
1511090 539
1511100 539
1511110 539
1511120 539
1511130 540
1511140 540
1511150 540
1511160 539
1511170 540
1511180 540
1511190 541
1511200 541
1511210 541
1511220 541
1511230 541
1511240 541
1511250 541
1511260 540
1511270 540
1511280 540
1511290 540
1511300 540
1511310 540
1511320 539
1511330 539
1511340 539
1511350 538
1511360 538
1511370 538
1511380 537
1511390 537
1511400 537
1511410 536
1511420 536
1511430 536
1511440 535
1511450 535
1511460 534
1511470 534
1511480 534
1511490 533
1511500 532
1511510 532
1511520 531
1511530 530
1511540 530
1511550 529
1511560 529
1511570 529
1511580 528
1511590 528
1511600 528
1511610 528
1511620 527
1511630 527
1511640 527
1511650 526
1511660 526
1511670 526
1511680 526
1511690 526
1511700 525
1511710 525
1511720 525
1511730 525
1511740 524
1511750 524
1511760 524
1511770 524
1511780 524
1511790 523
1511800 523
1511810 523
1511820 523
1511830 522
1511840 522
1511850 522
1511860 521
1511870 521
1511880 521
1511890 520
1511900 520
1511910 519
1511920 519
1511930 519
1511940 518
1511950 518
1511960 518
1511970 517
1511980 516
1511990 516
1512000 516
1512010 515
1512020 514
1512030 514
1512040 513
1512050 511
1512060 511
1512070 510
1512080 509
1512090 509
1512100 508
1512110 507
1512120 507
1512130 506
1512140 506
1512150 506
1512160 505
1512170 505
1512180 505
1512190 505
1512200 505
1512210 505
1512220 504
1512230 504
1512240 504
1512250 504
1512260 503
1512270 503
1512280 503
1512290 503
1512300 503
1512310 502
1512320 502
1512330 502
1512340 501
1512350 501
1512360 501
1512370 501
1512380 502
1512390 502
1512400 501
1512410 500
1512420 500
1512430 500
1512440 500
1512450 500
1512460 500
1512470 500
1512480 500
1512490 500
1512500 499
1512510 499
1512520 499
1512530 499
1512540 499
1512550 499
1512560 499
1512570 499
1512580 499
1512590 498
1512600 498
1512610 498
1512620 498
1512630 498
1512640 498
1512650 498
1512660 498
1512670 497
1512680 497
1512690 497
1512700 496
1512710 496
1512720 496
1512730 496
1512740 496
1512750 496
1512760 496
1512770 496
1512780 496
1512790 496
1512800 495
1512810 495
1512820 495
1512830 495
1512840 495
1512850 494
1512860 494
1512870 494
1512880 494
1512890 493
1512900 493
1512910 493
1512920 492
1512930 492
1512940 492
1512950 491
1512960 491
1512970 491
1512980 490
1512990 490
1513000 490
1513010 489
1513020 489
1513030 489
1513040 488
1513050 488
1513060 488
1513070 487
1513080 487
1513090 487
1513100 486
1513110 486
1513120 486
1513130 486
1513140 486
1513150 486
1513160 486
1513170 486
1513180 486
1513190 486
1513200 486
1513210 486
1513220 486
1513230 486
1513240 486
1513250 486
1513260 486
1513270 486
1513280 485
1513290 485
1513300 485
1513310 485
1513320 485
1513330 485
1513340 485
1513350 485
1513360 485
1513370 484
1513380 484
1513390 484
1513400 484
1513410 484
1513420 484
1513430 484
1513440 484
1513450 484
1513460 484
1513470 484
1513480 484
1513490 484
1513500 484
1513510 484
1513520 484
1513530 484
1513540 484
1513550 483
1513560 483
1513570 483
1513580 483
1513590 483
1513600 483
1513610 484
1513620 484
1513630 484
1513640 484
1513650 485
1513660 485
1513670 485
1513680 487
1513690 487
1513700 488
1513710 489
1513720 490
1513730 490
1513740 489
1513750 489
1513760 489
1513770 491
1513780 492
1513790 492
1513800 492
1513810 492
1513820 492
1513830 492
1513840 492
1513850 492
1513860 493
1513870 493
1513880 493
1513890 493
1513900 494
1513910 494
1513920 494
1513930 494
1513940 494
1513950 494
1513960 495
1513970 495
1513980 495
1513990 495
1514000 495
1514010 496
1514020 496
1514030 496
1514040 497
1514050 498
1514060 498
1514070 498
1514080 498
1514090 498
1514100 499
1514110 499
1514120 499
1514130 500
1514140 499
1514150 499
1514160 499
1514170 500
1514180 500
1514190 500
1514200 501
1514210 501
1514220 500
1514230 501
1514240 501
1514250 500
1514260 499
1514270 499
1514280 499
1514290 498
1514300 498
1514310 498
1514320 497
1514330 497
1514340 497
1514350 497
1514360 497
1514370 497
1514380 496
1514390 496
1514400 495
1514410 495
1514420 495
1514430 495
1514440 495
1514450 495
1514460 496
1514470 496
1514480 496
1514490 496
1514500 497
1514510 497
1514520 496
1514530 496
1514540 496
1514550 496
1514560 495
1514570 495
1514580 495
1514590 495
1514600 495
1514610 495
1514620 494
1514630 494
1514640 494
1514650 494
1514660 493
1514670 493
1514680 493
1514690 493
1514700 493
1514710 493
1514720 493
1514730 493
1514740 492
1514750 492
1514760 492
1514770 491
1514780 491
1514790 491
1514800 491
1514810 490
1514820 490
1514830 490
1514840 490
1514850 490
1514860 489
1514870 489
1514880 489
1514890 489
1514900 488
1514910 488
1514920 486
1514930 481
1514940 481
1514950 478
1514960 476
1514970 476
1514980 476
1514990 475
1515000 475
1515010 475
1515020 475
1515030 475
1515040 475
1515050 475
1515060 475
1515070 475
1515080 475
1515090 475
1515100 475
1515110 475
1515120 475
1515130 475
1515140 475
1515150 475
1515160 474
1515170 474
1515180 474
1515190 473
1515200 473
1515210 473
1515220 473
1515230 473
1515240 473
1515250 472
1515260 472
1515270 472
1515280 470
1515290 469
1515300 469
1515310 470
1515320 470
1515330 470
1515340 470
1515350 470
1515360 470
1515370 470
1515380 470
1515390 470
1515400 469
1515410 469
1515420 469
1515430 469
1515440 469
1515450 469
1515460 469
1515470 469
1515480 469
1515490 469
1515500 469
1515510 469
1515520 469
1515530 469
1515540 469
1515550 469
1515560 469
1515570 469
1515580 469
1515590 469
1515600 469
1515610 469
1515620 469
1515630 468
1515640 468
1515650 468
1515660 468
1515670 468
1515680 468
1515690 468
1515700 468
1515710 468
1515720 467
1515730 467
1515740 467
1515750 467
1515760 467
1515770 466
1515780 466
1515790 466
1515800 466
1515810 466
1515820 466
1515830 466
1515840 467
1515850 467
1515860 467
1515870 466
1515880 466
1515890 465
1515900 465
1515910 465
1515920 465
1515930 465
1515940 465
1515950 465
1515960 464
1515970 464
1515980 464
1515990 464
1516000 464
1516010 464
1516020 465
1516030 465
1516040 464
1516050 462
1516060 462
1516070 463
1516080 464
1516090 464
1516100 464
1516110 460
1516120 460
1516130 456
1516140 454
1516150 454
1516160 454
1516170 454
1516180 454
1516190 456
1516200 457
1516210 457
1516220 457
1516230 457
1516240 457
1516250 457
1516260 457
1516270 457
1516280 457
1516290 457
1516300 457
1516310 456
1516320 456
1516330 456
1516340 456
1516350 456
1516360 457
1516370 457
1516380 458
1516390 459
1516400 459
1516410 461
1516420 465
1516430 465
1516440 470
1516450 473
1516460 473
1516470 475
1516480 477
1516490 477
1516500 478
1516510 479
1516520 479
1516530 480
1516540 481
1516550 481
1516560 483
1516570 484
1516580 484
1516590 486
1516600 486
1516610 486
1516620 487
1516630 487
1516640 487
1516650 487
1516660 487
1516670 487
1516680 488
1516690 488
1516700 488
1516710 488
1516720 488
1516730 488
1516740 488
1516750 488
1516760 488
1516770 488
1516780 488
1516790 488
1516800 488
1516810 488
1516820 488
1516830 488
1516840 488
1516850 488
1516860 488
1516870 488
1516880 488
1516890 488
1516900 488
1516910 488
1516920 488
1516930 487
1516940 487
1516950 487
1516960 487
1516970 487
1516980 486
1516990 486
1517000 486
1517010 486
1517020 487
1517030 487
1517040 488
1517050 488
1517060 488
1517070 489
1517080 490
1517090 490
1517100 490
1517110 491
1517120 491
1517130 491
1517140 492
1517150 492
1517160 492
1517170 493
1517180 493
1517190 493
1517200 493
1517210 493
1517220 493
1517230 493
1517240 494
1517250 494
1517260 494
1517270 494
1517280 494
1517290 494
1517300 494
1517310 494
1517320 493
1517330 493
1517340 493
1517350 493
1517360 493
1517370 493
1517380 493
1517390 493
1517400 493
1517410 493
1517420 493
1517430 493
1517440 493
1517450 493
1517460 493
1517470 492
1517480 492
1517490 492
1517500 492
1517510 492
1517520 492
1517530 492
1517540 492
1517550 492
1517560 492
1517570 491
1517580 491
1517590 491
1517600 491
1517610 491
1517620 491
1517630 491
1517640 491
1517650 491
1517660 491
1517670 491
1517680 491
1517690 491
1517700 491
1517710 491
1517720 491
1517730 491
1517740 491
1517750 491
1517760 491
1517770 491
1517780 491
1517790 491
1517800 491
1517810 491
1517820 491
1517830 491
1517840 491
1517850 491
1517860 491
1517870 491
1517880 491
1517890 491
1517900 491
1517910 491
1517920 491
1517930 490
1517940 490
1517950 490
1517960 490
1517970 490
1517980 490
1517990 490
1518000 490
1518010 490
1518020 490
1518030 490
1518040 490
1518050 490
1518060 490
1518070 490
1518080 490
1518090 490
1518100 490
1518110 490
1518120 490
1518130 490
1518140 490
1518150 490
1518160 490
1518170 490
1518180 490
1518190 490
1518200 490
1518210 490
1518220 490
1518230 490
1518240 490
1518250 490
1518260 490
1518270 490
1518280 490
1518290 490
1518300 490
1518310 490
1518320 490
1518330 490
1518340 490
1518350 490
1518360 489
1518370 489
1518380 489
1518390 489
1518400 489
1518410 489
1518420 489
1518430 489
1518440 489
1518450 489
1518460 489
1518470 489
1518480 489
1518490 489
1518500 489
1518510 489
1518520 489
1518530 489
1518540 489
1518550 489
1518560 489
1518570 488
1518580 488
1518590 488
1518600 488
1518610 488
1518620 488
1518630 488
1518640 488
1518650 488
1518660 488
1518670 488
1518680 488
1518690 488
1518700 488
1518710 488
1518720 488
1518730 488
1518740 487
1518750 487
1518760 487
1518770 487
1518780 487
1518790 487
1518800 487
1518810 487
1518820 487
1518830 487
1518840 487
1518850 487
1518860 487
1518870 486
1518880 486
1518890 486
1518900 486
1518910 486
1518920 486
1518930 486
1518940 485
1518950 485
1518960 485
1518970 484
1518980 484
1518990 484
1519000 484
1519010 484
1519020 483
1519030 483
1519040 483
1519050 483
1519060 483
1519070 483
1519080 482
1519090 482
1519100 482
1519110 482
1519120 482
1519130 482
1519140 482
1519150 481
1519160 481
1519170 481
1519180 481
1519190 481
1519200 481
1519210 481
1519220 481
1519230 481
1519240 481
1519250 481
1519260 481
1519270 480
1519280 480
1519290 480
1519300 480
1519310 480
1519320 480
1519330 479
1519340 479
1519350 479
1519360 479
1519370 479
1519380 479
1519390 479
1519400 479
1519410 479
1519420 479
1519430 479
1519440 479
1519450 480
1519460 480
1519470 481
1519480 482
1519490 482
1519500 482
1519510 483
1519520 483
1519530 483
1519540 484
1519550 484
1519560 485
1519570 485
1519580 485
1519590 486
1519600 486
1519610 486
1519620 487
1519630 488
1519640 488
1519650 488
1519660 489
1519670 489
1519680 489
1519690 490
1519700 490
1519710 490
1519720 490
1519730 490
1519740 490
1519750 491
1519760 491
1519770 491
1519780 491
1519790 491
1519800 491
1519810 491
1519820 491
1519830 491
1519840 490
1519850 490
1519860 490
1519870 489
1519880 489
1519890 489
1519900 489
1519910 490
1519920 490
1519930 490
1519940 491
1519950 491
1519960 492
1519970 492
1519980 492
1519990 493
