1500000 547
1500010 546
1500020 546
1500030 546
1500040 545
1500050 545
1500060 545
1500070 545
1500080 545
1500090 545
1500100 545
1500110 545
1500120 545
1500130 544
1500140 544
1500150 544
1500160 544
1500170 543
1500180 543
1500190 543
1500200 543
1500210 543
1500220 543
1500230 544
1500240 544
1500250 544
1500260 544
1500270 544
1500280 544
1500290 544
1500300 544
1500310 544
1500320 545
1500330 545
1500340 545
1500350 545
1500360 545
1500370 544
1500380 544
1500390 544
1500400 543
1500410 543
1500420 543
1500430 542
1500440 541
1500450 541
1500460 541
1500470 540
1500480 540
1500490 539
1500500 538
1500510 538
1500520 537
1500530 536
1500540 536
1500550 535
1500560 533
1500570 533
1500580 531
1500590 530
1500600 530
1500610 529
1500620 529
1500630 529
1500640 528
1500650 527
1500660 527
1500670 527
1500680 526
1500690 526
1500700 526
1500710 526
1500720 526
1500730 526
1500740 526
1500750 526
1500760 526
1500770 526
1500780 526
1500790 526
1500800 526
1500810 526
1500820 526
1500830 527
1500840 527
1500850 527
1500860 528
1500870 528
1500880 529
1500890 530
1500900 530
1500910 530
1500920 531
1500930 531
1500940 531
1500950 531
1500960 531
1500970 531
1500980 531
1500990 531
1501000 531
1501010 531
1501020 531
1501030 531
1501040 531
1501050 531
1501060 531
1501070 530
1501080 530
1501090 530
1501100 530
1501110 530
1501120 530
1501130 530
1501140 529
1501150 529
1501160 529
1501170 529
1501180 529
1501190 528
1501200 527
1501210 527
1501220 527
1501230 527
1501240 527
1501250 526
1501260 526
1501270 526
1501280 526
1501290 526
1501300 526
1501310 525
1501320 525
1501330 525
1501340 524
1501350 524
1501360 524
1501370 524
1501380 523
1501390 523
1501400 523
1501410 522
1501420 522
1501430 522
1501440 521
1501450 521
1501460 520
1501470 518
1501480 518
1501490 516
1501500 512
1501510 512
1501520 507
1501530 503
1501540 503
1501550 501
1501560 500
1501570 500
1501580 499
1501590 497
1501600 497
1501610 496
1501620 496
1501630 496
1501640 496
1501650 495
1501660 495
1501670 496
1501680 496
1501690 496
1501700 496
1501710 496
1501720 496
1501730 496
1501740 496
1501750 496
1501760 501
1501770 511
1501780 511
1501790 516
1501800 517
1501810 517
1501820 518
1501830 519
1501840 519
1501850 520
1501860 521
1501870 521
1501880 521
1501890 522
1501900 522
1501910 522
1501920 522
1501930 521
1501940 521
1501950 521
1501960 520
1501970 520
1501980 520
1501990 520
1502000 520
1502010 520
1502020 520
1502030 520
1502040 519
1502050 519
1502060 519
1502070 519
1502080 518
1502090 518
1502100 518
1502110 517
1502120 517
1502130 513
1502140 509
1502150 509
1502160 506
1502170 504
1502180 504
1502190 504
1502200 507
1502210 507
1502220 513
1502230 517
1502240 517
1502250 521
1502260 521
1502270 521
1502280 522
1502290 522
1502300 522
1502310 522
1502320 522
1502330 522
1502340 521
1502350 521
1502360 521
1502370 521
1502380 521
1502390 521
1502400 521
1502410 521
1502420 521
1502430 521
1502440 521
1502450 521
1502460 521
1502470 521
1502480 521
1502490 520
1502500 520
1502510 520
1502520 521
1502530 521
1502540 521
1502550 521
1502560 521
1502570 521
1502580 522
1502590 522
1502600 522
1502610 522
1502620 523
1502630 523
1502640 523
1502650 523
1502660 523
1502670 524
1502680 524
1502690 524
1502700 525
1502710 525
1502720 525
1502730 525
1502740 525
1502750 525
1502760 526
1502770 526
1502780 526
1502790 526
1502800 526
1502810 526
1502820 527
1502830 527
1502840 527
1502850 527
1502860 527
1502870 527
1502880 527
1502890 527
1502900 527
1502910 527
1502920 527
1502930 527
1502940 527
1502950 527
1502960 527
1502970 527
1502980 527
1502990 528
1503000 528
1503010 527
1503020 527
1503030 527
1503040 528
1503050 528
1503060 528
1503070 528
1503080 528
1503090 528
1503100 528
1503110 528
1503120 528
1503130 528
1503140 528
1503150 528
1503160 528
1503170 529
1503180 529
1503190 529
1503200 529
1503210 529
1503220 529
1503230 529
1503240 529
1503250 529
1503260 529
1503270 529
1503280 529
1503290 529
1503300 529
1503310 529
1503320 528
1503330 528
1503340 528
1503350 527
1503360 527
1503370 527
1503380 526
1503390 526
1503400 526
1503410 526
1503420 526
1503430 526
1503440 526
1503450 526
1503460 526
1503470 526
1503480 526
1503490 526
1503500 527
1503510 527
1503520 527
1503530 527
1503540 527
1503550 527
1503560 528
1503570 528
1503580 528
1503590 528
1503600 528
1503610 528
1503620 528
1503630 528
1503640 528
1503650 529
1503660 529
1503670 529
1503680 529
1503690 529
1503700 530
1503710 530
1503720 530
1503730 530
1503740 529
1503750 529
1503760 529
1503770 528
1503780 527
1503790 527
1503800 527
1503810 526
1503820 526
1503830 525
1503840 524
1503850 524
1503860 524
1503870 523
1503880 523
1503890 522
1503900 521
1503910 521
1503920 520
1503930 519
1503940 519
1503950 518
1503960 518
1503970 518
1503980 517
1503990 517
1504000 517
1504010 516
1504020 516
1504030 516
1504040 516
1504050 515
1504060 515
1504070 515
1504080 515
1504090 515
1504100 515
1504110 516
1504120 516
1504130 517
1504140 517
1504150 517
1504160 517
1504170 517
1504180 517
1504190 518
1504200 518
1504210 518
1504220 518
1504230 518
1504240 518
1504250 518
1504260 518
1504270 518
1504280 518
1504290 518
1504300 518
1504310 518
1504320 518
1504330 518
1504340 518
1504350 518
1504360 518
1504370 518
1504380 518
1504390 518
1504400 518
1504410 517
1504420 517
1504430 517
1504440 517
1504450 517
1504460 517
1504470 517
1504480 517
1504490 516
1504500 516
1504510 516
1504520 515
1504530 514
1504540 514
1504550 514
1504560 513
1504570 513
1504580 514
1504590 515
1504600 515
1504610 515
1504620 515
1504630 515
1504640 515
1504650 515
1504660 515
1504670 515
1504680 515
1504690 515
1504700 515
1504710 515
1504720 514
1504730 514
1504740 514
1504750 514
1504760 514
1504770 514
1504780 514
1504790 514
1504800 513
1504810 513
1504820 513
1504830 513
1504840 512
1504850 512
1504860 512
1504870 512
1504880 512
1504890 511
1504900 511
1504910 511
1504920 510
1504930 510
1504940 510
1504950 509
1504960 508
1504970 508
1504980 508
1504990 507
1505000 507
1505010 506
1505020 505
1505030 505
1505040 504
1505050 503
1505060 503
1505070 503
1505080 503
1505090 503
1505100 503
1505110 502
1505120 502
1505130 502
1505140 501
1505150 501
1505160 501
1505170 500
1505180 500
1505190 500
1505200 500
1505210 500
1505220 499
1505230 499
1505240 499
1505250 499
1505260 498
1505270 498
1505280 497
1505290 497
1505300 497
1505310 497
1505320 497
1505330 497
1505340 497
1505350 496
1505360 496
1505370 496
1505380 496
1505390 496
1505400 495
1505410 495
1505420 495
1505430 495
1505440 495
1505450 495
1505460 495
1505470 494
1505480 494
1505490 494
1505500 494
1505510 494
1505520 494
1505530 494
1505540 494
1505550 493
1505560 493
1505570 493
1505580 493
1505590 493
1505600 493
1505610 493
1505620 493
1505630 493
1505640 493
1505650 493
1505660 493
1505670 493
1505680 493
1505690 494
1505700 494
1505710 495
1505720 495
1505730 495
1505740 496
1505750 498
1505760 498
1505770 499
1505780 500
1505790 500
1505800 501
1505810 502
1505820 502
1505830 504
1505840 505
1505850 505
1505860 506
1505870 507
1505880 507
1505890 508
1505900 509
1505910 509
1505920 510
1505930 511
1505940 511
1505950 511
1505960 510
1505970 510
1505980 510
1505990 510
1506000 510
1506010 509
1506020 509
1506030 509
1506040 508
1506050 508
1506060 508
1506070 507
1506080 507
1506090 507
1506100 506
1506110 505
1506120 505
1506130 505
1506140 504
1506150 504
1506160 504
1506170 503
1506180 503
1506190 502
1506200 501
1506210 501
1506220 501
1506230 500
1506240 500
1506250 498
1506260 495
1506270 495
1506280 491
1506290 489
1506300 489
1506310 488
1506320 488
1506330 488
1506340 487
1506350 487
1506360 487
1506370 487
1506380 486
1506390 486
1506400 486
1506410 486
1506420 486
1506430 486
1506440 486
1506450 486
1506460 486
1506470 486
1506480 486
1506490 486
1506500 486
1506510 486
1506520 486
1506530 486
1506540 486
1506550 486
1506560 486
1506570 485
1506580 485
1506590 485
1506600 485
1506610 485
1506620 485
1506630 485
1506640 485
1506650 485
1506660 485
1506670 485
1506680 485
1506690 485
1506700 485
1506710 485
1506720 485
1506730 485
1506740 485
1506750 485
1506760 485
1506770 485
1506780 485
1506790 485
1506800 484
1506810 484
1506820 484
1506830 484
1506840 484
1506850 484
1506860 484
1506870 484
1506880 484
1506890 484
1506900 484
1506910 484
1506920 484
1506930 484
1506940 484
1506950 484
1506960 484
1506970 484
1506980 484
1506990 484
1507000 484
1507010 483
1507020 483
1507030 483
1507040 482
1507050 482
1507060 482
1507070 483
1507080 483
1507090 483
1507100 484
1507110 485
1507120 485
1507130 485
1507140 485
1507150 485
1507160 485
1507170 486
1507180 486
1507190 488
1507200 491
1507210 491
1507220 494
1507230 496
1507240 496
1507250 497
1507260 497
1507270 497
1507280 498
1507290 498
1507300 498
1507310 498
1507320 498
1507330 498
1507340 499
1507350 499
1507360 499
1507370 499
1507380 500
1507390 500
1507400 500
1507410 500
1507420 500
1507430 500
1507440 500
1507450 500
1507460 500
1507470 500
1507480 500
1507490 500
1507500 500
1507510 500
1507520 500
1507530 500
1507540 499
1507550 499
1507560 499
1507570 499
1507580 499
1507590 498
1507600 498
1507610 498
1507620 497
1507630 495
1507640 495
1507650 492
1507660 493
1507670 493
1507680 496
1507690 496
1507700 496
1507710 497
1507720 497
1507730 497
1507740 497
1507750 498
1507760 498
1507770 498
1507780 498
1507790 498
1507800 499
1507810 499
1507820 499
1507830 499
1507840 498
1507850 498
1507860 498
1507870 498
1507880 498
1507890 498
1507900 498
1507910 498
1507920 498
1507930 498
1507940 498
1507950 497
1507960 497
1507970 497
1507980 497
1507990 497
1508000 497
1508010 496
1508020 496
1508030 496
1508040 495
1508050 490
1508060 490
1508070 482
1508080 480
1508090 480
1508100 479
1508110 478
1508120 478
1508130 477
1508140 476
1508150 476
1508160 477
1508170 478
1508180 478
1508190 478
1508200 478
1508210 478
1508220 478
1508230 478
1508240 478
1508250 478
1508260 478
1508270 478
1508280 478
1508290 478
1508300 478
1508310 478
1508320 478
1508330 478
1508340 477
1508350 477
1508360 477
1508370 477
1508380 477
1508390 477
1508400 477
1508410 477
1508420 477
1508430 477
1508440 477
1508450 476
1508460 476
1508470 476
1508480 476
1508490 476
1508500 475
1508510 474
1508520 474
1508530 474
1508540 474
1508550 474
1508560 474
1508570 474
1508580 474
1508590 474
1508600 474
1508610 474
1508620 475
1508630 475
1508640 475
1508650 475
1508660 475
1508670 475
1508680 475
1508690 475
1508700 475
1508710 475
1508720 474
1508730 474
1508740 474
1508750 474
1508760 474
1508770 474
1508780 475
1508790 475
1508800 476
1508810 476
1508820 476
1508830 476
1508840 476
1508850 476
1508860 476
1508870 475
1508880 475
1508890 475
1508900 476
1508910 476
1508920 477
1508930 477
1508940 477
1508950 477
1508960 477
1508970 477
1508980 476
1508990 476
1509000 476
1509010 476
1509020 476
1509030 476
1509040 476
1509050 477
1509060 477
1509070 477
1509080 475
1509090 475
1509100 474
1509110 474
1509120 474
1509130 474
1509140 474
1509150 474
1509160 476
1509170 478
1509180 478
1509190 482
1509200 486
1509210 486
1509220 489
1509230 490
1509240 490
1509250 490
1509260 490
1509270 490
1509280 490
1509290 490
1509300 490
1509310 489
1509320 489
1509330 489
1509340 489
1509350 489
1509360 488
1509370 488
1509380 487
1509390 487
1509400 487
1509410 488
1509420 488
1509430 488
1509440 487
1509450 487
1509460 487
1509470 487
1509480 487
1509490 487
1509500 487
1509510 487
1509520 487
1509530 487
1509540 487
1509550 487
1509560 487
1509570 487
1509580 487
1509590 487
1509600 487
1509610 487
1509620 487
1509630 487
1509640 487
1509650 487
1509660 488
1509670 488
1509680 488
1509690 488
1509700 488
1509710 488
1509720 488
1509730 488
1509740 488
1509750 488
1509760 488
1509770 488
1509780 488
1509790 488
1509800 487
1509810 487
1509820 487
1509830 487
1509840 487
1509850 487
1509860 487
1509870 487
1509880 487
1509890 487
1509900 487
1509910 487
1509920 487
1509930 487
1509940 487
1509950 487
1509960 487
1509970 487
1509980 487
1509990 486
1510000 480
1510010 480
1510020 479
1510030 479
1510040 479
1510050 479
1510060 479
1510070 478
1510080 477
1510090 477
1510100 475
1510110 472
1510120 472
1510130 471
1510140 470
1510150 470
1510160 470
1510170 470
1510180 470
1510190 470
1510200 470
1510210 470
1510220 470
1510230 469
1510240 469
1510250 469
1510260 469
1510270 469
1510280 469
1510290 469
1510300 469
1510310 469
1510320 469
1510330 469
1510340 469
1510350 469
1510360 469
1510370 469
1510380 469
1510390 468
1510400 468
1510410 468
1510420 468
1510430 468
1510440 468
1510450 469
1510460 469
1510470 469
1510480 469
1510490 469
1510500 469
1510510 469
1510520 469
1510530 468
1510540 468
1510550 468
1510560 468
1510570 468
1510580 468
1510590 468
1510600 468
1510610 468
1510620 468
1510630 468
1510640 468
1510650 468
1510660 468
1510670 468
1510680 468
1510690 468
1510700 468
1510710 468
1510720 468
1510730 468
1510740 468
1510750 468
1510760 468
1510770 469
1510780 469
1510790 469
1510800 469
1510810 469
1510820 469
1510830 469
1510840 469
1510850 469
1510860 469
1510870 469
1510880 469
1510890 468
1510900 468
1510910 468
1510920 468
1510930 468
1510940 468
1510950 468
1510960 468
1510970 468
1510980 468
1510990 468
1511000 468
1511010 467
1511020 467
1511030 467
1511040 467
1511050 467
1511060 467
1511070 467
1511080 466
1511090 466
1511100 466
1511110 466
1511120 466
1511130 465
1511140 466
1511150 466
1511160 467
1511170 467
1511180 467
1511190 467
1511200 467
1511210 467
1511220 467
1511230 466
1511240 466
1511250 466
1511260 467
1511270 467
1511280 467
1511290 467
1511300 467
1511310 467
1511320 467
1511330 466
1511340 466
1511350 466
1511360 465
1511370 465
1511380 465
1511390 465
1511400 465
1511410 466
1511420 466
1511430 466
1511440 466
1511450 466
1511460 466
1511470 466
1511480 466
1511490 466
1511500 466
1511510 466
1511520 466
1511530 466
1511540 466
1511550 466
1511560 466
1511570 466
1511580 466
1511590 465
1511600 465
1511610 465
1511620 465
1511630 465
1511640 465
1511650 465
1511660 466
1511670 466
1511680 466
1511690 467
1511700 467
1511710 468
1511720 467
1511730 467
1511740 464
1511750 463
1511760 463
1511770 463
1511780 463
1511790 463
1511800 464
1511810 465
1511820 465
1511830 467
1511840 468
1511850 468
1511860 466
1511870 465
1511880 465
1511890 464
1511900 464
1511910 464
1511920 464
1511930 464
1511940 464
1511950 463
1511960 465
1511970 465
1511980 469
1511990 474
1512000 474
1512010 477
1512020 478
1512030 478
1512040 478
1512050 479
1512060 479
1512070 480
1512080 480
1512090 480
1512100 481
1512110 481
1512120 481
1512130 481
1512140 481
1512150 481
1512160 481
1512170 481
1512180 482
1512190 482
1512200 483
1512210 483
1512220 483
1512230 483
1512240 483
1512250 483
1512260 484
1512270 484
1512280 484
1512290 485
1512300 486
1512310 486
1512320 486
1512330 486
1512340 486
1512350 486
1512360 486
1512370 486
1512380 486
1512390 486
1512400 486
1512410 486
1512420 485
1512430 485
1512440 483
1512450 480
1512460 480
1512470 477
1512480 475
1512490 475
1512500 473
1512510 472
1512520 472
1512530 472
1512540 470
1512550 470
1512560 467
1512570 465
1512580 465
1512590 463
1512600 463
1512610 463
1512620 463
1512630 462
1512640 462
1512650 462
1512660 462
1512670 462
1512680 462
1512690 462
1512700 462
1512710 462
1512720 462
1512730 462
1512740 462
1512750 462
1512760 462
1512770 462
1512780 462
1512790 462
1512800 462
1512810 462
1512820 462
1512830 462
1512840 461
1512850 461
1512860 461
1512870 461
1512880 461
1512890 461
1512900 461
1512910 461
1512920 461
1512930 461
1512940 461
1512950 460
1512960 460
1512970 460
1512980 460
1512990 460
1513000 460
1513010 460
1513020 460
1513030 460
1513040 460
1513050 460
1513060 460
1513070 460
1513080 460
1513090 460
1513100 460
1513110 460
1513120 460
1513130 460
1513140 460
1513150 460
1513160 460
1513170 460
1513180 460
1513190 460
1513200 460
1513210 460
1513220 460
1513230 460
1513240 460
1513250 460
1513260 460
1513270 459
1513280 459
1513290 459
1513300 459
1513310 459
1513320 459
1513330 459
1513340 459
1513350 459
1513360 459
1513370 459
1513380 459
1513390 459
1513400 459
1513410 459
1513420 459
1513430 459
1513440 459
1513450 459
1513460 459
1513470 459
1513480 458
1513490 458
1513500 458
1513510 458
1513520 458
1513530 458
1513540 458
1513550 458
1513560 458
1513570 458
1513580 458
1513590 458
1513600 458
1513610 458
1513620 458
1513630 458
1513640 458
1513650 458
1513660 458
1513670 458
1513680 458
1513690 458
1513700 458
1513710 458
1513720 458
1513730 458
1513740 458
1513750 458
1513760 458
1513770 458
1513780 457
1513790 457
1513800 457
1513810 457
1513820 457
1513830 457
1513840 457
1513850 457
1513860 457
1513870 457
1513880 457
1513890 457
1513900 457
1513910 457
1513920 457
1513930 457
1513940 457
1513950 457
1513960 457
1513970 457
1513980 457
1513990 457
1514000 457
1514010 457
1514020 457
1514030 456
1514040 456
1514050 456
1514060 456
1514070 456
1514080 456
1514090 456
1514100 456
1514110 456
1514120 456
1514130 456
1514140 456
1514150 456
1514160 456
1514170 456
1514180 456
1514190 456
1514200 456
1514210 456
1514220 456
1514230 456
1514240 456
1514250 456
1514260 456
1514270 456
1514280 456
1514290 455
1514300 455
1514310 455
1514320 454
1514330 453
1514340 453
1514350 453
1514360 452
1514370 452
1514380 452
1514390 451
1514400 451
1514410 450
1514420 451
1514430 451
1514440 452
1514450 454
1514460 454
1514470 455
1514480 455
1514490 455
1514500 455
1514510 456
1514520 456
1514530 456
1514540 456
1514550 456
1514560 455
1514570 455
1514580 455
1514590 455
1514600 455
1514610 455
1514620 456
1514630 456
1514640 456
1514650 456
1514660 456
1514670 456
1514680 456
1514690 456
1514700 456
1514710 456
1514720 456
1514730 456
1514740 456
1514750 456
1514760 456
1514770 456
1514780 456
1514790 456
1514800 455
1514810 455
1514820 455
1514830 455
1514840 456
1514850 456
1514860 458
1514870 458
1514880 458
1514890 459
1514900 460
1514910 460
1514920 460
1514930 460
1514940 461
1514950 461
1514960 461
1514970 461
1514980 461
1514990 461
1515000 461
1515010 461
1515020 460
1515030 460
1515040 460
1515050 460
1515060 460
1515070 460
1515080 460
1515090 460
1515100 460
1515110 460
1515120 460
1515130 460
1515140 460
1515150 460
1515160 460
1515170 460
1515180 460
1515190 460
1515200 460
1515210 460
1515220 460
1515230 460
1515240 460
1515250 460
1515260 460
1515270 460
1515280 460
1515290 460
1515300 460
1515310 460
1515320 460
1515330 460
1515340 460
1515350 460
1515360 460
1515370 460
1515380 460
1515390 460
1515400 460
1515410 460
1515420 461
1515430 461
1515440 461
1515450 461
1515460 461
1515470 461
1515480 461
1515490 461
1515500 461
1515510 461
1515520 461
1515530 460
1515540 460
1515550 460
1515560 459
1515570 458
1515580 458
1515590 458
1515600 457
1515610 457
1515620 456
1515630 456
1515640 456
1515650 456
1515660 455
1515670 455
1515680 455
1515690 455
1515700 455
1515710 455
1515720 455
1515730 455
1515740 454
1515750 454
1515760 454
1515770 454
1515780 454
1515790 454
1515800 454
1515810 454
1515820 454
1515830 454
1515840 454
1515850 454
1515860 454
1515870 454
1515880 454
1515890 454
1515900 454
1515910 455
1515920 455
1515930 454
1515940 454
1515950 454
1515960 454
1515970 453
1515980 453
1515990 453
1516000 453
1516010 453
1516020 453
1516030 453
1516040 453
1516050 453
1516060 453
1516070 453
1516080 453
1516090 453
1516100 453
1516110 452
1516120 452
1516130 452
1516140 451
1516150 450
1516160 450
1516170 450
1516180 449
1516190 449
1516200 449
1516210 449
1516220 449
1516230 449
1516240 448
1516250 448
1516260 448
1516270 448
1516280 448
1516290 447
1516300 447
1516310 447
1516320 446
1516330 445
1516340 445
1516350 444
1516360 444
1516370 444
1516380 445
1516390 449
1516400 449
1516410 451
1516420 454
1516430 454
1516440 455
1516450 456
1516460 456
1516470 455
1516480 455
1516490 455
1516500 455
1516510 455
1516520 455
1516530 455
1516540 455
1516550 455
1516560 455
1516570 455
1516580 455
1516590 455
1516600 454
1516610 454
1516620 454
1516630 454
1516640 454
1516650 454
1516660 454
1516670 454
1516680 454
1516690 454
1516700 454
1516710 454
1516720 454
1516730 454
1516740 454
1516750 454
1516760 454
1516770 454
1516780 454
1516790 454
1516800 454
1516810 454
1516820 454
1516830 454
1516840 454
1516850 453
1516860 453
1516870 453
1516880 453
1516890 453
1516900 453
1516910 453
1516920 453
1516930 453
1516940 453
1516950 453
1516960 453
1516970 452
1516980 452
1516990 453
1517000 453
1517010 453
1517020 452
1517030 452
1517040 452
1517050 452
1517060 452
1517070 452
1517080 452
1517090 452
1517100 452
1517110 452
1517120 452
1517130 452
1517140 452
1517150 452
1517160 452
1517170 452
1517180 452
1517190 452
1517200 452
1517210 453
1517220 453
1517230 453
1517240 453
1517250 453
1517260 453
1517270 454
1517280 454
1517290 455
1517300 455
1517310 455
1517320 455
1517330 455
1517340 455
1517350 455
1517360 456
1517370 456
1517380 457
1517390 458
1517400 458
1517410 459
1517420 460
1517430 460
1517440 461
1517450 462
1517460 462
1517470 463
1517480 464
1517490 464
1517500 463
1517510 462
1517520 462
1517530 461
1517540 460
1517550 460
1517560 459
1517570 459
1517580 459
1517590 459
1517600 459
1517610 459
1517620 459
1517630 460
1517640 460
1517650 461
1517660 461
1517670 461
1517680 460
1517690 459
1517700 459
1517710 458
1517720 458
1517730 456
1517740 456
1517750 455
1517760 453
1517770 453
1517780 452
1517790 452
1517800 452
1517810 451
1517820 450
1517830 450
1517840 449
1517850 447
1517860 447
1517870 446
1517880 445
1517890 445
1517900 442
1517910 439
1517920 439
1517930 437
1517940 436
1517950 436
1517960 436
1517970 436
1517980 436
1517990 436
1518000 435
1518010 435
1518020 435
1518030 435
1518040 435
1518050 435
1518060 435
1518070 435
1518080 435
1518090 435
1518100 435
1518110 435
1518120 435
1518130 435
1518140 434
1518150 433
1518160 433
1518170 434
1518180 435
1518190 435
1518200 435
1518210 435
1518220 435
1518230 435
1518240 436
1518250 436
1518260 436
1518270 436
1518280 436
1518290 435
1518300 435
1518310 435
1518320 435
1518330 435
1518340 435
1518350 435
1518360 436
1518370 436
1518380 436
1518390 436
1518400 436
1518410 436
1518420 436
1518430 436
1518440 436
1518450 436
1518460 436
1518470 436
1518480 436
1518490 436
1518500 436
1518510 435
1518520 435
1518530 435
1518540 435
1518550 435
1518560 435
1518570 435
1518580 435
1518590 435
1518600 435
1518610 435
1518620 435
1518630 434
1518640 434
1518650 434
1518660 435
1518670 434
1518680 435
1518690 434
1518700 434
1518710 434
1518720 434
1518730 434
1518740 434
1518750 434
1518760 434
1518770 434
1518780 434
1518790 434
1518800 434
1518810 434
1518820 434
1518830 434
1518840 434
1518850 434
1518860 434
1518870 434
1518880 433
1518890 433
1518900 434
1518910 433
1518920 433
1518930 433
1518940 433
1518950 433
1518960 433
1518970 433
1518980 433
1518990 433
1519000 433
1519010 433
1519020 433
1519030 433
1519040 433
1519050 433
1519060 433
1519070 433
1519080 433
1519090 433
1519100 433
1519110 433
1519120 433
1519130 433
1519140 433
1519150 433
1519160 433
1519170 432
1519180 431
1519190 431
1519200 431
1519210 431
1519220 431
1519230 431
1519240 431
1519250 431
1519260 431
1519270 431
1519280 431
1519290 431
1519300 431
1519310 431
1519320 431
1519330 431
1519340 431
1519350 431
1519360 431
1519370 431
1519380 430
1519390 430
1519400 430
1519410 430
1519420 430
1519430 430
1519440 430
1519450 430
1519460 430
1519470 430
1519480 430
1519490 430
1519500 430
1519510 430
1519520 430
1519530 430
1519540 430
1519550 430
1519560 430
1519570 430
1519580 430
1519590 430
1519600 430
1519610 430
1519620 430
1519630 430
1519640 430
1519650 430
1519660 430
1519670 430
1519680 430
1519690 429
1519700 429
1519710 429
1519720 429
1519730 429
1519740 429
1519750 428
1519760 426
1519770 426
1519780 425
1519790 425
1519800 425
1519810 426
1519820 427
1519830 427
1519840 428
1519850 429
1519860 429
1519870 429
1519880 430
1519890 430
1519900 430
1519910 430
1519920 430
1519930 431
1519940 433
1519950 433
1519960 434
1519970 434
1519980 434
1519990 436
