1500000 495
1500010 495
1500020 495
1500030 495
1500040 495
1500050 495
1500060 495
1500070 495
1500080 495
1500090 495
1500100 496
1500110 496
1500120 496
1500130 496
1500140 496
1500150 496
1500160 497
1500170 497
1500180 497
1500190 497
1500200 498
1500210 498
1500220 498
1500230 498
1500240 498
1500250 498
1500260 498
1500270 498
1500280 498
1500290 497
1500300 497
1500310 497
1500320 496
1500330 496
1500340 496
1500350 497
1500360 497
1500370 497
1500380 497
1500390 497
1500400 497
1500410 497
1500420 497
1500430 496
1500440 496
1500450 496
1500460 496
1500470 496
1500480 496
1500490 496
1500500 496
1500510 496
1500520 497
1500530 497
1500540 497
1500550 497
1500560 497
1500570 497
1500580 498
1500590 498
1500600 498
1500610 498
1500620 498
1500630 498
1500640 498
1500650 498
1500660 498
1500670 498
1500680 498
1500690 498
1500700 498
1500710 498
1500720 498
1500730 498
1500740 498
1500750 498
1500760 498
1500770 498
1500780 498
1500790 498
1500800 497
1500810 497
1500820 497
1500830 497
1500840 497
1500850 497
1500860 499
1500870 499
1500880 500
1500890 502
1500900 502
1500910 505
1500920 506
1500930 506
1500940 507
1500950 509
1500960 509
1500970 510
1500980 510
1500990 510
1501000 510
1501010 511
1501020 511
1501030 513
1501040 514
1501050 514
1501060 516
1501070 516
1501080 517
1501090 517
1501100 518
1501110 518
1501120 518
1501130 518
1501140 518
1501150 518
1501160 518
1501170 518
1501180 518
1501190 518
1501200 518
1501210 518
1501220 517
1501230 517
1501240 517
1501250 516
1501260 516
1501270 516
1501280 516
1501290 516
1501300 516
1501310 515
1501320 515
1501330 515
1501340 514
1501350 514
1501360 514
1501370 513
1501380 511
1501390 511
1501400 509
1501410 507
1501420 507
1501430 504
1501440 501
1501450 501
1501460 499
1501470 498
1501480 498
1501490 497
1501500 496
1501510 496
1501520 495
1501530 493
1501540 493
1501550 493
1501560 493
1501570 493
1501580 492
1501590 492
1501600 492
1501610 492
1501620 492
1501630 492
1501640 492
1501650 492
1501660 492
1501670 492
1501680 493
1501690 493
1501700 493
1501710 493
1501720 493
1501730 493
1501740 493
1501750 493
1501760 494
1501770 497
1501780 497
1501790 502
1501800 506
1501810 506
1501820 510
1501830 512
1501840 512
1501850 513
1501860 514
1501870 514
1501880 515
1501890 516
1501900 516
1501910 517
1501920 518
1501930 518
1501940 519
1501950 520
1501960 520
1501970 520
1501980 521
1501990 521
1502000 522
1502010 523
1502020 524
1502030 524
1502040 525
1502050 525
1502060 525
1502070 525
1502080 525
1502090 525
1502100 525
1502110 525
1502120 525
1502130 524
1502140 524
1502150 524
1502160 524
1502170 524
1502180 524
1502190 524
1502200 524
1502210 524
1502220 523
1502230 523
1502240 523
1502250 523
1502260 523
1502270 523
1502280 523
1502290 523
1502300 523
1502310 523
1502320 524
1502330 524
1502340 524
1502350 524
1502360 524
1502370 524
1502380 525
1502390 525
1502400 525
1502410 525
1502420 525
1502430 525
1502440 525
1502450 525
1502460 526
1502470 526
1502480 526
1502490 526
1502500 526
1502510 526
1502520 527
1502530 527
1502540 527
1502550 527
1502560 527
1502570 527
1502580 527
1502590 527
1502600 527
1502610 527
1502620 527
1502630 527
1502640 527
1502650 527
1502660 527
1502670 527
1502680 527
1502690 527
1502700 527
1502710 527
1502720 527
1502730 527
1502740 526
1502750 526
1502760 526
1502770 526
1502780 526
1502790 526
1502800 525
1502810 525
1502820 525
1502830 525
1502840 525
1502850 525
1502860 525
1502870 525
1502880 525
1502890 525
1502900 525
1502910 525
1502920 525
1502930 525
1502940 525
1502950 526
1502960 526
1502970 526
1502980 526
1502990 526
1503000 526
1503010 527
1503020 527
1503030 527
1503040 528
1503050 528
1503060 528
1503070 528
1503080 529
1503090 529
1503100 529
1503110 529
1503120 529
1503130 530
1503140 530
1503150 530
1503160 530
1503170 530
1503180 530
1503190 530
1503200 531
1503210 531
1503220 531
1503230 531
1503240 531
1503250 531
1503260 532
1503270 532
1503280 532
1503290 532
1503300 532
1503310 532
1503320 532
1503330 532
1503340 532
1503350 532
1503360 532
1503370 532
1503380 532
1503390 532
1503400 532
1503410 532
1503420 532
1503430 532
1503440 532
1503450 532
1503460 532
1503470 532
1503480 532
1503490 532
1503500 532
1503510 532
1503520 532
1503530 532
1503540 532
1503550 531
1503560 530
1503570 530
1503580 530
1503590 529
1503600 529
1503610 528
1503620 526
1503630 526
1503640 526
1503650 525
1503660 525
1503670 524
1503680 524
1503690 524
1503700 524
1503710 523
1503720 523
1503730 523
1503740 523
1503750 523
1503760 523
1503770 523
1503780 523
1503790 523
1503800 523
1503810 523
1503820 523
1503830 522
1503840 522
1503850 522
1503860 522
1503870 522
1503880 522
1503890 522
1503900 521
1503910 521
1503920 521
1503930 520
1503940 520
1503950 520
1503960 519
1503970 519
1503980 519
1503990 519
1504000 519
1504010 518
1504020 518
1504030 518
1504040 518
1504050 518
1504060 518
1504070 517
1504080 517
1504090 517
1504100 516
1504110 516
1504120 516
1504130 516
1504140 516
1504150 516
1504160 516
1504170 515
1504180 515
1504190 515
1504200 515
1504210 515
1504220 515
1504230 514
1504240 514
1504250 514
1504260 513
1504270 513
1504280 513
1504290 513
1504300 513
1504310 513
1504320 512
1504330 512
1504340 512
1504350 512
1504360 512
1504370 512
1504380 512
1504390 512
1504400 512
1504410 512
1504420 512
1504430 512
1504440 512
1504450 512
1504460 512
1504470 512
1504480 512
1504490 512
1504500 512
1504510 512
1504520 513
1504530 513
1504540 513
1504550 512
1504560 513
1504570 513
1504580 514
1504590 515
1504600 515
1504610 515
1504620 515
1504630 515
1504640 516
1504650 516
1504660 516
1504670 516
1504680 516
1504690 516
1504700 517
1504710 517
1504720 517
1504730 517
1504740 517
1504750 517
1504760 517
1504770 517
1504780 517
1504790 517
1504800 517
1504810 517
1504820 517
1504830 517
1504840 517
1504850 517
1504860 517
1504870 517
1504880 517
1504890 517
1504900 517
1504910 517
1504920 517
1504930 516
1504940 516
1504950 516
1504960 516
1504970 516
1504980 516
1504990 516
1505000 516
1505010 515
1505020 515
1505030 515
1505040 515
1505050 514
1505060 514
1505070 514
1505080 514
1505090 514
1505100 514
1505110 513
1505120 513
1505130 513
1505140 513
1505150 513
1505160 512
1505170 511
1505180 511
1505190 510
1505200 509
1505210 509
1505220 508
1505230 509
1505240 509
1505250 512
1505260 513
1505270 513
1505280 513
1505290 513
1505300 513
1505310 513
1505320 513
1505330 513
1505340 513
1505350 513
1505360 513
1505370 512
1505380 512
1505390 512
1505400 511
1505410 511
1505420 511
1505430 511
1505440 510
1505450 510
1505460 509
1505470 508
1505480 508
1505490 507
1505500 507
1505510 507
1505520 508
1505530 509
1505540 509
1505550 509
1505560 510
1505570 510
1505580 510
1505590 511
1505600 511
1505610 512
1505620 512
1505630 512
1505640 513
1505650 513
1505660 513
1505670 514
1505680 514
1505690 514
1505700 514
1505710 514
1505720 514
1505730 514
1505740 514
1505750 514
1505760 514
1505770 514
1505780 514
1505790 514
1505800 514
1505810 514
1505820 514
1505830 514
1505840 514
1505850 514
1505860 514
1505870 514
1505880 514
1505890 513
1505900 513
1505910 513
1505920 513
1505930 513
1505940 513
1505950 512
1505960 512
1505970 512
1505980 512
1505990 512
1506000 512
1506010 511
1506020 511
1506030 511
1506040 510
1506050 509
1506060 509
1506070 509
1506080 508
1506090 508
1506100 507
1506110 505
1506120 505
1506130 504
1506140 504
1506150 504
1506160 505
1506170 506
1506180 506
1506190 507
1506200 508
1506210 508
1506220 508
1506230 509
1506240 509
1506250 509
1506260 509
1506270 509
1506280 509
1506290 509
1506300 509
1506310 509
1506320 509
1506330 509
1506340 509
1506350 509
1506360 509
1506370 509
1506380 509
1506390 509
1506400 509
1506410 509
1506420 509
1506430 509
1506440 509
1506450 509
1506460 509
1506470 508
1506480 508
1506490 508
1506500 508
1506510 508
1506520 508
1506530 507
1506540 507
1506550 507
1506560 507
1506570 507
1506580 506
1506590 506
1506600 506
1506610 505
1506620 505
1506630 505
1506640 504
1506650 504
1506660 504
1506670 503
1506680 503
1506690 503
1506700 503
1506710 502
1506720 502
1506730 502
1506740 501
1506750 501
1506760 501
1506770 500
1506780 500
1506790 500
1506800 500
1506810 499
1506820 499
1506830 498
1506840 498
1506850 498
1506860 497
1506870 497
1506880 497
1506890 496
1506900 494
1506910 494
1506920 492
1506930 489
1506940 489
1506950 486
1506960 485
1506970 485
1506980 484
1506990 484
1507000 484
1507010 484
1507020 484
1507030 484
1507040 484
1507050 484
1507060 484
1507070 484
1507080 484
1507090 484
1507100 484
1507110 484
1507120 484
1507130 483
1507140 483
1507150 483
1507160 483
1507170 483
1507180 483
1507190 483
1507200 483
1507210 483
1507220 483
1507230 483
1507240 483
1507250 483
1507260 483
1507270 483
1507280 483
1507290 483
1507300 483
1507310 483
1507320 483
1507330 483
1507340 483
1507350 483
1507360 483
1507370 483
1507380 483
1507390 483
1507400 483
1507410 483
1507420 483
1507430 483
1507440 482
1507450 482
1507460 482
1507470 482
1507480 482
1507490 482
1507500 482
1507510 482
1507520 482
1507530 482
1507540 482
1507550 482
1507560 481
1507570 481
1507580 481
1507590 481
1507600 481
1507610 481
1507620 481
1507630 481
1507640 481
1507650 481
1507660 481
1507670 481
1507680 481
1507690 481
1507700 481
1507710 481
1507720 481
1507730 481
1507740 481
1507750 481
1507760 481
1507770 480
1507780 480
1507790 480
1507800 480
1507810 479
1507820 479
1507830 479
1507840 480
1507850 480
1507860 480
1507870 480
1507880 480
1507890 480
1507900 480
1507910 480
1507920 479
1507930 478
1507940 478
1507950 477
1507960 478
1507970 478
1507980 479
1507990 478
1508000 478
1508010 477
1508020 477
1508030 477
1508040 478
1508050 479
1508060 479
1508070 479
1508080 479
1508090 479
1508100 480
1508110 480
1508120 480
1508130 479
1508140 479
1508150 479
1508160 479
1508170 479
1508180 479
1508190 479
1508200 479
1508210 479
1508220 479
1508230 479
1508240 479
1508250 479
1508260 479
1508270 479
1508280 478
1508290 478
1508300 478
1508310 478
1508320 478
1508330 478
1508340 478
1508350 478
1508360 478
1508370 478
1508380 478
1508390 478
1508400 478
1508410 478
1508420 478
1508430 478
1508440 478
1508450 478
1508460 477
1508470 477
1508480 477
1508490 477
1508500 477
1508510 477
1508520 477
1508530 477
1508540 477
1508550 477
1508560 477
1508570 477
1508580 477
1508590 477
1508600 477
1508610 477
1508620 476
1508630 476
1508640 476
1508650 476
1508660 476
1508670 476
1508680 476
1508690 476
1508700 476
1508710 476
1508720 476
1508730 476
1508740 476
1508750 476
1508760 476
1508770 475
1508780 475
1508790 475
1508800 475
1508810 475
1508820 475
1508830 475
1508840 475
1508850 475
1508860 475
1508870 475
1508880 475
1508890 475
1508900 475
1508910 475
1508920 475
1508930 475
1508940 475
1508950 475
1508960 475
1508970 475
1508980 475
1508990 474
1509000 474
1509010 474
1509020 474
1509030 474
1509040 475
1509050 475
1509060 475
1509070 475
1509080 475
1509090 475
1509100 475
1509110 475
1509120 475
1509130 475
1509140 475
1509150 475
1509160 475
1509170 475
1509180 475
1509190 475
1509200 475
1509210 475
1509220 475
1509230 474
1509240 474
1509250 474
1509260 474
1509270 474
1509280 474
1509290 474
1509300 474
1509310 474
1509320 474
1509330 474
1509340 473
1509350 473
1509360 473
1509370 473
1509380 473
1509390 473
1509400 473
1509410 473
1509420 473
1509430 473
1509440 473
1509450 473
1509460 473
1509470 474
1509480 474
1509490 474
1509500 474
1509510 474
1509520 474
1509530 474
1509540 474
1509550 474
1509560 474
1509570 474
1509580 474
1509590 474
1509600 474
1509610 474
1509620 474
1509630 474
1509640 474
1509650 474
1509660 473
1509670 473
1509680 473
1509690 473
1509700 473
1509710 473
1509720 473
1509730 473
1509740 473
1509750 473
1509760 473
1509770 473
1509780 473
1509790 473
1509800 473
1509810 473
1509820 473
1509830 473
1509840 473
1509850 473
1509860 473
1509870 473
1509880 473
1509890 473
1509900 473
1509910 473
1509920 473
1509930 473
1509940 473
1509950 473
1509960 473
1509970 473
1509980 473
1509990 473
1510000 473
1510010 473
1510020 473
1510030 473
1510040 473
1510050 472
1510060 472
1510070 472
1510080 472
1510090 472
1510100 472
1510110 472
1510120 472
1510130 472
1510140 472
1510150 472
1510160 472
1510170 472
1510180 472
1510190 472
1510200 472
1510210 472
1510220 472
1510230 472
1510240 472
1510250 471
1510260 471
1510270 471
1510280 471
1510290 471
1510300 471
1510310 471
1510320 471
1510330 471
1510340 471
1510350 471
1510360 471
1510370 471
1510380 471
1510390 471
1510400 471
1510410 471
1510420 471
1510430 471
1510440 471
1510450 471
1510460 471
1510470 471
1510480 471
1510490 471
1510500 471
1510510 471
1510520 471
1510530 470
1510540 470
1510550 470
1510560 470
1510570 470
1510580 470
1510590 470
1510600 470
1510610 470
1510620 470
1510630 470
1510640 470
1510650 470
1510660 470
1510670 470
1510680 470
1510690 470
1510700 470
1510710 470
1510720 470
1510730 470
1510740 470
1510750 470
1510760 470
1510770 469
1510780 469
1510790 469
1510800 469
1510810 469
1510820 469
1510830 469
1510840 469
1510850 469
1510860 469
1510870 469
1510880 469
1510890 469
1510900 469
1510910 469
1510920 469
1510930 469
1510940 469
1510950 470
1510960 472
1510970 472
1510980 473
1510990 474
1511000 474
1511010 476
1511020 477
1511030 477
1511040 478
1511050 479
1511060 479
1511070 479
1511080 478
1511090 478
1511100 476
1511110 474
1511120 474
1511130 472
1511140 472
1511150 472
1511160 472
1511170 472
1511180 472
1511190 472
1511200 471
1511210 471
1511220 471
1511230 470
1511240 470
1511250 470
1511260 470
1511270 470
1511280 470
1511290 471
1511300 471
1511310 471
1511320 473
1511330 473
1511340 474
1511350 475
1511360 476
1511370 476
1511380 477
1511390 477
1511400 477
1511410 478
1511420 479
1511430 480
1511440 481
1511450 481
1511460 481
1511470 482
1511480 483
1511490 483
1511500 484
1511510 485
1511520 485
1511530 485
1511540 486
1511550 486
1511560 486
1511570 487
1511580 487
1511590 487
1511600 488
1511610 488
1511620 488
1511630 489
1511640 489
1511650 490
1511660 490
1511670 490
1511680 491
1511690 492
1511700 492
1511710 492
1511720 493
1511730 493
1511740 494
1511750 494
1511760 494
1511770 495
1511780 496
1511790 496
1511800 498
1511810 499
1511820 499
1511830 501
1511840 502
1511850 502
1511860 504
1511870 505
1511880 505
1511890 507
1511900 508
1511910 508
1511920 510
1511930 511
1511940 511
1511950 512
1511960 512
1511970 512
1511980 513
1511990 513
1512000 513
1512010 514
1512020 514
1512030 514
1512040 514
1512050 514
1512060 514
1512070 514
1512080 514
1512090 514
1512100 514
1512110 514
1512120 514
1512130 514
1512140 514
1512150 514
1512160 514
1512170 514
1512180 514
1512190 514
1512200 514
1512210 514
1512220 515
1512230 519
1512240 519
1512250 520
1512260 516
1512270 516
1512280 513
1512290 513
1512300 513
1512310 513
1512320 513
1512330 512
1512340 512
1512350 512
1512360 512
1512370 512
1512380 512
1512390 512
1512400 512
1512410 512
1512420 512
1512430 512
1512440 512
1512450 512
1512460 512
1512470 512
1512480 512
1512490 512
1512500 511
1512510 511
1512520 511
1512530 511
1512540 510
1512550 510
1512560 510
1512570 509
1512580 509
1512590 508
1512600 507
1512610 507
1512620 507
1512630 506
1512640 506
1512650 505
1512660 504
1512670 504
1512680 502
1512690 501
1512700 501
1512710 501
1512720 499
1512730 499
1512740 495
1512750 491
1512760 491
1512770 487
1512780 484
1512790 484
1512800 482
1512810 480
1512820 480
1512830 479
1512840 478
1512850 478
1512860 478
1512870 478
1512880 478
1512890 479
1512900 480
1512910 480
1512920 481
1512930 482
1512940 482
1512950 483
1512960 483
1512970 483
1512980 484
1512990 484
1513000 484
1513010 482
1513020 477
1513030 477
1513040 473
1513050 472
1513060 472
1513070 470
1513080 469
1513090 469
1513100 469
1513110 469
1513120 469
1513130 470
1513140 475
1513150 475
1513160 477
1513170 475
1513180 475
1513190 475
1513200 476
1513210 476
1513220 477
1513230 479
1513240 479
1513250 479
1513260 478
1513270 478
1513280 478
1513290 477
1513300 477
1513310 477
1513320 476
1513330 476
1513340 476
1513350 476
1513360 475
1513370 475
1513380 475
1513390 475
1513400 475
1513410 474
1513420 474
1513430 474
1513440 474
1513450 473
1513460 473
1513470 473
1513480 473
1513490 473
1513500 472
1513510 471
1513520 471
1513530 467
1513540 464
1513550 464
1513560 461
1513570 459
1513580 459
1513590 458
1513600 457
1513610 457
1513620 458
1513630 458
1513640 458
1513650 458
1513660 458
1513670 458
1513680 458
1513690 458
1513700 458
1513710 458
1513720 458
1513730 458
1513740 458
1513750 457
1513760 457
1513770 457
1513780 457
1513790 457
1513800 457
1513810 457
1513820 457
1513830 458
1513840 457
1513850 457
1513860 457
1513870 457
1513880 457
1513890 457
1513900 456
1513910 456
1513920 456
1513930 456
1513940 456
1513950 456
1513960 456
1513970 456
1513980 456
1513990 456
1514000 456
1514010 456
1514020 456
1514030 456
1514040 456
1514050 456
1514060 456
1514070 456
1514080 456
1514090 456
1514100 456
1514110 456
1514120 456
1514130 455
1514140 456
1514150 456
1514160 456
1514170 456
1514180 456
1514190 456
1514200 455
1514210 455
1514220 455
1514230 455
1514240 455
1514250 455
1514260 455
1514270 455
1514280 455
1514290 455
1514300 455
1514310 455
1514320 454
1514330 454
1514340 454
1514350 454
1514360 454
1514370 454
1514380 455
1514390 455
1514400 455
1514410 455
1514420 455
1514430 455
1514440 454
1514450 454
1514460 454
1514470 454
1514480 454
1514490 454
1514500 454
1514510 453
1514520 453
1514530 453
1514540 453
1514550 453
1514560 452
1514570 452
1514580 452
1514590 453
1514600 453
1514610 453
1514620 453
1514630 453
1514640 453
1514650 453
1514660 453
1514670 453
1514680 453
1514690 451
1514700 451
1514710 449
1514720 450
1514730 450
1514740 450
1514750 450
1514760 450
1514770 451
1514780 455
1514790 455
1514800 458
1514810 459
1514820 459
1514830 459
1514840 459
1514850 459
1514860 459
1514870 460
1514880 460
1514890 460
1514900 460
1514910 460
1514920 460
1514930 460
1514940 460
1514950 460
1514960 460
1514970 460
1514980 460
1514990 460
1515000 460
1515010 460
1515020 460
1515030 460
1515040 460
1515050 459
1515060 459
1515070 459
1515080 459
1515090 459
1515100 459
1515110 459
1515120 459
1515130 459
1515140 459
1515150 459
1515160 459
1515170 459
1515180 459
1515190 459
1515200 459
1515210 459
1515220 459
1515230 459
1515240 459
1515250 459
1515260 459
1515270 459
1515280 459
1515290 459
1515300 459
1515310 459
1515320 459
1515330 459
1515340 459
1515350 459
1515360 459
1515370 459
1515380 459
1515390 459
1515400 459
1515410 458
1515420 456
1515430 456
1515440 454
1515450 456
1515460 456
1515470 459
1515480 459
1515490 459
1515500 459
1515510 458
1515520 458
1515530 456
1515540 455
1515550 455
1515560 454
1515570 454
1515580 454
1515590 455
1515600 457
1515610 457
1515620 458
1515630 459
1515640 459
1515650 459
1515660 459
1515670 459
1515680 459
1515690 458
1515700 458
1515710 457
1515720 455
1515730 455
1515740 455
1515750 455
1515760 455
1515770 455
1515780 455
1515790 455
1515800 454
1515810 454
1515820 454
1515830 454
1515840 453
1515850 453
1515860 453
1515870 453
1515880 453
1515890 453
1515900 453
1515910 453
1515920 453
1515930 453
1515940 453
1515950 453
1515960 453
1515970 453
1515980 453
1515990 452
1516000 452
1516010 453
1516020 453
1516030 453
1516040 453
1516050 453
1516060 453
1516070 453
1516080 453
1516090 453
1516100 453
1516110 453
1516120 453
1516130 453
1516140 452
1516150 451
1516160 451
1516170 451
1516180 450
1516190 450
1516200 450
1516210 450
1516220 450
1516230 450
1516240 450
1516250 450
1516260 450
1516270 449
1516280 449
1516290 449
1516300 449
1516310 449
1516320 448
1516330 445
1516340 445
1516350 443
1516360 444
1516370 444
1516380 444
1516390 445
1516400 445
1516410 445
1516420 445
1516430 445
1516440 445
1516450 445
1516460 445
1516470 446
1516480 447
1516490 447
1516500 447
1516510 447
1516520 447
1516530 449
1516540 452
1516550 452
1516560 453
1516570 453
1516580 453
1516590 453
1516600 453
1516610 453
1516620 453
1516630 452
1516640 452
1516650 452
1516660 452
1516670 452
1516680 452
1516690 452
1516700 452
1516710 452
1516720 452
1516730 452
1516740 452
1516750 452
1516760 452
1516770 452
1516780 452
1516790 452
1516800 452
1516810 452
1516820 452
1516830 452
1516840 452
1516850 452
1516860 452
1516870 451
1516880 451
1516890 451
1516900 451
1516910 451
1516920 451
1516930 451
1516940 451
1516950 451
1516960 451
1516970 451
1516980 451
1516990 451
1517000 451
1517010 451
1517020 451
1517030 451
1517040 451
1517050 451
1517060 451
1517070 451
1517080 451
1517090 451
1517100 451
1517110 451
1517120 451
1517130 451
1517140 451
1517150 451
1517160 451
1517170 451
1517180 451
1517190 451
1517200 451
1517210 450
1517220 450
1517230 450
1517240 449
1517250 449
1517260 447
1517270 446
1517280 446
1517290 446
1517300 445
1517310 445
1517320 445
1517330 445
1517340 445
1517350 445
1517360 445
1517370 445
1517380 445
1517390 444
1517400 444
1517410 442
1517420 441
1517430 441
1517440 439
1517450 438
1517460 438
1517470 438
1517480 438
1517490 438
1517500 438
1517510 438
1517520 438
1517530 438
1517540 438
1517550 438
1517560 438
1517570 437
1517580 437
1517590 437
1517600 437
1517610 437
1517620 437
1517630 437
1517640 437
1517650 437
1517660 437
1517670 437
1517680 436
1517690 436
1517700 436
1517710 437
1517720 438
1517730 438
1517740 438
1517750 438
1517760 438
1517770 438
1517780 438
1517790 438
1517800 438
1517810 437
1517820 437
1517830 437
1517840 437
1517850 437
1517860 438
1517870 438
1517880 438
1517890 438
1517900 438
1517910 438
1517920 438
1517930 438
1517940 437
1517950 437
1517960 437
1517970 436
1517980 436
1517990 436
1518000 436
1518010 436
1518020 436
1518030 436
1518040 436
1518050 436
1518060 436
1518070 436
1518080 436
1518090 436
1518100 436
1518110 437
1518120 437
1518130 437
1518140 437
1518150 437
1518160 437
1518170 438
1518180 439
1518190 439
1518200 440
1518210 440
1518220 440
1518230 440
1518240 440
1518250 440
1518260 440
1518270 440
1518280 440
1518290 439
1518300 439
1518310 439
1518320 439
1518330 439
1518340 439
1518350 438
1518360 437
1518370 437
1518380 437
1518390 437
1518400 437
1518410 436
1518420 436
1518430 436
1518440 436
1518450 436
1518460 436
1518470 436
1518480 436
1518490 436
1518500 436
1518510 436
1518520 436
1518530 436
1518540 436
1518550 436
1518560 436
1518570 436
1518580 436
1518590 436
1518600 435
1518610 435
1518620 435
1518630 435
1518640 435
1518650 435
1518660 434
1518670 434
1518680 434
1518690 434
1518700 434
1518710 434
1518720 434
1518730 434
1518740 434
1518750 435
1518760 435
1518770 435
1518780 436
1518790 436
1518800 436
1518810 436
1518820 436
1518830 436
1518840 435
1518850 435
1518860 435
1518870 435
1518880 435
1518890 435
1518900 435
1518910 435
1518920 435
1518930 435
1518940 435
1518950 435
1518960 434
1518970 434
1518980 434
1518990 434
1519000 434
1519010 434
1519020 434
1519030 434
1519040 434
1519050 434
1519060 434
1519070 434
1519080 434
1519090 433
1519100 433
1519110 433
1519120 433
1519130 433
1519140 433
1519150 432
1519160 432
1519170 432
1519180 433
1519190 433
1519200 433
1519210 434
1519220 434
1519230 434
1519240 435
1519250 435
1519260 435
1519270 434
1519280 434
1519290 433
1519300 433
1519310 433
1519320 433
1519330 433
1519340 433
1519350 434
1519360 434
1519370 434
1519380 433
1519390 431
1519400 431
1519410 430
1519420 430
1519430 430
1519440 430
1519450 429
1519460 429
1519470 429
1519480 429
1519490 429
1519500 429
1519510 429
1519520 429
1519530 429
1519540 429
1519550 429
1519560 428
1519570 428
1519580 428
1519590 428
1519600 428
1519610 428
1519620 428
1519630 428
1519640 428
1519650 429
1519660 428
1519670 428
1519680 427
1519690 427
1519700 427
1519710 427
1519720 427
1519730 427
1519740 427
1519750 427
1519760 427
1519770 427
1519780 427
1519790 427
1519800 427
1519810 427
1519820 426
1519830 426
1519840 426
1519850 426
1519860 426
1519870 426
1519880 427
1519890 427
1519900 427
1519910 426
1519920 426
1519930 426
1519940 426
1519950 426
1519960 425
1519970 425
1519980 425
1519990 425
