1500000 490
1500010 490
1500020 490
1500030 489
1500040 489
1500050 489
1500060 489
1500070 489
1500080 489
1500090 489
1500100 489
1500110 489
1500120 489
1500130 490
1500140 490
1500150 489
1500160 489
1500170 489
1500180 489
1500190 488
1500200 488
1500210 488
1500220 487
1500230 487
1500240 487
1500250 486
1500260 486
1500270 486
1500280 486
1500290 486
1500300 487
1500310 489
1500320 489
1500330 489
1500340 489
1500350 489
1500360 489
1500370 489
1500380 489
1500390 489
1500400 490
1500410 489
1500420 489
1500430 489
1500440 488
1500450 488
1500460 488
1500470 488
1500480 488
1500490 488
1500500 488
1500510 488
1500520 488
1500530 489
1500540 489
1500550 489
1500560 488
1500570 488
1500580 488
1500590 489
1500600 489
1500610 488
1500620 488
1500630 488
1500640 488
1500650 488
1500660 488
1500670 488
1500680 488
1500690 488
1500700 488
1500710 488
1500720 488
1500730 488
1500740 487
1500750 487
1500760 487
1500770 487
1500780 487
1500790 487
1500800 487
1500810 487
1500820 487
1500830 487
1500840 487
1500850 487
1500860 487
1500870 487
1500880 487
1500890 487
1500900 487
1500910 487
1500920 487
1500930 487
1500940 487
1500950 487
1500960 487
1500970 487
1500980 487
1500990 487
1501000 487
1501010 487
1501020 487
1501030 487
1501040 487
1501050 487
1501060 487
1501070 486
1501080 486
1501090 486
1501100 486
1501110 486
1501120 486
1501130 486
1501140 486
1501150 486
1501160 486
1501170 486
1501180 486
1501190 486
1501200 486
1501210 486
1501220 486
1501230 486
1501240 486
1501250 486
1501260 486
1501270 486
1501280 486
1501290 486
1501300 486
1501310 486
1501320 486
1501330 486
1501340 486
1501350 486
1501360 486
1501370 485
1501380 485
1501390 485
1501400 485
1501410 485
1501420 485
1501430 485
1501440 485
1501450 485
1501460 485
1501470 485
1501480 485
1501490 485
1501500 485
1501510 485
1501520 485
1501530 485
1501540 485
1501550 485
1501560 485
1501570 485
1501580 485
1501590 485
1501600 485
1501610 485
1501620 485
1501630 485
1501640 485
1501650 485
1501660 485
1501670 485
1501680 485
1501690 485
1501700 485
1501710 485
1501720 485
1501730 485
1501740 485
1501750 485
1501760 485
1501770 485
1501780 485
1501790 485
1501800 485
1501810 485
1501820 485
1501830 485
1501840 485
1501850 485
1501860 485
1501870 485
1501880 485
1501890 485
1501900 485
1501910 485
1501920 484
1501930 484
1501940 485
1501950 485
1501960 485
1501970 486
1501980 486
1501990 486
1502000 486
1502010 486
1502020 486
1502030 486
1502040 486
1502050 486
1502060 486
1502070 486
1502080 486
1502090 485
1502100 485
1502110 485
1502120 486
1502130 487
1502140 487
1502150 487
1502160 486
1502170 486
1502180 487
1502190 490
1502200 490
1502210 491
1502220 493
1502230 493
1502240 496
1502250 496
1502260 496
1502270 498
1502280 499
1502290 499
1502300 500
1502310 502
1502320 504
1502330 504
1502340 506
1502350 507
1502360 507
1502370 509
1502380 510
1502390 510
1502400 512
1502410 513
1502420 513
1502430 515
1502440 516
1502450 516
1502460 517
1502470 519
1502480 519
1502490 522
1502500 524
1502510 524
1502520 525
1502530 526
1502540 526
1502550 527
1502560 528
1502570 528
1502580 529
1502590 530
1502600 530
1502610 531
1502620 532
1502630 532
1502640 533
1502650 534
1502660 534
1502670 535
1502680 535
1502690 535
1502700 535
1502710 535
1502720 535
1502730 536
1502740 536
1502750 536
1502760 536
1502770 537
1502780 537
1502790 537
1502800 537
1502810 537
1502820 537
1502830 537
1502840 537
1502850 538
1502860 538
1502870 538
1502880 538
1502890 538
1502900 538
1502910 538
1502920 538
1502930 538
1502940 538
1502950 538
1502960 538
1502970 538
1502980 538
1502990 538
1503000 538
1503010 538
1503020 538
1503030 537
1503040 537
1503050 537
1503060 537
1503070 537
1503080 537
1503090 536
1503100 536
1503110 536
1503120 536
1503130 536
1503140 536
1503150 535
1503160 535
1503170 535
1503180 535
1503190 534
1503200 534
1503210 534
1503220 534
1503230 534
1503240 534
1503250 534
1503260 534
1503270 534
1503280 534
1503290 534
1503300 534
1503310 534
1503320 533
1503330 533
1503340 533
1503350 533
1503360 533
1503370 533
1503380 533
1503390 533
1503400 533
1503410 533
1503420 533
1503430 533
1503440 533
1503450 533
1503460 532
1503470 532
1503480 532
1503490 533
1503500 533
1503510 533
1503520 533
1503530 533
1503540 533
1503550 533
1503560 533
1503570 533
1503580 533
1503590 533
1503600 533
1503610 533
1503620 533
1503630 533
1503640 533
1503650 533
1503660 533
1503670 533
1503680 533
1503690 533
1503700 533
1503710 533
1503720 533
1503730 533
1503740 533
1503750 533
1503760 533
1503770 532
1503780 532
1503790 532
1503800 531
1503810 531
1503820 531
1503830 530
1503840 530
1503850 530
1503860 529
1503870 529
1503880 529
1503890 528
1503900 528
1503910 528
1503920 527
1503930 527
1503940 526
1503950 525
1503960 525
1503970 523
1503980 522
1503990 522
1504000 521
1504010 520
1504020 520
1504030 520
1504040 520
1504050 520
1504060 519
1504070 519
1504080 519
1504090 519
1504100 519
1504110 519
1504120 519
1504130 518
1504140 518
1504150 519
1504160 519
1504170 519
1504180 519
1504190 519
1504200 519
1504210 519
1504220 520
1504230 520
1504240 520
1504250 520
1504260 520
1504270 520
1504280 521
1504290 521
1504300 521
1504310 522
1504320 522
1504330 522
1504340 522
1504350 523
1504360 523
1504370 525
1504380 525
1504390 525
1504400 525
1504410 525
1504420 525
1504430 525
1504440 526
1504450 526
1504460 526
1504470 526
1504480 526
1504490 527
1504500 527
1504510 527
1504520 527
1504530 527
1504540 527
1504550 528
1504560 528
1504570 528
1504580 528
1504590 529
1504600 529
1504610 529
1504620 530
1504630 530
1504640 530
1504650 531
1504660 531
1504670 531
1504680 532
1504690 532
1504700 532
1504710 533
1504720 533
1504730 533
1504740 533
1504750 533
1504760 534
1504770 534
1504780 534
1504790 534
1504800 535
1504810 535
1504820 535
1504830 536
1504840 536
1504850 536
1504860 536
1504870 536
1504880 536
1504890 537
1504900 537
1504910 537
1504920 537
1504930 537
1504940 537
1504950 537
1504960 537
1504970 537
1504980 538
1504990 538
1505000 538
1505010 538
1505020 538
1505030 538
1505040 538
1505050 538
1505060 538
1505070 538
1505080 538
1505090 538
1505100 538
1505110 538
1505120 538
1505130 537
1505140 537
1505150 537
1505160 537
1505170 537
1505180 537
1505190 536
1505200 535
1505210 535
1505220 534
1505230 534
1505240 534
1505250 534
1505260 534
1505270 534
1505280 534
1505290 534
1505300 534
1505310 534
1505320 534
1505330 534
1505340 534
1505350 534
1505360 534
1505370 534
1505380 534
1505390 534
1505400 534
1505410 534
1505420 534
1505430 534
1505440 534
1505450 534
1505460 534
1505470 533
1505480 533
1505490 533
1505500 533
1505510 533
1505520 533
1505530 533
1505540 533
1505550 533
1505560 533
1505570 533
1505580 533
1505590 532
1505600 532
1505610 532
1505620 532
1505630 532
1505640 531
1505650 531
1505660 531
1505670 531
1505680 530
1505690 530
1505700 530
1505710 530
1505720 530
1505730 529
1505740 529
1505750 529
1505760 529
1505770 529
1505780 529
1505790 528
1505800 528
1505810 528
1505820 528
1505830 527
1505840 527
1505850 527
1505860 526
1505870 526
1505880 526
1505890 526
1505900 526
1505910 526
1505920 525
1505930 525
1505940 525
1505950 525
1505960 525
1505970 524
1505980 524
1505990 524
1506000 524
1506010 524
1506020 524
1506030 524
1506040 524
1506050 524
1506060 523
1506070 523
1506080 523
1506090 522
1506100 522
1506110 522
1506120 522
1506130 522
1506140 521
1506150 521
1506160 521
1506170 522
1506180 522
1506190 522
1506200 522
1506210 522
1506220 521
1506230 521
1506240 521
1506250 521
1506260 521
1506270 521
1506280 521
1506290 521
1506300 521
1506310 521
1506320 521
1506330 521
1506340 520
1506350 520
1506360 520
1506370 520
1506380 520
1506390 520
1506400 520
1506410 519
1506420 519
1506430 519
1506440 519
1506450 519
1506460 519
1506470 519
1506480 519
1506490 519
1506500 518
1506510 518
1506520 518
1506530 517
1506540 517
1506550 517
1506560 517
1506570 517
1506580 517
1506590 517
1506600 517
1506610 516
1506620 516
1506630 516
1506640 515
1506650 515
1506660 515
1506670 514
1506680 514
1506690 514
1506700 514
1506710 513
1506720 513
1506730 513
1506740 513
1506750 513
1506760 513
1506770 513
1506780 513
1506790 513
1506800 513
1506810 513
1506820 513
1506830 513
1506840 513
1506850 513
1506860 514
1506870 514
1506880 513
1506890 513
1506900 513
1506910 513
1506920 514
1506930 514
1506940 514
1506950 513
1506960 513
1506970 514
1506980 514
1506990 514
1507000 514
1507010 514
1507020 514
1507030 514
1507040 514
1507050 514
1507060 514
1507070 514
1507080 514
1507090 514
1507100 514
1507110 513
1507120 513
1507130 513
1507140 513
1507150 513
1507160 513
1507170 512
1507180 512
1507190 512
1507200 511
1507210 511
1507220 511
1507230 511
1507240 511
1507250 511
1507260 511
1507270 511
1507280 511
1507290 511
1507300 511
1507310 512
1507320 512
1507330 512
1507340 512
1507350 512
1507360 512
1507370 512
1507380 512
1507390 512
1507400 512
1507410 512
1507420 512
1507430 512
1507440 512
1507450 512
1507460 512
1507470 512
1507480 512
1507490 512
1507500 511
1507510 511
1507520 511
1507530 511
1507540 511
1507550 511
1507560 511
1507570 511
1507580 511
1507590 511
1507600 511
1507610 511
1507620 511
1507630 511
1507640 511
1507650 511
1507660 511
1507670 510
1507680 510
1507690 510
1507700 510
1507710 510
1507720 510
1507730 510
1507740 510
1507750 510
1507760 510
1507770 510
1507780 510
1507790 510
1507800 510
1507810 510
1507820 510
1507830 510
1507840 510
1507850 510
1507860 510
1507870 510
1507880 510
1507890 510
1507900 510
1507910 510
1507920 510
1507930 510
1507940 509
1507950 507
1507960 507
1507970 508
1507980 508
1507990 508
1508000 508
1508010 507
1508020 507
1508030 507
1508040 507
1508050 505
1508060 505
1508070 504
1508080 504
1508090 504
1508100 504
1508110 503
1508120 503
1508130 503
1508140 503
1508150 503
1508160 503
1508170 503
1508180 503
1508190 503
1508200 504
1508210 504
1508220 504
1508230 504
1508240 504
1508250 504
1508260 504
1508270 504
1508280 504
1508290 504
1508300 504
1508310 504
1508320 504
1508330 504
1508340 504
1508350 504
1508360 504
1508370 504
1508380 504
1508390 504
1508400 504
1508410 504
1508420 504
1508430 504
1508440 504
1508450 504
1508460 504
1508470 504
1508480 504
1508490 504
1508500 504
1508510 504
1508520 504
1508530 503
1508540 503
1508550 503
1508560 503
1508570 503
1508580 502
1508590 502
1508600 502
1508610 502
1508620 502
1508630 502
1508640 502
1508650 502
1508660 502
1508670 501
1508680 501
1508690 501
1508700 501
1508710 501
1508720 501
1508730 501
1508740 501
1508750 501
1508760 500
1508770 500
1508780 500
1508790 500
1508800 500
1508810 500
1508820 500
1508830 500
1508840 500
1508850 500
1508860 499
1508870 499
1508880 499
1508890 499
1508900 499
1508910 499
1508920 499
1508930 499
1508940 499
1508950 499
1508960 499
1508970 499
1508980 499
1508990 499
1509000 499
1509010 499
1509020 499
1509030 499
1509040 499
1509050 499
1509060 499
1509070 499
1509080 498
1509090 498
1509100 498
1509110 498
1509120 498
1509130 498
1509140 498
1509150 498
1509160 497
1509170 497
1509180 497
1509190 497
1509200 496
1509210 496
1509220 496
1509230 495
1509240 495
1509250 495
1509260 495
1509270 495
1509280 495
1509290 495
1509300 495
1509310 495
1509320 495
1509330 495
1509340 496
1509350 496
1509360 496
1509370 496
1509380 496
1509390 496
1509400 497
1509410 497
1509420 497
1509430 497
1509440 497
1509450 497
1509460 497
1509470 497
1509480 497
1509490 497
1509500 497
1509510 497
1509520 497
1509530 497
1509540 497
1509550 497
1509560 497
1509570 497
1509580 497
1509590 497
1509600 497
1509610 497
1509620 497
1509630 497
1509640 497
1509650 498
1509660 498
1509670 498
1509680 498
1509690 498
1509700 498
1509710 498
1509720 498
1509730 498
1509740 498
1509750 498
1509760 497
1509770 497
1509780 497
1509790 497
1509800 497
1509810 497
1509820 497
1509830 497
1509840 497
1509850 497
1509860 496
1509870 496
1509880 496
1509890 496
1509900 496
1509910 496
1509920 496
1509930 496
1509940 496
1509950 496
1509960 496
1509970 496
1509980 496
1509990 495
1510000 495
1510010 495
1510020 496
1510030 496
1510040 496
1510050 496
1510060 496
1510070 496
1510080 496
1510090 496
1510100 496
1510110 497
1510120 497
1510130 497
1510140 497
1510150 497
1510160 497
1510170 497
1510180 497
1510190 498
1510200 498
1510210 498
1510220 498
1510230 498
1510240 498
1510250 499
1510260 499
1510270 499
1510280 498
1510290 499
1510300 499
1510310 499
1510320 499
1510330 499
1510340 499
1510350 499
1510360 499
1510370 498
1510380 498
1510390 498
1510400 498
1510410 498
1510420 498
1510430 498
1510440 497
1510450 497
1510460 497
1510470 497
1510480 497
1510490 496
1510500 496
1510510 496
1510520 495
1510530 494
1510540 494
1510550 494
1510560 493
1510570 493
1510580 493
1510590 493
1510600 493
1510610 492
1510620 492
1510630 492
1510640 492
1510650 491
1510660 491
1510670 491
1510680 491
1510690 491
1510700 491
1510710 491
1510720 491
1510730 492
1510740 492
1510750 492
1510760 492
1510770 492
1510780 492
1510790 492
1510800 493
1510810 493
1510820 493
1510830 493
1510840 493
1510850 493
1510860 494
1510870 494
1510880 495
1510890 495
1510900 496
1510910 496
1510920 496
1510930 497
1510940 497
1510950 498
1510960 499
1510970 499
1510980 500
1510990 501
1511000 501
1511010 502
1511020 503
1511030 503
1511040 503
1511050 504
1511060 504
1511070 504
1511080 504
1511090 504
1511100 505
1511110 505
1511120 505
1511130 506
1511140 506
1511150 506
1511160 506
1511170 507
1511180 507
1511190 507
1511200 507
1511210 507
1511220 508
1511230 508
1511240 508
1511250 509
1511260 509
1511270 509
1511280 509
1511290 510
1511300 510
1511310 510
1511320 511
1511330 511
1511340 512
1511350 512
1511360 512
1511370 512
1511380 513
1511390 513
1511400 513
1511410 513
1511420 513
1511430 513
1511440 513
1511450 513
1511460 513
1511470 513
1511480 513
1511490 513
1511500 514
1511510 514
1511520 514
1511530 515
1511540 515
1511550 515
1511560 515
1511570 515
1511580 516
1511590 516
1511600 516
1511610 516
1511620 516
1511630 516
1511640 516
1511650 517
1511660 517
1511670 517
1511680 518
1511690 518
1511700 518
1511710 518
1511720 518
1511730 518
1511740 518
1511750 518
1511760 518
1511770 519
1511780 519
1511790 519
1511800 519
1511810 519
1511820 519
1511830 518
1511840 518
1511850 518
1511860 518
1511870 518
1511880 518
1511890 518
1511900 518
1511910 518
1511920 518
1511930 518
1511940 518
1511950 518
1511960 518
1511970 518
1511980 518
1511990 518
1512000 518
1512010 518
1512020 519
1512030 519
1512040 519
1512050 519
1512060 519
1512070 518
1512080 518
1512090 518
1512100 518
1512110 518
1512120 518
1512130 518
1512140 518
1512150 518
1512160 518
1512170 518
1512180 518
1512190 518
1512200 518
1512210 518
1512220 518
1512230 518
1512240 518
1512250 518
1512260 518
1512270 518
1512280 518
1512290 518
1512300 518
1512310 519
1512320 519
1512330 519
1512340 519
1512350 519
1512360 519
1512370 519
1512380 519
1512390 519
1512400 519
1512410 519
1512420 519
1512430 518
1512440 518
1512450 518
1512460 518
1512470 518
1512480 518
1512490 517
1512500 517
1512510 517
1512520 517
1512530 516
1512540 516
1512550 516
1512560 515
1512570 515
1512580 515
1512590 514
1512600 514
1512610 513
1512620 512
1512630 512
1512640 511
1512650 510
1512660 510
1512670 508
1512680 504
1512690 504
1512700 501
1512710 498
1512720 498
1512730 495
1512740 493
1512750 493
1512760 491
1512770 489
1512780 489
1512790 488
1512800 487
1512810 486
1512820 486
1512830 485
1512840 484
1512850 484
1512860 483
1512870 482
1512880 482
1512890 481
1512900 480
1512910 480
1512920 479
1512930 478
1512940 478
1512950 477
1512960 476
1512970 476
1512980 476
1512990 475
1513000 475
1513010 474
1513020 473
1513030 473
1513040 473
1513050 472
1513060 472
1513070 471
1513080 470
1513090 470
1513100 469
1513110 468
1513120 468
1513130 467
1513140 466
1513150 466
1513160 466
1513170 466
1513180 466
1513190 467
1513200 466
1513210 466
1513220 465
1513230 462
1513240 462
1513250 459
1513260 457
1513270 457
1513280 457
1513290 456
1513300 456
1513310 456
1513320 456
1513330 456
1513340 456
1513350 456
1513360 456
1513370 456
1513380 456
1513390 456
1513400 456
1513410 457
1513420 457
1513430 456
1513440 456
1513450 456
1513460 456
1513470 456
1513480 456
1513490 456
1513500 456
1513510 456
1513520 456
1513530 456
1513540 456
1513550 456
1513560 456
1513570 456
1513580 456
1513590 456
1513600 456
1513610 456
1513620 456
1513630 456
1513640 456
1513650 456
1513660 456
1513670 456
1513680 456
1513690 456
1513700 456
1513710 456
1513720 456
1513730 456
1513740 456
1513750 456
1513760 456
1513770 456
1513780 456
1513790 456
1513800 457
1513810 457
1513820 457
1513830 457
1513840 457
1513850 457
1513860 457
1513870 457
1513880 457
1513890 457
1513900 457
1513910 457
1513920 457
1513930 457
1513940 457
1513950 457
1513960 457
1513970 457
1513980 456
1513990 457
1514000 457
1514010 457
1514020 457
1514030 457
1514040 457
1514050 457
1514060 457
1514070 457
1514080 457
1514090 457
1514100 457
1514110 456
1514120 456
1514130 456
1514140 456
1514150 456
1514160 456
1514170 456
1514180 456
1514190 456
1514200 456
1514210 456
1514220 456
1514230 456
1514240 456
1514250 456
1514260 456
1514270 456
1514280 456
1514290 456
1514300 456
1514310 456
1514320 456
1514330 456
1514340 456
1514350 456
1514360 456
1514370 456
1514380 456
1514390 456
1514400 456
1514410 455
1514420 455
1514430 455
1514440 455
1514450 455
1514460 455
1514470 455
1514480 455
1514490 455
1514500 456
1514510 456
1514520 455
1514530 455
1514540 455
1514550 455
1514560 455
1514570 455
1514580 455
1514590 454
1514600 454
1514610 454
1514620 454
1514630 454
1514640 454
1514650 454
1514660 454
1514670 453
1514680 453
1514690 453
1514700 452
1514710 452
1514720 451
1514730 451
1514740 450
1514750 449
1514760 449
1514770 449
1514780 449
1514790 449
1514800 449
1514810 449
1514820 449
1514830 448
1514840 448
1514850 448
1514860 448
1514870 448
1514880 448
1514890 448
1514900 448
1514910 448
1514920 447
1514930 446
1514940 446
1514950 446
1514960 447
1514970 447
1514980 448
1514990 448
1515000 448
1515010 448
1515020 448
1515030 448
1515040 448
1515050 448
1515060 448
1515070 448
1515080 448
1515090 448
1515100 448
1515110 448
1515120 448
1515130 449
1515140 450
1515150 450
1515160 451
1515170 455
1515180 455
1515190 456
1515200 457
1515210 457
1515220 456
1515230 456
1515240 456
1515250 456
1515260 456
1515270 456
1515280 457
1515290 457
1515300 457
1515310 457
1515320 457
1515330 457
1515340 456
1515350 456
1515360 456
1515370 456
1515380 456
1515390 456
1515400 456
1515410 456
1515420 456
1515430 456
1515440 456
1515450 456
1515460 456
1515470 455
1515480 455
1515490 455
1515500 455
1515510 455
1515520 455
1515530 456
1515540 456
1515550 456
1515560 456
1515570 456
1515580 456
1515590 456
1515600 456
1515610 456
1515620 456
1515630 456
1515640 456
1515650 456
1515660 456
1515670 456
1515680 456
1515690 456
1515700 456
1515710 456
1515720 456
1515730 456
1515740 456
1515750 456
1515760 456
1515770 456
1515780 456
1515790 456
1515800 456
1515810 456
1515820 456
1515830 456
1515840 456
1515850 456
1515860 456
1515870 456
1515880 456
1515890 456
1515900 456
1515910 456
1515920 456
1515930 456
1515940 456
1515950 456
1515960 456
1515970 456
1515980 456
1515990 456
1516000 456
1516010 456
1516020 457
1516030 457
1516040 457
1516050 457
1516060 457
1516070 456
1516080 456
1516090 456
1516100 456
1516110 456
1516120 456
1516130 456
1516140 456
1516150 456
1516160 456
1516170 456
1516180 456
1516190 456
1516200 456
1516210 456
1516220 456
1516230 457
1516240 457
1516250 456
1516260 456
1516270 456
1516280 456
1516290 456
1516300 456
1516310 456
1516320 456
1516330 456
1516340 456
1516350 455
1516360 455
1516370 455
1516380 455
1516390 455
1516400 454
1516410 454
1516420 454
1516430 452
1516440 452
1516450 452
1516460 451
1516470 450
1516480 450
1516490 450
1516500 448
1516510 448
1516520 448
1516530 448
1516540 448
1516550 448
1516560 448
1516570 448
1516580 448
1516590 448
1516600 448
1516610 448
1516620 448
1516630 448
1516640 448
1516650 448
1516660 448
1516670 448
1516680 449
1516690 449
1516700 449
1516710 448
1516720 447
1516730 447
1516740 444
1516750 442
1516760 442
1516770 442
1516780 442
1516790 442
1516800 442
1516810 443
1516820 443
1516830 443
1516840 442
1516850 442
1516860 442
1516870 442
1516880 442
1516890 442
1516900 442
1516910 442
1516920 442
1516930 442
1516940 442
1516950 442
1516960 441
1516970 441
1516980 442
1516990 442
1517000 442
1517010 441
1517020 441
1517030 441
1517040 440
1517050 440
1517060 440
1517070 441
1517080 444
1517090 444
1517100 446
1517110 448
1517120 448
1517130 448
1517140 448
1517150 448
1517160 448
1517170 448
1517180 448
1517190 448
1517200 448
1517210 448
1517220 448
1517230 448
1517240 448
1517250 448
1517260 448
1517270 448
1517280 448
1517290 448
1517300 448
1517310 448
1517320 447
1517330 447
1517340 447
1517350 447
1517360 447
1517370 447
1517380 447
1517390 447
1517400 447
1517410 447
1517420 447
1517430 448
1517440 448
1517450 448
1517460 448
1517470 448
1517480 448
1517490 448
1517500 448
1517510 448
1517520 448
1517530 448
1517540 448
1517550 448
1517560 448
1517570 448
1517580 449
1517590 450
1517600 451
1517610 451
1517620 452
1517630 453
1517640 453
1517650 453
1517660 453
1517670 453
1517680 453
1517690 453
1517700 453
1517710 453
1517720 453
1517730 453
1517740 453
1517750 453
1517760 453
1517770 453
1517780 453
1517790 453
1517800 453
1517810 453
1517820 453
1517830 453
1517840 453
1517850 453
1517860 453
1517870 453
1517880 453
1517890 453
1517900 453
1517910 453
1517920 452
1517930 452
1517940 452
1517950 452
1517960 452
1517970 452
1517980 452
1517990 452
1518000 452
1518010 452
1518020 452
1518030 452
1518040 452
1518050 452
1518060 452
1518070 452
1518080 452
1518090 452
1518100 452
1518110 452
1518120 452
1518130 451
1518140 451
1518150 451
1518160 451
1518170 451
1518180 451
1518190 451
1518200 451
1518210 451
1518220 451
1518230 451
1518240 451
1518250 451
1518260 451
1518270 451
1518280 450
1518290 450
1518300 450
1518310 450
1518320 450
1518330 450
1518340 451
1518350 451
1518360 451
1518370 451
1518380 451
1518390 451
1518400 451
1518410 451
1518420 451
1518430 451
1518440 451
1518450 451
1518460 451
1518470 451
1518480 451
1518490 451
1518500 451
1518510 451
1518520 450
1518530 450
1518540 450
1518550 450
1518560 450
1518570 450
1518580 450
1518590 450
1518600 450
1518610 450
1518620 450
1518630 450
1518640 450
1518650 450
1518660 450
1518670 450
1518680 450
1518690 450
1518700 450
1518710 450
1518720 449
1518730 449
1518740 449
1518750 449
1518760 449
1518770 449
1518780 449
1518790 449
1518800 449
1518810 449
1518820 449
1518830 449
1518840 449
1518850 449
1518860 449
1518870 449
1518880 449
1518890 449
1518900 449
1518910 449
1518920 448
1518930 448
1518940 448
1518950 448
1518960 448
1518970 448
1518980 448
1518990 448
1519000 448
1519010 448
1519020 448
1519030 448
1519040 448
1519050 448
1519060 448
1519070 447
1519080 447
1519090 447
1519100 447
1519110 447
1519120 447
1519130 447
1519140 447
1519150 447
1519160 447
1519170 447
1519180 447
1519190 447
1519200 447
1519210 447
1519220 447
1519230 447
1519240 447
1519250 447
1519260 447
1519270 447
1519280 447
1519290 447
1519300 447
1519310 447
1519320 447
1519330 447
1519340 446
1519350 446
1519360 446
1519370 446
1519380 446
1519390 446
1519400 446
1519410 446
1519420 446
1519430 446
1519440 446
1519450 446
1519460 446
1519470 446
1519480 446
1519490 446
1519500 446
1519510 446
1519520 446
1519530 446
1519540 446
1519550 446
1519560 446
1519570 446
1519580 446
1519590 446
1519600 446
1519610 446
1519620 446
1519630 446
1519640 446
1519650 446
1519660 446
1519670 446
1519680 445
1519690 445
1519700 445
1519710 445
1519720 445
1519730 445
1519740 445
1519750 445
1519760 445
1519770 445
1519780 445
1519790 445
1519800 444
1519810 444
1519820 444
1519830 442
1519840 440
1519850 440
1519860 438
1519870 438
1519880 438
1519890 437
1519900 437
1519910 437
1519920 437
1519930 437
1519940 437
1519950 436
1519960 436
1519970 436
1519980 436
1519990 436
