1500000 534
1500010 534
1500020 534
1500030 534
1500040 533
1500050 533
1500060 533
1500070 533
1500080 533
1500090 532
1500100 532
1500110 532
1500120 532
1500130 532
1500140 532
1500150 532
1500160 531
1500170 531
1500180 531
1500190 531
1500200 531
1500210 531
1500220 531
1500230 531
1500240 531
1500250 531
1500260 531
1500270 531
1500280 531
1500290 531
1500300 531
1500310 530
1500320 530
1500330 530
1500340 530
1500350 530
1500360 530
1500370 530
1500380 530
1500390 529
1500400 529
1500410 529
1500420 529
1500430 529
1500440 529
1500450 528
1500460 528
1500470 528
1500480 528
1500490 528
1500500 528
1500510 528
1500520 527
1500530 527
1500540 527
1500550 527
1500560 527
1500570 526
1500580 525
1500590 525
1500600 525
1500610 525
1500620 525
1500630 525
1500640 524
1500650 524
1500660 524
1500670 524
1500680 524
1500690 523
1500700 523
1500710 523
1500720 522
1500730 522
1500740 522
1500750 522
1500760 521
1500770 520
1500780 520
1500790 520
1500800 519
1500810 519
1500820 519
1500830 518
1500840 518
1500850 518
1500860 517
1500870 517
1500880 516
1500890 515
1500900 515
1500910 514
1500920 513
1500930 513
1500940 512
1500950 511
1500960 511
1500970 510
1500980 508
1500990 508
1501000 506
1501010 504
1501020 504
1501030 503
1501040 499
1501050 499
1501060 494
1501070 490
1501080 490
1501090 488
1501100 487
1501110 487
1501120 486
1501130 486
1501140 486
1501150 486
1501160 486
1501170 486
1501180 486
1501190 486
1501200 486
1501210 486
1501220 486
1501230 486
1501240 485
1501250 485
1501260 485
1501270 485
1501280 485
1501290 485
1501300 485
1501310 485
1501320 485
1501330 485
1501340 485
1501350 485
1501360 485
1501370 485
1501380 485
1501390 485
1501400 484
1501410 484
1501420 483
1501430 482
1501440 482
1501450 484
1501460 485
1501470 485
1501480 485
1501490 485
1501500 485
1501510 485
1501520 485
1501530 485
1501540 485
1501550 485
1501560 485
1501570 485
1501580 485
1501590 485
1501600 485
1501610 485
1501620 485
1501630 484
1501640 483
1501650 483
1501660 482
1501670 482
1501680 482
1501690 482
1501700 482
1501710 482
1501720 482
1501730 482
1501740 482
1501750 482
1501760 483
1501770 483
1501780 483
1501790 483
1501800 483
1501810 483
1501820 483
1501830 483
1501840 483
1501850 483
1501860 483
1501870 483
1501880 484
1501890 484
1501900 484
1501910 484
1501920 483
1501930 483
1501940 484
1501950 484
1501960 484
1501970 483
1501980 483
1501990 483
1502000 483
1502010 483
1502020 483
1502030 483
1502040 483
1502050 483
1502060 483
1502070 483
1502080 483
1502090 483
1502100 483
1502110 483
1502120 482
1502130 482
1502140 482
1502150 482
1502160 482
1502170 482
1502180 482
1502190 482
1502200 482
1502210 482
1502220 481
1502230 481
1502240 481
1502250 480
1502260 480
1502270 480
1502280 479
1502290 479
1502300 480
1502310 480
1502320 480
1502330 480
1502340 481
1502350 481
1502360 482
1502370 482
1502380 482
1502390 482
1502400 482
1502410 482
1502420 482
1502430 482
1502440 482
1502450 482
1502460 481
1502470 481
1502480 481
1502490 481
1502500 481
1502510 481
1502520 481
1502530 481
1502540 481
1502550 481
1502560 481
1502570 482
1502580 483
1502590 483
1502600 483
1502610 481
1502620 481
1502630 481
1502640 481
1502650 481
1502660 480
1502670 480
1502680 480
1502690 480
1502700 481
1502710 481
1502720 481
1502730 481
1502740 481
1502750 481
1502760 481
1502770 481
1502780 481
1502790 481
1502800 481
1502810 481
1502820 481
1502830 481
1502840 481
1502850 481
1502860 481
1502870 481
1502880 481
1502890 481
1502900 481
1502910 482
1502920 482
1502930 482
1502940 482
1502950 482
1502960 482
1502970 483
1502980 484
1502990 484
1503000 484
1503010 484
1503020 484
1503030 484
1503040 484
1503050 484
1503060 484
1503070 484
1503080 484
1503090 485
1503100 485
1503110 485
1503120 485
1503130 486
1503140 486
1503150 486
1503160 486
1503170 486
1503180 487
1503190 487
1503200 487
1503210 487
1503220 488
1503230 488
1503240 488
1503250 488
1503260 488
1503270 489
1503280 490
1503290 490
1503300 491
1503310 492
1503320 492
1503330 493
1503340 495
1503350 495
1503360 499
1503370 501
1503380 501
1503390 502
1503400 504
1503410 504
1503420 506
1503430 507
1503440 507
1503450 508
1503460 509
1503470 509
1503480 509
1503490 510
1503500 510
1503510 511
1503520 511
1503530 511
1503540 512
1503550 513
1503560 513
1503570 514
1503580 514
1503590 514
1503600 515
1503610 516
1503620 516
1503630 517
1503640 517
1503650 517
1503660 518
1503670 519
1503680 520
1503690 520
1503700 521
1503710 522
1503720 522
1503730 523
1503740 524
1503750 524
1503760 525
1503770 526
1503780 526
1503790 527
1503800 527
1503810 527
1503820 528
1503830 529
1503840 529
1503850 530
1503860 531
1503870 531
1503880 531
1503890 532
1503900 532
1503910 532
1503920 532
1503930 532
1503940 533
1503950 533
1503960 533
1503970 533
1503980 534
1503990 534
1504000 534
1504010 534
1504020 534
1504030 533
1504040 533
1504050 533
1504060 532
1504070 531
1504080 531
1504090 530
1504100 526
1504110 526
1504120 523
1504130 522
1504140 522
1504150 520
1504160 519
1504170 519
1504180 518
1504190 517
1504200 517
1504210 517
1504220 517
1504230 517
1504240 518
1504250 518
1504260 518
1504270 519
1504280 520
1504290 520
1504300 521
1504310 521
1504320 521
1504330 522
1504340 523
1504350 523
1504360 523
1504370 524
1504380 524
1504390 524
1504400 525
1504410 525
1504420 526
1504430 527
1504440 527
1504450 528
1504460 529
1504470 529
1504480 530
1504490 531
1504500 531
1504510 533
1504520 534
1504530 534
1504540 535
1504550 536
1504560 536
1504570 537
1504580 538
1504590 538
1504600 539
1504610 541
1504620 541
1504630 542
1504640 543
1504650 545
1504660 545
1504670 546
1504680 547
1504690 547
1504700 548
1504710 549
1504720 549
1504730 551
1504740 552
1504750 552
1504760 552
1504770 553
1504780 553
1504790 554
1504800 555
1504810 555
1504820 557
1504830 558
1504840 558
1504850 560
1504860 561
1504870 561
1504880 563
1504890 564
1504900 564
1504910 566
1504920 567
1504930 567
1504940 568
1504950 570
1504960 570
1504970 571
1504980 572
1504990 572
1505000 573
1505010 574
1505020 574
1505030 575
1505040 576
1505050 576
1505060 576
1505070 577
1505080 577
1505090 578
1505100 578
1505110 578
1505120 579
1505130 579
1505140 579
1505150 580
1505160 581
1505170 581
1505180 581
1505190 582
1505200 582
1505210 582
1505220 583
1505230 583
1505240 583
1505250 584
1505260 584
1505270 585
1505280 586
1505290 586
1505300 587
1505310 588
1505320 588
1505330 588
1505340 589
1505350 589
1505360 589
1505370 589
1505380 589
1505390 590
1505400 590
1505410 590
1505420 590
1505430 591
1505440 591
1505450 591
1505460 591
1505470 591
1505480 592
1505490 592
1505500 592
1505510 593
1505520 593
1505530 593
1505540 594
1505550 595
1505560 595
1505570 595
1505580 595
1505590 595
1505600 595
1505610 595
1505620 595
1505630 595
1505640 594
1505650 594
1505660 594
1505670 594
1505680 594
1505690 594
1505700 594
1505710 593
1505720 593
1505730 593
1505740 592
1505750 592
1505760 592
1505770 591
1505780 591
1505790 591
1505800 590
1505810 590
1505820 590
1505830 589
1505840 589
1505850 589
1505860 588
1505870 588
1505880 587
1505890 587
1505900 587
1505910 586
1505920 585
1505930 585
1505940 584
1505950 583
1505960 583
1505970 582
1505980 582
1505990 582
1506000 581
1506010 580
1506020 580
1506030 579
1506040 579
1506050 579
1506060 578
1506070 577
1506080 577
1506090 577
1506100 576
1506110 576
1506120 576
1506130 575
1506140 575
1506150 574
1506160 573
1506170 573
1506180 573
1506190 572
1506200 572
1506210 571
1506220 571
1506230 571
1506240 570
1506250 569
1506260 569
1506270 568
1506280 567
1506290 567
1506300 565
1506310 563
1506320 563
1506330 561
1506340 559
1506350 559
1506360 558
1506370 557
1506380 557
1506390 555
1506400 554
1506410 554
1506420 552
1506430 550
1506440 550
1506450 548
1506460 547
1506470 547
1506480 546
1506490 546
1506500 546
1506510 545
1506520 544
1506530 544
1506540 543
1506550 543
1506560 543
1506570 542
1506580 541
1506590 540
1506600 540
1506610 539
1506620 538
1506630 538
1506640 537
1506650 536
1506660 536
1506670 535
1506680 534
1506690 534
1506700 534
1506710 534
1506720 534
1506730 534
1506740 535
1506750 535
1506760 535
1506770 535
1506780 535
1506790 535
1506800 535
1506810 535
1506820 535
1506830 535
1506840 535
1506850 536
1506860 536
1506870 536
1506880 536
1506890 536
1506900 536
1506910 536
1506920 536
1506930 536
1506940 536
1506950 537
1506960 537
1506970 537
1506980 537
1506990 537
1507000 535
1507010 532
1507020 532
1507030 528
1507040 526
1507050 526
1507060 526
1507070 525
1507080 525
1507090 525
1507100 524
1507110 524
1507120 523
1507130 521
1507140 521
1507150 520
1507160 519
1507170 519
1507180 518
1507190 517
1507200 517
1507210 516
1507220 516
1507230 516
1507240 516
1507250 515
1507260 515
1507270 515
1507280 514
1507290 514
1507300 514
1507310 513
1507320 513
1507330 513
1507340 512
1507350 512
1507360 511
1507370 510
1507380 510
1507390 510
1507400 509
1507410 509
1507420 508
1507430 508
1507440 508
1507450 508
1507460 507
1507470 507
1507480 507
1507490 507
1507500 507
1507510 507
1507520 507
1507530 507
1507540 507
1507550 507
1507560 508
1507570 508
1507580 509
1507590 510
1507600 510
1507610 510
1507620 510
1507630 510
1507640 510
1507650 509
1507660 509
1507670 509
1507680 508
1507690 508
1507700 507
1507710 507
1507720 507
1507730 506
1507740 505
1507750 505
1507760 505
1507770 504
1507780 504
1507790 503
1507800 503
1507810 503
1507820 502
1507830 502
1507840 502
1507850 501
1507860 501
1507870 501
1507880 500
1507890 499
1507900 499
1507910 499
1507920 498
1507930 498
1507940 498
1507950 497
1507960 497
1507970 497
1507980 496
1507990 496
1508000 495
1508010 494
1508020 494
1508030 493
1508040 492
1508050 492
1508060 492
1508070 492
1508080 492
1508090 491
1508100 491
1508110 491
1508120 491
1508130 491
1508140 491
1508150 491
1508160 491
1508170 491
1508180 490
1508190 490
1508200 490
1508210 490
1508220 489
1508230 489
1508240 489
1508250 488
1508260 488
1508270 488
1508280 488
1508290 488
1508300 488
1508310 488
1508320 488
1508330 488
1508340 488
1508350 488
1508360 488
1508370 488
1508380 488
1508390 487
1508400 487
1508410 487
1508420 487
1508430 487
1508440 487
1508450 487
1508460 487
1508470 487
1508480 487
1508490 486
1508500 486
1508510 486
1508520 486
1508530 486
1508540 486
1508550 486
1508560 486
1508570 486
1508580 485
1508590 485
1508600 485
1508610 485
1508620 486
1508630 486
1508640 488
1508650 488
1508660 488
1508670 488
1508680 488
1508690 488
1508700 488
1508710 488
1508720 488
1508730 488
1508740 488
1508750 488
1508760 488
1508770 488
1508780 488
1508790 489
1508800 489
1508810 489
1508820 489
1508830 489
1508840 489
1508850 489
1508860 489
1508870 489
1508880 489
1508890 489
1508900 489
1508910 488
1508920 488
1508930 488
1508940 488
1508950 487
1508960 487
1508970 487
1508980 487
1508990 487
1509000 486
1509010 486
1509020 486
1509030 486
1509040 486
1509050 486
1509060 485
1509070 485
1509080 485
1509090 485
1509100 485
1509110 485
1509120 485
1509130 485
1509140 485
1509150 485
1509160 484
1509170 484
1509180 484
1509190 484
1509200 484
1509210 484
1509220 483
1509230 483
1509240 483
1509250 483
1509260 483
1509270 483
1509280 483
1509290 483
1509300 483
1509310 482
1509320 482
1509330 482
1509340 480
1509350 480
1509360 480
1509370 479
1509380 479
1509390 479
1509400 479
1509410 479
1509420 479
1509430 478
1509440 478
1509450 478
1509460 478
1509470 478
1509480 477
1509490 477
1509500 477
1509510 477
1509520 477
1509530 477
1509540 477
1509550 477
1509560 477
1509570 477
1509580 477
1509590 477
1509600 477
1509610 477
1509620 477
1509630 477
1509640 477
1509650 477
1509660 477
1509670 477
1509680 478
1509690 478
1509700 478
1509710 478
1509720 478
1509730 478
1509740 478
1509750 478
1509760 479
1509770 479
1509780 479
1509790 479
1509800 479
1509810 479
1509820 479
1509830 479
1509840 479
1509850 480
1509860 479
1509870 479
1509880 479
1509890 479
1509900 479
1509910 479
1509920 479
1509930 479
1509940 479
1509950 479
1509960 479
1509970 479
1509980 478
1509990 478
1510000 478
1510010 478
1510020 478
1510030 477
1510040 477
1510050 477
1510060 477
1510070 476
1510080 476
1510090 476
1510100 476
1510110 476
1510120 475
1510130 475
1510140 475
1510150 475
1510160 475
1510170 475
1510180 474
1510190 474
1510200 474
1510210 474
1510220 474
1510230 474
1510240 474
1510250 473
1510260 473
1510270 473
1510280 473
1510290 473
1510300 473
1510310 472
1510320 472
1510330 471
1510340 467
1510350 467
1510360 465
1510370 465
1510380 465
1510390 464
1510400 464
1510410 464
1510420 464
1510430 465
1510440 465
1510450 465
1510460 465
1510470 465
1510480 465
1510490 465
1510500 466
1510510 466
1510520 466
1510530 467
1510540 467
1510550 467
1510560 468
1510570 468
1510580 469
1510590 470
1510600 470
1510610 470
1510620 471
1510630 471
1510640 472
1510650 472
1510660 472
1510670 473
1510680 474
1510690 474
1510700 474
1510710 475
1510720 475
1510730 476
1510740 477
1510750 477
1510760 477
1510770 478
1510780 478
1510790 479
1510800 479
1510810 479
1510820 480
1510830 481
1510840 481
1510850 482
1510860 482
1510870 482
1510880 483
1510890 484
1510900 484
1510910 485
1510920 487
1510930 487
1510940 489
1510950 491
1510960 491
1510970 492
1510980 493
1510990 493
1511000 494
1511010 496
1511020 496
1511030 497
1511040 498
1511050 498
1511060 500
1511070 501
1511080 501
1511090 503
1511100 504
1511110 504
1511120 505
1511130 506
1511140 506
1511150 506
1511160 507
1511170 507
1511180 508
1511190 508
1511200 508
1511210 508
1511220 508
1511230 508
1511240 508
1511250 508
1511260 508
1511270 508
1511280 508
1511290 508
1511300 508
1511310 508
1511320 508
1511330 508
1511340 508
1511350 508
1511360 508
1511370 507
1511380 507
1511390 507
1511400 507
1511410 507
1511420 507
1511430 507
1511440 507
1511450 507
1511460 507
1511470 507
1511480 507
1511490 506
1511500 506
1511510 506
1511520 504
1511530 502
1511540 502
1511550 499
1511560 497
1511570 497
1511580 494
1511590 491
1511600 491
1511610 490
1511620 491
1511630 491
1511640 493
1511650 496
1511660 496
1511670 498
1511680 500
1511690 500
1511700 503
1511710 506
1511720 506
1511730 509
1511740 510
1511750 510
1511760 511
1511770 512
1511780 512
1511790 513
1511800 514
1511810 514
1511820 514
1511830 515
1511840 515
1511850 515
1511860 516
1511870 516
1511880 516
1511890 517
1511900 517
1511910 517
1511920 517
1511930 517
1511940 517
1511950 517
1511960 517
1511970 517
1511980 517
1511990 517
1512000 516
1512010 516
1512020 516
1512030 516
1512040 516
1512050 516
1512060 515
1512070 515
1512080 515
1512090 514
1512100 514
1512110 514
1512120 513
1512130 513
1512140 513
1512150 512
1512160 511
1512170 511
1512180 510
1512190 509
1512200 509
1512210 508
1512220 507
1512230 507
1512240 506
1512250 504
1512260 504
1512270 503
1512280 502
1512290 502
1512300 501
1512310 501
1512320 501
1512330 500
1512340 500
1512350 500
1512360 499
1512370 499
1512380 499
1512390 498
1512400 497
1512410 496
1512420 496
1512430 495
1512440 494
1512450 494
1512460 491
1512470 486
1512480 486
1512490 481
1512500 476
1512510 476
1512520 473
1512530 472
1512540 472
1512550 471
1512560 469
1512570 469
1512580 467
1512590 465
1512600 465
1512610 463
1512620 461
1512630 461
1512640 458
1512650 456
1512660 456
1512670 454
1512680 453
1512690 453
1512700 452
1512710 451
1512720 451
1512730 451
1512740 451
1512750 451
1512760 451
1512770 451
1512780 451
1512790 451
1512800 451
1512810 451
1512820 451
1512830 451
1512840 451
1512850 451
1512860 451
1512870 451
1512880 451
1512890 451
1512900 451
1512910 450
1512920 450
1512930 450
1512940 450
1512950 450
1512960 450
1512970 451
1512980 451
1512990 451
1513000 450
1513010 450
1513020 450
1513030 450
1513040 450
1513050 450
1513060 450
1513070 450
1513080 450
1513090 450
1513100 450
1513110 450
1513120 450
1513130 450
1513140 450
1513150 450
1513160 450
1513170 450
1513180 450
1513190 449
1513200 449
1513210 449
1513220 449
1513230 449
1513240 449
1513250 449
1513260 449
1513270 449
1513280 449
1513290 449
1513300 449
1513310 449
1513320 449
1513330 448
1513340 448
1513350 448
1513360 448
1513370 448
1513380 448
1513390 448
1513400 448
1513410 448
1513420 448
1513430 448
1513440 448
1513450 448
1513460 448
1513470 449
1513480 449
1513490 449
1513500 449
1513510 449
1513520 449
1513530 449
1513540 449
1513550 449
1513560 449
1513570 449
1513580 449
1513590 448
1513600 448
1513610 448
1513620 448
1513630 448
1513640 447
1513650 447
1513660 447
1513670 447
1513680 447
1513690 447
1513700 447
1513710 447
1513720 447
1513730 447
1513740 447
1513750 447
1513760 447
1513770 447
1513780 447
1513790 447
1513800 447
1513810 447
1513820 447
1513830 446
1513840 446
1513850 447
1513860 447
1513870 447
1513880 447
1513890 447
1513900 447
1513910 446
1513920 446
1513930 446
1513940 446
1513950 446
1513960 446
1513970 446
1513980 446
1513990 446
1514000 446
1514010 446
1514020 446
1514030 446
1514040 446
1514050 446
1514060 446
1514070 446
1514080 446
1514090 446
1514100 446
1514110 446
1514120 446
1514130 446
1514140 446
1514150 446
1514160 446
1514170 446
1514180 446
1514190 446
1514200 446
1514210 446
1514220 446
1514230 446
1514240 446
1514250 446
1514260 446
1514270 446
1514280 445
1514290 445
1514300 445
1514310 445
1514320 445
1514330 445
1514340 445
1514350 446
1514360 446
1514370 446
1514380 444
1514390 444
1514400 443
1514410 443
1514420 443
1514430 444
1514440 444
1514450 444
1514460 445
1514470 446
1514480 446
1514490 446
1514500 446
1514510 446
1514520 447
1514530 448
1514540 448
1514550 448
1514560 448
1514570 448
1514580 448
1514590 448
1514600 448
1514610 447
1514620 446
1514630 446
1514640 445
1514650 444
1514660 444
1514670 444
1514680 444
1514690 444
1514700 443
1514710 443
1514720 443
1514730 444
1514740 444
1514750 444
1514760 445
1514770 447
1514780 447
1514790 448
1514800 448
1514810 448
1514820 448
1514830 449
1514840 449
1514850 450
1514860 451
1514870 451
1514880 452
1514890 452
1514900 452
1514910 452
1514920 453
1514930 453
1514940 454
1514950 456
1514960 456
1514970 460
1514980 465
1514990 465
1515000 471
1515010 476
1515020 476
1515030 482
1515040 485
1515050 485
1515060 486
1515070 487
1515080 487
1515090 488
1515100 489
1515110 489
1515120 491
1515130 494
1515140 494
1515150 498
1515160 502
1515170 502
1515180 507
1515190 512
1515200 512
1515210 515
1515220 516
1515230 516
1515240 516
1515250 516
1515260 516
1515270 516
1515280 516
1515290 516
1515300 516
1515310 517
1515320 517
1515330 517
1515340 516
1515350 516
1515360 516
1515370 516
1515380 516
1515390 516
1515400 516
1515410 515
1515420 515
1515430 515
1515440 514
1515450 514
1515460 514
1515470 513
1515480 513
1515490 513
1515500 512
1515510 512
1515520 510
1515530 507
1515540 507
1515550 502
1515560 499
1515570 499
1515580 496
1515590 494
1515600 494
1515610 492
1515620 491
1515630 491
1515640 490
1515650 488
1515660 488
1515670 486
1515680 482
1515690 482
1515700 480
1515710 477
1515720 477
1515730 473
1515740 469
1515750 469
1515760 467
1515770 465
1515780 465
1515790 463
1515800 461
1515810 461
1515820 459
1515830 458
1515840 458
1515850 457
1515860 455
1515870 455
1515880 454
1515890 453
1515900 453
1515910 453
1515920 452
1515930 452
1515940 451
1515950 451
1515960 451
1515970 451
1515980 451
1515990 451
1516000 451
1516010 450
1516020 450
1516030 450
1516040 449
1516050 449
1516060 449
1516070 448
1516080 448
1516090 448
1516100 447
1516110 447
1516120 446
1516130 444
1516140 444
1516150 441
1516160 440
1516170 440
1516180 439
1516190 439
1516200 439
1516210 439
1516220 439
1516230 439
1516240 440
1516250 440
1516260 440
1516270 440
1516280 440
1516290 440
1516300 440
1516310 440
1516320 440
1516330 440
1516340 440
1516350 440
1516360 440
1516370 440
1516380 440
1516390 440
1516400 441
1516410 441
1516420 441
1516430 441
1516440 441
1516450 441
1516460 441
1516470 441
1516480 441
1516490 441
1516500 441
1516510 441
1516520 440
1516530 439
1516540 439
1516550 438
1516560 437
1516570 437
1516580 437
1516590 437
1516600 437
1516610 437
1516620 439
1516630 439
1516640 440
1516650 440
1516660 440
1516670 441
1516680 441
1516690 441
1516700 441
1516710 441
1516720 441
1516730 441
1516740 441
1516750 441
1516760 441
1516770 441
1516780 441
1516790 441
1516800 442
1516810 442
1516820 442
1516830 442
1516840 442
1516850 442
1516860 442
1516870 442
1516880 442
1516890 442
1516900 442
1516910 442
1516920 442
1516930 442
1516940 442
1516950 442
1516960 442
1516970 442
1516980 442
1516990 442
1517000 442
1517010 442
1517020 442
1517030 441
1517040 442
1517050 442
1517060 443
1517070 445
1517080 445
1517090 449
1517100 450
1517110 450
1517120 451
1517130 451
1517140 451
1517150 451
1517160 451
1517170 451
1517180 451
1517190 451
1517200 451
1517210 451
1517220 451
1517230 451
1517240 451
1517250 451
1517260 451
1517270 451
1517280 451
1517290 451
1517300 451
1517310 451
1517320 451
1517330 451
1517340 451
1517350 451
1517360 451
1517370 451
1517380 451
1517390 451
1517400 449
1517410 448
1517420 448
1517430 449
1517440 450
1517450 450
1517460 448
1517470 446
1517480 446
1517490 443
1517500 442
1517510 442
1517520 441
1517530 441
1517540 441
1517550 441
1517560 441
1517570 441
1517580 441
1517590 441
1517600 441
1517610 441
1517620 441
1517630 441
1517640 441
1517650 441
1517660 441
1517670 441
1517680 441
1517690 441
1517700 441
1517710 441
1517720 441
1517730 440
1517740 440
1517750 440
1517760 440
1517770 440
1517780 440
1517790 440
1517800 440
1517810 440
1517820 440
1517830 440
1517840 440
1517850 440
1517860 440
1517870 440
1517880 440
1517890 440
1517900 440
1517910 440
1517920 440
1517930 440
1517940 439
1517950 439
1517960 439
1517970 439
1517980 439
1517990 439
1518000 439
1518010 439
1518020 439
1518030 439
1518040 439
1518050 439
1518060 439
1518070 439
1518080 439
1518090 439
1518100 439
1518110 439
1518120 440
1518130 440
1518140 440
1518150 440
1518160 440
1518170 440
1518180 440
1518190 440
1518200 440
1518210 440
1518220 440
1518230 440
1518240 440
1518250 440
1518260 440
1518270 440
1518280 440
1518290 440
1518300 440
1518310 440
1518320 440
1518330 440
1518340 440
1518350 440
1518360 440
1518370 439
1518380 439
1518390 439
1518400 439
1518410 439
1518420 439
1518430 439
1518440 440
1518450 440
1518460 440
1518470 439
1518480 439
1518490 439
1518500 439
1518510 439
1518520 439
1518530 439
1518540 439
1518550 439
1518560 439
1518570 439
1518580 439
1518590 439
1518600 439
1518610 439
1518620 439
1518630 439
1518640 439
1518650 438
1518660 438
1518670 438
1518680 438
1518690 438
1518700 438
1518710 438
1518720 438
1518730 438
1518740 438
1518750 438
1518760 437
1518770 437
1518780 437
1518790 436
1518800 436
1518810 436
1518820 436
1518830 435
1518840 435
1518850 435
1518860 435
1518870 435
1518880 435
1518890 435
1518900 435
1518910 435
1518920 435
1518930 435
1518940 434
1518950 434
1518960 434
1518970 435
1518980 435
1518990 435
1519000 434
1519010 434
1519020 434
1519030 434
1519040 434
1519050 434
1519060 434
1519070 434
1519080 434
1519090 434
1519100 434
1519110 434
1519120 434
1519130 433
1519140 433
1519150 433
1519160 433
1519170 433
1519180 433
1519190 433
1519200 433
1519210 433
1519220 432
1519230 431
1519240 431
1519250 432
1519260 434
1519270 434
1519280 434
1519290 434
1519300 434
1519310 433
1519320 432
1519330 432
1519340 432
1519350 433
1519360 433
1519370 432
1519380 432
1519390 432
1519400 432
1519410 432
1519420 432
1519430 432
1519440 431
1519450 431
1519460 431
1519470 431
1519480 431
1519490 431
1519500 432
1519510 432
1519520 432
1519530 432
1519540 432
1519550 432
1519560 432
1519570 432
1519580 431
1519590 431
1519600 431
1519610 431
1519620 431
1519630 431
1519640 430
1519650 430
1519660 430
1519670 430
1519680 430
1519690 430
1519700 430
1519710 430
1519720 430
1519730 430
1519740 430
1519750 430
1519760 430
1519770 430
1519780 430
1519790 430
1519800 430
1519810 430
1519820 430
1519830 430
1519840 430
1519850 430
1519860 430
1519870 430
1519880 430
1519890 430
1519900 430
1519910 430
1519920 430
1519930 430
1519940 430
1519950 429
1519960 429
1519970 429
1519980 429
1519990 429
