1500000 526
1500010 527
1500020 527
1500030 528
1500040 530
1500050 530
1500060 532
1500070 533
1500080 533
1500090 533
1500100 533
1500110 533
1500120 534
1500130 534
1500140 534
1500150 534
1500160 535
1500170 535
1500180 535
1500190 535
1500200 535
1500210 535
1500220 535
1500230 535
1500240 535
1500250 535
1500260 535
1500270 535
1500280 535
1500290 535
1500300 535
1500310 534
1500320 534
1500330 534
1500340 534
1500350 534
1500360 534
1500370 533
1500380 533
1500390 533
1500400 533
1500410 533
1500420 533
1500430 534
1500440 534
1500450 534
1500460 534
1500470 534
1500480 534
1500490 534
1500500 534
1500510 534
1500520 534
1500530 534
1500540 534
1500550 534
1500560 534
1500570 534
1500580 534
1500590 534
1500600 534
1500610 534
1500620 534
1500630 534
1500640 534
1500650 534
1500660 534
1500670 534
1500680 534
1500690 533
1500700 532
1500710 532
1500720 531
1500730 529
1500740 529
1500750 528
1500760 528
1500770 528
1500780 528
1500790 529
1500800 529
1500810 530
1500820 531
1500830 531
1500840 531
1500850 532
1500860 532
1500870 532
1500880 532
1500890 532
1500900 532
1500910 532
1500920 532
1500930 532
1500940 531
1500950 531
1500960 530
1500970 530
1500980 530
1500990 529
1501000 528
1501010 527
1501020 527
1501030 525
1501040 524
1501050 524
1501060 521
1501070 519
1501080 519
1501090 517
1501100 515
1501110 515
1501120 514
1501130 513
1501140 513
1501150 512
1501160 512
1501170 512
1501180 511
1501190 510
1501200 510
1501210 509
1501220 508
1501230 508
1501240 507
1501250 505
1501260 505
1501270 501
1501280 498
1501290 498
1501300 497
1501310 496
1501320 496
1501330 496
1501340 495
1501350 495
1501360 495
1501370 496
1501380 496
1501390 497
1501400 500
1501410 500
1501420 504
1501430 505
1501440 505
1501450 507
1501460 508
1501470 508
1501480 510
1501490 512
1501500 512
1501510 514
1501520 516
1501530 516
1501540 518
1501550 520
1501560 520
1501570 522
1501580 524
1501590 524
1501600 525
1501610 527
1501620 527
1501630 528
1501640 529
1501650 529
1501660 530
1501670 531
1501680 531
1501690 532
1501700 533
1501710 533
1501720 534
1501730 535
1501740 535
1501750 536
1501760 537
1501770 537
1501780 537
1501790 538
1501800 538
1501810 538
1501820 539
1501830 539
1501840 539
1501850 539
1501860 539
1501870 540
1501880 540
1501890 540
1501900 540
1501910 540
1501920 540
1501930 540
1501940 540
1501950 540
1501960 540
1501970 540
1501980 540
1501990 540
1502000 540
1502010 540
1502020 540
1502030 540
1502040 539
1502050 539
1502060 539
1502070 539
1502080 539
1502090 539
1502100 538
1502110 538
1502120 538
1502130 538
1502140 538
1502150 538
1502160 538
1502170 538
1502180 537
1502190 537
1502200 537
1502210 536
1502220 536
1502230 536
1502240 536
1502250 535
1502260 535
1502270 535
1502280 534
1502290 534
1502300 533
1502310 532
1502320 532
1502330 531
1502340 530
1502350 530
1502360 529
1502370 527
1502380 527
1502390 525
1502400 523
1502410 523
1502420 519
1502430 515
1502440 515
1502450 512
1502460 509
1502470 509
1502480 507
1502490 504
1502500 504
1502510 501
1502520 499
1502530 499
1502540 496
1502550 492
1502560 492
1502570 486
1502580 481
1502590 481
1502600 480
1502610 480
1502620 480
1502630 479
1502640 479
1502650 479
1502660 479
1502670 480
1502680 480
1502690 479
1502700 479
1502710 479
1502720 479
1502730 479
1502740 479
1502750 479
1502760 479
1502770 479
1502780 479
1502790 479
1502800 479
1502810 479
1502820 479
1502830 479
1502840 479
1502850 479
1502860 479
1502870 479
1502880 479
1502890 479
1502900 479
1502910 479
1502920 479
1502930 479
1502940 479
1502950 479
1502960 479
1502970 479
1502980 478
1502990 478
1503000 478
1503010 478
1503020 478
1503030 478
1503040 478
1503050 478
1503060 478
1503070 478
1503080 478
1503090 479
1503100 478
1503110 478
1503120 476
1503130 477
1503140 477
1503150 478
1503160 478
1503170 478
1503180 479
1503190 479
1503200 479
1503210 480
1503220 481
1503230 481
1503240 484
1503250 491
1503260 491
1503270 498
1503280 502
1503290 502
1503300 504
1503310 508
1503320 508
1503330 511
1503340 512
1503350 512
1503360 514
1503370 516
1503380 516
1503390 518
1503400 521
1503410 521
1503420 524
1503430 526
1503440 526
1503450 528
1503460 530
1503470 530
1503480 532
1503490 535
1503500 535
1503510 536
1503520 537
1503530 537
1503540 538
1503550 539
1503560 539
1503570 540
1503580 541
1503590 541
1503600 542
1503610 542
1503620 542
1503630 543
1503640 544
1503650 544
1503660 544
1503670 545
1503680 545
1503690 545
1503700 545
1503710 545
1503720 545
1503730 545
1503740 545
1503750 545
1503760 545
1503770 545
1503780 545
1503790 544
1503800 544
1503810 544
1503820 544
1503830 544
1503840 543
1503850 543
1503860 543
1503870 542
1503880 541
1503890 541
1503900 541
1503910 540
1503920 540
1503930 539
1503940 538
1503950 538
1503960 537
1503970 537
1503980 536
1503990 536
1504000 536
1504010 536
1504020 536
1504030 537
1504040 537
1504050 537
1504060 538
1504070 538
1504080 538
1504090 539
1504100 539
1504110 539
1504120 539
1504130 540
1504140 540
1504150 540
1504160 541
1504170 541
1504180 541
1504190 542
1504200 542
1504210 542
1504220 542
1504230 542
1504240 542
1504250 543
1504260 543
1504270 543
1504280 543
1504290 543
1504300 544
1504310 544
1504320 544
1504330 544
1504340 544
1504350 544
1504360 544
1504370 544
1504380 544
1504390 544
1504400 545
1504410 545
1504420 545
1504430 545
1504440 545
1504450 545
1504460 545
1504470 545
1504480 545
1504490 544
1504500 544
1504510 544
1504520 544
1504530 544
1504540 543
1504550 543
1504560 543
1504570 543
1504580 544
1504590 544
1504600 546
1504610 547
1504620 547
1504630 548
1504640 549
1504650 549
1504660 550
1504670 551
1504680 551
1504690 553
1504700 554
1504710 554
1504720 555
1504730 556
1504740 556
1504750 557
1504760 559
1504770 559
1504780 560
1504790 561
1504800 561
1504810 562
1504820 563
1504830 563
1504840 564
1504850 565
1504860 565
1504870 566
1504880 567
1504890 567
1504900 569
1504910 570
1504920 570
1504930 571
1504940 573
1504950 574
1504960 574
1504970 575
1504980 577
1504990 577
1505000 578
1505010 579
1505020 579
1505030 579
1505040 580
1505050 580
1505060 581
1505070 582
1505080 582
1505090 582
1505100 583
1505110 583
1505120 585
1505130 586
1505140 586
1505150 587
1505160 588
1505170 588
1505180 589
1505190 590
1505200 590
1505210 591
1505220 592
1505230 592
1505240 593
1505250 594
1505260 594
1505270 595
1505280 595
1505290 595
1505300 595
1505310 595
1505320 595
1505330 594
1505340 592
1505350 592
1505360 590
1505370 587
1505380 587
1505390 583
1505400 581
1505410 581
1505420 579
1505430 577
1505440 577
1505450 575
1505460 573
1505470 573
1505480 572
1505490 572
1505500 572
1505510 571
1505520 571
1505530 571
1505540 570
1505550 569
1505560 569
1505570 568
1505580 566
1505590 566
1505600 565
1505610 564
1505620 564
1505630 564
1505640 563
1505650 563
1505660 563
1505670 562
1505680 562
1505690 561
1505700 559
1505710 559
1505720 558
1505730 555
1505740 555
1505750 551
1505760 549
1505770 549
1505780 547
1505790 547
1505800 547
1505810 546
1505820 545
1505830 545
1505840 544
1505850 543
1505860 543
1505870 542
1505880 542
1505890 542
1505900 541
1505910 540
1505920 540
1505930 538
1505940 536
1505950 533
1505960 533
1505970 530
1505980 526
1505990 526
1506000 523
1506010 522
1506020 522
1506030 526
1506040 531
1506050 531
1506060 535
1506070 539
1506080 539
1506090 542
1506100 546
1506110 546
1506120 549
1506130 552
1506140 552
1506150 553
1506160 554
1506170 554
1506180 554
1506190 554
1506200 554
1506210 553
1506220 552
1506230 552
1506240 552
1506250 551
1506260 551
1506270 550
1506280 549
1506290 549
1506300 548
1506310 547
1506320 547
1506330 547
1506340 546
1506350 546
1506360 545
1506370 544
1506380 544
1506390 543
1506400 542
1506410 542
1506420 541
1506430 539
1506440 539
1506450 539
1506460 539
1506470 539
1506480 538
1506490 538
1506500 538
1506510 538
1506520 537
1506530 537
1506540 536
1506550 536
1506560 536
1506570 535
1506580 535
1506590 535
1506600 535
1506610 535
1506620 535
1506630 534
1506640 534
1506650 534
1506660 534
1506670 534
1506680 534
1506690 534
1506700 533
1506710 533
1506720 533
1506730 533
1506740 533
1506750 533
1506760 533
1506770 533
1506780 532
1506790 531
1506800 531
1506810 531
1506820 530
1506830 530
1506840 530
1506850 529
1506860 529
1506870 529
1506880 529
1506890 529
1506900 529
1506910 528
1506920 528
1506930 528
1506940 528
1506950 527
1506960 527
1506970 527
1506980 527
1506990 527
1507000 526
1507010 525
1507020 525
1507030 525
1507040 524
1507050 524
1507060 524
1507070 523
1507080 523
1507090 523
1507100 522
1507110 522
1507120 522
1507130 521
1507140 521
1507150 521
1507160 520
1507170 520
1507180 520
1507190 519
1507200 519
1507210 519
1507220 519
1507230 519
1507240 518
1507250 518
1507260 518
1507270 517
1507280 517
1507290 517
1507300 516
1507310 516
1507320 516
1507330 515
1507340 515
1507350 515
1507360 514
1507370 514
1507380 514
1507390 513
1507400 513
1507410 513
1507420 512
1507430 511
1507440 511
1507450 511
1507460 511
1507470 511
1507480 510
1507490 510
1507500 510
1507510 510
1507520 510
1507530 510
1507540 510
1507550 510
1507560 510
1507570 509
1507580 509
1507590 509
1507600 509
1507610 508
1507620 508
1507630 508
1507640 507
1507650 507
1507660 507
1507670 506
1507680 506
1507690 506
1507700 505
1507710 505
1507720 505
1507730 504
1507740 504
1507750 504
1507760 504
1507770 504
1507780 504
1507790 503
1507800 503
1507810 503
1507820 503
1507830 503
1507840 503
1507850 504
1507860 504
1507870 505
1507880 505
1507890 505
1507900 505
1507910 505
1507920 505
1507930 505
1507940 505
1507950 506
1507960 506
1507970 506
1507980 506
1507990 506
1508000 507
1508010 507
1508020 507
1508030 507
1508040 507
1508050 507
1508060 507
1508070 507
1508080 507
1508090 507
1508100 506
1508110 506
1508120 506
1508130 506
1508140 506
1508150 506
1508160 506
1508170 506
1508180 506
1508190 505
1508200 505
1508210 505
1508220 505
1508230 505
1508240 505
1508250 504
1508260 504
1508270 504
1508280 503
1508290 503
1508300 503
1508310 503
1508320 503
1508330 503
1508340 503
1508350 503
1508360 504
1508370 504
1508380 504
1508390 505
1508400 506
1508410 506
1508420 507
1508430 507
1508440 507
1508450 508
1508460 509
1508470 509
1508480 510
1508490 510
1508500 510
1508510 511
1508520 512
1508530 512
1508540 512
1508550 513
1508560 513
1508570 514
1508580 514
1508590 514
1508600 515
1508610 516
1508620 516
1508630 517
1508640 517
1508650 517
1508660 518
1508670 519
1508680 519
1508690 519
1508700 520
1508710 520
1508720 521
1508730 521
1508740 521
1508750 522
1508760 523
1508770 523
1508780 523
1508790 524
1508800 524
1508810 524
1508820 525
1508830 525
1508840 525
1508850 525
1508860 525
1508870 525
1508880 526
1508890 526
1508900 526
1508910 526
1508920 526
1508930 526
1508940 526
1508950 526
1508960 526
1508970 526
1508980 526
1508990 526
1509000 526
1509010 526
1509020 526
1509030 526
1509040 526
1509050 526
1509060 525
1509070 525
1509080 525
1509090 525
1509100 524
1509110 524
1509120 524
1509130 523
1509140 523
1509150 523
1509160 522
1509170 522
1509180 521
1509190 521
1509200 521
1509210 521
1509220 520
1509230 520
1509240 520
1509250 519
1509260 519
1509270 517
1509280 514
1509290 514
1509300 511
1509310 508
1509320 508
1509330 505
1509340 502
1509350 502
1509360 499
1509370 498
1509380 498
1509390 497
1509400 497
1509410 497
1509420 497
1509430 496
1509440 496
1509450 495
1509460 495
1509470 495
1509480 496
1509490 497
1509500 497
1509510 498
1509520 499
1509530 499
1509540 501
1509550 502
1509560 502
1509570 502
1509580 502
1509590 502
1509600 502
1509610 501
1509620 501
1509630 501
1509640 501
1509650 501
1509660 500
1509670 500
1509680 500
1509690 500
1509700 500
1509710 500
1509720 499
1509730 499
1509740 499
1509750 499
1509760 498
1509770 498
1509780 498
1509790 497
1509800 497
1509810 497
1509820 497
1509830 497
1509840 496
1509850 496
1509860 496
1509870 496
1509880 495
1509890 494
1509900 494
1509910 494
1509920 493
1509930 493
1509940 492
1509950 491
1509960 491
1509970 490
1509980 489
1509990 489
1510000 489
1510010 488
1510020 488
1510030 487
1510040 487
1510050 487
1510060 486
1510070 485
1510080 485
1510090 484
1510100 483
1510110 483
1510120 482
1510130 481
1510140 481
1510150 480
1510160 480
1510170 480
1510180 479
1510190 478
1510200 478
1510210 477
1510220 475
1510230 475
1510240 473
1510250 470
1510260 470
1510270 467
1510280 465
1510290 465
1510300 465
1510310 466
1510320 466
1510330 466
1510340 467
1510350 467
1510360 468
1510370 469
1510380 469
1510390 470
1510400 470
1510410 470
1510420 470
1510430 469
1510440 469
1510450 468
1510460 468
1510470 468
1510480 467
1510490 466
1510500 466
1510510 466
1510520 465
1510530 465
1510540 465
1510550 464
1510560 464
1510570 463
1510580 461
1510590 461
1510600 460
1510610 459
1510620 459
1510630 458
1510640 457
1510650 457
1510660 456
1510670 455
1510680 455
1510690 455
1510700 454
1510710 454
1510720 454
1510730 454
1510740 454
1510750 454
1510760 454
1510770 454
1510780 454
1510790 454
1510800 454
1510810 454
1510820 454
1510830 454
1510840 454
1510850 454
1510860 454
1510870 454
1510880 454
1510890 454
1510900 454
1510910 454
1510920 454
1510930 454
1510940 454
1510950 454
1510960 454
1510970 454
1510980 454
1510990 454
1511000 454
1511010 454
1511020 454
1511030 454
1511040 454
1511050 454
1511060 454
1511070 454
1511080 454
1511090 454
1511100 454
1511110 454
1511120 454
1511130 454
1511140 454
1511150 454
1511160 454
1511170 454
1511180 454
1511190 453
1511200 453
1511210 453
1511220 453
1511230 453
1511240 453
1511250 453
1511260 453
1511270 453
1511280 453
1511290 453
1511300 453
1511310 453
1511320 453
1511330 453
1511340 453
1511350 453
1511360 453
1511370 453
1511380 453
1511390 453
1511400 453
1511410 453
1511420 453
1511430 453
1511440 453
1511450 453
1511460 453
1511470 453
1511480 453
1511490 453
1511500 453
1511510 453
1511520 453
1511530 453
1511540 453
1511550 453
1511560 453
1511570 453
1511580 453
1511590 453
1511600 453
1511610 453
1511620 453
1511630 453
1511640 453
1511650 453
1511660 452
1511670 452
1511680 452
1511690 453
1511700 453
1511710 453
1511720 453
1511730 453
1511740 453
1511750 453
1511760 452
1511770 452
1511780 452
1511790 452
1511800 452
1511810 452
1511820 452
1511830 452
1511840 452
1511850 452
1511860 452
1511870 452
1511880 452
1511890 452
1511900 452
1511910 452
1511920 452
1511930 452
1511940 452
1511950 452
1511960 452
1511970 452
1511980 452
1511990 452
1512000 452
1512010 452
1512020 452
1512030 452
1512040 452
1512050 452
1512060 452
1512070 452
1512080 452
1512090 452
1512100 452
1512110 452
1512120 452
1512130 452
1512140 452
1512150 452
1512160 452
1512170 452
1512180 451
1512190 451
1512200 451
1512210 450
1512220 450
1512230 450
1512240 450
1512250 450
1512260 450
1512270 451
1512280 451
1512290 451
1512300 451
1512310 451
1512320 451
1512330 451
1512340 451
1512350 451
1512360 451
1512370 451
1512380 451
1512390 450
1512400 450
1512410 450
1512420 450
1512430 450
1512440 450
1512450 450
1512460 450
1512470 450
1512480 450
1512490 450
1512500 450
1512510 449
1512520 449
1512530 449
1512540 449
1512550 449
1512560 449
1512570 449
1512580 449
1512590 449
1512600 449
1512610 449
1512620 449
1512630 449
1512640 449
1512650 449
1512660 450
1512670 451
1512680 451
1512690 451
1512700 451
1512710 451
1512720 451
1512730 451
1512740 451
1512750 451
1512760 451
1512770 451
1512780 451
1512790 451
1512800 451
1512810 451
1512820 451
1512830 451
1512840 451
1512850 451
1512860 451
1512870 451
1512880 451
1512890 451
1512900 451
1512910 449
1512920 448
1512930 448
1512940 448
1512950 448
1512960 448
1512970 448
1512980 448
1512990 448
1513000 448
1513010 448
1513020 448
1513030 448
1513040 448
1513050 448
1513060 448
1513070 448
1513080 448
1513090 447
1513100 447
1513110 447
1513120 447
1513130 447
1513140 447
1513150 447
1513160 447
1513170 447
1513180 447
1513190 446
1513200 446
1513210 446
1513220 447
1513230 447
1513240 447
1513250 447
1513260 447
1513270 447
1513280 447
1513290 447
1513300 447
1513310 447
1513320 447
1513330 447
1513340 447
1513350 447
1513360 447
1513370 447
1513380 447
1513390 447
1513400 447
1513410 447
1513420 447
1513430 447
1513440 447
1513450 447
1513460 446
1513470 446
1513480 446
1513490 446
1513500 446
1513510 446
1513520 446
1513530 446
1513540 446
1513550 447
1513560 447
1513570 447
1513580 447
1513590 447
1513600 446
1513610 446
1513620 446
1513630 446
1513640 447
1513650 447
1513660 447
1513670 447
1513680 447
1513690 447
1513700 447
1513710 447
1513720 447
1513730 447
1513740 447
1513750 447
1513760 446
1513770 446
1513780 446
1513790 446
1513800 446
1513810 446
1513820 446
1513830 446
1513840 446
1513850 446
1513860 446
1513870 446
1513880 446
1513890 446
1513900 446
1513910 446
1513920 446
1513930 446
1513940 446
1513950 447
1513960 447
1513970 447
1513980 446
1513990 446
1514000 446
1514010 446
1514020 446
1514030 446
1514040 447
1514050 447
1514060 448
1514070 449
1514080 449
1514090 451
1514100 452
1514110 452
1514120 453
1514130 453
1514140 453
1514150 453
1514160 453
1514170 453
1514180 453
1514190 453
1514200 453
1514210 453
1514220 452
1514230 452
1514240 452
1514250 453
1514260 453
1514270 454
1514280 454
1514290 454
1514300 454
1514310 454
1514320 454
1514330 455
1514340 456
1514350 456
1514360 456
1514370 456
1514380 456
1514390 456
1514400 457
1514410 457
1514420 457
1514430 457
1514440 457
1514450 458
1514460 458
1514470 458
1514480 459
1514490 459
1514500 459
1514510 459
1514520 460
1514530 460
1514540 461
1514550 461
1514560 461
1514570 462
1514580 463
1514590 463
1514600 464
1514610 465
1514620 465
1514630 467
1514640 469
1514650 469
1514660 471
1514670 473
1514680 473
1514690 476
1514700 478
1514710 478
1514720 482
1514730 485
1514740 485
1514750 489
1514760 491
1514770 491
1514780 493
1514790 496
1514800 496
1514810 498
1514820 501
1514830 503
1514840 503
1514850 504
1514860 506
1514870 506
1514880 507
1514890 508
1514900 508
1514910 509
1514920 510
1514930 510
1514940 511
1514950 512
1514960 512
1514970 512
1514980 513
1514990 513
1515000 513
1515010 514
1515020 514
1515030 514
1515040 514
1515050 514
1515060 515
1515070 515
1515080 515
1515090 515
1515100 516
1515110 516
1515120 516
1515130 516
1515140 516
1515150 517
1515160 517
1515170 517
1515180 517
1515190 517
1515200 517
1515210 517
1515220 517
1515230 517
1515240 517
1515250 517
1515260 517
1515270 518
1515280 518
1515290 518
1515300 518
1515310 518
1515320 518
1515330 518
1515340 518
1515350 518
1515360 518
1515370 518
1515380 518
1515390 518
1515400 518
1515410 518
1515420 518
1515430 518
1515440 518
1515450 518
1515460 518
1515470 518
1515480 518
1515490 518
1515500 518
1515510 518
1515520 518
1515530 518
1515540 519
1515550 519
1515560 519
1515570 519
1515580 519
1515590 519
1515600 519
1515610 519
1515620 519
1515630 519
1515640 519
1515650 519
1515660 519
1515670 519
1515680 519
1515690 519
1515700 518
1515710 518
1515720 518
1515730 518
1515740 518
1515750 517
1515760 516
1515770 516
1515780 514
1515790 507
1515800 500
1515810 500
1515820 495
1515830 487
1515840 487
1515850 471
1515860 457
1515870 457
1515880 448
1515890 441
1515900 441
1515910 436
1515920 435
1515930 435
1515940 435
1515950 436
1515960 436
1515970 437
1515980 438
1515990 438
1516000 438
1516010 438
1516020 438
1516030 438
1516040 439
1516050 439
1516060 441
1516070 442
1516080 442
1516090 442
1516100 442
1516110 442
1516120 442
1516130 442
1516140 442
1516150 443
1516160 443
1516170 443
1516180 444
1516190 444
1516200 444
1516210 444
1516220 444
1516230 444
1516240 444
1516250 444
1516260 444
1516270 444
1516280 444
1516290 444
1516300 444
1516310 444
1516320 444
1516330 444
1516340 444
1516350 444
1516360 444
1516370 444
1516380 444
1516390 444
1516400 444
1516410 444
1516420 444
1516430 444
1516440 444
1516450 445
1516460 445
1516470 445
1516480 445
1516490 445
1516500 445
1516510 445
1516520 445
1516530 445
1516540 444
1516550 445
1516560 445
1516570 445
1516580 444
1516590 444
1516600 444
1516610 444
1516620 444
1516630 444
1516640 444
1516650 444
1516660 444
1516670 444
1516680 444
1516690 444
1516700 444
1516710 444
1516720 444
1516730 444
1516740 444
1516750 444
1516760 444
1516770 444
1516780 444
1516790 444
1516800 444
1516810 444
1516820 444
1516830 443
1516840 443
1516850 443
1516860 442
1516870 442
1516880 442
1516890 441
1516900 441
1516910 441
1516920 440
1516930 440
1516940 440
1516950 440
1516960 440
1516970 440
1516980 440
1516990 440
1517000 440
1517010 440
1517020 440
1517030 440
1517040 439
1517050 439
1517060 439
1517070 438
1517080 438
1517090 438
1517100 437
1517110 437
1517120 437
1517130 437
1517140 437
1517150 437
1517160 436
1517170 436
1517180 436
1517190 435
1517200 435
1517210 435
1517220 434
1517230 434
1517240 434
1517250 434
1517260 434
1517270 434
1517280 433
1517290 433
1517300 433
1517310 432
1517320 432
1517330 431
1517340 431
1517350 431
1517360 433
1517370 434
1517380 434
1517390 433
1517400 433
1517410 433
1517420 433
1517430 433
1517440 433
1517450 432
1517460 432
1517470 432
1517480 432
1517490 432
1517500 432
1517510 432
1517520 432
1517530 432
1517540 432
1517550 432
1517560 432
1517570 432
1517580 431
1517590 431
1517600 430
1517610 430
1517620 430
1517630 431
1517640 432
1517650 432
1517660 432
1517670 431
1517680 431
1517690 431
1517700 431
1517710 431
1517720 432
1517730 432
1517740 432
1517750 431
1517760 431
1517770 431
1517780 431
1517790 432
1517800 434
1517810 434
1517820 436
1517830 436
1517840 436
1517850 436
1517860 435
1517870 435
1517880 435
1517890 435
1517900 435
1517910 435
1517920 435
1517930 435
1517940 435
1517950 435
1517960 435
1517970 435
1517980 434
1517990 434
1518000 434
1518010 434
1518020 434
1518030 434
1518040 434
1518050 434
1518060 434
1518070 433
1518080 433
1518090 433
1518100 433
1518110 433
1518120 433
1518130 433
1518140 433
1518150 432
1518160 432
1518170 432
1518180 432
1518190 431
1518200 431
1518210 431
1518220 431
1518230 431
1518240 430
1518250 430
1518260 430
1518270 430
1518280 429
1518290 429
1518300 429
1518310 429
1518320 429
1518330 429
1518340 429
1518350 429
1518360 429
1518370 428
1518380 428
1518390 428
1518400 428
1518410 428
1518420 428
1518430 427
1518440 427
1518450 427
1518460 427
1518470 427
1518480 427
1518490 427
1518500 427
1518510 427
1518520 427
1518530 427
1518540 427
1518550 427
1518560 427
1518570 427
1518580 427
1518590 427
1518600 426
1518610 426
1518620 426
1518630 426
1518640 427
1518650 427
1518660 427
1518670 427
1518680 427
1518690 428
1518700 429
1518710 429
1518720 428
1518730 428
1518740 428
1518750 428
1518760 429
1518770 430
1518780 430
1518790 431
1518800 433
1518810 433
1518820 434
1518830 434
1518840 434
1518850 434
1518860 433
1518870 433
1518880 432
1518890 431
1518900 431
1518910 430
1518920 429
1518930 429
1518940 428
1518950 428
1518960 428
1518970 428
1518980 428
1518990 428
1519000 428
1519010 428
1519020 428
1519030 428
1519040 428
1519050 428
1519060 428
1519070 428
1519080 428
1519090 428
1519100 428
1519110 428
1519120 428
1519130 428
1519140 428
1519150 428
1519160 428
1519170 428
1519180 428
1519190 428
1519200 428
1519210 429
1519220 428
1519230 428
1519240 427
1519250 427
1519260 427
1519270 426
1519280 426
1519290 426
1519300 426
1519310 426
1519320 426
1519330 426
1519340 426
1519350 426
1519360 426
1519370 426
1519380 426
1519390 426
1519400 426
1519410 426
1519420 426
1519430 426
1519440 426
1519450 426
1519460 426
1519470 426
1519480 426
1519490 426
1519500 426
1519510 426
1519520 426
1519530 426
1519540 426
1519550 426
1519560 426
1519570 425
1519580 425
1519590 425
1519600 425
1519610 425
1519620 425
1519630 425
1519640 425
1519650 425
1519660 424
1519670 424
1519680 424
1519690 424
1519700 424
1519710 424
1519720 423
1519730 423
1519740 423
1519750 423
1519760 423
1519770 423
1519780 423
1519790 423
1519800 423
1519810 423
1519820 423
1519830 423
1519840 423
1519850 423
1519860 424
1519870 424
1519880 424
1519890 424
1519900 424
1519910 424
1519920 424
1519930 424
1519940 424
1519950 424
1519960 424
1519970 424
1519980 424
1519990 424
