1500000 549
1500010 549
1500020 547
1500030 546
1500040 546
1500050 545
1500060 544
1500070 544
1500080 543
1500090 543
1500100 543
1500110 543
1500120 544
1500130 544
1500140 545
1500150 546
1500160 546
1500170 547
1500180 549
1500190 549
1500200 550
1500210 552
1500220 552
1500230 553
1500240 554
1500250 554
1500260 555
1500270 556
1500280 556
1500290 558
1500300 558
1500310 558
1500320 559
1500330 560
1500340 560
1500350 561
1500360 561
1500370 561
1500380 562
1500390 563
1500400 563
1500410 563
1500420 564
1500430 564
1500440 565
1500450 565
1500460 565
1500470 566
1500480 566
1500490 566
1500500 566
1500510 567
1500520 567
1500530 567
1500540 567
1500550 567
1500560 567
1500570 567
1500580 567
1500590 568
1500600 568
1500610 568
1500620 567
1500630 567
1500640 567
1500650 567
1500660 567
1500670 567
1500680 567
1500690 566
1500700 566
1500710 566
1500720 566
1500730 565
1500740 565
1500750 565
1500760 564
1500770 564
1500780 564
1500790 564
1500800 564
1500810 563
1500820 563
1500830 563
1500840 562
1500850 562
1500860 562
1500870 561
1500880 560
1500890 560
1500900 559
1500910 558
1500920 558
1500930 557
1500940 556
1500950 556
1500960 556
1500970 556
1500980 556
1500990 555
1501000 554
1501010 554
1501020 553
1501030 552
1501040 552
1501050 551
1501060 550
1501070 550
1501080 550
1501090 549
1501100 549
1501110 548
1501120 548
1501130 548
1501140 547
1501150 547
1501160 547
1501170 547
1501180 546
1501190 546
1501200 546
1501210 546
1501220 546
1501230 545
1501240 545
1501250 545
1501260 544
1501270 544
1501280 544
1501290 544
1501300 543
1501310 543
1501320 543
1501330 542
1501340 542
1501350 542
1501360 539
1501370 539
1501380 536
1501390 534
1501400 534
1501410 535
1501420 537
1501430 537
1501440 537
1501450 537
1501460 537
1501470 537
1501480 538
1501490 538
1501500 538
1501510 539
1501520 539
1501530 539
1501540 540
1501550 540
1501560 540
1501570 541
1501580 541
1501590 542
1501600 542
1501610 542
1501620 542
1501630 542
1501640 542
1501650 542
1501660 542
1501670 542
1501680 543
1501690 543
1501700 543
1501710 543
1501720 542
1501730 542
1501740 542
1501750 542
1501760 541
1501770 541
1501780 541
1501790 541
1501800 541
1501810 541
1501820 541
1501830 541
1501840 541
1501850 541
1501860 541
1501870 541
1501880 541
1501890 541
1501900 541
1501910 541
1501920 541
1501930 542
1501940 542
1501950 542
1501960 542
1501970 543
1501980 543
1501990 543
1502000 543
1502010 543
1502020 544
1502030 544
1502040 544
1502050 544
1502060 544
1502070 544
1502080 545
1502090 545
1502100 545
1502110 545
1502120 545
1502130 545
1502140 545
1502150 545
1502160 545
1502170 545
1502180 545
1502190 545
1502200 545
1502210 545
1502220 545
1502230 545
1502240 544
1502250 544
1502260 544
1502270 544
1502280 544
1502290 543
1502300 543
1502310 543
1502320 542
1502330 542
1502340 542
1502350 541
1502360 541
1502370 541
1502380 540
1502390 539
1502400 539
1502410 538
1502420 537
1502430 537
1502440 536
1502450 535
1502460 535
1502470 534
1502480 533
1502490 533
1502500 531
1502510 525
1502520 525
1502530 519
1502540 513
1502550 513
1502560 508
1502570 505
1502580 505
1502590 502
1502600 499
1502610 499
1502620 496
1502630 492
1502640 492
1502650 489
1502660 485
1502670 485
1502680 482
1502690 479
1502700 479
1502710 477
1502720 477
1502730 477
1502740 475
1502750 475
1502760 476
1502770 476
1502780 480
1502790 483
1502800 483
1502810 484
1502820 481
1502830 481
1502840 477
1502850 475
1502860 475
1502870 474
1502880 474
1502890 474
1502900 474
1502910 474
1502920 474
1502930 474
1502940 474
1502950 474
1502960 474
1502970 474
1502980 474
1502990 474
1503000 474
1503010 474
1503020 474
1503030 473
1503040 473
1503050 473
1503060 473
1503070 473
1503080 473
1503090 473
1503100 473
1503110 473
1503120 473
1503130 473
1503140 473
1503150 473
1503160 473
1503170 474
1503180 478
1503190 478
1503200 485
1503210 491
1503220 491
1503230 496
1503240 500
1503250 500
1503260 503
1503270 507
1503280 507
1503290 512
1503300 515
1503310 515
1503320 517
1503330 520
1503340 520
1503350 523
1503360 525
1503370 525
1503380 527
1503390 530
1503400 530
1503410 531
1503420 532
1503430 532
1503440 534
1503450 536
1503460 536
1503470 536
1503480 536
1503490 536
1503500 536
1503510 534
1503520 534
1503530 532
1503540 529
1503550 529
1503560 527
1503570 525
1503580 525
1503590 523
1503600 522
1503610 522
1503620 522
1503630 521
1503640 521
1503650 519
1503660 518
1503670 518
1503680 517
1503690 516
1503700 516
1503710 515
1503720 514
1503730 514
1503740 513
1503750 512
1503760 512
1503770 511
1503780 510
1503790 509
1503800 509
1503810 508
1503820 507
1503830 507
1503840 505
1503850 503
1503860 503
1503870 502
1503880 500
1503890 500
1503900 498
1503910 496
1503920 496
1503930 494
1503940 493
1503950 493
1503960 492
1503970 491
1503980 491
1503990 490
1504000 489
1504010 489
1504020 488
1504030 487
1504040 487
1504050 486
1504060 484
1504070 484
1504080 481
1504090 479
1504100 479
1504110 477
1504120 474
1504130 474
1504140 473
1504150 472
1504160 472
1504170 471
1504180 471
1504190 471
1504200 472
1504210 472
1504220 472
1504230 472
1504240 472
1504250 472
1504260 472
1504270 472
1504280 472
1504290 472
1504300 472
1504310 472
1504320 471
1504330 471
1504340 471
1504350 471
1504360 471
1504370 471
1504380 471
1504390 470
1504400 470
1504410 470
1504420 470
1504430 470
1504440 470
1504450 470
1504460 470
1504470 470
1504480 470
1504490 470
1504500 470
1504510 470
1504520 470
1504530 470
1504540 470
1504550 470
1504560 470
1504570 470
1504580 470
1504590 470
1504600 470
1504610 470
1504620 469
1504630 469
1504640 469
1504650 469
1504660 469
1504670 469
1504680 469
1504690 469
1504700 469
1504710 468
1504720 468
1504730 468
1504740 468
1504750 468
1504760 468
1504770 468
1504780 468
1504790 468
1504800 468
1504810 468
1504820 468
1504830 468
1504840 468
1504850 469
1504860 469
1504870 469
1504880 468
1504890 468
1504900 468
1504910 468
1504920 468
1504930 468
1504940 468
1504950 468
1504960 468
1504970 468
1504980 468
1504990 468
1505000 468
1505010 468
1505020 468
1505030 468
1505040 468
1505050 468
1505060 468
1505070 468
1505080 468
1505090 468
1505100 468
1505110 468
1505120 468
1505130 468
1505140 468
1505150 468
1505160 468
1505170 468
1505180 468
1505190 468
1505200 468
1505210 468
1505220 468
1505230 468
1505240 468
1505250 468
1505260 468
1505270 468
1505280 468
1505290 468
1505300 467
1505310 467
1505320 467
1505330 467
1505340 467
1505350 467
1505360 467
1505370 467
1505380 467
1505390 467
1505400 467
1505410 467
1505420 467
1505430 467
1505440 467
1505450 467
1505460 467
1505470 467
1505480 467
1505490 467
1505500 467
1505510 467
1505520 467
1505530 467
1505540 467
1505550 467
1505560 466
1505570 466
1505580 466
1505590 466
1505600 466
1505610 466
1505620 466
1505630 466
1505640 466
1505650 466
1505660 466
1505670 466
1505680 466
1505690 466
1505700 466
1505710 466
1505720 466
1505730 466
1505740 466
1505750 466
1505760 466
1505770 466
1505780 466
1505790 466
1505800 466
1505810 466
1505820 466
1505830 466
1505840 466
1505850 466
1505860 466
1505870 467
1505880 467
1505890 467
1505900 466
1505910 464
1505920 464
1505930 463
1505940 461
1505950 461
1505960 461
1505970 463
1505980 463
1505990 464
1506000 465
1506010 465
1506020 465
1506030 465
1506040 465
1506050 465
1506060 465
1506070 465
1506080 465
1506090 465
1506100 465
1506110 465
1506120 465
1506130 465
1506140 465
1506150 465
1506160 465
1506170 465
1506180 465
1506190 465
1506200 464
1506210 464
1506220 464
1506230 464
1506240 464
1506250 464
1506260 463
1506270 463
1506280 463
1506290 462
1506300 462
1506310 462
1506320 462
1506330 462
1506340 462
1506350 463
1506360 464
1506370 464
1506380 464
1506390 465
1506400 465
1506410 465
1506420 465
1506430 465
1506440 465
1506450 465
1506460 465
1506470 465
1506480 465
1506490 465
1506500 464
1506510 464
1506520 464
1506530 464
1506540 464
1506550 464
1506560 464
1506570 464
1506580 464
1506590 464
1506600 464
1506610 464
1506620 464
1506630 464
1506640 464
1506650 464
1506660 464
1506670 464
1506680 464
1506690 464
1506700 464
1506710 464
1506720 464
1506730 464
1506740 464
1506750 464
1506760 464
1506770 464
1506780 464
1506790 464
1506800 464
1506810 464
1506820 464
1506830 464
1506840 464
1506850 464
1506860 464
1506870 463
1506880 463
1506890 463
1506900 463
1506910 463
1506920 463
1506930 463
1506940 463
1506950 463
1506960 463
1506970 463
1506980 463
1506990 463
1507000 462
1507010 462
1507020 461
1507030 461
1507040 461
1507050 461
1507060 461
1507070 461
1507080 461
1507090 461
1507100 461
1507110 462
1507120 461
1507130 461
1507140 461
1507150 461
1507160 461
1507170 461
1507180 461
1507190 461
1507200 462
1507210 462
1507220 462
1507230 462
1507240 462
1507250 462
1507260 462
1507270 462
1507280 462
1507290 461
1507300 461
1507310 461
1507320 460
1507330 459
1507340 459
1507350 459
1507360 460
1507370 460
1507380 461
1507390 461
1507400 461
1507410 461
1507420 461
1507430 461
1507440 462
1507450 462
1507460 462
1507470 462
1507480 461
1507490 461
1507500 461
1507510 462
1507520 462
1507530 462
1507540 462
1507550 462
1507560 462
1507570 463
1507580 463
1507590 463
1507600 463
1507610 463
1507620 463
1507630 463
1507640 463
1507650 463
1507660 463
1507670 463
1507680 462
1507690 462
1507700 462
1507710 462
1507720 462
1507730 462
1507740 462
1507750 461
1507760 461
1507770 461
1507780 461
1507790 461
1507800 461
1507810 461
1507820 461
1507830 461
1507840 461
1507850 461
1507860 461
1507870 461
1507880 461
1507890 461
1507900 460
1507910 460
1507920 460
1507930 460
1507940 460
1507950 460
1507960 460
1507970 460
1507980 460
1507990 460
1508000 460
1508010 460
1508020 460
1508030 460
1508040 460
1508050 460
1508060 460
1508070 460
1508080 460
1508090 459
1508100 459
1508110 459
1508120 459
1508130 459
1508140 459
1508150 458
1508160 458
1508170 458
1508180 458
1508190 458
1508200 458
1508210 458
1508220 458
1508230 458
1508240 458
1508250 458
1508260 458
1508270 458
1508280 458
1508290 458
1508300 458
1508310 458
1508320 458
1508330 459
1508340 459
1508350 460
1508360 460
1508370 460
1508380 460
1508390 459
1508400 459
1508410 458
1508420 458
1508430 458
1508440 458
1508450 458
1508460 458
1508470 458
1508480 459
1508490 459
1508500 459
1508510 459
1508520 459
1508530 459
1508540 459
1508550 459
1508560 459
1508570 459
1508580 459
1508590 458
1508600 458
1508610 458
1508620 459
1508630 459
1508640 459
1508650 459
1508660 459
1508670 459
1508680 459
1508690 459
1508700 459
1508710 459
1508720 458
1508730 458
1508740 458
1508750 458
1508760 458
1508770 458
1508780 458
1508790 458
1508800 458
1508810 458
1508820 458
1508830 458
1508840 458
1508850 458
1508860 458
1508870 459
1508880 459
1508890 459
1508900 459
1508910 459
1508920 459
1508930 459
1508940 459
1508950 459
1508960 459
1508970 459
1508980 459
1508990 459
1509000 459
1509010 459
1509020 459
1509030 459
1509040 459
1509050 459
1509060 458
1509070 458
1509080 458
1509090 458
1509100 458
1509110 458
1509120 458
1509130 458
1509140 458
1509150 458
1509160 458
1509170 458
1509180 458
1509190 458
1509200 458
1509210 458
1509220 458
1509230 458
1509240 458
1509250 458
1509260 458
1509270 458
1509280 458
1509290 458
1509300 458
1509310 458
1509320 458
1509330 458
1509340 458
1509350 458
1509360 458
1509370 458
1509380 458
1509390 458
1509400 458
1509410 458
1509420 458
1509430 458
1509440 458
1509450 458
1509460 458
1509470 458
1509480 458
1509490 458
1509500 458
1509510 458
1509520 458
1509530 458
1509540 458
1509550 458
1509560 458
1509570 458
1509580 458
1509590 458
1509600 458
1509610 458
1509620 458
1509630 458
1509640 458
1509650 457
1509660 457
1509670 457
1509680 457
1509690 457
1509700 457
1509710 457
1509720 457
1509730 457
1509740 457
1509750 457
1509760 457
1509770 457
1509780 457
1509790 457
1509800 457
1509810 457
1509820 457
1509830 457
1509840 457
1509850 457
1509860 457
1509870 457
1509880 457
1509890 457
1509900 456
1509910 456
1509920 456
1509930 456
1509940 456
1509950 456
1509960 456
1509970 456
1509980 456
1509990 456
1510000 456
1510010 456
1510020 456
1510030 456
1510040 456
1510050 456
1510060 456
1510070 456
1510080 455
1510090 455
1510100 455
1510110 455
1510120 455
1510130 455
1510140 455
1510150 454
1510160 454
1510170 454
1510180 454
1510190 454
1510200 454
1510210 454
1510220 454
1510230 454
1510240 454
1510250 454
1510260 454
1510270 454
1510280 454
1510290 454
1510300 454
1510310 454
1510320 454
1510330 454
1510340 454
1510350 454
1510360 454
1510370 454
1510380 454
1510390 454
1510400 454
1510410 454
1510420 453
1510430 453
1510440 452
1510450 453
1510460 453
1510470 455
1510480 455
1510490 455
1510500 455
1510510 455
1510520 455
1510530 455
1510540 455
1510550 455
1510560 455
1510570 455
1510580 455
1510590 455
1510600 455
1510610 455
1510620 455
1510630 455
1510640 455
1510650 455
1510660 455
1510670 455
1510680 455
1510690 455
1510700 455
1510710 455
1510720 455
1510730 455
1510740 455
1510750 455
1510760 455
1510770 455
1510780 454
1510790 454
1510800 455
1510810 455
1510820 455
1510830 455
1510840 455
1510850 455
1510860 455
1510870 455
1510880 455
1510890 455
1510900 455
1510910 455
1510920 455
1510930 455
1510940 455
1510950 455
1510960 455
1510970 455
1510980 455
1510990 455
1511000 455
1511010 455
1511020 456
1511030 457
1511040 457
1511050 458
1511060 460
1511070 460
1511080 460
1511090 460
1511100 460
1511110 458
1511120 457
1511130 457
1511140 459
1511150 462
1511160 462
1511170 462
1511180 461
1511190 461
1511200 462
1511210 461
1511220 461
1511230 458
1511240 457
1511250 457
1511260 456
1511270 456
1511280 456
1511290 456
1511300 456
1511310 456
1511320 456
1511330 456
1511340 456
1511350 455
1511360 455
1511370 455
1511380 454
1511390 454
1511400 454
1511410 454
1511420 454
1511430 454
1511440 455
1511450 455
1511460 455
1511470 455
1511480 455
1511490 455
1511500 455
1511510 455
1511520 455
1511530 455
1511540 455
1511550 455
1511560 455
1511570 455
1511580 455
1511590 455
1511600 456
1511610 456
1511620 456
1511630 456
1511640 456
1511650 456
1511660 456
1511670 456
1511680 457
1511690 457
1511700 457
1511710 457
1511720 458
1511730 458
1511740 458
1511750 459
1511760 459
1511770 460
1511780 460
1511790 460
1511800 461
1511810 462
1511820 462
1511830 463
1511840 464
1511850 464
1511860 465
1511870 467
1511880 467
1511890 468
1511900 470
1511910 470
1511920 472
1511930 473
1511940 473
1511950 475
1511960 476
1511970 476
1511980 477
1511990 477
1512000 477
1512010 478
1512020 477
1512030 476
1512040 476
1512050 475
1512060 472
1512070 472
1512080 469
1512090 466
1512100 466
1512110 464
1512120 463
1512130 463
1512140 463
1512150 463
1512160 463
1512170 463
1512180 463
1512190 463
1512200 463
1512210 463
1512220 463
1512230 465
1512240 466
1512250 466
1512260 468
1512270 469
1512280 469
1512290 472
1512300 474
1512310 474
1512320 476
1512330 478
1512340 478
1512350 480
1512360 482
1512370 482
1512380 484
1512390 485
1512400 485
1512410 487
1512420 488
1512430 488
1512440 489
1512450 490
1512460 490
1512470 490
1512480 490
1512490 490
1512500 490
1512510 490
1512520 490
1512530 490
1512540 490
1512550 490
1512560 490
1512570 491
1512580 491
1512590 492
1512600 492
1512610 492
1512620 492
1512630 492
1512640 492
1512650 492
1512660 494
1512670 494
1512680 495
1512690 494
1512700 494
1512710 494
1512720 494
1512730 494
1512740 495
1512750 495
1512760 495
1512770 494
1512780 494
1512790 494
1512800 494
1512810 494
1512820 494
1512830 493
1512840 492
1512850 492
1512860 492
1512870 495
1512880 495
1512890 497
1512900 500
1512910 500
1512920 503
1512930 505
1512940 505
1512950 507
1512960 508
1512970 508
1512980 509
1512990 509
1513000 509
1513010 509
1513020 509
1513030 509
1513040 509
1513050 509
1513060 509
1513070 509
1513080 509
1513090 509
1513100 509
1513110 509
1513120 509
1513130 509
1513140 508
1513150 508
1513160 508
1513170 508
1513180 508
1513190 508
1513200 508
1513210 508
1513220 508
1513230 508
1513240 508
1513250 508
1513260 508
1513270 508
1513280 508
1513290 508
1513300 507
1513310 507
1513320 507
1513330 507
1513340 507
1513350 507
1513360 507
1513370 507
1513380 507
1513390 506
1513400 506
1513410 506
1513420 506
1513430 506
1513440 506
1513450 506
1513460 506
1513470 506
1513480 505
1513490 505
1513500 505
1513510 505
1513520 505
1513530 504
1513540 502
1513550 502
1513560 500
1513570 498
1513580 498
1513590 496
1513600 493
1513610 493
1513620 490
1513630 487
1513640 487
1513650 486
1513660 484
1513670 484
1513680 483
1513690 482
1513700 482
1513710 481
1513720 480
1513730 480
1513740 479
1513750 478
1513760 478
1513770 478
1513780 478
1513790 478
1513800 478
1513810 478
1513820 478
1513830 477
1513840 477
1513850 477
1513860 476
1513870 475
1513880 475
1513890 474
1513900 474
1513910 474
1513920 474
1513930 473
1513940 473
1513950 473
1513960 471
1513970 471
1513980 467
1513990 463
1514000 463
1514010 461
1514020 460
1514030 460
1514040 459
1514050 458
1514060 458
1514070 458
1514080 457
1514090 457
1514100 457
1514110 457
1514120 457
1514130 457
1514140 457
1514150 457
1514160 457
1514170 457
1514180 457
1514190 457
1514200 457
1514210 458
1514220 458
1514230 458
1514240 458
1514250 458
1514260 457
1514270 457
1514280 457
1514290 457
1514300 457
1514310 457
1514320 457
1514330 456
1514340 456
1514350 456
1514360 457
1514370 457
1514380 456
1514390 456
1514400 456
1514410 456
1514420 456
1514430 456
1514440 455
1514450 455
1514460 455
1514470 455
1514480 453
1514490 453
1514500 453
1514510 456
1514520 456
1514530 457
1514540 457
1514550 457
1514560 457
1514570 457
1514580 457
1514590 457
1514600 457
1514610 457
1514620 457
1514630 457
1514640 457
1514650 457
1514660 456
1514670 456
1514680 456
1514690 455
1514700 455
1514710 456
1514720 457
1514730 457
1514740 458
1514750 459
1514760 459
1514770 461
1514780 461
1514790 461
1514800 462
1514810 463
1514820 463
1514830 465
1514840 466
1514850 466
1514860 467
1514870 469
1514880 469
1514890 471
1514900 472
1514910 472
1514920 474
1514930 476
1514940 476
1514950 478
1514960 480
1514970 480
1514980 481
1514990 483
1515000 483
1515010 485
1515020 487
1515030 487
1515040 489
1515050 490
1515060 490
1515070 492
1515080 494
1515090 494
1515100 496
1515110 498
1515120 498
1515130 500
1515140 502
1515150 503
1515160 503
1515170 505
1515180 507
1515190 507
1515200 508
1515210 510
1515220 510
1515230 512
1515240 513
1515250 513
1515260 515
1515270 517
1515280 517
1515290 519
1515300 520
1515310 520
1515320 521
1515330 522
1515340 522
1515350 523
1515360 523
1515370 523
1515380 524
1515390 524
1515400 524
1515410 525
1515420 525
1515430 525
1515440 526
1515450 526
1515460 526
1515470 526
1515480 527
1515490 527
1515500 527
1515510 527
1515520 527
1515530 528
1515540 528
1515550 528
1515560 529
1515570 529
1515580 529
1515590 530
1515600 530
1515610 530
1515620 531
1515630 531
1515640 531
1515650 531
1515660 532
1515670 532
1515680 532
1515690 533
1515700 533
1515710 534
1515720 534
1515730 534
1515740 535
1515750 535
1515760 535
1515770 536
1515780 536
1515790 536
1515800 537
1515810 537
1515820 537
1515830 538
1515840 538
1515850 538
1515860 539
1515870 539
1515880 539
1515890 539
1515900 539
1515910 539
1515920 540
1515930 540
1515940 540
1515950 540
1515960 540
1515970 540
1515980 541
1515990 541
1516000 541
1516010 541
1516020 541
1516030 541
1516040 541
1516050 541
1516060 541
1516070 541
1516080 542
1516090 542
1516100 542
1516110 542
1516120 542
1516130 542
1516140 542
1516150 542
1516160 542
1516170 542
1516180 542
1516190 542
1516200 542
1516210 542
1516220 542
1516230 541
1516240 541
1516250 541
1516260 541
1516270 540
1516280 540
1516290 539
1516300 539
1516310 539
1516320 537
1516330 536
1516340 536
1516350 534
1516360 532
1516370 532
1516380 531
1516390 530
1516400 530
1516410 529
1516420 527
1516430 527
1516440 522
1516450 517
1516460 517
1516470 515
1516480 518
1516490 518
1516500 521
1516510 523
1516520 523
1516530 527
1516540 531
1516550 531
1516560 535
1516570 540
1516580 540
1516590 543
1516600 546
1516610 546
1516620 547
1516630 549
1516640 549
1516650 550
1516660 550
1516670 550
1516680 551
1516690 551
1516700 551
1516710 552
1516720 552
1516730 552
1516740 552
1516750 553
1516760 553
1516770 553
1516780 553
1516790 553
1516800 554
1516810 554
1516820 554
1516830 554
1516840 554
1516850 554
1516860 555
1516870 555
1516880 555
1516890 555
1516900 555
1516910 555
1516920 555
1516930 556
1516940 556
1516950 556
1516960 556
1516970 556
1516980 555
1516990 555
1517000 555
1517010 555
1517020 555
1517030 555
1517040 554
1517050 554
1517060 554
1517070 554
1517080 553
1517090 553
1517100 553
1517110 553
1517120 553
1517130 552
1517140 552
1517150 552
1517160 551
1517170 551
1517180 551
1517190 550
1517200 550
1517210 549
1517220 549
1517230 547
1517240 546
1517250 546
1517260 544
1517270 543
1517280 543
1517290 542
1517300 540
1517310 540
1517320 539
1517330 539
1517340 539
1517350 538
1517360 538
1517370 538
1517380 538
1517390 537
1517400 537
1517410 537
1517420 536
1517430 536
1517440 535
1517450 534
1517460 534
1517470 533
1517480 532
1517490 532
1517500 532
1517510 531
1517520 531
1517530 530
1517540 529
1517550 529
1517560 528
1517570 527
1517580 527
1517590 526
1517600 525
1517610 525
1517620 524
1517630 523
1517640 523
1517650 523
1517660 522
1517670 522
1517680 521
1517690 519
1517700 519
1517710 517
1517720 516
1517730 516
1517740 516
1517750 515
1517760 515
1517770 514
1517780 513
1517790 513
1517800 512
1517810 511
1517820 511
1517830 509
1517840 507
1517850 507
1517860 505
1517870 503
1517880 503
1517890 501
1517900 501
1517910 501
1517920 500
1517930 499
1517940 499
1517950 499
1517960 499
1517970 499
1517980 500
1517990 500
1518000 500
1518010 500
1518020 500
1518030 500
1518040 500
1518050 500
1518060 500
1518070 500
1518080 500
1518090 500
1518100 501
1518110 502
1518120 502
1518130 503
1518140 504
1518150 504
1518160 505
1518170 506
1518180 506
1518190 507
1518200 508
1518210 508
1518220 509
1518230 508
1518240 508
1518250 508
1518260 508
1518270 508
1518280 508
1518290 509
1518300 509
1518310 509
1518320 510
1518330 509
1518340 509
1518350 509
1518360 509
1518370 509
1518380 508
1518390 508
1518400 508
1518410 507
1518420 507
1518430 507
1518440 507
1518450 506
1518460 506
1518470 506
1518480 505
1518490 505
1518500 504
1518510 504
1518520 504
1518530 503
1518540 503
1518550 503
1518560 502
1518570 500
1518580 500
1518590 499
1518600 499
1518610 499
1518620 499
1518630 498
1518640 498
1518650 497
1518660 496
1518670 496
1518680 495
1518690 495
1518700 495
1518710 494
1518720 493
1518730 493
1518740 493
1518750 492
1518760 492
1518770 492
1518780 491
1518790 491
1518800 490
1518810 490
1518820 490
1518830 489
1518840 489
1518850 489
1518860 488
1518870 487
1518880 487
1518890 487
1518900 486
1518910 486
1518920 486
1518930 485
1518940 485
1518950 485
1518960 485
1518970 485
1518980 484
1518990 484
1519000 484
1519010 483
1519020 482
1519030 482
1519040 479
1519050 474
1519060 474
1519070 471
1519080 469
1519090 469
1519100 468
1519110 469
1519120 469
1519130 469
1519140 468
1519150 468
1519160 467
1519170 465
1519180 465
1519190 464
1519200 463
1519210 463
1519220 462
1519230 462
1519240 462
1519250 462
1519260 464
1519270 464
1519280 464
1519290 463
1519300 463
1519310 463
1519320 461
1519330 460
1519340 460
1519350 459
1519360 458
1519370 458
1519380 456
1519390 455
1519400 455
1519410 458
1519420 460
1519430 460
1519440 461
1519450 464
1519460 464
1519470 471
1519480 475
1519490 475
1519500 476
1519510 477
1519520 477
1519530 477
1519540 476
1519550 476
1519560 475
1519570 476
1519580 476
1519590 478
1519600 481
1519610 481
1519620 484
1519630 486
1519640 486
1519650 488
1519660 490
1519670 490
1519680 492
1519690 494
1519700 494
1519710 496
1519720 498
1519730 498
1519740 501
1519750 503
1519760 503
1519770 506
1519780 510
1519790 510
1519800 513
1519810 516
1519820 516
1519830 518
1519840 519
1519850 519
1519860 521
1519870 523
1519880 523
1519890 524
1519900 525
1519910 525
1519920 526
1519930 527
1519940 527
1519950 527
1519960 527
1519970 527
1519980 528
1519990 528
