1500000 574
1500010 574
1500020 574
1500030 574
1500040 574
1500050 574
1500060 574
1500070 574
1500080 574
1500090 574
1500100 573
1500110 573
1500120 573
1500130 573
1500140 573
1500150 573
1500160 573
1500170 573
1500180 573
1500190 573
1500200 573
1500210 573
1500220 573
1500230 573
1500240 573
1500250 572
1500260 572
1500270 572
1500280 572
1500290 572
1500300 572
1500310 572
1500320 572
1500330 572
1500340 572
1500350 572
1500360 572
1500370 572
1500380 571
1500390 571
1500400 571
1500410 571
1500420 571
1500430 571
1500440 571
1500450 571
1500460 571
1500470 571
1500480 571
1500490 571
1500500 571
1500510 571
1500520 570
1500530 570
1500540 570
1500550 570
1500560 570
1500570 570
1500580 569
1500590 569
1500600 569
1500610 569
1500620 569
1500630 569
1500640 568
1500650 569
1500660 569
1500670 568
1500680 568
1500690 568
1500700 568
1500710 568
1500720 568
1500730 568
1500740 568
1500750 568
1500760 568
1500770 568
1500780 568
1500790 568
1500800 568
1500810 568
1500820 568
1500830 567
1500840 567
1500850 567
1500860 567
1500870 567
1500880 567
1500890 567
1500900 567
1500910 567
1500920 567
1500930 567
1500940 567
1500950 566
1500960 566
1500970 566
1500980 566
1500990 566
1501000 566
1501010 566
1501020 566
1501030 566
1501040 565
1501050 565
1501060 565
1501070 565
1501080 565
1501090 565
1501100 565
1501110 565
1501120 565
1501130 564
1501140 564
1501150 564
1501160 564
1501170 564
1501180 564
1501190 564
1501200 563
1501210 563
1501220 563
1501230 563
1501240 563
1501250 563
1501260 563
1501270 563
1501280 562
1501290 562
1501300 562
1501310 562
1501320 561
1501330 561
1501340 561
1501350 561
1501360 561
1501370 561
1501380 561
1501390 561
1501400 560
1501410 559
1501420 559
1501430 558
1501440 557
1501450 557
1501460 555
1501470 553
1501480 553
1501490 550
1501500 546
1501510 546
1501520 542
1501530 539
1501540 539
1501550 537
1501560 536
1501570 536
1501580 533
1501590 530
1501600 530
1501610 527
1501620 525
1501630 525
1501640 523
1501650 521
1501660 521
1501670 519
1501680 517
1501690 517
1501700 516
1501710 514
1501720 514
1501730 513
1501740 511
1501750 511
1501760 510
1501770 509
1501780 509
1501790 507
1501800 506
1501810 504
1501820 504
1501830 502
1501840 501
1501850 501
1501860 499
1501870 498
1501880 498
1501890 496
1501900 495
1501910 495
1501920 494
1501930 494
1501940 494
1501950 492
1501960 491
1501970 491
1501980 490
1501990 490
1502000 490
1502010 490
1502020 490
1502030 490
1502040 489
1502050 489
1502060 489
1502070 489
1502080 489
1502090 489
1502100 489
1502110 488
1502120 488
1502130 487
1502140 487
1502150 487
1502160 487
1502170 487
1502180 487
1502190 487
1502200 487
1502210 487
1502220 487
1502230 486
1502240 486
1502250 486
1502260 486
1502270 486
1502280 486
1502290 486
1502300 486
1502310 486
1502320 485
1502330 485
1502340 485
1502350 485
1502360 485
1502370 485
1502380 485
1502390 485
1502400 485
1502410 485
1502420 485
1502430 485
1502440 485
1502450 485
1502460 484
1502470 484
1502480 484
1502490 484
1502500 484
1502510 484
1502520 484
1502530 484
1502540 484
1502550 484
1502560 484
1502570 484
1502580 484
1502590 484
1502600 484
1502610 484
1502620 484
1502630 484
1502640 484
1502650 484
1502660 484
1502670 484
1502680 485
1502690 485
1502700 484
1502710 484
1502720 484
1502730 484
1502740 484
1502750 484
1502760 484
1502770 484
1502780 484
1502790 484
1502800 484
1502810 484
1502820 484
1502830 484
1502840 484
1502850 485
1502860 484
1502870 484
1502880 482
1502890 483
1502900 483
1502910 485
1502920 485
1502930 485
1502940 485
1502950 485
1502960 485
1502970 485
1502980 485
1502990 485
1503000 485
1503010 485
1503020 485
1503030 485
1503040 484
1503050 484
1503060 484
1503070 484
1503080 484
1503090 484
1503100 484
1503110 484
1503120 484
1503130 485
1503140 485
1503150 485
1503160 485
1503170 485
1503180 485
1503190 486
1503200 486
1503210 486
1503220 487
1503230 488
1503240 488
1503250 488
1503260 488
1503270 488
1503280 488
1503290 487
1503300 487
1503310 488
1503320 488
1503330 488
1503340 491
1503350 496
1503360 496
1503370 501
1503380 503
1503390 503
1503400 503
1503410 503
1503420 503
1503430 505
1503440 506
1503450 506
1503460 508
1503470 510
1503480 510
1503490 512
1503500 514
1503510 514
1503520 516
1503530 517
1503540 517
1503550 519
1503560 520
1503570 520
1503580 521
1503590 521
1503600 521
1503610 522
1503620 523
1503630 523
1503640 523
1503650 523
1503660 523
1503670 523
1503680 523
1503690 523
1503700 523
1503710 524
1503720 524
1503730 524
1503740 525
1503750 525
1503760 525
1503770 525
1503780 525
1503790 525
1503800 525
1503810 525
1503820 525
1503830 525
1503840 525
1503850 526
1503860 526
1503870 526
1503880 526
1503890 526
1503900 526
1503910 526
1503920 526
1503930 526
1503940 526
1503950 525
1503960 525
1503970 524
1503980 523
1503990 523
1504000 521
1504010 519
1504020 518
1504030 518
1504040 517
1504050 516
1504060 516
1504070 515
1504080 514
1504090 514
1504100 513
1504110 512
1504120 512
1504130 511
1504140 510
1504150 510
1504160 509
1504170 506
1504180 506
1504190 504
1504200 502
1504210 502
1504220 501
1504230 500
1504240 500
1504250 499
1504260 498
1504270 498
1504280 497
1504290 496
1504300 496
1504310 496
1504320 495
1504330 495
1504340 494
1504350 494
1504360 494
1504370 493
1504380 493
1504390 493
1504400 493
1504410 492
1504420 492
1504430 492
1504440 492
1504450 492
1504460 491
1504470 491
1504480 491
1504490 491
1504500 491
1504510 491
1504520 491
1504530 491
1504540 491
1504550 490
1504560 489
1504570 489
1504580 490
1504590 490
1504600 490
1504610 490
1504620 490
1504630 490
1504640 490
1504650 491
1504660 491
1504670 491
1504680 491
1504690 491
1504700 491
1504710 491
1504720 491
1504730 491
1504740 491
1504750 491
1504760 490
1504770 490
1504780 490
1504790 490
1504800 489
1504810 489
1504820 489
1504830 489
1504840 489
1504850 489
1504860 489
1504870 489
1504880 489
1504890 488
1504900 488
1504910 488
1504920 489
1504930 489
1504940 489
1504950 489
1504960 489
1504970 489
1504980 490
1504990 490
1505000 491
1505010 494
1505020 494
1505030 499
1505040 503
1505050 503
1505060 504
1505070 505
1505080 505
1505090 506
1505100 507
1505110 508
1505120 508
1505130 509
1505140 510
1505150 510
1505160 511
1505170 512
1505180 512
1505190 513
1505200 515
1505210 515
1505220 516
1505230 517
1505240 517
1505250 517
1505260 518
1505270 518
1505280 518
1505290 518
1505300 518
1505310 516
1505320 513
1505330 513
1505340 513
1505350 516
1505360 516
1505370 518
1505380 521
1505390 521
1505400 523
1505410 525
1505420 525
1505430 527
1505440 528
1505450 528
1505460 529
1505470 531
1505480 531
1505490 532
1505500 533
1505510 533
1505520 534
1505530 535
1505540 535
1505550 535
1505560 535
1505570 535
1505580 536
1505590 536
1505600 536
1505610 537
1505620 537
1505630 537
1505640 537
1505650 537
1505660 537
1505670 537
1505680 537
1505690 537
1505700 537
1505710 537
1505720 537
1505730 537
1505740 537
1505750 537
1505760 536
1505770 536
1505780 536
1505790 536
1505800 536
1505810 536
1505820 535
1505830 534
1505840 534
1505850 533
1505860 532
1505870 532
1505880 531
1505890 530
1505900 530
1505910 529
1505920 527
1505930 527
1505940 526
1505950 525
1505960 525
1505970 524
1505980 523
1505990 523
1506000 521
1506010 519
1506020 519
1506030 517
1506040 515
1506050 515
1506060 514
1506070 513
1506080 513
1506090 512
1506100 511
1506110 511
1506120 510
1506130 508
1506140 508
1506150 507
1506160 505
1506170 505
1506180 503
1506190 502
1506200 501
1506210 501
1506220 500
1506230 499
1506240 499
1506250 498
1506260 498
1506270 498
1506280 498
1506290 498
1506300 498
1506310 498
1506320 498
1506330 498
1506340 498
1506350 499
1506360 499
1506370 499
1506380 499
1506390 499
1506400 500
1506410 500
1506420 500
1506430 501
1506440 501
1506450 501
1506460 501
1506470 500
1506480 500
1506490 499
1506500 499
1506510 499
1506520 498
1506530 497
1506540 497
1506550 497
1506560 496
1506570 496
1506580 496
1506590 495
1506600 495
1506610 495
1506620 494
1506630 494
1506640 493
1506650 491
1506660 491
1506670 489
1506680 488
1506690 488
1506700 488
1506710 489
1506720 489
1506730 489
1506740 489
1506750 489
1506760 489
1506770 489
1506780 489
1506790 489
1506800 489
1506810 489
1506820 490
1506830 490
1506840 490
1506850 490
1506860 491
1506870 491
1506880 491
1506890 492
1506900 492
1506910 493
1506920 494
1506930 494
1506940 494
1506950 495
1506960 495
1506970 496
1506980 497
1506990 497
1507000 497
1507010 498
1507020 498
1507030 499
1507040 500
1507050 500
1507060 501
1507070 502
1507080 502
1507090 503
1507100 504
1507110 504
1507120 505
1507130 506
1507140 506
1507150 507
1507160 508
1507170 508
1507180 509
1507190 510
1507200 510
1507210 511
1507220 512
1507230 512
1507240 513
1507250 514
1507260 514
1507270 514
1507280 515
1507290 515
1507300 516
1507310 516
1507320 517
1507330 517
1507340 517
1507350 517
1507360 517
1507370 518
1507380 518
1507390 518
1507400 517
1507410 517
1507420 517
1507430 516
1507440 516
1507450 516
1507460 516
1507470 516
1507480 516
1507490 516
1507500 516
1507510 516
1507520 515
1507530 515
1507540 515
1507550 514
1507560 514
1507570 514
1507580 513
1507590 512
1507600 512
1507610 511
1507620 510
1507630 510
1507640 508
1507650 507
1507660 507
1507670 506
1507680 507
1507690 507
1507700 507
1507710 505
1507720 505
1507730 504
1507740 504
1507750 504
1507760 504
1507770 504
1507780 504
1507790 504
1507800 504
1507810 504
1507820 504
1507830 504
1507840 504
1507850 503
1507860 501
1507870 501
1507880 501
1507890 500
1507900 500
1507910 499
1507920 498
1507930 498
1507940 497
1507950 497
1507960 497
1507970 497
1507980 497
1507990 497
1508000 497
1508010 496
1508020 496
1508030 496
1508040 496
1508050 496
1508060 497
1508070 497
1508080 497
1508090 497
1508100 496
1508110 496
1508120 496
1508130 496
1508140 496
1508150 496
1508160 496
1508170 496
1508180 496
1508190 495
1508200 495
1508210 494
1508220 493
1508230 493
1508240 492
1508250 491
1508260 491
1508270 491
1508280 490
1508290 490
1508300 489
1508310 489
1508320 489
1508330 488
1508340 487
1508350 487
1508360 487
1508370 486
1508380 486
1508390 484
1508400 483
1508410 482
1508420 482
1508430 481
1508440 480
1508450 480
1508460 478
1508470 477
1508480 477
1508490 475
1508500 475
1508510 475
1508520 475
1508530 475
1508540 475
1508550 475
1508560 475
1508570 475
1508580 475
1508590 475
1508600 475
1508610 475
1508620 475
1508630 475
1508640 474
1508650 474
1508660 474
1508670 474
1508680 475
1508690 475
1508700 475
1508710 475
1508720 475
1508730 474
1508740 474
1508750 474
1508760 474
1508770 474
1508780 474
1508790 475
1508800 475
1508810 475
1508820 476
1508830 477
1508840 477
1508850 478
1508860 478
1508870 478
1508880 479
1508890 480
1508900 480
1508910 481
1508920 482
1508930 482
1508940 482
1508950 483
1508960 483
1508970 485
1508980 486
1508990 486
1509000 487
1509010 489
1509020 489
1509030 491
1509040 493
1509050 493
1509060 495
1509070 497
1509080 497
1509090 499
1509100 500
1509110 500
1509120 501
1509130 501
1509140 501
1509150 502
1509160 503
1509170 503
1509180 504
1509190 504
1509200 504
1509210 505
1509220 507
1509230 507
1509240 509
1509250 510
1509260 510
1509270 511
1509280 511
1509290 511
1509300 511
1509310 511
1509320 511
1509330 511
1509340 511
1509350 511
1509360 511
1509370 511
1509380 511
1509390 511
1509400 511
1509410 511
1509420 510
1509430 510
1509440 510
1509450 509
1509460 509
1509470 509
1509480 508
1509490 507
1509500 507
1509510 507
1509520 506
1509530 505
1509540 505
1509550 505
1509560 504
1509570 504
1509580 504
1509590 503
1509600 503
1509610 503
1509620 502
1509630 502
1509640 502
1509650 501
1509660 501
1509670 501
1509680 500
1509690 500
1509700 500
1509710 499
1509720 499
1509730 498
1509740 497
1509750 497
1509760 497
1509770 496
1509780 496
1509790 495
1509800 495
1509810 495
1509820 494
1509830 494
1509840 494
1509850 493
1509860 492
1509870 492
1509880 492
1509890 491
1509900 491
1509910 491
1509920 491
1509930 491
1509940 491
1509950 491
1509960 491
1509970 491
1509980 491
1509990 491
1510000 490
1510010 490
1510020 490
1510030 490
1510040 490
1510050 490
1510060 490
1510070 490
1510080 490
1510090 489
1510100 489
1510110 489
1510120 488
1510130 488
1510140 488
1510150 488
1510160 487
1510170 487
1510180 487
1510190 486
1510200 486
1510210 486
1510220 485
1510230 485
1510240 485
1510250 484
1510260 484
1510270 484
1510280 483
1510290 483
1510300 482
1510310 481
1510320 481
1510330 480
1510340 480
1510350 480
1510360 480
1510370 479
1510380 479
1510390 479
1510400 479
1510410 479
1510420 479
1510430 479
1510440 479
1510450 479
1510460 479
1510470 479
1510480 480
1510490 481
1510500 481
1510510 484
1510520 490
1510530 490
1510540 497
1510550 502
1510560 502
1510570 505
1510580 506
1510590 506
1510600 507
1510610 509
1510620 510
1510630 510
1510640 511
1510650 511
1510660 511
1510670 511
1510680 513
1510690 513
1510700 517
1510710 521
1510720 521
1510730 524
1510740 526
1510750 526
1510760 528
1510770 530
1510780 530
1510790 532
1510800 535
1510810 535
1510820 537
1510830 539
1510840 539
1510850 541
1510860 543
1510870 543
1510880 545
1510890 548
1510900 548
1510910 550
1510920 552
1510930 552
1510940 554
1510950 556
1510960 556
1510970 557
1510980 559
1510990 559
1511000 561
1511010 563
1511020 563
1511030 565
1511040 566
1511050 566
1511060 567
1511070 567
1511080 567
1511090 567
1511100 568
1511110 568
1511120 569
1511130 569
1511140 569
1511150 569
1511160 568
1511170 568
1511180 568
1511190 568
1511200 568
1511210 567
1511220 567
1511230 567
1511240 567
1511250 567
1511260 567
1511270 567
1511280 567
1511290 567
1511300 567
1511310 567
1511320 567
1511330 567
1511340 567
1511350 567
1511360 567
1511370 567
1511380 567
1511390 567
1511400 566
1511410 566
1511420 566
1511430 566
1511440 566
1511450 566
1511460 566
1511470 566
1511480 566
1511490 566
1511500 566
1511510 566
1511520 566
1511530 566
1511540 566
1511550 566
1511560 566
1511570 565
1511580 565
1511590 565
1511600 565
1511610 564
1511620 564
1511630 564
1511640 563
1511650 563
1511660 563
1511670 562
1511680 562
1511690 562
1511700 561
1511710 559
1511720 559
1511730 557
1511740 555
1511750 555
1511760 553
1511770 551
1511780 551
1511790 549
1511800 548
1511810 548
1511820 547
1511830 547
1511840 547
1511850 546
1511860 546
1511870 546
1511880 545
1511890 544
1511900 544
1511910 543
1511920 542
1511930 542
1511940 541
1511950 541
1511960 541
1511970 540
1511980 539
1511990 539
1512000 538
1512010 537
1512020 537
1512030 536
1512040 536
1512050 536
1512060 535
1512070 534
1512080 534
1512090 534
1512100 533
1512110 533
1512120 532
1512130 531
1512140 531
1512150 530
1512160 530
1512170 530
1512180 529
1512190 528
1512200 528
1512210 528
1512220 527
1512230 527
1512240 527
1512250 526
1512260 526
1512270 526
1512280 525
1512290 525
1512300 525
1512310 524
1512320 524
1512330 522
1512340 520
1512350 520
1512360 517
1512370 514
1512380 514
1512390 512
1512400 510
1512410 510
1512420 509
1512430 509
1512440 509
1512450 510
1512460 509
1512470 509
1512480 508
1512490 507
1512500 507
1512510 506
1512520 505
1512530 505
1512540 504
1512550 503
1512560 503
1512570 502
1512580 501
1512590 501
1512600 500
1512610 499
1512620 499
1512630 498
1512640 496
1512650 496
1512660 495
1512670 493
1512680 493
1512690 492
1512700 491
1512710 491
1512720 490
1512730 489
1512740 489
1512750 488
1512760 487
1512770 487
1512780 486
1512790 485
1512800 485
1512810 484
1512820 483
1512830 481
1512840 481
1512850 479
1512860 478
1512870 478
1512880 478
1512890 477
1512900 477
1512910 476
1512920 475
1512930 475
1512940 474
1512950 474
1512960 474
1512970 473
1512980 473
1512990 473
1513000 473
1513010 473
1513020 473
1513030 473
1513040 473
1513050 473
1513060 473
1513070 473
1513080 473
1513090 473
1513100 472
1513110 472
1513120 472
1513130 473
1513140 473
1513150 473
1513160 472
1513170 472
1513180 472
1513190 472
1513200 472
1513210 472
1513220 472
1513230 472
1513240 472
1513250 472
1513260 472
1513270 472
1513280 472
1513290 472
1513300 472
1513310 472
1513320 472
1513330 472
1513340 472
1513350 472
1513360 472
1513370 472
1513380 472
1513390 472
1513400 472
1513410 472
1513420 473
1513430 473
1513440 473
1513450 475
1513460 477
1513470 477
1513480 481
1513490 485
1513500 485
1513510 486
1513520 488
1513530 488
1513540 490
1513550 491
1513560 491
1513570 493
1513580 494
1513590 494
1513600 494
1513610 495
1513620 495
1513630 496
1513640 496
1513650 496
1513660 496
1513670 496
1513680 496
1513690 497
1513700 497
1513710 497
1513720 497
1513730 497
1513740 497
1513750 497
1513760 497
1513770 497
1513780 497
1513790 497
1513800 497
1513810 497
1513820 497
1513830 497
1513840 496
1513850 496
1513860 496
1513870 496
1513880 496
1513890 496
1513900 496
1513910 495
1513920 495
1513930 495
1513940 495
1513950 495
1513960 495
1513970 494
1513980 494
1513990 494
1514000 493
1514010 494
1514020 494
1514030 494
1514040 494
1514050 494
1514060 494
1514070 494
1514080 494
1514090 495
1514100 495
1514110 495
1514120 495
1514130 495
1514140 495
1514150 495
1514160 495
1514170 495
1514180 495
1514190 495
1514200 495
1514210 495
1514220 495
1514230 495
1514240 495
1514250 495
1514260 495
1514270 494
1514280 494
1514290 494
1514300 494
1514310 494
1514320 494
1514330 494
1514340 494
1514350 494
1514360 494
1514370 493
1514380 493
1514390 493
1514400 493
1514410 493
1514420 493
1514430 493
1514440 493
1514450 492
1514460 492
1514470 492
1514480 492
1514490 491
1514500 491
1514510 491
1514520 490
1514530 490
1514540 490
1514550 489
1514560 489
1514570 489
1514580 488
1514590 488
1514600 487
1514610 486
1514620 486
1514630 485
1514640 485
1514650 485
1514660 484
1514670 483
1514680 483
1514690 483
1514700 482
1514710 482
1514720 481
1514730 481
1514740 481
1514750 480
1514760 479
1514770 479
1514780 479
1514790 478
1514800 478
1514810 477
1514820 476
1514830 476
1514840 475
1514850 475
1514860 475
1514870 474
1514880 474
1514890 474
1514900 473
1514910 473
1514920 473
1514930 473
1514940 473
1514950 473
1514960 473
1514970 473
1514980 473
1514990 473
1515000 473
1515010 473
1515020 473
1515030 473
1515040 473
1515050 473
1515060 473
1515070 473
1515080 473
1515090 473
1515100 473
1515110 473
1515120 473
1515130 473
1515140 473
1515150 473
1515160 474
1515170 474
1515180 474
1515190 473
1515200 473
1515210 473
1515220 473
1515230 473
1515240 473
1515250 473
1515260 473
1515270 473
1515280 473
1515290 473
1515300 472
1515310 472
1515320 472
1515330 472
1515340 472
1515350 472
1515360 473
1515370 473
1515380 473
1515390 474
1515400 475
1515410 475
1515420 476
1515430 478
1515440 478
1515450 480
1515460 481
1515470 481
1515480 481
1515490 481
1515500 481
1515510 481
1515520 480
1515530 480
1515540 480
1515550 479
1515560 479
1515570 479
1515580 479
1515590 479
1515600 479
1515610 478
1515620 478
1515630 478
1515640 478
1515650 478
1515660 477
1515670 477
1515680 477
1515690 477
1515700 477
1515710 477
1515720 477
1515730 477
1515740 477
1515750 477
1515760 476
1515770 476
1515780 476
1515790 476
1515800 476
1515810 476
1515820 476
1515830 476
1515840 476
1515850 477
1515860 477
1515870 480
1515880 482
1515890 482
1515900 483
1515910 484
1515920 484
1515930 484
1515940 485
1515950 485
1515960 487
1515970 487
1515980 487
1515990 488
1516000 488
1516010 488
1516020 488
1516030 488
1516040 488
1516050 489
1516060 489
1516070 489
1516080 489
1516090 489
1516100 489
1516110 489
1516120 489
1516130 489
1516140 489
1516150 489
1516160 489
1516170 489
1516180 489
1516190 489
1516200 489
1516210 489
1516220 489
1516230 489
1516240 488
1516250 488
1516260 488
1516270 488
1516280 487
1516290 487
1516300 487
1516310 488
1516320 488
1516330 488
1516340 488
1516350 488
1516360 489
1516370 489
1516380 489
1516390 489
1516400 490
1516410 490
1516420 490
1516430 491
1516440 491
1516450 491
1516460 492
1516470 492
1516480 492
1516490 492
1516500 492
1516510 493
1516520 493
1516530 493
1516540 494
1516550 495
1516560 495
1516570 496
1516580 497
1516590 497
1516600 498
1516610 499
1516620 499
1516630 500
1516640 501
1516650 501
1516660 503
1516670 504
1516680 504
1516690 505
1516700 506
1516710 506
1516720 508
1516730 509
1516740 509
1516750 511
1516760 512
1516770 512
1516780 514
1516790 516
1516800 516
1516810 517
1516820 519
1516830 519
1516840 521
1516850 522
1516860 522
1516870 523
1516880 524
1516890 524
1516900 525
1516910 526
1516920 526
1516930 527
1516940 528
1516950 528
1516960 529
1516970 530
1516980 530
1516990 531
1517000 532
1517010 532
1517020 533
1517030 533
1517040 533
1517050 534
1517060 534
1517070 534
1517080 534
1517090 534
1517100 534
1517110 533
1517120 533
1517130 533
1517140 534
1517150 533
1517160 533
1517170 531
1517180 531
1517190 531
1517200 530
1517210 530
1517220 530
1517230 530
1517240 529
1517250 529
1517260 529
1517270 529
1517280 528
1517290 528
1517300 528
1517310 527
1517320 527
1517330 527
1517340 527
1517350 527
1517360 526
1517370 526
1517380 526
1517390 526
1517400 526
1517410 526
1517420 525
1517430 525
1517440 525
1517450 525
1517460 524
1517470 524
1517480 524
1517490 524
1517500 524
1517510 523
1517520 523
1517530 523
1517540 523
1517550 522
1517560 522
1517570 522
1517580 522
1517590 522
1517600 521
1517610 520
1517620 520
1517630 520
1517640 519
1517650 519
1517660 519
1517670 519
1517680 519
1517690 518
1517700 518
1517710 518
1517720 517
1517730 517
1517740 517
1517750 516
1517760 516
1517770 516
1517780 515
1517790 515
1517800 515
1517810 514
1517820 513
1517830 513
1517840 512
1517850 511
1517860 511
1517870 511
1517880 510
1517890 510
1517900 509
1517910 508
1517920 508
1517930 507
1517940 506
1517950 506
1517960 505
1517970 504
1517980 504
1517990 504
1518000 502
1518010 502
1518020 502
1518030 501
1518040 501
1518050 500
1518060 499
1518070 499
1518080 500
1518090 501
1518100 501
1518110 501
1518120 502
1518130 502
1518140 503
1518150 504
1518160 504
1518170 505
1518180 506
1518190 506
1518200 507
1518210 509
1518220 509
1518230 512
1518240 515
1518250 515
1518260 517
1518270 518
1518280 518
1518290 519
1518300 520
1518310 520
1518320 521
1518330 521
1518340 522
1518350 522
1518360 523
1518370 524
1518380 524
1518390 525
1518400 526
1518410 526
1518420 527
1518430 527
1518440 527
1518450 528
1518460 529
1518470 529
1518480 530
1518490 531
1518500 531
1518510 532
1518520 533
1518530 533
1518540 533
1518550 534
1518560 534
1518570 535
1518580 535
1518590 535
1518600 535
1518610 536
1518620 536
1518630 536
1518640 537
1518650 537
1518660 537
1518670 538
1518680 538
1518690 538
1518700 538
1518710 538
1518720 539
1518730 539
1518740 539
1518750 540
1518760 540
1518770 540
1518780 541
1518790 541
1518800 541
1518810 541
1518820 540
1518830 540
1518840 540
1518850 539
1518860 539
1518870 538
1518880 538
1518890 538
1518900 537
1518910 536
1518920 536
1518930 536
1518940 535
1518950 535
1518960 535
1518970 534
1518980 534
1518990 534
1519000 533
1519010 533
1519020 532
1519030 532
1519040 532
1519050 531
1519060 530
1519070 530
1519080 529
1519090 528
1519100 528
1519110 528
1519120 527
1519130 527
1519140 526
1519150 525
1519160 525
1519170 524
1519180 523
1519190 523
1519200 523
1519210 522
1519220 522
1519230 521
1519240 521
1519250 521
1519260 520
1519270 519
1519280 519
1519290 518
1519300 517
1519310 517
1519320 516
1519330 515
1519340 515
1519350 513
1519360 512
1519370 512
1519380 512
1519390 512
1519400 512
1519410 511
1519420 511
1519430 511
1519440 511
1519450 511
1519460 511
1519470 511
1519480 510
1519490 510
1519500 510
1519510 509
1519520 509
1519530 509
1519540 509
1519550 508
1519560 508
1519570 508
1519580 507
1519590 507
1519600 507
1519610 507
1519620 507
1519630 506
1519640 506
1519650 506
1519660 506
1519670 505
1519680 505
1519690 505
1519700 505
1519710 505
1519720 504
1519730 504
1519740 504
1519750 503
1519760 503
1519770 503
1519780 502
1519790 502
1519800 502
1519810 501
1519820 501
1519830 501
1519840 500
1519850 499
1519860 499
1519870 499
1519880 498
1519890 498
1519900 497
1519910 497
1519920 497
1519930 496
1519940 495
1519950 495
1519960 495
1519970 494
1519980 494
1519990 494
