1500000 542
1500010 541
1500020 541
1500030 541
1500040 540
1500050 540
1500060 540
1500070 540
1500080 540
1500090 540
1500100 539
1500110 539
1500120 539
1500130 538
1500140 537
1500150 537
1500160 538
1500170 538
1500180 538
1500190 538
1500200 539
1500210 539
1500220 538
1500230 538
1500240 538
1500250 538
1500260 537
1500270 537
1500280 536
1500290 536
1500300 536
1500310 536
1500320 537
1500330 537
1500340 536
1500350 536
1500360 536
1500370 536
1500380 536
1500390 535
1500400 535
1500410 535
1500420 536
1500430 536
1500440 536
1500450 536
1500460 536
1500470 536
1500480 535
1500490 535
1500500 535
1500510 535
1500520 535
1500530 535
1500540 535
1500550 535
1500560 535
1500570 535
1500580 535
1500590 535
1500600 534
1500610 534
1500620 534
1500630 534
1500640 534
1500650 534
1500660 534
1500670 534
1500680 533
1500690 533
1500700 533
1500710 533
1500720 533
1500730 533
1500740 533
1500750 533
1500760 533
1500770 532
1500780 532
1500790 532
1500800 532
1500810 532
1500820 532
1500830 532
1500840 532
1500850 532
1500860 532
1500870 532
1500880 532
1500890 531
1500900 531
1500910 531
1500920 530
1500930 530
1500940 530
1500950 530
1500960 530
1500970 530
1500980 533
1500990 536
1501000 536
1501010 537
1501020 539
1501030 539
1501040 543
1501050 545
1501060 545
1501070 547
1501080 547
1501090 547
1501100 548
1501110 549
1501120 549
1501130 549
1501140 549
1501150 549
1501160 550
1501170 551
1501180 551
1501190 552
1501200 554
1501210 554
1501220 556
1501230 557
1501240 557
1501250 558
1501260 560
1501270 560
1501280 561
1501290 563
1501300 563
1501310 564
1501320 566
1501330 566
1501340 567
1501350 569
1501360 569
1501370 569
1501380 569
1501390 569
1501400 569
1501410 569
1501420 569
1501430 569
1501440 571
1501450 571
1501460 571
1501470 570
1501480 570
1501490 568
1501500 567
1501510 567
1501520 566
1501530 566
1501540 566
1501550 565
1501560 563
1501570 563
1501580 562
1501590 562
1501600 562
1501610 563
1501620 563
1501630 563
1501640 564
1501650 566
1501660 566
1501670 567
1501680 568
1501690 568
1501700 569
1501710 570
1501720 570
1501730 570
1501740 571
1501750 572
1501760 572
1501770 572
1501780 573
1501790 573
1501800 574
1501810 575
1501820 575
1501830 575
1501840 575
1501850 575
1501860 576
1501870 578
1501880 578
1501890 580
1501900 582
1501910 582
1501920 582
1501930 581
1501940 581
1501950 581
1501960 579
1501970 579
1501980 578
1501990 576
1502000 576
1502010 574
1502020 573
1502030 573
1502040 571
1502050 569
1502060 569
1502070 568
1502080 567
1502090 567
1502100 566
1502110 565
1502120 565
1502130 564
1502140 564
1502150 564
1502160 563
1502170 562
1502180 562
1502190 561
1502200 560
1502210 560
1502220 559
1502230 557
1502240 557
1502250 554
1502260 551
1502270 551
1502280 551
1502290 551
1502300 551
1502310 551
1502320 551
1502330 551
1502340 552
1502350 552
1502360 552
1502370 553
1502380 553
1502390 553
1502400 553
1502410 555
1502420 555
1502430 556
1502440 558
1502450 558
1502460 559
1502470 561
1502480 561
1502490 563
1502500 564
1502510 564
1502520 566
1502530 569
1502540 569
1502550 571
1502560 573
1502570 573
1502580 574
1502590 576
1502600 576
1502610 578
1502620 580
1502630 580
1502640 581
1502650 583
1502660 583
1502670 585
1502680 587
1502690 587
1502700 589
1502710 591
1502720 591
1502730 592
1502740 594
1502750 594
1502760 596
1502770 597
1502780 597
1502790 599
1502800 601
1502810 601
1502820 603
1502830 604
1502840 604
1502850 605
1502860 606
1502870 606
1502880 607
1502890 608
1502900 608
1502910 609
1502920 610
1502930 610
1502940 611
1502950 612
1502960 612
1502970 613
1502980 614
1502990 614
1503000 616
1503010 617
1503020 617
1503030 618
1503040 619
1503050 619
1503060 620
1503070 620
1503080 621
1503090 621
1503100 621
1503110 622
1503120 622
1503130 622
1503140 623
1503150 623
1503160 624
1503170 625
1503180 625
1503190 626
1503200 628
1503210 628
1503220 629
1503230 630
1503240 630
1503250 630
1503260 630
1503270 630
1503280 630
1503290 630
1503300 630
1503310 630
1503320 630
1503330 630
1503340 630
1503350 628
1503360 628
1503370 625
1503380 622
1503390 622
1503400 620
1503410 619
1503420 619
1503430 619
1503440 620
1503450 620
1503460 620
1503470 619
1503480 619
1503490 618
1503500 617
1503510 617
1503520 617
1503530 616
1503540 616
1503550 616
1503560 616
1503570 616
1503580 616
1503590 616
1503600 616
1503610 616
1503620 615
1503630 615
1503640 615
1503650 615
1503660 615
1503670 615
1503680 615
1503690 615
1503700 616
1503710 616
1503720 616
1503730 615
1503740 615
1503750 615
1503760 614
1503770 614
1503780 614
1503790 615
1503800 614
1503810 614
1503820 614
1503830 614
1503840 614
1503850 613
1503860 612
1503870 612
1503880 613
1503890 613
1503900 613
1503910 613
1503920 613
1503930 613
1503940 614
1503950 614
1503960 614
1503970 613
1503980 612
1503990 612
1504000 611
1504010 610
1504020 610
1504030 609
1504040 609
1504050 609
1504060 608
1504070 607
1504080 607
1504090 607
1504100 606
1504110 606
1504120 606
1504130 605
1504140 605
1504150 605
1504160 604
1504170 604
1504180 603
1504190 602
1504200 602
1504210 601
1504220 601
1504230 601
1504240 600
1504250 599
1504260 599
1504270 598
1504280 598
1504290 598
1504300 598
1504310 598
1504320 598
1504330 597
1504340 596
1504350 596
1504360 595
1504370 594
1504380 594
1504390 593
1504400 592
1504410 592
1504420 592
1504430 592
1504440 595
1504450 595
1504460 596
1504470 597
1504480 597
1504490 598
1504500 597
1504510 597
1504520 597
1504530 597
1504540 597
1504550 598
1504560 599
1504570 599
1504580 601
1504590 603
1504600 603
1504610 604
1504620 605
1504630 605
1504640 607
1504650 608
1504660 608
1504670 608
1504680 609
1504690 609
1504700 609
1504710 609
1504720 609
1504730 610
1504740 611
1504750 611
1504760 612
1504770 613
1504780 613
1504790 615
1504800 616
1504810 616
1504820 616
1504830 616
1504840 616
1504850 617
1504860 618
1504870 618
1504880 620
1504890 621
1504900 621
1504910 622
1504920 623
1504930 623
1504940 624
1504950 624
1504960 624
1504970 625
1504980 626
1504990 626
1505000 627
1505010 628
1505020 628
1505030 629
1505040 629
1505050 629
1505060 628
1505070 627
1505080 627
1505090 627
1505100 629
1505110 629
1505120 633
1505130 635
1505140 635
1505150 636
1505160 636
1505170 636
1505180 637
1505190 639
1505200 639
1505210 641
1505220 642
1505230 642
1505240 643
1505250 644
1505260 644
1505270 647
1505280 650
1505290 650
1505300 651
1505310 652
1505320 652
1505330 653
1505340 655
1505350 655
1505360 656
1505370 658
1505380 658
1505390 660
1505400 661
1505410 661
1505420 661
1505430 661
1505440 661
1505450 662
1505460 662
1505470 662
1505480 661
1505490 660
1505500 660
1505510 659
1505520 659
1505530 659
1505540 659
1505550 660
1505560 660
1505570 660
1505580 660
1505590 660
1505600 660
1505610 662
1505620 662
1505630 669
1505640 678
1505650 678
1505660 684
1505670 690
1505680 690
1505690 696
1505700 704
1505710 704
1505720 711
1505730 717
1505740 717
1505750 722
1505760 728
1505770 728
1505780 731
1505790 732
1505800 732
1505810 732
1505820 732
1505830 731
1505840 731
1505850 729
1505860 729
1505870 729
1505880 731
1505890 734
1505900 734
1505910 738
1505920 743
1505930 743
1505940 747
1505950 752
1505960 752
1505970 756
1505980 759
1505990 759
1506000 761
1506010 762
1506020 762
1506030 762
1506040 763
1506050 763
1506060 762
1506070 762
1506080 762
1506090 761
1506100 760
1506110 760
1506120 759
1506130 757
1506140 757
1506150 755
1506160 753
1506170 753
1506180 752
1506190 750
1506200 750
1506210 749
1506220 748
1506230 748
1506240 746
1506250 745
1506260 745
1506270 743
1506280 740
1506290 740
1506300 738
1506310 735
1506320 735
1506330 734
1506340 733
1506350 733
1506360 734
1506370 736
1506380 736
1506390 738
1506400 740
1506410 740
1506420 740
1506430 741
1506440 741
1506450 743
1506460 746
1506470 746
1506480 748
1506490 750
1506500 750
1506510 751
1506520 751
1506530 751
1506540 751
1506550 751
1506560 751
1506570 750
1506580 750
1506590 750
1506600 752
1506610 755
1506620 755
1506630 758
1506640 761
1506650 761
1506660 762
1506670 763
1506680 763
1506690 763
1506700 763
1506710 763
1506720 763
1506730 763
1506740 763
1506750 762
1506760 760
1506770 760
1506780 759
1506790 757
1506800 757
1506810 755
1506820 753
1506830 753
1506840 751
1506850 749
1506860 749
1506870 747
1506880 745
1506890 745
1506900 742
1506910 740
1506920 740
1506930 738
1506940 735
1506950 735
1506960 732
1506970 728
1506980 728
1506990 726
1507000 724
1507010 724
1507020 723
1507030 722
1507040 722
1507050 721
1507060 720
1507070 720
1507080 717
1507090 715
1507100 715
1507110 713
1507120 711
1507130 711
1507140 709
1507150 707
1507160 707
1507170 706
1507180 704
1507190 702
1507200 702
1507210 700
1507220 697
1507230 697
1507240 695
1507250 693
1507260 693
1507270 691
1507280 689
1507290 689
1507300 687
1507310 685
1507320 685
1507330 683
1507340 682
1507350 682
1507360 681
1507370 680
1507380 680
1507390 680
1507400 680
1507410 680
1507420 681
1507430 681
1507440 685
1507450 686
1507460 686
1507470 686
1507480 687
1507490 687
1507500 687
1507510 686
1507520 686
1507530 686
1507540 686
1507550 686
1507560 686
1507570 687
1507580 687
1507590 687
1507600 688
1507610 688
1507620 688
1507630 687
1507640 686
1507650 686
1507660 686
1507670 683
1507680 683
1507690 681
1507700 679
1507710 679
1507720 677
1507730 675
1507740 675
1507750 673
1507760 672
1507770 672
1507780 672
1507790 672
1507800 672
1507810 672
1507820 671
1507830 671
1507840 669
1507850 667
1507860 667
1507870 664
1507880 661
1507890 661
1507900 658
1507910 657
1507920 657
1507930 655
1507940 653
1507950 653
1507960 652
1507970 651
1507980 651
1507990 650
1508000 650
1508010 650
1508020 650
1508030 650
1508040 650
1508050 651
1508060 651
1508070 651
1508080 651
1508090 651
1508100 651
1508110 651
1508120 650
1508130 650
1508140 650
1508150 650
1508160 650
1508170 650
1508180 649
1508190 649
1508200 649
1508210 649
1508220 649
1508230 648
1508240 648
1508250 648
1508260 647
1508270 646
1508280 646
1508290 645
1508300 644
1508310 644
1508320 641
1508330 638
1508340 638
1508350 636
1508360 635
1508370 635
1508380 633
1508390 632
1508400 632
1508410 631
1508420 629
1508430 629
1508440 628
1508450 627
1508460 627
1508470 627
1508480 627
1508490 627
1508500 627
1508510 626
1508520 626
1508530 625
1508540 624
1508550 624
1508560 624
1508570 624
1508580 624
1508590 624
1508600 623
1508610 622
1508620 622
1508630 621
1508640 620
1508650 620
1508660 620
1508670 620
1508680 620
1508690 619
1508700 618
1508710 618
1508720 617
1508730 616
1508740 616
1508750 614
1508760 612
1508770 612
1508780 611
1508790 610
1508800 610
1508810 608
1508820 605
1508830 605
1508840 602
1508850 599
1508860 599
1508870 598
1508880 596
1508890 596
1508900 594
1508910 592
1508920 592
1508930 590
1508940 589
1508950 589
1508960 589
1508970 588
1508980 588
1508990 587
1509000 586
1509010 586
1509020 585
1509030 584
1509040 584
1509050 584
1509060 583
1509070 583
1509080 582
1509090 582
1509100 582
1509110 581
1509120 580
1509130 580
1509140 579
1509150 578
1509160 578
1509170 577
1509180 576
1509190 576
1509200 574
1509210 572
1509220 572
1509230 570
1509240 568
1509250 568
1509260 567
1509270 567
1509280 567
1509290 568
1509300 568
1509310 568
1509320 568
1509330 568
1509340 568
1509350 568
1509360 568
1509370 568
1509380 568
1509390 568
1509400 568
1509410 567
1509420 567
1509430 567
1509440 567
1509450 566
1509460 566
1509470 566
1509480 565
1509490 565
1509500 565
1509510 565
1509520 565
1509530 564
1509540 564
1509550 564
1509560 564
1509570 563
1509580 563
1509590 562
1509600 561
1509610 561
1509620 560
1509630 560
1509640 560
1509650 560
1509660 559
1509670 559
1509680 559
1509690 558
1509700 558
1509710 558
1509720 557
1509730 557
1509740 555
1509750 554
1509760 554
1509770 552
1509780 550
1509790 550
1509800 548
1509810 547
1509820 547
1509830 546
1509840 545
1509850 545
1509860 544
1509870 543
1509880 543
1509890 543
1509900 542
1509910 541
1509920 541
1509930 540
1509940 539
1509950 539
1509960 539
1509970 539
1509980 539
1509990 539
1510000 538
1510010 538
1510020 538
1510030 538
1510040 538
1510050 538
1510060 537
1510070 537
1510080 537
1510090 536
1510100 536
1510110 537
1510120 536
1510130 536
1510140 536
1510150 537
1510160 537
1510170 536
1510180 536
1510190 536
1510200 537
1510210 537
1510220 537
1510230 537
1510240 537
1510250 537
1510260 537
1510270 538
1510280 538
1510290 538
1510300 538
1510310 538
1510320 539
1510330 540
1510340 540
1510350 540
1510360 540
1510370 540
1510380 541
1510390 541
1510400 541
1510410 542
1510420 543
1510430 543
1510440 544
1510450 546
1510460 546
1510470 547
1510480 548
1510490 548
1510500 549
1510510 550
1510520 550
1510530 551
1510540 552
1510550 552
1510560 553
1510570 554
1510580 554
1510590 555
1510600 556
1510610 556
1510620 557
1510630 558
1510640 558
1510650 558
1510660 560
1510670 560
1510680 563
1510690 564
1510700 564
1510710 566
1510720 568
1510730 568
1510740 569
1510750 571
1510760 571
1510770 572
1510780 574
1510790 574
1510800 576
1510810 578
1510820 578
1510830 581
1510840 584
1510850 584
1510860 585
1510870 586
1510880 586
1510890 587
1510900 588
1510910 588
1510920 590
1510930 591
1510940 591
1510950 592
1510960 594
1510970 594
1510980 595
1510990 595
1511000 595
1511010 596
1511020 596
1511030 596
1511040 597
1511050 598
1511060 598
1511070 600
1511080 601
1511090 601
1511100 602
1511110 603
1511120 603
1511130 604
1511140 606
1511150 606
1511160 608
1511170 608
1511180 608
1511190 610
1511200 612
1511210 612
1511220 613
1511230 614
1511240 614
1511250 615
1511260 616
1511270 618
1511280 618
1511290 620
1511300 623
1511310 623
1511320 625
1511330 627
1511340 627
1511350 628
1511360 630
1511370 630
1511380 631
1511390 631
1511400 631
1511410 632
1511420 634
1511430 634
1511440 636
1511450 636
1511460 636
1511470 635
1511480 634
1511490 634
1511500 633
1511510 631
1511520 631
1511530 629
1511540 628
1511550 628
1511560 626
1511570 624
1511580 624
1511590 622
1511600 621
1511610 621
1511620 619
1511630 618
1511640 618
1511650 615
1511660 613
1511670 613
1511680 612
1511690 611
1511700 611
1511710 609
1511720 608
1511730 608
1511740 607
1511750 606
1511760 606
1511770 605
1511780 604
1511790 604
1511800 604
1511810 603
1511820 603
1511830 602
1511840 600
1511850 600
1511860 597
1511870 595
1511880 595
1511890 594
1511900 593
1511910 593
1511920 593
1511930 592
1511940 592
1511950 591
1511960 590
1511970 590
1511980 590
1511990 590
1512000 590
1512010 590
1512020 590
1512030 590
1512040 590
1512050 589
1512060 589
1512070 589
1512080 589
1512090 589
1512100 588
1512110 588
1512120 588
1512130 588
1512140 587
1512150 587
1512160 587
1512170 586
1512180 586
1512190 586
1512200 586
1512210 586
1512220 586
1512230 586
1512240 586
1512250 586
1512260 587
1512270 587
1512280 587
1512290 587
1512300 587
1512310 587
1512320 587
1512330 587
1512340 586
1512350 586
1512360 586
1512370 586
1512380 585
1512390 585
1512400 585
1512410 584
1512420 584
1512430 583
1512440 583
1512450 583
1512460 583
1512470 582
1512480 582
1512490 581
1512500 580
1512510 580
1512520 580
1512530 579
1512540 579
1512550 579
1512560 578
1512570 578
1512580 578
1512590 577
1512600 577
1512610 575
1512620 574
1512630 572
1512640 572
1512650 571
1512660 570
1512670 570
1512680 569
1512690 568
1512700 568
1512710 567
1512720 566
1512730 566
1512740 565
1512750 564
1512760 564
1512770 563
1512780 563
1512790 563
1512800 562
1512810 561
1512820 561
1512830 560
1512840 558
1512850 558
1512860 557
1512870 556
1512880 556
1512890 556
1512900 556
1512910 556
1512920 556
1512930 556
1512940 556
1512950 555
1512960 555
1512970 555
1512980 556
1512990 556
1513000 556
1513010 557
1513020 558
1513030 558
1513040 559
1513050 561
1513060 561
1513070 562
1513080 564
1513090 564
1513100 565
1513110 567
1513120 567
1513130 568
1513140 570
1513150 570
1513160 572
1513170 573
1513180 573
1513190 575
1513200 577
1513210 577
1513220 579
1513230 580
1513240 580
1513250 581
1513260 582
1513270 582
1513280 582
1513290 583
1513300 583
1513310 583
1513320 583
1513330 583
1513340 583
1513350 583
1513360 583
1513370 584
1513380 584
1513390 584
1513400 585
1513410 585
1513420 585
1513430 586
1513440 586
1513450 586
1513460 587
1513470 587
1513480 587
1513490 587
1513500 587
1513510 587
1513520 588
1513530 588
1513540 588
1513550 588
1513560 588
1513570 588
1513580 588
1513590 588
1513600 588
1513610 588
1513620 588
1513630 588
1513640 588
1513650 588
1513660 588
1513670 588
1513680 588
1513690 588
1513700 588
1513710 587
1513720 587
1513730 586
1513740 585
1513750 585
1513760 584
1513770 583
1513780 583
1513790 582
1513800 581
1513810 581
1513820 582
1513830 582
1513840 582
1513850 581
1513860 581
1513870 581
1513880 580
1513890 578
1513900 578
1513910 575
1513920 573
1513930 573
1513940 573
1513950 573
1513960 573
1513970 574
1513980 575
1513990 576
1514000 576
1514010 576
1514020 576
1514030 576
1514040 576
1514050 576
1514060 576
1514070 577
1514080 577
1514090 577
1514100 576
1514110 576
1514120 576
1514130 575
1514140 575
1514150 575
1514160 575
1514170 574
1514180 574
1514190 574
1514200 574
1514210 574
1514220 574
1514230 573
1514240 573
1514250 573
1514260 572
1514270 572
1514280 571
1514290 570
1514300 570
1514310 569
1514320 568
1514330 568
1514340 566
1514350 566
1514360 566
1514370 568
1514380 571
1514390 571
1514400 573
1514410 575
1514420 575
1514430 577
1514440 580
1514450 580
1514460 582
1514470 583
1514480 583
1514490 586
1514500 589
1514510 589
1514520 591
1514530 593
1514540 593
1514550 595
1514560 598
1514570 598
1514580 600
1514590 602
1514600 602
1514610 603
1514620 605
1514630 605
1514640 608
1514650 609
1514660 609
1514670 610
1514680 612
1514690 612
1514700 613
1514710 615
1514720 615
1514730 617
1514740 619
1514750 619
1514760 621
1514770 624
1514780 624
1514790 628
1514800 631
1514810 631
1514820 632
1514830 634
1514840 634
1514850 635
1514860 638
1514870 638
1514880 641
1514890 644
1514900 644
1514910 647
1514920 649
1514930 649
1514940 652
1514950 654
1514960 654
1514970 656
1514980 661
1514990 661
1515000 667
1515010 674
1515020 674
1515030 678
1515040 681
1515050 681
1515060 684
1515070 691
1515080 691
1515090 696
1515100 699
1515110 699
1515120 701
1515130 703
1515140 703
1515150 704
1515160 704
1515170 704
1515180 703
1515190 701
1515200 701
1515210 698
1515220 695
1515230 695
1515240 691
1515250 687
1515260 687
1515270 682
1515280 678
1515290 678
1515300 674
1515310 670
1515320 670
1515330 666
1515340 663
1515350 660
1515360 660
1515370 656
1515380 654
1515390 654
1515400 651
1515410 649
1515420 649
1515430 646
1515440 643
1515450 643
1515460 642
1515470 641
1515480 641
1515490 640
1515500 639
1515510 639
1515520 637
1515530 634
1515540 634
1515550 632
1515560 630
1515570 630
1515580 629
1515590 628
1515600 628
1515610 626
1515620 624
1515630 624
1515640 623
1515650 622
1515660 622
1515670 620
1515680 618
1515690 618
1515700 617
1515710 615
1515720 615
1515730 613
1515740 612
1515750 612
1515760 611
1515770 610
1515780 610
1515790 608
1515800 606
1515810 606
1515820 604
1515830 602
1515840 602
1515850 601
1515860 599
1515870 599
1515880 598
1515890 597
1515900 597
1515910 595
1515920 594
1515930 594
1515940 594
1515950 593
1515960 593
1515970 593
1515980 592
1515990 592
1516000 591
1516010 589
1516020 589
1516030 588
1516040 587
1516050 587
1516060 586
1516070 584
1516080 584
1516090 583
1516100 583
1516110 583
1516120 582
1516130 581
1516140 581
1516150 580
1516160 580
1516170 580
1516180 579
1516190 579
1516200 579
1516210 578
1516220 578
1516230 578
1516240 577
1516250 576
1516260 576
1516270 575
1516280 574
1516290 574
1516300 573
1516310 573
1516320 573
1516330 572
1516340 572
1516350 572
1516360 571
1516370 570
1516380 570
1516390 569
1516400 568
1516410 568
1516420 567
1516430 567
1516440 567
1516450 567
1516460 567
1516470 567
1516480 567
1516490 567
1516500 567
1516510 567
1516520 567
1516530 567
1516540 567
1516550 568
1516560 568
1516570 568
1516580 568
1516590 568
1516600 568
1516610 568
1516620 568
1516630 568
1516640 568
1516650 568
1516660 567
1516670 567
1516680 567
1516690 567
1516700 566
1516710 566
1516720 566
1516730 566
1516740 565
1516750 565
1516760 565
1516770 564
1516780 564
1516790 564
1516800 564
1516810 564
1516820 563
1516830 562
1516840 562
1516850 562
1516860 561
1516870 561
1516880 561
1516890 560
1516900 560
1516910 560
1516920 559
1516930 559
1516940 558
1516950 557
1516960 557
1516970 557
1516980 556
1516990 556
1517000 556
1517010 555
1517020 555
1517030 554
1517040 554
1517050 554
1517060 553
1517070 553
1517080 553
1517090 553
1517100 552
1517110 552
1517120 552
1517130 551
1517140 551
1517150 550
1517160 550
1517170 550
1517180 549
1517190 549
1517200 549
1517210 548
1517220 547
1517230 547
1517240 546
1517250 545
1517260 545
1517270 544
1517280 543
1517290 543
1517300 542
1517310 541
1517320 541
1517330 540
1517340 539
1517350 539
1517360 538
1517370 537
1517380 537
1517390 536
1517400 536
1517410 536
1517420 535
1517430 535
1517440 535
1517450 534
1517460 533
1517470 533
1517480 533
1517490 532
1517500 532
1517510 531
1517520 531
1517530 531
1517540 530
1517550 530
1517560 530
1517570 530
1517580 529
1517590 529
1517600 529
1517610 529
1517620 529
1517630 529
1517640 528
1517650 528
1517660 528
1517670 528
1517680 528
1517690 527
1517700 527
1517710 527
1517720 527
1517730 527
1517740 527
1517750 526
1517760 526
1517770 526
1517780 526
1517790 525
1517800 525
1517810 525
1517820 525
1517830 525
1517840 524
1517850 524
1517860 524
1517870 523
1517880 523
1517890 523
1517900 522
1517910 522
1517920 522
1517930 521
1517940 521
1517950 521
1517960 520
1517970 520
1517980 520
1517990 519
1518000 519
1518010 519
1518020 519
1518030 519
1518040 519
1518050 519
1518060 519
1518070 518
1518080 518
1518090 518
1518100 518
1518110 518
1518120 518
1518130 518
1518140 518
1518150 520
1518160 521
1518170 521
1518180 521
1518190 522
1518200 522
1518210 526
1518220 529
1518230 529
1518240 530
1518250 530
1518260 530
1518270 530
1518280 530
1518290 530
1518300 530
1518310 529
1518320 529
1518330 529
1518340 528
1518350 528
1518360 528
1518370 527
1518380 527
1518390 528
1518400 529
1518410 529
1518420 529
1518430 530
1518440 530
1518450 530
1518460 530
1518470 530
1518480 531
1518490 531
1518500 531
1518510 531
1518520 531
1518530 531
1518540 531
1518550 532
1518560 532
1518570 532
1518580 532
1518590 532
1518600 532
1518610 533
1518620 533
1518630 533
1518640 534
1518650 534
1518660 534
1518670 534
1518680 534
1518690 534
1518700 534
1518710 534
1518720 534
1518730 534
1518740 534
1518750 534
1518760 534
1518770 534
1518780 534
1518790 534
1518800 534
1518810 534
1518820 534
1518830 534
1518840 534
1518850 534
1518860 534
1518870 534
1518880 534
1518890 534
1518900 534
1518910 534
1518920 534
1518930 534
1518940 534
1518950 534
1518960 534
1518970 533
1518980 533
1518990 532
1519000 532
1519010 532
1519020 532
1519030 530
1519040 530
1519050 529
1519060 528
1519070 528
1519080 528
1519090 528
1519100 528
1519110 527
1519120 526
1519130 526
1519140 525
1519150 525
1519160 525
1519170 524
1519180 523
1519190 523
1519200 522
1519210 521
1519220 521
1519230 520
1519240 518
1519250 518
1519260 517
1519270 515
1519280 515
1519290 514
1519300 513
1519310 513
1519320 511
1519330 511
1519340 511
1519350 510
1519360 509
1519370 509
1519380 508
1519390 507
1519400 507
1519410 506
1519420 505
1519430 505
1519440 505
1519450 504
1519460 503
1519470 503
1519480 501
1519490 500
1519500 500
1519510 498
1519520 497
1519530 497
1519540 496
1519550 495
1519560 495
1519570 495
1519580 495
1519590 495
1519600 495
1519610 494
1519620 494
1519630 494
1519640 494
1519650 494
1519660 494
1519670 494
1519680 494
1519690 494
1519700 493
1519710 493
1519720 493
1519730 493
1519740 493
1519750 493
1519760 493
1519770 493
1519780 493
1519790 492
1519800 492
1519810 492
1519820 492
1519830 492
1519840 492
1519850 492
1519860 492
1519870 492
1519880 492
1519890 492
1519900 492
1519910 492
1519920 492
1519930 492
1519940 492
1519950 492
1519960 492
1519970 492
1519980 492
1519990 492
