1500000 555
1500010 555
1500020 554
1500030 554
1500040 553
1500050 553
1500060 553
1500070 552
1500080 552
1500090 552
1500100 551
1500110 551
1500120 551
1500130 551
1500140 550
1500150 550
1500160 550
1500170 550
1500180 550
1500190 549
1500200 549
1500210 549
1500220 549
1500230 549
1500240 549
1500250 548
1500260 548
1500270 548
1500280 547
1500290 547
1500300 547
1500310 546
1500320 545
1500330 545
1500340 545
1500350 544
1500360 544
1500370 543
1500380 543
1500390 543
1500400 541
1500410 540
1500420 540
1500430 540
1500440 539
1500450 539
1500460 539
1500470 539
1500480 539
1500490 538
1500500 538
1500510 538
1500520 538
1500530 538
1500540 538
1500550 538
1500560 538
1500570 538
1500580 538
1500590 539
1500600 539
1500610 539
1500620 539
1500630 539
1500640 539
1500650 539
1500660 539
1500670 539
1500680 540
1500690 540
1500700 540
1500710 540
1500720 540
1500730 540
1500740 540
1500750 539
1500760 539
1500770 539
1500780 538
1500790 538
1500800 538
1500810 538
1500820 538
1500830 537
1500840 538
1500850 538
1500860 538
1500870 539
1500880 539
1500890 539
1500900 540
1500910 540
1500920 541
1500930 542
1500940 542
1500950 543
1500960 543
1500970 543
1500980 544
1500990 544
1501000 544
1501010 545
1501020 545
1501030 545
1501040 545
1501050 545
1501060 545
1501070 545
1501080 545
1501090 545
1501100 545
1501110 545
1501120 545
1501130 546
1501140 546
1501150 546
1501160 547
1501170 548
1501180 548
1501190 548
1501200 549
1501210 549
1501220 550
1501230 551
1501240 551
1501250 552
1501260 553
1501270 553
1501280 554
1501290 555
1501300 555
1501310 556
1501320 557
1501330 557
1501340 558
1501350 559
1501360 559
1501370 559
1501380 560
1501390 560
1501400 561
1501410 562
1501420 562
1501430 563
1501440 564
1501450 564
1501460 565
1501470 567
1501480 567
1501490 568
1501500 568
1501510 568
1501520 569
1501530 570
1501540 570
1501550 572
1501560 572
1501570 572
1501580 573
1501590 574
1501600 574
1501610 575
1501620 576
1501630 576
1501640 577
1501650 578
1501660 578
1501670 579
1501680 580
1501690 580
1501700 581
1501710 581
1501720 581
1501730 582
1501740 583
1501750 583
1501760 583
1501770 585
1501780 585
1501790 586
1501800 586
1501810 586
1501820 586
1501830 586
1501840 586
1501850 586
1501860 586
1501870 586
1501880 586
1501890 584
1501900 584
1501910 582
1501920 580
1501930 580
1501940 575
1501950 570
1501960 570
1501970 566
1501980 562
1501990 562
1502000 561
1502010 560
1502020 560
1502030 561
1502040 560
1502050 560
1502060 560
1502070 560
1502080 560
1502090 560
1502100 561
1502110 562
1502120 562
1502130 563
1502140 563
1502150 563
1502160 564
1502170 565
1502180 565
1502190 566
1502200 567
1502210 567
1502220 568
1502230 570
1502240 570
1502250 572
1502260 574
1502270 574
1502280 576
1502290 578
1502300 578
1502310 580
1502320 582
1502330 582
1502340 583
1502350 584
1502360 584
1502370 586
1502380 587
1502390 587
1502400 589
1502410 591
1502420 591
1502430 593
1502440 595
1502450 595
1502460 596
1502470 596
1502480 596
1502490 596
1502500 597
1502510 597
1502520 597
1502530 598
1502540 598
1502550 598
1502560 599
1502570 599
1502580 601
1502590 602
1502600 602
1502610 603
1502620 604
1502630 604
1502640 605
1502650 607
1502660 607
1502670 609
1502680 611
1502690 611
1502700 613
1502710 614
1502720 614
1502730 614
1502740 614
1502750 614
1502760 615
1502770 615
1502780 615
1502790 617
1502800 618
1502810 618
1502820 619
1502830 619
1502840 619
1502850 619
1502860 620
1502870 620
1502880 620
1502890 620
1502900 620
1502910 620
1502920 621
1502930 621
1502940 621
1502950 622
1502960 622
1502970 622
1502980 622
1502990 622
1503000 623
1503010 623
1503020 623
1503030 624
1503040 625
1503050 625
1503060 626
1503070 629
1503080 629
1503090 631
1503100 633
1503110 633
1503120 635
1503130 638
1503140 638
1503150 640
1503160 642
1503170 642
1503180 643
1503190 647
1503200 647
1503210 651
1503220 651
1503230 651
1503240 652
1503250 654
1503260 654
1503270 657
1503280 660
1503290 660
1503300 661
1503310 662
1503320 662
1503330 663
1503340 665
1503350 665
1503360 668
1503370 671
1503380 671
1503390 675
1503400 678
1503410 678
1503420 679
1503430 681
1503440 681
1503450 685
1503460 688
1503470 688
1503480 690
1503490 688
1503500 688
1503510 688
1503520 691
1503530 697
1503540 697
1503550 705
1503560 713
1503570 713
1503580 720
1503590 723
1503600 723
1503610 723
1503620 720
1503630 720
1503640 715
1503650 709
1503660 709
1503670 703
1503680 696
1503690 696
1503700 685
1503710 676
1503720 676
1503730 670
1503740 667
1503750 667
1503760 667
1503770 667
1503780 667
1503790 666
1503800 665
1503810 665
1503820 664
1503830 662
1503840 662
1503850 661
1503860 658
1503870 658
1503880 654
1503890 652
1503900 652
1503910 651
1503920 650
1503930 650
1503940 649
1503950 648
1503960 648
1503970 647
1503980 645
1503990 645
1504000 644
1504010 642
1504020 642
1504030 640
1504040 639
1504050 639
1504060 638
1504070 637
1504080 637
1504090 636
1504100 636
1504110 636
1504120 635
1504130 635
1504140 635
1504150 635
1504160 635
1504170 635
1504180 634
1504190 633
1504200 633
1504210 632
1504220 631
1504230 631
1504240 631
1504250 630
1504260 630
1504270 629
1504280 627
1504290 627
1504300 626
1504310 624
1504320 624
1504330 623
1504340 621
1504350 621
1504360 620
1504370 619
1504380 619
1504390 617
1504400 616
1504410 616
1504420 615
1504430 614
1504440 614
1504450 613
1504460 613
1504470 613
1504480 612
1504490 610
1504500 610
1504510 609
1504520 609
1504530 609
1504540 608
1504550 608
1504560 608
1504570 609
1504580 610
1504590 610
1504600 613
1504610 614
1504620 614
1504630 615
1504640 614
1504650 614
1504660 613
1504670 613
1504680 613
1504690 613
1504700 613
1504710 613
1504720 614
1504730 615
1504740 615
1504750 617
1504760 619
1504770 619
1504780 619
1504790 619
1504800 619
1504810 618
1504820 618
1504830 618
1504840 618
1504850 619
1504860 619
1504870 621
1504880 622
1504890 623
1504900 623
1504910 625
1504920 626
1504930 626
1504940 627
1504950 628
1504960 628
1504970 629
1504980 630
1504990 630
1505000 631
1505010 632
1505020 632
1505030 634
1505040 635
1505050 635
1505060 636
1505070 637
1505080 637
1505090 638
1505100 640
1505110 640
1505120 643
1505130 643
1505140 643
1505150 644
1505160 646
1505170 646
1505180 647
1505190 647
1505200 647
1505210 647
1505220 647
1505230 647
1505240 648
1505250 649
1505260 649
1505270 649
1505280 649
1505290 649
1505300 649
1505310 650
1505320 650
1505330 650
1505340 651
1505350 651
1505360 650
1505370 650
1505380 650
1505390 649
1505400 649
1505410 649
1505420 650
1505430 650
1505440 650
1505450 651
1505460 652
1505470 652
1505480 654
1505490 655
1505500 655
1505510 655
1505520 656
1505530 656
1505540 655
1505550 655
1505560 655
1505570 655
1505580 655
1505590 655
1505600 655
1505610 654
1505620 654
1505630 654
1505640 653
1505650 653
1505660 653
1505670 654
1505680 654
1505690 655
1505700 654
1505710 654
1505720 653
1505730 653
1505740 653
1505750 653
1505760 655
1505770 655
1505780 657
1505790 661
1505800 661
1505810 665
1505820 669
1505830 669
1505840 672
1505850 675
1505860 675
1505870 676
1505880 676
1505890 676
1505900 675
1505910 675
1505920 675
1505930 678
1505940 682
1505950 682
1505960 686
1505970 691
1505980 691
1505990 695
1506000 698
1506010 698
1506020 701
1506030 704
1506040 704
1506050 706
1506060 709
1506070 709
1506080 713
1506090 716
1506100 716
1506110 720
1506120 723
1506130 723
1506140 726
1506150 728
1506160 728
1506170 731
1506180 733
1506190 733
1506200 736
1506210 739
1506220 739
1506230 743
1506240 747
1506250 747
1506260 752
1506270 756
1506280 760
1506290 760
1506300 763
1506310 766
1506320 766
1506330 769
1506340 772
1506350 772
1506360 774
1506370 776
1506380 776
1506390 776
1506400 774
1506410 774
1506420 771
1506430 768
1506440 768
1506450 765
1506460 763
1506470 763
1506480 761
1506490 759
1506500 759
1506510 757
1506520 755
1506530 755
1506540 754
1506550 752
1506560 752
1506570 751
1506580 751
1506590 751
1506600 750
1506610 750
1506620 750
1506630 749
1506640 748
1506650 748
1506660 747
1506670 746
1506680 746
1506690 744
1506700 743
1506710 743
1506720 741
1506730 739
1506740 739
1506750 738
1506760 736
1506770 736
1506780 734
1506790 732
1506800 732
1506810 731
1506820 729
1506830 729
1506840 728
1506850 726
1506860 726
1506870 725
1506880 724
1506890 724
1506900 722
1506910 721
1506920 721
1506930 719
1506940 716
1506950 716
1506960 713
1506970 711
1506980 711
1506990 710
1507000 708
1507010 708
1507020 706
1507030 703
1507040 703
1507050 701
1507060 699
1507070 699
1507080 695
1507090 689
1507100 689
1507110 683
1507120 677
1507130 677
1507140 673
1507150 669
1507160 669
1507170 667
1507180 665
1507190 665
1507200 663
1507210 661
1507220 661
1507230 660
1507240 658
1507250 658
1507260 657
1507270 655
1507280 655
1507290 653
1507300 651
1507310 651
1507320 651
1507330 649
1507340 649
1507350 645
1507360 642
1507370 642
1507380 640
1507390 638
1507400 638
1507410 637
1507420 636
1507430 636
1507440 635
1507450 636
1507460 636
1507470 634
1507480 632
1507490 632
1507500 631
1507510 631
1507520 631
1507530 630
1507540 629
1507550 629
1507560 629
1507570 628
1507580 628
1507590 626
1507600 625
1507610 625
1507620 623
1507630 621
1507640 621
1507650 619
1507660 618
1507670 618
1507680 617
1507690 616
1507700 616
1507710 616
1507720 615
1507730 615
1507740 615
1507750 614
1507760 614
1507770 614
1507780 614
1507790 614
1507800 614
1507810 614
1507820 614
1507830 614
1507840 613
1507850 613
1507860 613
1507870 613
1507880 612
1507890 612
1507900 611
1507910 610
1507920 610
1507930 610
1507940 610
1507950 610
1507960 610
1507970 609
1507980 609
1507990 609
1508000 610
1508010 610
1508020 611
1508030 612
1508040 612
1508050 612
1508060 611
1508070 611
1508080 611
1508090 610
1508100 610
1508110 609
1508120 607
1508130 607
1508140 607
1508150 606
1508160 606
1508170 607
1508180 607
1508190 607
1508200 608
1508210 608
1508220 608
1508230 608
1508240 608
1508250 608
1508260 608
1508270 608
1508280 608
1508290 609
1508300 609
1508310 609
1508320 610
1508330 610
1508340 610
1508350 610
1508360 610
1508370 610
1508380 610
1508390 609
1508400 609
1508410 608
1508420 608
1508430 608
1508440 608
1508450 607
1508460 607
1508470 607
1508480 607
1508490 607
1508500 605
1508510 603
1508520 603
1508530 603
1508540 605
1508550 605
1508560 607
1508570 608
1508580 608
1508590 608
1508600 609
1508610 609
1508620 610
1508630 611
1508640 611
1508650 612
1508660 613
1508670 613
1508680 611
1508690 608
1508700 608
1508710 606
1508720 605
1508730 605
1508740 604
1508750 602
1508760 602
1508770 600
1508780 597
1508790 597
1508800 595
1508810 594
1508820 594
1508830 592
1508840 590
1508850 590
1508860 587
1508870 586
1508880 586
1508890 585
1508900 583
1508910 583
1508920 583
1508930 582
1508940 582
1508950 583
1508960 583
1508970 583
1508980 584
1508990 584
1509000 584
1509010 583
1509020 583
1509030 583
1509040 583
1509050 583
1509060 583
1509070 583
1509080 582
1509090 581
1509100 581
1509110 580
1509120 579
1509130 579
1509140 578
1509150 578
1509160 578
1509170 577
1509180 576
1509190 576
1509200 575
1509210 574
1509220 574
1509230 573
1509240 572
1509250 572
1509260 572
1509270 572
1509280 572
1509290 571
1509300 571
1509310 571
1509320 571
1509330 570
1509340 570
1509350 570
1509360 570
1509370 570
1509380 569
1509390 569
1509400 569
1509410 568
1509420 568
1509430 568
1509440 567
1509450 567
1509460 567
1509470 566
1509480 566
1509490 566
1509500 565
1509510 565
1509520 565
1509530 564
1509540 564
1509550 564
1509560 563
1509570 561
1509580 561
1509590 560
1509600 560
1509610 560
1509620 560
1509630 559
1509640 559
1509650 558
1509660 557
1509670 557
1509680 556
1509690 556
1509700 556
1509710 556
1509720 555
1509730 555
1509740 554
1509750 554
1509760 554
1509770 554
1509780 555
1509790 555
1509800 554
1509810 552
1509820 552
1509830 550
1509840 551
1509850 551
1509860 551
1509870 550
1509880 550
1509890 550
1509900 550
1509910 550
1509920 549
1509930 548
1509940 548
1509950 549
1509960 549
1509970 549
1509980 549
1509990 548
1510000 548
1510010 548
1510020 547
1510030 547
1510040 546
1510050 545
1510060 545
1510070 545
1510080 545
1510090 545
1510100 545
1510110 544
1510120 544
1510130 543
1510140 543
1510150 543
1510160 542
1510170 542
1510180 542
1510190 542
1510200 543
1510210 543
1510220 543
1510230 543
1510240 543
1510250 544
1510260 544
1510270 544
1510280 544
1510290 544
1510300 544
1510310 545
1510320 549
1510330 549
1510340 552
1510350 553
1510360 553
1510370 554
1510380 555
1510390 555
1510400 556
1510410 556
1510420 556
1510430 558
1510440 560
1510450 560
1510460 561
1510470 563
1510480 564
1510490 564
1510500 566
1510510 567
1510520 567
1510530 569
1510540 570
1510550 570
1510560 571
1510570 573
1510580 573
1510590 574
1510600 576
1510610 576
1510620 579
1510630 581
1510640 581
1510650 583
1510660 583
1510670 583
1510680 584
1510690 584
1510700 584
1510710 584
1510720 585
1510730 585
1510740 585
1510750 586
1510760 586
1510770 587
1510780 589
1510790 589
1510800 591
1510810 593
1510820 593
1510830 595
1510840 596
1510850 596
1510860 598
1510870 600
1510880 600
1510890 601
1510900 601
1510910 601
1510920 602
1510930 603
1510940 603
1510950 603
1510960 603
1510970 603
1510980 605
1510990 607
1511000 607
1511010 609
1511020 612
1511030 612
1511040 615
1511050 617
1511060 617
1511070 619
1511080 620
1511090 620
1511100 622
1511110 624
1511120 624
1511130 626
1511140 626
1511150 626
1511160 628
1511170 629
1511180 629
1511190 630
1511200 632
1511210 632
1511220 634
1511230 637
1511240 637
1511250 638
1511260 639
1511270 639
1511280 639
1511290 640
1511300 640
1511310 642
1511320 644
1511330 644
1511340 646
1511350 649
1511360 649
1511370 651
1511380 655
1511390 655
1511400 660
1511410 661
1511420 661
1511430 658
1511440 654
1511450 654
1511460 650
1511470 644
1511480 644
1511490 641
1511500 641
1511510 641
1511520 641
1511530 640
1511540 640
1511550 639
1511560 637
1511570 637
1511580 634
1511590 631
1511600 631
1511610 628
1511620 628
1511630 628
1511640 627
1511650 626
1511660 626
1511670 625
1511680 625
1511690 625
1511700 624
1511710 623
1511720 623
1511730 621
1511740 620
1511750 620
1511760 619
1511770 617
1511780 617
1511790 616
1511800 615
1511810 615
1511820 614
1511830 613
1511840 613
1511850 612
1511860 611
1511870 610
1511880 610
1511890 609
1511900 609
1511910 609
1511920 610
1511930 609
1511940 609
1511950 608
1511960 607
1511970 607
1511980 605
1511990 602
1512000 602
1512010 601
1512020 601
1512030 601
1512040 601
1512050 600
1512060 600
1512070 600
1512080 600
1512090 600
1512100 600
1512110 600
1512120 600
1512130 600
1512140 601
1512150 601
1512160 600
1512170 600
1512180 600
1512190 599
1512200 598
1512210 598
1512220 598
1512230 598
1512240 598
1512250 597
1512260 596
1512270 596
1512280 594
1512290 592
1512300 592
1512310 590
1512320 587
1512330 587
1512340 586
1512350 584
1512360 584
1512370 583
1512380 582
1512390 582
1512400 581
1512410 580
1512420 580
1512430 579
1512440 579
1512450 579
1512460 578
1512470 577
1512480 577
1512490 576
1512500 575
1512510 575
1512520 574
1512530 571
1512540 571
1512550 569
1512560 569
1512570 569
1512580 568
1512590 569
1512600 569
1512610 571
1512620 573
1512630 573
1512640 573
1512650 575
1512660 575
1512670 576
1512680 577
1512690 577
1512700 579
1512710 581
1512720 581
1512730 584
1512740 586
1512750 586
1512760 588
1512770 589
1512780 589
1512790 591
1512800 592
1512810 592
1512820 593
1512830 594
1512840 594
1512850 596
1512860 597
1512870 597
1512880 597
1512890 598
1512900 598
1512910 598
1512920 599
1512930 599
1512940 599
1512950 600
1512960 600
1512970 601
1512980 602
1512990 602
1513000 603
1513010 603
1513020 603
1513030 603
1513040 604
1513050 604
1513060 605
1513070 607
1513080 607
1513090 608
1513100 610
1513110 610
1513120 612
1513130 613
1513140 613
1513150 614
1513160 615
1513170 615
1513180 616
1513190 617
1513200 617
1513210 620
1513220 622
1513230 622
1513240 624
1513250 626
1513260 628
1513270 628
1513280 630
1513290 632
1513300 632
1513310 634
1513320 636
1513330 636
1513340 638
1513350 639
1513360 639
1513370 641
1513380 641
1513390 641
1513400 642
1513410 646
1513420 646
1513430 649
1513440 653
1513450 653
1513460 655
1513470 656
1513480 656
1513490 655
1513500 654
1513510 654
1513520 653
1513530 650
1513540 650
1513550 649
1513560 649
1513570 649
1513580 648
1513590 648
1513600 648
1513610 647
1513620 647
1513630 647
1513640 646
1513650 644
1513660 644
1513670 643
1513680 642
1513690 642
1513700 640
1513710 637
1513720 637
1513730 634
1513740 632
1513750 632
1513760 629
1513770 627
1513780 627
1513790 626
1513800 625
1513810 625
1513820 625
1513830 624
1513840 624
1513850 623
1513860 622
1513870 622
1513880 622
1513890 621
1513900 621
1513910 621
1513920 621
1513930 621
1513940 621
1513950 621
1513960 621
1513970 621
1513980 620
1513990 620
1514000 619
1514010 619
1514020 619
1514030 618
1514040 616
1514050 616
1514060 615
1514070 615
1514080 615
1514090 614
1514100 612
1514110 612
1514120 610
1514130 610
1514140 610
1514150 609
1514160 607
1514170 607
1514180 606
1514190 604
1514200 604
1514210 603
1514220 602
1514230 602
1514240 600
1514250 599
1514260 599
1514270 598
1514280 596
1514290 596
1514300 595
1514310 595
1514320 595
1514330 595
1514340 594
1514350 594
1514360 594
1514370 594
1514380 594
1514390 594
1514400 594
1514410 594
1514420 594
1514430 594
1514440 594
1514450 594
1514460 593
1514470 593
1514480 593
1514490 592
1514500 592
1514510 590
1514520 589
1514530 589
1514540 589
1514550 590
1514560 590
1514570 592
1514580 594
1514590 594
1514600 596
1514610 596
1514620 596
1514630 597
1514640 597
1514650 598
1514660 598
1514670 598
1514680 599
1514690 599
1514700 599
1514710 599
1514720 599
1514730 599
1514740 599
1514750 599
1514760 598
1514770 598
1514780 598
1514790 600
1514800 601
1514810 601
1514820 603
1514830 606
1514840 606
1514850 608
1514860 610
1514870 610
1514880 613
1514890 615
1514900 615
1514910 618
1514920 621
1514930 621
1514940 623
1514950 624
1514960 624
1514970 623
1514980 622
1514990 622
1515000 624
1515010 626
1515020 626
1515030 630
1515040 633
1515050 633
1515060 636
1515070 638
1515080 638
1515090 640
1515100 643
1515110 643
1515120 648
1515130 654
1515140 654
1515150 659
1515160 663
1515170 663
1515180 667
1515190 669
1515200 669
1515210 670
1515220 668
1515230 668
1515240 666
1515250 663
1515260 663
1515270 660
1515280 657
1515290 657
1515300 655
1515310 652
1515320 652
1515330 649
1515340 646
1515350 646
1515360 643
1515370 640
1515380 640
1515390 637
1515400 635
1515410 635
1515420 633
1515430 630
1515440 630
1515450 629
1515460 627
1515470 627
1515480 625
1515490 623
1515500 623
1515510 620
1515520 618
1515530 618
1515540 616
1515550 613
1515560 613
1515570 611
1515580 610
1515590 610
1515600 608
1515610 607
1515620 607
1515630 605
1515640 603
1515650 603
1515660 601
1515670 601
1515680 601
1515690 602
1515700 601
1515710 601
1515720 600
1515730 599
1515740 599
1515750 597
1515760 596
1515770 596
1515780 594
1515790 593
1515800 593
1515810 591
1515820 590
1515830 590
1515840 589
1515850 588
1515860 588
1515870 587
1515880 585
1515890 585
1515900 584
1515910 583
1515920 583
1515930 583
1515940 582
1515950 582
1515960 580
1515970 579
1515980 579
1515990 578
1516000 578
1516010 578
1516020 577
1516030 576
1516040 575
1516050 575
1516060 575
1516070 574
1516080 574
1516090 573
1516100 572
1516110 572
1516120 572
1516130 571
1516140 571
1516150 571
1516160 570
1516170 570
1516180 569
1516190 569
1516200 569
1516210 568
1516220 567
1516230 567
1516240 567
1516250 567
1516260 567
1516270 566
1516280 566
1516290 566
1516300 567
1516310 568
1516320 568
1516330 568
1516340 569
1516350 569
1516360 569
1516370 570
1516380 570
1516390 570
1516400 570
1516410 570
1516420 570
1516430 571
1516440 571
1516450 571
1516460 571
1516470 571
1516480 571
1516490 571
1516500 571
1516510 571
1516520 571
1516530 571
1516540 570
1516550 570
1516560 570
1516570 570
1516580 570
1516590 570
1516600 569
1516610 569
1516620 569
1516630 568
1516640 567
1516650 567
1516660 567
1516670 567
1516680 567
1516690 566
1516700 566
1516710 566
1516720 565
1516730 565
1516740 565
1516750 564
1516760 564
1516770 564
1516780 563
1516790 563
1516800 563
1516810 562
1516820 562
1516830 562
1516840 561
1516850 560
1516860 560
1516870 560
1516880 559
1516890 559
1516900 559
1516910 558
1516920 558
1516930 558
1516940 557
1516950 557
1516960 557
1516970 556
1516980 556
1516990 556
1517000 555
1517010 555
1517020 555
1517030 554
1517040 554
1517050 554
1517060 553
1517070 553
1517080 553
1517090 553
1517100 553
1517110 552
1517120 551
1517130 551
1517140 551
1517150 550
1517160 550
1517170 549
1517180 548
1517190 548
1517200 547
1517210 546
1517220 546
1517230 545
1517240 544
1517250 544
1517260 543
1517270 542
1517280 542
1517290 541
1517300 541
1517310 541
1517320 540
1517330 539
1517340 539
1517350 538
1517360 538
1517370 538
1517380 537
1517390 536
1517400 536
1517410 536
1517420 535
1517430 534
1517440 534
1517450 534
1517460 533
1517470 533
1517480 531
1517490 531
1517500 531
1517510 532
1517520 533
1517530 533
1517540 533
1517550 534
1517560 534
1517570 534
1517580 535
1517590 535
1517600 535
1517610 535
1517620 535
1517630 535
1517640 535
1517650 535
1517660 535
1517670 535
1517680 535
1517690 535
1517700 534
1517710 534
1517720 534
1517730 534
1517740 534
1517750 534
1517760 534
1517770 534
1517780 533
1517790 533
1517800 533
1517810 533
1517820 533
1517830 533
1517840 533
1517850 532
1517860 532
1517870 532
1517880 532
1517890 532
1517900 531
1517910 531
1517920 531
1517930 531
1517940 530
1517950 530
1517960 530
1517970 530
1517980 530
1517990 530
1518000 529
1518010 529
1518020 529
1518030 529
1518040 529
1518050 528
1518060 528
1518070 528
1518080 528
1518090 527
1518100 527
1518110 527
1518120 527
1518130 527
1518140 526
1518150 526
1518160 526
1518170 525
1518180 525
1518190 525
1518200 524
1518210 524
1518220 524
1518230 523
1518240 523
1518250 523
1518260 522
1518270 521
1518280 521
1518290 521
1518300 520
1518310 520
1518320 520
1518330 519
1518340 519
1518350 519
1518360 518
1518370 518
1518380 517
1518390 517
1518400 517
1518410 516
1518420 515
1518430 515
1518440 512
1518450 510
1518460 510
1518470 509
1518480 508
1518490 508
1518500 508
1518510 507
1518520 507
1518530 507
1518540 507
1518550 507
1518560 506
1518570 506
1518580 506
1518590 506
1518600 506
1518610 506
1518620 506
1518630 506
1518640 506
1518650 505
1518660 506
1518670 506
1518680 506
1518690 505
1518700 505
1518710 505
1518720 505
1518730 505
1518740 505
1518750 504
1518760 504
1518770 504
1518780 504
1518790 504
1518800 504
1518810 504
1518820 503
1518830 503
1518840 503
1518850 503
1518860 503
1518870 503
1518880 503
1518890 503
1518900 503
1518910 503
1518920 503
1518930 503
1518940 503
1518950 503
1518960 503
1518970 503
1518980 503
1518990 503
1519000 503
1519010 503
1519020 503
1519030 503
1519040 503
1519050 503
1519060 503
1519070 503
1519080 502
1519090 502
1519100 502
1519110 502
1519120 502
1519130 502
1519140 502
1519150 502
1519160 502
1519170 502
1519180 502
1519190 502
1519200 502
1519210 502
1519220 502
1519230 502
1519240 503
1519250 503
1519260 503
1519270 503
1519280 503
1519290 503
1519300 503
1519310 503
1519320 503
1519330 503
1519340 503
1519350 504
1519360 504
1519370 504
1519380 504
1519390 504
1519400 504
1519410 505
1519420 505
1519430 505
1519440 505
1519450 505
1519460 505
1519470 506
1519480 506
1519490 506
1519500 507
1519510 507
1519520 507
1519530 508
1519540 509
1519550 509
1519560 510
1519570 512
1519580 512
1519590 513
1519600 514
1519610 514
1519620 515
1519630 516
1519640 516
1519650 516
1519660 516
1519670 516
1519680 516
1519690 515
1519700 515
1519710 515
1519720 514
1519730 514
1519740 514
1519750 513
1519760 513
1519770 513
1519780 513
1519790 513
1519800 512
1519810 511
1519820 511
1519830 510
1519840 509
1519850 509
1519860 508
1519870 507
1519880 507
1519890 506
1519900 505
1519910 505
1519920 505
1519930 504
1519940 504
1519950 504
1519960 503
1519970 503
1519980 502
1519990 502
