1500000 566
1500010 566
1500020 567
1500030 567
1500040 568
1500050 569
1500060 569
1500070 570
1500080 570
1500090 570
1500100 571
1500110 571
1500120 571
1500130 572
1500140 572
1500150 572
1500160 573
1500170 572
1500180 572
1500190 571
1500200 571
1500210 571
1500220 570
1500230 570
1500240 569
1500250 569
1500260 568
1500270 568
1500280 568
1500290 567
1500300 567
1500310 566
1500320 566
1500330 566
1500340 565
1500350 564
1500360 564
1500370 564
1500380 563
1500390 563
1500400 563
1500410 562
1500420 562
1500430 562
1500440 561
1500450 561
1500460 561
1500470 560
1500480 560
1500490 560
1500500 560
1500510 560
1500520 559
1500530 559
1500540 559
1500550 558
1500560 558
1500570 558
1500580 557
1500590 557
1500600 557
1500610 556
1500620 556
1500630 556
1500640 556
1500650 555
1500660 555
1500670 555
1500680 555
1500690 555
1500700 554
1500710 554
1500720 554
1500730 553
1500740 553
1500750 553
1500760 553
1500770 552
1500780 552
1500790 552
1500800 552
1500810 552
1500820 551
1500830 550
1500840 550
1500850 550
1500860 549
1500870 549
1500880 549
1500890 549
1500900 549
1500910 549
1500920 549
1500930 549
1500940 549
1500950 549
1500960 549
1500970 550
1500980 551
1500990 551
1501000 551
1501010 552
1501020 552
1501030 553
1501040 554
1501050 554
1501060 554
1501070 555
1501080 555
1501090 556
1501100 556
1501110 556
1501120 557
1501130 558
1501140 558
1501150 559
1501160 559
1501170 559
1501180 560
1501190 560
1501200 560
1501210 561
1501220 561
1501230 561
1501240 562
1501250 562
1501260 562
1501270 563
1501280 564
1501290 564
1501300 564
1501310 565
1501320 565
1501330 565
1501340 565
1501350 565
1501360 565
1501370 566
1501380 566
1501390 566
1501400 566
1501410 567
1501420 567
1501430 568
1501440 569
1501450 569
1501460 571
1501470 572
1501480 572
1501490 573
1501500 574
1501510 574
1501520 575
1501530 576
1501540 576
1501550 577
1501560 577
1501570 577
1501580 577
1501590 576
1501600 576
1501610 576
1501620 575
1501630 575
1501640 574
1501650 573
1501660 573
1501670 573
1501680 574
1501690 574
1501700 574
1501710 575
1501720 575
1501730 576
1501740 577
1501750 577
1501760 577
1501770 578
1501780 578
1501790 578
1501800 579
1501810 579
1501820 580
1501830 581
1501840 581
1501850 582
1501860 583
1501870 583
1501880 583
1501890 584
1501900 584
1501910 585
1501920 586
1501930 586
1501940 587
1501950 587
1501960 587
1501970 588
1501980 589
1501990 589
1502000 590
1502010 591
1502020 591
1502030 591
1502040 592
1502050 592
1502060 592
1502070 592
1502080 592
1502090 593
1502100 593
1502110 593
1502120 593
1502130 594
1502140 594
1502150 594
1502160 593
1502170 593
1502180 593
1502190 592
1502200 592
1502210 591
1502220 590
1502230 590
1502240 589
1502250 588
1502260 588
1502270 588
1502280 587
1502290 587
1502300 586
1502310 582
1502320 582
1502330 578
1502340 576
1502350 576
1502360 575
1502370 577
1502380 577
1502390 579
1502400 580
1502410 580
1502420 581
1502430 582
1502440 582
1502450 583
1502460 585
1502470 585
1502480 587
1502490 588
1502500 588
1502510 589
1502520 591
1502530 591
1502540 592
1502550 594
1502560 594
1502570 595
1502580 597
1502590 597
1502600 598
1502610 599
1502620 599
1502630 600
1502640 602
1502650 602
1502660 603
1502670 605
1502680 605
1502690 607
1502700 608
1502710 610
1502720 610
1502730 612
1502740 613
1502750 613
1502760 615
1502770 617
1502780 617
1502790 620
1502800 622
1502810 622
1502820 623
1502830 625
1502840 625
1502850 627
1502860 628
1502870 628
1502880 630
1502890 632
1502900 632
1502910 634
1502920 636
1502930 636
1502940 637
1502950 639
1502960 639
1502970 640
1502980 641
1502990 641
1503000 642
1503010 642
1503020 642
1503030 643
1503040 647
1503050 647
1503060 651
1503070 657
1503080 657
1503090 660
1503100 662
1503110 662
1503120 662
1503130 663
1503140 663
1503150 664
1503160 665
1503170 665
1503180 665
1503190 666
1503200 666
1503210 666
1503220 666
1503230 666
1503240 666
1503250 666
1503260 666
1503270 666
1503280 666
1503290 666
1503300 669
1503310 674
1503320 674
1503330 678
1503340 681
1503350 681
1503360 683
1503370 684
1503380 684
1503390 687
1503400 691
1503410 691
1503420 696
1503430 701
1503440 701
1503450 706
1503460 711
1503470 711
1503480 713
1503490 715
1503500 715
1503510 719
1503520 723
1503530 723
1503540 726
1503550 729
1503560 729
1503570 729
1503580 730
1503590 730
1503600 729
1503610 727
1503620 727
1503630 726
1503640 725
1503650 725
1503660 725
1503670 725
1503680 725
1503690 726
1503700 727
1503710 727
1503720 728
1503730 729
1503740 729
1503750 729
1503760 729
1503770 729
1503780 727
1503790 726
1503800 726
1503810 724
1503820 723
1503830 723
1503840 721
1503850 720
1503860 720
1503870 718
1503880 717
1503890 717
1503900 716
1503910 715
1503920 715
1503930 713
1503940 712
1503950 712
1503960 711
1503970 710
1503980 710
1503990 708
1504000 707
1504010 707
1504020 706
1504030 705
1504040 705
1504050 703
1504060 701
1504070 701
1504080 698
1504090 696
1504100 696
1504110 695
1504120 694
1504130 694
1504140 693
1504150 690
1504160 686
1504170 686
1504180 682
1504190 677
1504200 677
1504210 671
1504220 666
1504230 666
1504240 662
1504250 660
1504260 660
1504270 658
1504280 657
1504290 657
1504300 657
1504310 656
1504320 656
1504330 654
1504340 653
1504350 653
1504360 652
1504370 650
1504380 650
1504390 647
1504400 646
1504410 646
1504420 644
1504430 644
1504440 644
1504450 643
1504460 642
1504470 642
1504480 640
1504490 638
1504500 638
1504510 637
1504520 636
1504530 636
1504540 634
1504550 633
1504560 633
1504570 631
1504580 630
1504590 630
1504600 629
1504610 628
1504620 628
1504630 628
1504640 629
1504650 629
1504660 629
1504670 630
1504680 630
1504690 630
1504700 631
1504710 631
1504720 632
1504730 634
1504740 634
1504750 636
1504760 639
1504770 639
1504780 641
1504790 642
1504800 642
1504810 643
1504820 644
1504830 644
1504840 646
1504850 646
1504860 646
1504870 647
1504880 648
1504890 648
1504900 649
1504910 650
1504920 650
1504930 652
1504940 653
1504950 653
1504960 655
1504970 656
1504980 656
1504990 656
1505000 656
1505010 656
1505020 657
1505030 658
1505040 658
1505050 660
1505060 662
1505070 662
1505080 665
1505090 672
1505100 672
1505110 680
1505120 688
1505130 688
1505140 695
1505150 702
1505160 702
1505170 709
1505180 716
1505190 716
1505200 723
1505210 728
1505220 728
1505230 731
1505240 734
1505250 734
1505260 737
1505270 740
1505280 740
1505290 744
1505300 748
1505310 748
1505320 752
1505330 757
1505340 757
1505350 761
1505360 765
1505370 765
1505380 769
1505390 772
1505400 772
1505410 775
1505420 778
1505430 778
1505440 781
1505450 782
1505460 782
1505470 783
1505480 783
1505490 783
1505500 783
1505510 784
1505520 784
1505530 784
1505540 785
1505550 785
1505560 785
1505570 785
1505580 785
1505590 785
1505600 786
1505610 786
1505620 786
1505630 787
1505640 788
1505650 788
1505660 788
1505670 788
1505680 788
1505690 789
1505700 789
1505710 789
1505720 789
1505730 789
1505740 789
1505750 789
1505760 789
1505770 789
1505780 788
1505790 788
1505800 788
1505810 788
1505820 788
1505830 788
1505840 788
1505850 789
1505860 789
1505870 789
1505880 790
1505890 790
1505900 790
1505910 789
1505920 789
1505930 787
1505940 784
1505950 784
1505960 780
1505970 775
1505980 775
1505990 771
1506000 767
1506010 767
1506020 764
1506030 760
1506040 760
1506050 758
1506060 759
1506070 759
1506080 760
1506090 762
1506100 762
1506110 763
1506120 763
1506130 763
1506140 764
1506150 764
1506160 764
1506170 764
1506180 763
1506190 763
1506200 762
1506210 761
1506220 761
1506230 759
1506240 758
1506250 758
1506260 757
1506270 757
1506280 757
1506290 756
1506300 756
1506310 756
1506320 756
1506330 755
1506340 755
1506350 754
1506360 753
1506370 753
1506380 751
1506390 749
1506400 749
1506410 747
1506420 745
1506430 745
1506440 743
1506450 742
1506460 742
1506470 740
1506480 738
1506490 738
1506500 735
1506510 734
1506520 734
1506530 732
1506540 730
1506550 730
1506560 728
1506570 727
1506580 727
1506590 725
1506600 723
1506610 723
1506620 721
1506630 720
1506640 720
1506650 718
1506660 717
1506670 717
1506680 715
1506690 714
1506700 714
1506710 712
1506720 710
1506730 710
1506740 709
1506750 707
1506760 707
1506770 705
1506780 704
1506790 704
1506800 702
1506810 701
1506820 701
1506830 699
1506840 698
1506850 698
1506860 697
1506870 696
1506880 696
1506890 695
1506900 694
1506910 694
1506920 692
1506930 691
1506940 691
1506950 690
1506960 689
1506970 689
1506980 689
1506990 687
1507000 687
1507010 686
1507020 685
1507030 685
1507040 685
1507050 684
1507060 690
1507070 690
1507080 690
1507090 689
1507100 689
1507110 689
1507120 688
1507130 688
1507140 687
1507150 687
1507160 687
1507170 687
1507180 687
1507190 687
1507200 687
1507210 685
1507220 685
1507230 682
1507240 678
1507250 678
1507260 675
1507270 674
1507280 674
1507290 675
1507300 676
1507310 676
1507320 673
1507330 668
1507340 668
1507350 665
1507360 664
1507370 664
1507380 664
1507390 664
1507400 664
1507410 664
1507420 663
1507430 663
1507440 662
1507450 661
1507460 661
1507470 661
1507480 660
1507490 660
1507500 657
1507510 655
1507520 655
1507530 653
1507540 651
1507550 651
1507560 650
1507570 651
1507580 651
1507590 652
1507600 652
1507610 652
1507620 651
1507630 649
1507640 649
1507650 648
1507660 647
1507670 647
1507680 646
1507690 645
1507700 645
1507710 644
1507720 643
1507730 643
1507740 643
1507750 644
1507760 644
1507770 644
1507780 643
1507790 643
1507800 642
1507810 642
1507820 642
1507830 641
1507840 640
1507850 640
1507860 639
1507870 637
1507880 637
1507890 636
1507900 636
1507910 636
1507920 636
1507930 636
1507940 636
1507950 636
1507960 637
1507970 637
1507980 637
1507990 637
1508000 637
1508010 637
1508020 636
1508030 636
1508040 635
1508050 635
1508060 635
1508070 634
1508080 633
1508090 633
1508100 632
1508110 631
1508120 631
1508130 629
1508140 627
1508150 627
1508160 626
1508170 625
1508180 625
1508190 625
1508200 624
1508210 624
1508220 622
1508230 620
1508240 620
1508250 619
1508260 618
1508270 618
1508280 617
1508290 616
1508300 616
1508310 616
1508320 615
1508330 615
1508340 615
1508350 614
1508360 614
1508370 614
1508380 613
1508390 613
1508400 612
1508410 612
1508420 612
1508430 611
1508440 610
1508450 610
1508460 609
1508470 608
1508480 608
1508490 607
1508500 605
1508510 604
1508520 604
1508530 603
1508540 602
1508550 602
1508560 602
1508570 601
1508580 601
1508590 599
1508600 598
1508610 598
1508620 596
1508630 595
1508640 595
1508650 594
1508660 593
1508670 593
1508680 592
1508690 592
1508700 592
1508710 591
1508720 590
1508730 590
1508740 588
1508750 587
1508760 587
1508770 585
1508780 584
1508790 584
1508800 582
1508810 580
1508820 580
1508830 579
1508840 577
1508850 577
1508860 576
1508870 575
1508880 575
1508890 574
1508900 573
1508910 573
1508920 573
1508930 572
1508940 572
1508950 571
1508960 570
1508970 570
1508980 570
1508990 570
1509000 570
1509010 571
1509020 571
1509030 571
1509040 572
1509050 573
1509060 573
1509070 573
1509080 574
1509090 574
1509100 574
1509110 574
1509120 574
1509130 574
1509140 573
1509150 573
1509160 573
1509170 572
1509180 572
1509190 572
1509200 571
1509210 571
1509220 570
1509230 569
1509240 569
1509250 568
1509260 567
1509270 567
1509280 566
1509290 565
1509300 565
1509310 564
1509320 564
1509330 564
1509340 563
1509350 562
1509360 562
1509370 562
1509380 561
1509390 561
1509400 559
1509410 558
1509420 558
1509430 557
1509440 556
1509450 556
1509460 558
1509470 558
1509480 558
1509490 558
1509500 558
1509510 558
1509520 557
1509530 557
1509540 557
1509550 557
1509560 556
1509570 556
1509580 557
1509590 557
1509600 557
1509610 558
1509620 559
1509630 559
1509640 559
1509650 560
1509660 560
1509670 561
1509680 561
1509690 561
1509700 562
1509710 562
1509720 562
1509730 563
1509740 563
1509750 563
1509760 564
1509770 564
1509780 564
1509790 565
1509800 565
1509810 565
1509820 565
1509830 566
1509840 566
1509850 566
1509860 566
1509870 566
1509880 567
1509890 567
1509900 567
1509910 567
1509920 567
1509930 568
1509940 568
1509950 568
1509960 568
1509970 568
1509980 568
1509990 568
1510000 568
1510010 568
1510020 568
1510030 568
1510040 568
1510050 568
1510060 568
1510070 567
1510080 567
1510090 567
1510100 567
1510110 567
1510120 567
1510130 567
1510140 567
1510150 567
1510160 566
1510170 566
1510180 566
1510190 565
1510200 565
1510210 565
1510220 564
1510230 564
1510240 564
1510250 564
1510260 565
1510270 565
1510280 565
1510290 564
1510300 564
1510310 563
1510320 562
1510330 562
1510340 561
1510350 561
1510360 561
1510370 561
1510380 561
1510390 561
1510400 561
1510410 560
1510420 560
1510430 560
1510440 560
1510450 560
1510460 560
1510470 560
1510480 560
1510490 560
1510500 560
1510510 560
1510520 560
1510530 560
1510540 560
1510550 560
1510560 560
1510570 560
1510580 559
1510590 559
1510600 559
1510610 558
1510620 558
1510630 558
1510640 558
1510650 559
1510660 559
1510670 560
1510680 561
1510690 561
1510700 562
1510710 563
1510720 563
1510730 564
1510740 565
1510750 565
1510760 566
1510770 566
1510780 566
1510790 568
1510800 569
1510810 569
1510820 571
1510830 572
1510840 572
1510850 574
1510860 575
1510870 575
1510880 577
1510890 579
1510900 579
1510910 581
1510920 583
1510930 583
1510940 586
1510950 589
1510960 589
1510970 592
1510980 594
1510990 594
1511000 596
1511010 599
1511020 599
1511030 601
1511040 602
1511050 602
1511060 604
1511070 606
1511080 606
1511090 610
1511100 613
1511110 613
1511120 616
1511130 618
1511140 618
1511150 619
1511160 620
1511170 620
1511180 621
1511190 623
1511200 623
1511210 624
1511220 626
1511230 626
1511240 629
1511250 632
1511260 632
1511270 633
1511280 633
1511290 633
1511300 634
1511310 637
1511320 637
1511330 641
1511340 644
1511350 644
1511360 645
1511370 647
1511380 648
1511390 648
1511400 650
1511410 651
1511420 651
1511430 652
1511440 652
1511450 652
1511460 654
1511470 659
1511480 659
1511490 663
1511500 666
1511510 666
1511520 667
1511530 668
1511540 668
1511550 669
1511560 672
1511570 672
1511580 675
1511590 674
1511600 674
1511610 672
1511620 672
1511630 672
1511640 671
1511650 669
1511660 669
1511670 665
1511680 662
1511690 662
1511700 660
1511710 658
1511720 658
1511730 656
1511740 654
1511750 654
1511760 652
1511770 651
1511780 651
1511790 651
1511800 651
1511810 651
1511820 650
1511830 650
1511840 650
1511850 650
1511860 650
1511870 650
1511880 649
1511890 649
1511900 649
1511910 649
1511920 647
1511930 647
1511940 645
1511950 643
1511960 643
1511970 642
1511980 641
1511990 641
1512000 640
1512010 639
1512020 639
1512030 639
1512040 638
1512050 638
1512060 638
1512070 638
1512080 638
1512090 637
1512100 636
1512110 636
1512120 635
1512130 634
1512140 634
1512150 633
1512160 630
1512170 630
1512180 628
1512190 626
1512200 626
1512210 624
1512220 622
1512230 621
1512240 620
1512250 619
1512260 619
1512270 617
1512280 616
1512290 616
1512300 614
1512310 612
1512320 612
1512330 610
1512340 609
1512350 609
1512360 608
1512370 606
1512380 606
1512390 604
1512400 602
1512410 602
1512420 601
1512430 600
1512440 600
1512450 600
1512460 601
1512470 601
1512480 601
1512490 600
1512500 600
1512510 599
1512520 599
1512530 599
1512540 599
1512550 598
1512560 598
1512570 598
1512580 598
1512590 598
1512600 597
1512610 595
1512620 595
1512630 594
1512640 593
1512650 593
1512660 592
1512670 591
1512680 591
1512690 590
1512700 589
1512710 589
1512720 588
1512730 587
1512740 587
1512750 587
1512760 588
1512770 588
1512780 589
1512790 591
1512800 592
1512810 592
1512820 592
1512830 591
1512840 591
1512850 591
1512860 591
1512870 591
1512880 593
1512890 594
1512900 594
1512910 596
1512920 597
1512930 597
1512940 599
1512950 600
1512960 600
1512970 602
1512980 604
1512990 604
1513000 606
1513010 609
1513020 609
1513030 612
1513040 615
1513050 615
1513060 617
1513070 620
1513080 620
1513090 622
1513100 624
1513110 624
1513120 626
1513130 629
1513140 629
1513150 631
1513160 632
1513170 632
1513180 633
1513190 636
1513200 636
1513210 640
1513220 643
1513230 643
1513240 645
1513250 648
1513260 648
1513270 650
1513280 652
1513290 652
1513300 654
1513310 655
1513320 655
1513330 656
1513340 658
1513350 658
1513360 660
1513370 663
1513380 663
1513390 669
1513400 677
1513410 677
1513420 683
1513430 688
1513440 688
1513450 691
1513460 692
1513470 692
1513480 692
1513490 693
1513500 693
1513510 695
1513520 699
1513530 699
1513540 704
1513550 708
1513560 708
1513570 712
1513580 716
1513590 716
1513600 720
1513610 722
1513620 722
1513630 724
1513640 725
1513650 725
1513660 726
1513670 726
1513680 726
1513690 725
1513700 725
1513710 725
1513720 724
1513730 723
1513740 723
1513750 722
1513760 720
1513770 720
1513780 719
1513790 717
1513800 717
1513810 716
1513820 714
1513830 714
1513840 712
1513850 710
1513860 710
1513870 708
1513880 705
1513890 705
1513900 703
1513910 701
1513920 701
1513930 701
1513940 701
1513950 701
1513960 702
1513970 702
1513980 702
1513990 702
1514000 702
1514010 702
1514020 702
1514030 701
1514040 701
1514050 701
1514060 701
1514070 701
1514080 701
1514090 702
1514100 702
1514110 702
1514120 702
1514130 702
1514140 702
1514150 701
1514160 701
1514170 701
1514180 700
1514190 700
1514200 699
1514210 697
1514220 697
1514230 696
1514240 694
1514250 692
1514260 692
1514270 690
1514280 688
1514290 688
1514300 686
1514310 683
1514320 683
1514330 680
1514340 676
1514350 676
1514360 672
1514370 668
1514380 668
1514390 665
1514400 662
1514410 662
1514420 659
1514430 656
1514440 656
1514450 656
1514460 657
1514470 657
1514480 658
1514490 660
1514500 660
1514510 662
1514520 664
1514530 664
1514540 667
1514550 669
1514560 669
1514570 671
1514580 674
1514590 674
1514600 677
1514610 679
1514620 679
1514630 682
1514640 684
1514650 684
1514660 685
1514670 687
1514680 687
1514690 688
1514700 689
1514710 689
1514720 689
1514730 688
1514740 688
1514750 686
1514760 683
1514770 683
1514780 679
1514790 674
1514800 674
1514810 669
1514820 665
1514830 665
1514840 661
1514850 658
1514860 658
1514870 655
1514880 653
1514890 653
1514900 650
1514910 647
1514920 647
1514930 645
1514940 644
1514950 644
1514960 642
1514970 640
1514980 640
1514990 639
1515000 637
1515010 637
1515020 636
1515030 634
1515040 634
1515050 632
1515060 630
1515070 630
1515080 628
1515090 625
1515100 625
1515110 623
1515120 621
1515130 621
1515140 619
1515150 616
1515160 616
1515170 613
1515180 611
1515190 611
1515200 608
1515210 606
1515220 606
1515230 605
1515240 604
1515250 604
1515260 603
1515270 603
1515280 603
1515290 602
1515300 600
1515310 600
1515320 598
1515330 597
1515340 597
1515350 595
1515360 594
1515370 594
1515380 593
1515390 592
1515400 592
1515410 591
1515420 589
1515430 589
1515440 588
1515450 586
1515460 586
1515470 586
1515480 585
1515490 585
1515500 584
1515510 584
1515520 584
1515530 585
1515540 584
1515550 584
1515560 582
1515570 581
1515580 581
1515590 580
1515600 580
1515610 580
1515620 579
1515630 579
1515640 579
1515650 579
1515660 578
1515670 578
1515680 578
1515690 577
1515700 577
1515710 577
1515720 576
1515730 576
1515740 576
1515750 575
1515760 575
1515770 575
1515780 575
1515790 574
1515800 574
1515810 574
1515820 573
1515830 573
1515840 573
1515850 572
1515860 572
1515870 572
1515880 571
1515890 571
1515900 571
1515910 570
1515920 570
1515930 570
1515940 569
1515950 569
1515960 569
1515970 568
1515980 568
1515990 567
1516000 566
1516010 566
1516020 565
1516030 565
1516040 565
1516050 564
1516060 564
1516070 564
1516080 563
1516090 563
1516100 563
1516110 563
1516120 562
1516130 562
1516140 562
1516150 561
1516160 561
1516170 560
1516180 560
1516190 560
1516200 559
1516210 558
1516220 558
1516230 558
1516240 557
1516250 557
1516260 557
1516270 556
1516280 556
1516290 555
1516300 554
1516310 554
1516320 553
1516330 552
1516340 552
1516350 551
1516360 551
1516370 551
1516380 550
1516390 550
1516400 550
1516410 550
1516420 549
1516430 549
1516440 549
1516450 549
1516460 549
1516470 550
1516480 550
1516490 550
1516500 550
1516510 551
1516520 551
1516530 552
1516540 553
1516550 553
1516560 554
1516570 554
1516580 554
1516590 554
1516600 555
1516610 555
1516620 555
1516630 555
1516640 555
1516650 555
1516660 555
1516670 555
1516680 555
1516690 554
1516700 554
1516710 554
1516720 554
1516730 554
1516740 553
1516750 553
1516760 553
1516770 552
1516780 551
1516790 551
1516800 550
1516810 550
1516820 550
1516830 549
1516840 548
1516850 548
1516860 548
1516870 547
1516880 547
1516890 547
1516900 547
1516910 547
1516920 546
1516930 546
1516940 546
1516950 546
1516960 546
1516970 546
1516980 546
1516990 546
1517000 546
1517010 545
1517020 545
1517030 545
1517040 545
1517050 545
1517060 545
1517070 544
1517080 544
1517090 544
1517100 544
1517110 543
1517120 543
1517130 543
1517140 543
1517150 542
1517160 542
1517170 542
1517180 542
1517190 542
1517200 542
1517210 541
1517220 541
1517230 541
1517240 541
1517250 541
1517260 540
1517270 540
1517280 540
1517290 540
1517300 539
1517310 539
1517320 539
1517330 539
1517340 539
1517350 538
1517360 538
1517370 538
1517380 538
1517390 538
1517400 538
1517410 537
1517420 537
1517430 537
1517440 537
1517450 536
1517460 536
1517470 536
1517480 535
1517490 535
1517500 534
1517510 533
1517520 533
1517530 532
1517540 531
1517550 531
1517560 529
1517570 528
1517580 528
1517590 527
1517600 525
1517610 525
1517620 524
1517630 523
1517640 523
1517650 522
1517660 521
1517670 521
1517680 521
1517690 520
1517700 520
1517710 520
1517720 519
1517730 519
1517740 519
1517750 518
1517760 518
1517770 518
1517780 517
1517790 517
1517800 517
1517810 516
1517820 516
1517830 516
1517840 516
1517850 516
1517860 516
1517870 516
1517880 516
1517890 516
1517900 516
1517910 516
1517920 516
1517930 516
1517940 516
1517950 516
1517960 516
1517970 516
1517980 516
1517990 515
1518000 515
1518010 515
1518020 515
1518030 515
1518040 516
1518050 517
1518060 517
1518070 518
1518080 520
1518090 520
1518100 521
1518110 523
1518120 523
1518130 524
1518140 525
1518150 525
1518160 527
1518170 528
1518180 528
1518190 529
1518200 530
1518210 530
1518220 531
1518230 533
1518240 533
1518250 534
1518260 535
1518270 535
1518280 536
1518290 536
1518300 536
1518310 536
1518320 536
1518330 536
1518340 536
1518350 535
1518360 535
1518370 535
1518380 534
1518390 534
1518400 534
1518410 533
1518420 533
1518430 533
1518440 532
1518450 532
1518460 531
1518470 531
1518480 531
1518490 530
1518500 530
1518510 530
1518520 529
1518530 528
1518540 528
1518550 527
1518560 526
1518570 525
1518580 525
1518590 524
1518600 523
1518610 523
1518620 522
1518630 521
1518640 521
1518650 520
1518660 519
1518670 519
1518680 518
1518690 518
1518700 518
1518710 518
1518720 518
1518730 518
1518740 518
1518750 518
1518760 518
1518770 517
1518780 517
1518790 517
1518800 517
1518810 517
1518820 517
1518830 518
1518840 518
1518850 518
1518860 519
1518870 519
1518880 519
1518890 520
1518900 520
1518910 520
1518920 521
1518930 522
1518940 522
1518950 523
1518960 524
1518970 524
1518980 525
1518990 526
1519000 526
1519010 527
1519020 527
1519030 527
1519040 528
1519050 529
1519060 529
1519070 530
1519080 531
1519090 531
1519100 532
1519110 533
1519120 533
1519130 534
1519140 535
1519150 535
1519160 537
1519170 538
1519180 538
1519190 539
1519200 539
1519210 539
1519220 540
1519230 540
1519240 540
1519250 541
1519260 541
1519270 541
1519280 541
1519290 541
1519300 541
1519310 541
1519320 540
1519330 540
1519340 540
1519350 539
1519360 539
1519370 539
1519380 538
1519390 538
1519400 538
1519410 537
1519420 537
1519430 536
1519440 536
1519450 536
1519460 535
1519470 534
1519480 534
1519490 534
1519500 533
1519510 533
1519520 532
1519530 532
1519540 532
1519550 531
1519560 530
1519570 530
1519580 529
1519590 529
1519600 529
1519610 528
1519620 527
1519630 527
1519640 527
1519650 526
1519660 526
1519670 525
1519680 524
1519690 524
1519700 524
1519710 523
1519720 523
1519730 523
1519740 522
1519750 522
1519760 522
1519770 521
1519780 521
1519790 520
1519800 520
1519810 520
1519820 519
1519830 519
1519840 519
1519850 518
1519860 518
1519870 518
1519880 518
1519890 518
1519900 518
1519910 520
1519920 521
1519930 521
1519940 522
1519950 523
1519960 523
1519970 525
1519980 526
1519990 526
