1500000 569
1500010 568
1500020 568
1500030 567
1500040 567
1500050 567
1500060 567
1500070 566
1500080 566
1500090 566
1500100 566
1500110 566
1500120 567
1500130 567
1500140 567
1500150 568
1500160 569
1500170 569
1500180 572
1500190 573
1500200 573
1500210 573
1500220 573
1500230 573
1500240 573
1500250 572
1500260 572
1500270 571
1500280 571
1500290 571
1500300 570
1500310 569
1500320 569
1500330 569
1500340 568
1500350 568
1500360 567
1500370 565
1500380 565
1500390 564
1500400 564
1500410 564
1500420 564
1500430 564
1500440 564
1500450 565
1500460 565
1500470 566
1500480 566
1500490 566
1500500 567
1500510 567
1500520 568
1500530 570
1500540 570
1500550 571
1500560 572
1500570 572
1500580 572
1500590 573
1500600 573
1500610 574
1500620 575
1500630 575
1500640 576
1500650 577
1500660 577
1500670 577
1500680 578
1500690 578
1500700 579
1500710 580
1500720 580
1500730 581
1500740 582
1500750 582
1500760 582
1500770 583
1500780 583
1500790 583
1500800 583
1500810 583
1500820 583
1500830 584
1500840 584
1500850 584
1500860 584
1500870 584
1500880 585
1500890 585
1500900 585
1500910 586
1500920 586
1500930 586
1500940 587
1500950 587
1500960 587
1500970 588
1500980 588
1500990 588
1501000 588
1501010 589
1501020 589
1501030 589
1501040 589
1501050 589
1501060 589
1501070 588
1501080 588
1501090 588
1501100 588
1501110 588
1501120 589
1501130 590
1501140 590
1501150 590
1501160 590
1501170 590
1501180 590
1501190 591
1501200 591
1501210 591
1501220 591
1501230 591
1501240 592
1501250 592
1501260 592
1501270 593
1501280 594
1501290 594
1501300 596
1501310 597
1501320 597
1501330 597
1501340 597
1501350 597
1501360 598
1501370 599
1501380 599
1501390 599
1501400 598
1501410 598
1501420 598
1501430 597
1501440 597
1501450 598
1501460 598
1501470 598
1501480 599
1501490 600
1501500 600
1501510 602
1501520 603
1501530 603
1501540 604
1501550 606
1501560 606
1501570 607
1501580 609
1501590 609
1501600 610
1501610 611
1501620 611
1501630 612
1501640 613
1501650 613
1501660 614
1501670 616
1501680 616
1501690 616
1501700 617
1501710 617
1501720 618
1501730 619
1501740 619
1501750 621
1501760 624
1501770 624
1501780 625
1501790 626
1501800 626
1501810 627
1501820 627
1501830 627
1501840 629
1501850 631
1501860 631
1501870 634
1501880 636
1501890 636
1501900 638
1501910 639
1501920 639
1501930 639
1501940 640
1501950 640
1501960 640
1501970 640
1501980 639
1501990 639
1502000 638
1502010 636
1502020 636
1502030 635
1502040 635
1502050 635
1502060 634
1502070 635
1502080 635
1502090 636
1502100 635
1502110 635
1502120 634
1502130 632
1502140 632
1502150 630
1502160 629
1502170 629
1502180 629
1502190 629
1502200 629
1502210 630
1502220 630
1502230 630
1502240 629
1502250 627
1502260 627
1502270 627
1502280 627
1502290 627
1502300 626
1502310 625
1502320 625
1502330 625
1502340 625
1502350 625
1502360 625
1502370 624
1502380 624
1502390 623
1502400 622
1502410 622
1502420 621
1502430 620
1502440 620
1502450 619
1502460 619
1502470 619
1502480 618
1502490 617
1502500 617
1502510 616
1502520 616
1502530 616
1502540 615
1502550 614
1502560 614
1502570 613
1502580 612
1502590 612
1502600 612
1502610 611
1502620 611
1502630 611
1502640 610
1502650 610
1502660 609
1502670 609
1502680 609
1502690 608
1502700 608
1502710 608
1502720 608
1502730 607
1502740 607
1502750 605
1502760 604
1502770 604
1502780 603
1502790 601
1502800 601
1502810 600
1502820 599
1502830 599
1502840 598
1502850 598
1502860 598
1502870 597
1502880 597
1502890 597
1502900 597
1502910 596
1502920 596
1502930 597
1502940 598
1502950 598
1502960 599
1502970 601
1502980 601
1502990 602
1503000 603
1503010 603
1503020 605
1503030 606
1503040 606
1503050 606
1503060 607
1503070 607
1503080 607
1503090 608
1503100 608
1503110 610
1503120 611
1503130 611
1503140 612
1503150 614
1503160 614
1503170 616
1503180 618
1503190 618
1503200 619
1503210 621
1503220 621
1503230 623
1503240 624
1503250 624
1503260 625
1503270 627
1503280 627
1503290 629
1503300 631
1503310 631
1503320 632
1503330 633
1503340 633
1503350 635
1503360 636
1503370 636
1503380 637
1503390 638
1503400 638
1503410 639
1503420 641
1503430 641
1503440 642
1503450 643
1503460 644
1503470 644
1503480 645
1503490 646
1503500 646
1503510 647
1503520 649
1503530 649
1503540 650
1503550 650
1503560 650
1503570 650
1503580 651
1503590 651
1503600 651
1503610 651
1503620 651
1503630 651
1503640 651
1503650 651
1503660 651
1503670 651
1503680 651
1503690 652
1503700 653
1503710 653
1503720 654
1503730 655
1503740 655
1503750 656
1503760 657
1503770 657
1503780 659
1503790 659
1503800 659
1503810 660
1503820 661
1503830 661
1503840 664
1503850 668
1503860 668
1503870 672
1503880 673
1503890 673
1503900 674
1503910 676
1503920 676
1503930 678
1503940 680
1503950 680
1503960 681
1503970 682
1503980 682
1503990 683
1504000 684
1504010 684
1504020 684
1504030 684
1504040 684
1504050 685
1504060 685
1504070 685
1504080 686
1504090 686
1504100 686
1504110 686
1504120 685
1504130 685
1504140 684
1504150 682
1504160 682
1504170 680
1504180 678
1504190 678
1504200 676
1504210 677
1504220 677
1504230 681
1504240 685
1504250 685
1504260 688
1504270 691
1504280 691
1504290 694
1504300 696
1504310 696
1504320 698
1504330 700
1504340 700
1504350 702
1504360 703
1504370 703
1504380 704
1504390 705
1504400 705
1504410 707
1504420 708
1504430 708
1504440 710
1504450 711
1504460 711
1504470 713
1504480 715
1504490 715
1504500 717
1504510 719
1504520 719
1504530 721
1504540 723
1504550 723
1504560 724
1504570 725
1504580 725
1504590 725
1504600 725
1504610 725
1504620 725
1504630 725
1504640 725
1504650 724
1504660 723
1504670 723
1504680 722
1504690 721
1504700 721
1504710 721
1504720 720
1504730 720
1504740 719
1504750 719
1504760 719
1504770 718
1504780 717
1504790 717
1504800 716
1504810 715
1504820 715
1504830 714
1504840 712
1504850 712
1504860 709
1504870 706
1504880 706
1504890 704
1504900 703
1504910 703
1504920 702
1504930 700
1504940 700
1504950 698
1504960 695
1504970 691
1504980 691
1504990 687
1505000 688
1505010 688
1505020 692
1505030 695
1505040 695
1505050 698
1505060 700
1505070 700
1505080 702
1505090 703
1505100 703
1505110 704
1505120 704
1505130 704
1505140 705
1505150 706
1505160 706
1505170 708
1505180 711
1505190 711
1505200 715
1505210 718
1505220 718
1505230 721
1505240 724
1505250 724
1505260 727
1505270 729
1505280 729
1505290 731
1505300 733
1505310 733
1505320 737
1505330 741
1505340 741
1505350 746
1505360 749
1505370 749
1505380 753
1505390 756
1505400 756
1505410 759
1505420 763
1505430 763
1505440 766
1505450 769
1505460 769
1505470 772
1505480 775
1505490 775
1505500 778
1505510 780
1505520 780
1505530 782
1505540 784
1505550 784
1505560 786
1505570 787
1505580 787
1505590 787
1505600 787
1505610 787
1505620 787
1505630 786
1505640 786
1505650 785
1505660 783
1505670 783
1505680 782
1505690 780
1505700 780
1505710 777
1505720 774
1505730 774
1505740 772
1505750 769
1505760 769
1505770 767
1505780 764
1505790 764
1505800 761
1505810 757
1505820 757
1505830 754
1505840 750
1505850 750
1505860 746
1505870 741
1505880 741
1505890 736
1505900 731
1505910 731
1505920 726
1505930 721
1505940 721
1505950 715
1505960 711
1505970 711
1505980 707
1505990 704
1506000 704
1506010 705
1506020 705
1506030 705
1506040 705
1506050 703
1506060 703
1506070 705
1506080 709
1506090 709
1506100 711
1506110 713
1506120 713
1506130 717
1506140 720
1506150 720
1506160 722
1506170 720
1506180 720
1506190 718
1506200 716
1506210 716
1506220 715
1506230 715
1506240 715
1506250 716
1506260 718
1506270 718
1506280 720
1506290 719
1506300 719
1506310 717
1506320 716
1506330 716
1506340 715
1506350 713
1506360 713
1506370 710
1506380 709
1506390 709
1506400 709
1506410 709
1506420 709
1506430 707
1506440 706
1506450 706
1506460 704
1506470 702
1506480 700
1506490 700
1506500 699
1506510 698
1506520 698
1506530 698
1506540 698
1506550 698
1506560 697
1506570 696
1506580 696
1506590 696
1506600 695
1506610 695
1506620 694
1506630 693
1506640 693
1506650 690
1506660 686
1506670 686
1506680 682
1506690 677
1506700 677
1506710 672
1506720 668
1506730 668
1506740 664
1506750 661
1506760 661
1506770 658
1506780 656
1506790 656
1506800 654
1506810 653
1506820 653
1506830 652
1506840 651
1506850 651
1506860 650
1506870 649
1506880 648
1506890 647
1506900 646
1506910 646
1506920 646
1506930 645
1506940 645
1506950 645
1506960 644
1506970 644
1506980 644
1506990 643
1507000 643
1507010 643
1507020 642
1507030 642
1507040 641
1507050 640
1507060 640
1507070 638
1507080 637
1507090 637
1507100 636
1507110 636
1507120 636
1507130 636
1507140 635
1507150 635
1507160 635
1507170 634
1507180 634
1507190 635
1507200 635
1507210 635
1507220 634
1507230 633
1507240 633
1507250 632
1507260 630
1507270 630
1507280 628
1507290 626
1507300 626
1507310 625
1507320 625
1507330 625
1507340 625
1507350 624
1507360 624
1507370 622
1507380 620
1507390 620
1507400 620
1507410 618
1507420 618
1507430 617
1507440 616
1507450 616
1507460 615
1507470 613
1507480 613
1507490 612
1507500 610
1507510 610
1507520 609
1507530 609
1507540 609
1507550 609
1507560 608
1507570 608
1507580 605
1507590 604
1507600 604
1507610 601
1507620 598
1507630 598
1507640 597
1507650 597
1507660 597
1507670 597
1507680 597
1507690 597
1507700 597
1507710 596
1507720 596
1507730 595
1507740 595
1507750 595
1507760 594
1507770 594
1507780 594
1507790 593
1507800 593
1507810 593
1507820 592
1507830 592
1507840 592
1507850 594
1507860 594
1507870 594
1507880 593
1507890 593
1507900 593
1507910 593
1507920 593
1507930 593
1507940 593
1507950 593
1507960 593
1507970 593
1507980 593
1507990 592
1508000 592
1508010 592
1508020 592
1508030 592
1508040 592
1508050 592
1508060 592
1508070 592
1508080 592
1508090 592
1508100 592
1508110 591
1508120 591
1508130 591
1508140 590
1508150 590
1508160 590
1508170 589
1508180 589
1508190 589
1508200 588
1508210 588
1508220 588
1508230 587
1508240 587
1508250 587
1508260 586
1508270 586
1508280 586
1508290 586
1508300 586
1508310 586
1508320 586
1508330 586
1508340 585
1508350 585
1508360 585
1508370 585
1508380 585
1508390 585
1508400 584
1508410 584
1508420 584
1508430 583
1508440 583
1508450 583
1508460 582
1508470 582
1508480 582
1508490 582
1508500 581
1508510 581
1508520 580
1508530 579
1508540 579
1508550 579
1508560 578
1508570 578
1508580 578
1508590 578
1508600 578
1508610 577
1508620 577
1508630 577
1508640 577
1508650 577
1508660 577
1508670 577
1508680 576
1508690 576
1508700 575
1508710 576
1508720 576
1508730 576
1508740 575
1508750 575
1508760 574
1508770 572
1508780 572
1508790 572
1508800 572
1508810 572
1508820 572
1508830 573
1508840 573
1508850 573
1508860 574
1508870 574
1508880 574
1508890 574
1508900 574
1508910 575
1508920 576
1508930 576
1508940 577
1508950 579
1508960 579
1508970 580
1508980 580
1508990 580
1509000 581
1509010 582
1509020 582
1509030 583
1509040 584
1509050 584
1509060 585
1509070 586
1509080 586
1509090 587
1509100 588
1509110 588
1509120 590
1509130 590
1509140 590
1509150 591
1509160 592
1509170 592
1509180 594
1509190 596
1509200 596
1509210 597
1509220 600
1509230 600
1509240 602
1509250 603
1509260 603
1509270 605
1509280 606
1509290 606
1509300 608
1509310 608
1509320 608
1509330 609
1509340 610
1509350 610
1509360 611
1509370 612
1509380 612
1509390 612
1509400 613
1509410 613
1509420 614
1509430 615
1509440 615
1509450 615
1509460 616
1509470 616
1509480 616
1509490 616
1509500 618
1509510 618
1509520 618
1509530 619
1509540 619
1509550 620
1509560 622
1509570 622
1509580 624
1509590 626
1509600 626
1509610 626
1509620 628
1509630 628
1509640 630
1509650 632
1509660 632
1509670 634
1509680 635
1509690 635
1509700 635
1509710 635
1509720 635
1509730 636
1509740 636
1509750 636
1509760 636
1509770 636
1509780 636
1509790 637
1509800 640
1509810 640
1509820 645
1509830 652
1509840 652
1509850 656
1509860 656
1509870 656
1509880 654
1509890 652
1509900 652
1509910 649
1509920 644
1509930 644
1509940 637
1509950 634
1509960 634
1509970 633
1509980 632
1509990 632
1510000 631
1510010 629
1510020 629
1510030 627
1510040 625
1510050 625
1510060 624
1510070 623
1510080 623
1510090 622
1510100 621
1510110 621
1510120 619
1510130 618
1510140 618
1510150 618
1510160 617
1510170 617
1510180 616
1510190 614
1510200 614
1510210 613
1510220 613
1510230 613
1510240 611
1510250 609
1510260 609
1510270 607
1510280 606
1510290 606
1510300 605
1510310 604
1510320 604
1510330 603
1510340 602
1510350 602
1510360 601
1510370 599
1510380 599
1510390 598
1510400 597
1510410 597
1510420 596
1510430 595
1510440 595
1510450 594
1510460 592
1510470 592
1510480 591
1510490 590
1510500 590
1510510 589
1510520 587
1510530 587
1510540 585
1510550 584
1510560 584
1510570 584
1510580 583
1510590 583
1510600 582
1510610 582
1510620 582
1510630 581
1510640 580
1510650 580
1510660 580
1510670 579
1510680 579
1510690 578
1510700 578
1510710 578
1510720 577
1510730 577
1510740 577
1510750 576
1510760 576
1510770 576
1510780 575
1510790 575
1510800 575
1510810 574
1510820 574
1510830 574
1510840 574
1510850 574
1510860 574
1510870 575
1510880 577
1510890 577
1510900 579
1510910 580
1510920 580
1510930 581
1510940 583
1510950 583
1510960 585
1510970 587
1510980 588
1510990 588
1511000 590
1511010 591
1511020 591
1511030 593
1511040 595
1511050 595
1511060 597
1511070 599
1511080 599
1511090 601
1511100 604
1511110 604
1511120 606
1511130 608
1511140 608
1511150 610
1511160 613
1511170 613
1511180 615
1511190 617
1511200 617
1511210 618
1511220 620
1511230 620
1511240 623
1511250 626
1511260 626
1511270 629
1511280 632
1511290 632
1511300 635
1511310 637
1511320 637
1511330 640
1511340 643
1511350 643
1511360 646
1511370 650
1511380 650
1511390 655
1511400 660
1511410 660
1511420 665
1511430 669
1511440 669
1511450 672
1511460 676
1511470 676
1511480 680
1511490 684
1511500 684
1511510 688
1511520 692
1511530 692
1511540 697
1511550 701
1511560 701
1511570 706
1511580 711
1511590 711
1511600 714
1511610 716
1511620 716
1511630 716
1511640 715
1511650 715
1511660 715
1511670 714
1511680 714
1511690 713
1511700 711
1511710 711
1511720 709
1511730 708
1511740 708
1511750 706
1511760 705
1511770 705
1511780 703
1511790 702
1511800 702
1511810 700
1511820 699
1511830 699
1511840 698
1511850 697
1511860 697
1511870 695
1511880 693
1511890 693
1511900 692
1511910 692
1511920 692
1511930 693
1511940 694
1511950 694
1511960 694
1511970 694
1511980 694
1511990 693
1512000 692
1512010 692
1512020 691
1512030 689
1512040 689
1512050 688
1512060 686
1512070 687
1512080 685
1512090 682
1512100 682
1512110 680
1512120 682
1512130 682
1512140 684
1512150 685
1512160 685
1512170 687
1512180 688
1512190 688
1512200 689
1512210 690
1512220 690
1512230 689
1512240 686
1512250 686
1512260 682
1512270 677
1512280 677
1512290 674
1512300 671
1512310 671
1512320 671
1512330 673
1512340 673
1512350 676
1512360 680
1512370 680
1512380 683
1512390 686
1512400 686
1512410 686
1512420 686
1512430 686
1512440 685
1512450 684
1512460 683
1512470 683
1512480 682
1512490 681
1512500 681
1512510 681
1512520 680
1512530 680
1512540 680
1512550 680
1512560 680
1512570 680
1512580 680
1512590 680
1512600 680
1512610 679
1512620 679
1512630 678
1512640 678
1512650 678
1512660 677
1512670 676
1512680 676
1512690 675
1512700 673
1512710 673
1512720 672
1512730 670
1512740 670
1512750 669
1512760 667
1512770 667
1512780 664
1512790 662
1512800 662
1512810 660
1512820 659
1512830 659
1512840 657
1512850 656
1512860 656
1512870 654
1512880 652
1512890 652
1512900 650
1512910 648
1512920 648
1512930 647
1512940 646
1512950 646
1512960 645
1512970 643
1512980 643
1512990 640
1513000 638
1513010 638
1513020 637
1513030 635
1513040 635
1513050 634
1513060 632
1513070 632
1513080 629
1513090 627
1513100 627
1513110 625
1513120 623
1513130 623
1513140 623
1513150 624
1513160 624
1513170 624
1513180 624
1513190 624
1513200 623
1513210 622
1513220 622
1513230 621
1513240 622
1513250 622
1513260 623
1513270 624
1513280 624
1513290 624
1513300 622
1513310 622
1513320 619
1513330 618
1513340 618
1513350 620
1513360 622
1513370 622
1513380 624
1513390 627
1513400 627
1513410 628
1513420 628
1513430 628
1513440 629
1513450 631
1513460 631
1513470 632
1513480 634
1513490 634
1513500 636
1513510 638
1513520 638
1513530 640
1513540 642
1513550 642
1513560 645
1513570 647
1513580 647
1513590 651
1513600 653
1513610 653
1513620 654
1513630 658
1513640 658
1513650 663
1513660 669
1513670 669
1513680 676
1513690 682
1513700 682
1513710 686
1513720 690
1513730 690
1513740 694
1513750 696
1513760 696
1513770 696
1513780 695
1513790 695
1513800 693
1513810 692
1513820 692
1513830 690
1513840 687
1513850 687
1513860 685
1513870 682
1513880 682
1513890 680
1513900 677
1513910 677
1513920 675
1513930 673
1513940 673
1513950 671
1513960 670
1513970 669
1513980 669
1513990 667
1514000 666
1514010 666
1514020 663
1514030 659
1514040 659
1514050 654
1514060 650
1514070 650
1514080 647
1514090 646
1514100 646
1514110 643
1514120 641
1514130 641
1514140 640
1514150 640
1514160 640
1514170 639
1514180 637
1514190 637
1514200 635
1514210 633
1514220 633
1514230 631
1514240 630
1514250 630
1514260 629
1514270 629
1514280 629
1514290 628
1514300 627
1514310 627
1514320 625
1514330 624
1514340 624
1514350 623
1514360 623
1514370 623
1514380 622
1514390 621
1514400 621
1514410 619
1514420 617
1514430 617
1514440 615
1514450 613
1514460 613
1514470 610
1514480 609
1514490 609
1514500 608
1514510 607
1514520 607
1514530 607
1514540 607
1514550 607
1514560 606
1514570 606
1514580 606
1514590 605
1514600 605
1514610 605
1514620 604
1514630 603
1514640 603
1514650 602
1514660 601
1514670 601
1514680 601
1514690 600
1514700 600
1514710 599
1514720 599
1514730 599
1514740 598
1514750 597
1514760 597
1514770 597
1514780 596
1514790 596
1514800 596
1514810 595
1514820 595
1514830 595
1514840 595
1514850 595
1514860 594
1514870 592
1514880 592
1514890 591
1514900 589
1514910 589
1514920 588
1514930 587
1514940 587
1514950 585
1514960 584
1514970 584
1514980 583
1514990 582
1515000 582
1515010 582
1515020 580
1515030 580
1515040 578
1515050 578
1515060 578
1515070 578
1515080 577
1515090 577
1515100 576
1515110 576
1515120 576
1515130 575
1515140 575
1515150 575
1515160 574
1515170 574
1515180 574
1515190 574
1515200 573
1515210 573
1515220 573
1515230 572
1515240 572
1515250 572
1515260 572
1515270 572
1515280 572
1515290 572
1515300 572
1515310 571
1515320 570
1515330 570
1515340 569
1515350 569
1515360 569
1515370 569
1515380 569
1515390 569
1515400 569
1515410 569
1515420 569
1515430 569
1515440 569
1515450 569
1515460 570
1515470 570
1515480 570
1515490 570
1515500 570
1515510 569
1515520 569
1515530 569
1515540 569
1515550 569
1515560 568
1515570 568
1515580 568
1515590 568
1515600 567
1515610 567
1515620 567
1515630 567
1515640 567
1515650 566
1515660 566
1515670 566
1515680 566
1515690 566
1515700 566
1515710 565
1515720 565
1515730 565
1515740 564
1515750 564
1515760 564
1515770 563
1515780 563
1515790 563
1515800 562
1515810 562
1515820 562
1515830 561
1515840 561
1515850 561
1515860 560
1515870 560
1515880 560
1515890 560
1515900 559
1515910 559
1515920 559
1515930 558
1515940 558
1515950 558
1515960 557
1515970 557
1515980 557
1515990 556
1516000 556
1516010 555
1516020 555
1516030 555
1516040 554
1516050 553
1516060 553
1516070 553
1516080 552
1516090 552
1516100 552
1516110 551
1516120 551
1516130 551
1516140 550
1516150 550
1516160 550
1516170 549
1516180 549
1516190 549
1516200 548
1516210 548
1516220 548
1516230 547
1516240 547
1516250 546
1516260 545
1516270 545
1516280 544
1516290 544
1516300 544
1516310 543
1516320 543
1516330 543
1516340 542
1516350 542
1516360 542
1516370 541
1516380 541
1516390 541
1516400 540
1516410 540
1516420 540
1516430 540
1516440 540
1516450 540
1516460 540
1516470 539
1516480 539
1516490 539
1516500 538
1516510 538
1516520 538
1516530 538
1516540 538
1516550 537
1516560 537
1516570 537
1516580 536
1516590 535
1516600 535
1516610 535
1516620 535
1516630 535
1516640 535
1516650 534
1516660 534
1516670 534
1516680 533
1516690 533
1516700 533
1516710 533
1516720 533
1516730 532
1516740 532
1516750 532
1516760 532
1516770 531
1516780 531
1516790 531
1516800 531
1516810 531
1516820 531
1516830 531
1516840 531
1516850 531
1516860 531
1516870 531
1516880 531
1516890 532
1516900 532
1516910 532
1516920 532
1516930 532
1516940 533
1516950 534
1516960 534
1516970 534
1516980 534
1516990 535
1517000 535
1517010 535
1517020 535
1517030 535
1517040 536
1517050 536
1517060 536
1517070 537
1517080 537
1517090 537
1517100 538
1517110 538
1517120 538
1517130 539
1517140 539
1517150 539
1517160 540
1517170 540
1517180 540
1517190 540
1517200 541
1517210 541
1517220 541
1517230 542
1517240 542
1517250 542
1517260 542
1517270 542
1517280 543
1517290 543
1517300 543
1517310 544
1517320 545
1517330 545
1517340 545
1517350 546
1517360 546
1517370 546
1517380 546
1517390 546
1517400 547
1517410 547
1517420 547
1517430 547
1517440 547
1517450 547
1517460 547
1517470 547
1517480 547
1517490 547
1517500 547
1517510 547
1517520 547
1517530 546
1517540 546
1517550 546
1517560 544
1517570 544
1517580 543
1517590 543
1517600 543
1517610 543
1517620 544
1517630 544
1517640 544
1517650 545
1517660 545
1517670 545
1517680 547
1517690 547
1517700 551
1517710 553
1517720 553
1517730 552
1517740 553
1517750 553
1517760 554
1517770 556
1517780 556
1517790 558
1517800 560
1517810 560
1517820 561
1517830 562
1517840 562
1517850 564
1517860 565
1517870 565
1517880 566
1517890 568
1517900 568
1517910 569
1517920 571
1517930 571
1517940 571
1517950 572
1517960 572
1517970 572
1517980 572
1517990 572
1518000 572
1518010 572
1518020 572
1518030 572
1518040 571
1518050 571
1518060 571
1518070 571
1518080 571
1518090 571
1518100 570
1518110 570
1518120 570
1518130 570
1518140 570
1518150 570
1518160 569
1518170 569
1518180 569
1518190 568
1518200 568
1518210 568
1518220 567
1518230 567
1518240 567
1518250 566
1518260 566
1518270 566
1518280 565
1518290 565
1518300 565
1518310 564
1518320 564
1518330 563
1518340 562
1518350 562
1518360 561
1518370 561
1518380 561
1518390 561
1518400 561
1518410 561
1518420 561
1518430 560
1518440 560
1518450 560
1518460 560
1518470 560
1518480 559
1518490 558
1518500 558
1518510 558
1518520 558
1518530 557
1518540 557
1518550 557
1518560 556
1518570 556
1518580 555
1518590 554
1518600 554
1518610 553
1518620 553
1518630 553
1518640 552
1518650 551
1518660 551
1518670 551
1518680 550
1518690 550
1518700 549
1518710 548
1518720 548
1518730 547
1518740 546
1518750 546
1518760 545
1518770 545
1518780 545
1518790 544
1518800 543
1518810 543
1518820 543
1518830 542
1518840 542
1518850 542
1518860 541
1518870 541
1518880 541
1518890 540
1518900 540
1518910 540
1518920 539
1518930 539
1518940 539
1518950 538
1518960 538
1518970 538
1518980 538
1518990 538
1519000 538
1519010 538
1519020 538
1519030 538
1519040 539
1519050 539
1519060 539
1519070 539
1519080 539
1519090 540
1519100 540
1519110 540
1519120 541
1519130 541
1519140 541
1519150 542
1519160 542
1519170 542
1519180 543
1519190 543
1519200 543
1519210 544
1519220 544
1519230 544
1519240 545
1519250 546
1519260 546
1519270 546
1519280 547
1519290 547
1519300 548
1519310 549
1519320 549
1519330 550
1519340 550
1519350 550
1519360 551
1519370 551
1519380 551
1519390 552
1519400 552
1519410 552
1519420 552
1519430 553
1519440 553
1519450 553
1519460 553
1519470 553
1519480 553
1519490 553
1519500 553
1519510 554
1519520 554
1519530 554
1519540 554
1519550 553
1519560 553
1519570 553
1519580 553
1519590 553
1519600 553
1519610 553
1519620 553
1519630 552
1519640 552
1519650 552
1519660 551
1519670 551
1519680 551
1519690 551
1519700 550
1519710 550
1519720 550
1519730 549
1519740 549
1519750 548
1519760 548
1519770 548
1519780 547
1519790 547
1519800 547
1519810 546
1519820 545
1519830 545
1519840 545
1519850 544
1519860 544
1519870 543
1519880 542
1519890 542
1519900 542
1519910 541
1519920 541
1519930 541
1519940 540
1519950 540
1519960 540
1519970 539
1519980 539
1519990 539
