1500000 569
1500010 569
1500020 569
1500030 570
1500040 572
1500050 572
1500060 574
1500070 576
1500080 576
1500090 577
1500100 577
1500110 577
1500120 578
1500130 578
1500140 578
1500150 578
1500160 578
1500170 578
1500180 578
1500190 577
1500200 577
1500210 577
1500220 576
1500230 576
1500240 575
1500250 574
1500260 574
1500270 573
1500280 573
1500290 573
1500300 572
1500310 571
1500320 571
1500330 571
1500340 570
1500350 570
1500360 568
1500370 566
1500380 566
1500390 566
1500400 565
1500410 565
1500420 566
1500430 566
1500440 566
1500450 566
1500460 567
1500470 567
1500480 568
1500490 569
1500500 569
1500510 571
1500520 571
1500530 572
1500540 572
1500550 573
1500560 573
1500570 573
1500580 574
1500590 574
1500600 574
1500610 574
1500620 574
1500630 574
1500640 575
1500650 575
1500660 575
1500670 574
1500680 574
1500690 574
1500700 575
1500710 576
1500720 576
1500730 577
1500740 578
1500750 578
1500760 579
1500770 580
1500780 580
1500790 581
1500800 581
1500810 581
1500820 582
1500830 584
1500840 584
1500850 585
1500860 586
1500870 586
1500880 587
1500890 588
1500900 588
1500910 589
1500920 589
1500930 589
1500940 590
1500950 591
1500960 591
1500970 591
1500980 592
1500990 592
1501000 592
1501010 593
1501020 593
1501030 593
1501040 594
1501050 594
1501060 594
1501070 594
1501080 594
1501090 595
1501100 595
1501110 595
1501120 596
1501130 596
1501140 596
1501150 596
1501160 596
1501170 596
1501180 597
1501190 597
1501200 597
1501210 597
1501220 598
1501230 598
1501240 598
1501250 599
1501260 599
1501270 599
1501280 601
1501290 601
1501300 603
1501310 604
1501320 604
1501330 605
1501340 606
1501350 606
1501360 607
1501370 608
1501380 608
1501390 609
1501400 608
1501410 608
1501420 605
1501430 604
1501440 604
1501450 606
1501460 609
1501470 609
1501480 610
1501490 611
1501500 611
1501510 613
1501520 613
1501530 613
1501540 613
1501550 613
1501560 613
1501570 615
1501580 617
1501590 617
1501600 619
1501610 621
1501620 621
1501630 623
1501640 625
1501650 625
1501660 626
1501670 627
1501680 627
1501690 628
1501700 629
1501710 629
1501720 631
1501730 635
1501740 635
1501750 637
1501760 639
1501770 639
1501780 640
1501790 642
1501800 642
1501810 643
1501820 644
1501830 644
1501840 645
1501850 646
1501860 646
1501870 647
1501880 648
1501890 648
1501900 649
1501910 650
1501920 650
1501930 650
1501940 651
1501950 651
1501960 650
1501970 650
1501980 650
1501990 649
1502000 648
1502010 648
1502020 648
1502030 647
1502040 647
1502050 647
1502060 646
1502070 646
1502080 646
1502090 645
1502100 644
1502110 644
1502120 642
1502130 641
1502140 641
1502150 641
1502160 640
1502170 640
1502180 640
1502190 639
1502200 639
1502210 639
1502220 639
1502230 639
1502240 639
1502250 638
1502260 638
1502270 637
1502280 636
1502290 636
1502300 636
1502310 635
1502320 635
1502330 634
1502340 634
1502350 634
1502360 634
1502370 634
1502380 634
1502390 634
1502400 633
1502410 633
1502420 631
1502430 629
1502440 629
1502450 628
1502460 627
1502470 627
1502480 626
1502490 626
1502500 626
1502510 625
1502520 624
1502530 624
1502540 623
1502550 622
1502560 622
1502570 622
1502580 621
1502590 621
1502600 620
1502610 619
1502620 619
1502630 618
1502640 617
1502650 617
1502660 616
1502670 615
1502680 615
1502690 613
1502700 612
1502710 612
1502720 611
1502730 611
1502740 611
1502750 610
1502760 609
1502770 609
1502780 608
1502790 607
1502800 607
1502810 606
1502820 605
1502830 605
1502840 605
1502850 604
1502860 604
1502870 604
1502880 603
1502890 603
1502900 602
1502910 600
1502920 600
1502930 599
1502940 599
1502950 599
1502960 599
1502970 599
1502980 599
1502990 599
1503000 599
1503010 599
1503020 599
1503030 600
1503040 600
1503050 601
1503060 603
1503070 603
1503080 605
1503090 607
1503100 607
1503110 608
1503120 609
1503130 609
1503140 610
1503150 612
1503160 612
1503170 613
1503180 615
1503190 615
1503200 616
1503210 618
1503220 618
1503230 619
1503240 621
1503250 621
1503260 623
1503270 624
1503280 624
1503290 624
1503300 625
1503310 625
1503320 626
1503330 627
1503340 627
1503350 628
1503360 630
1503370 630
1503380 631
1503390 632
1503400 632
1503410 634
1503420 635
1503430 635
1503440 636
1503450 636
1503460 636
1503470 637
1503480 639
1503490 639
1503500 640
1503510 641
1503520 641
1503530 642
1503540 643
1503550 643
1503560 643
1503570 644
1503580 644
1503590 644
1503600 644
1503610 644
1503620 644
1503630 644
1503640 644
1503650 644
1503660 644
1503670 643
1503680 643
1503690 644
1503700 644
1503710 644
1503720 644
1503730 646
1503740 646
1503750 646
1503760 647
1503770 647
1503780 648
1503790 647
1503800 647
1503810 648
1503820 649
1503830 649
1503840 650
1503850 650
1503860 650
1503870 650
1503880 651
1503890 651
1503900 651
1503910 653
1503920 653
1503930 656
1503940 660
1503950 660
1503960 665
1503970 668
1503980 668
1503990 670
1504000 671
1504010 671
1504020 672
1504030 672
1504040 672
1504050 671
1504060 671
1504070 671
1504080 670
1504090 670
1504100 670
1504110 668
1504120 665
1504130 665
1504140 662
1504150 663
1504160 663
1504170 666
1504180 670
1504190 670
1504200 673
1504210 676
1504220 676
1504230 678
1504240 680
1504250 680
1504260 681
1504270 681
1504280 681
1504290 681
1504300 681
1504310 681
1504320 681
1504330 683
1504340 683
1504350 687
1504360 690
1504370 690
1504380 693
1504390 696
1504400 696
1504410 697
1504420 698
1504430 698
1504440 698
1504450 698
1504460 698
1504470 698
1504480 698
1504490 698
1504500 699
1504510 701
1504520 701
1504530 702
1504540 704
1504550 704
1504560 707
1504570 709
1504580 709
1504590 712
1504600 715
1504610 715
1504620 717
1504630 720
1504640 720
1504650 722
1504660 724
1504670 724
1504680 725
1504690 725
1504700 725
1504710 725
1504720 725
1504730 725
1504740 725
1504750 724
1504760 724
1504770 724
1504780 723
1504790 723
1504800 721
1504810 719
1504820 719
1504830 716
1504840 713
1504850 713
1504860 711
1504870 709
1504880 709
1504890 708
1504900 706
1504910 706
1504920 704
1504930 701
1504940 701
1504950 699
1504960 697
1504970 697
1504980 699
1504990 702
1505000 702
1505010 706
1505020 708
1505030 708
1505040 709
1505050 711
1505060 712
1505070 712
1505080 714
1505090 716
1505100 716
1505110 718
1505120 720
1505130 720
1505140 722
1505150 724
1505160 724
1505170 727
1505180 730
1505190 730
1505200 733
1505210 736
1505220 736
1505230 738
1505240 741
1505250 741
1505260 743
1505270 745
1505280 745
1505290 747
1505300 749
1505310 749
1505320 751
1505330 753
1505340 753
1505350 755
1505360 757
1505370 757
1505380 759
1505390 761
1505400 761
1505410 763
1505420 766
1505430 766
1505440 769
1505450 773
1505460 773
1505470 776
1505480 778
1505490 778
1505500 781
1505510 782
1505520 782
1505530 783
1505540 782
1505550 782
1505560 781
1505570 779
1505580 779
1505590 777
1505600 775
1505610 775
1505620 772
1505630 769
1505640 769
1505650 766
1505660 763
1505670 763
1505680 761
1505690 759
1505700 759
1505710 756
1505720 752
1505730 752
1505740 748
1505750 745
1505760 745
1505770 743
1505780 741
1505790 741
1505800 738
1505810 735
1505820 735
1505830 733
1505840 731
1505850 731
1505860 729
1505870 728
1505880 728
1505890 727
1505900 726
1505910 726
1505920 725
1505930 723
1505940 723
1505950 720
1505960 716
1505970 716
1505980 713
1505990 708
1506000 708
1506010 702
1506020 696
1506030 696
1506040 691
1506050 686
1506060 686
1506070 684
1506080 684
1506090 684
1506100 686
1506110 689
1506120 689
1506130 692
1506140 695
1506150 695
1506160 696
1506170 697
1506180 697
1506190 695
1506200 692
1506210 692
1506220 688
1506230 685
1506240 685
1506250 684
1506260 686
1506270 686
1506280 688
1506290 690
1506300 690
1506310 691
1506320 693
1506330 693
1506340 692
1506350 691
1506360 691
1506370 688
1506380 686
1506390 686
1506400 684
1506410 684
1506420 684
1506430 686
1506440 686
1506450 686
1506460 685
1506470 684
1506480 684
1506490 683
1506500 683
1506510 683
1506520 682
1506530 681
1506540 681
1506550 680
1506560 678
1506570 675
1506580 675
1506590 674
1506600 672
1506610 672
1506620 671
1506630 668
1506640 668
1506650 664
1506660 662
1506670 662
1506680 659
1506690 657
1506700 657
1506710 656
1506720 654
1506730 654
1506740 652
1506750 650
1506760 650
1506770 648
1506780 646
1506790 646
1506800 646
1506810 646
1506820 646
1506830 645
1506840 646
1506850 646
1506860 645
1506870 644
1506880 644
1506890 644
1506900 644
1506910 644
1506920 643
1506930 642
1506940 642
1506950 640
1506960 637
1506970 637
1506980 637
1506990 637
1507000 637
1507010 637
1507020 637
1507030 637
1507040 635
1507050 634
1507060 634
1507070 633
1507080 632
1507090 632
1507100 631
1507110 631
1507120 631
1507130 631
1507140 630
1507150 630
1507160 630
1507170 630
1507180 630
1507190 630
1507200 630
1507210 630
1507220 630
1507230 630
1507240 630
1507250 630
1507260 629
1507270 629
1507280 626
1507290 623
1507300 623
1507310 621
1507320 619
1507330 619
1507340 618
1507350 617
1507360 617
1507370 616
1507380 616
1507390 616
1507400 615
1507410 614
1507420 614
1507430 612
1507440 611
1507450 611
1507460 611
1507470 610
1507480 610
1507490 609
1507500 608
1507510 608
1507520 607
1507530 606
1507540 606
1507550 605
1507560 603
1507570 603
1507580 602
1507590 600
1507600 600
1507610 599
1507620 599
1507630 599
1507640 599
1507650 598
1507660 598
1507670 598
1507680 597
1507690 597
1507700 597
1507710 597
1507720 597
1507730 597
1507740 597
1507750 597
1507760 597
1507770 598
1507780 598
1507790 599
1507800 599
1507810 599
1507820 599
1507830 600
1507840 600
1507850 600
1507860 600
1507870 600
1507880 600
1507890 601
1507900 601
1507910 601
1507920 601
1507930 601
1507940 601
1507950 601
1507960 601
1507970 601
1507980 601
1507990 601
1508000 600
1508010 600
1508020 600
1508030 600
1508040 599
1508050 599
1508060 599
1508070 598
1508080 598
1508090 598
1508100 598
1508110 598
1508120 598
1508130 597
1508140 597
1508150 597
1508160 597
1508170 597
1508180 597
1508190 596
1508200 596
1508210 596
1508220 595
1508230 595
1508240 595
1508250 594
1508260 594
1508270 594
1508280 593
1508290 593
1508300 593
1508310 592
1508320 592
1508330 592
1508340 592
1508350 591
1508360 591
1508370 591
1508380 591
1508390 591
1508400 591
1508410 590
1508420 590
1508430 589
1508440 588
1508450 588
1508460 588
1508470 587
1508480 587
1508490 586
1508500 584
1508510 584
1508520 583
1508530 582
1508540 582
1508550 581
1508560 580
1508570 580
1508580 579
1508590 578
1508600 578
1508610 578
1508620 577
1508630 577
1508640 576
1508650 575
1508660 575
1508670 574
1508680 574
1508690 574
1508700 574
1508710 574
1508720 574
1508730 574
1508740 574
1508750 574
1508760 574
1508770 575
1508780 575
1508790 576
1508800 576
1508810 576
1508820 577
1508830 578
1508840 578
1508850 578
1508860 579
1508870 579
1508880 580
1508890 581
1508900 581
1508910 582
1508920 583
1508930 583
1508940 583
1508950 585
1508960 585
1508970 586
1508980 587
1508990 587
1509000 589
1509010 590
1509020 590
1509030 591
1509040 593
1509050 593
1509060 594
1509070 595
1509080 595
1509090 597
1509100 599
1509110 599
1509120 600
1509130 602
1509140 602
1509150 604
1509160 606
1509170 606
1509180 608
1509190 610
1509200 610
1509210 611
1509220 612
1509230 612
1509240 613
1509250 615
1509260 615
1509270 618
1509280 620
1509290 620
1509300 621
1509310 622
1509320 622
1509330 622
1509340 622
1509350 622
1509360 622
1509370 623
1509380 623
1509390 624
1509400 624
1509410 624
1509420 624
1509430 624
1509440 624
1509450 624
1509460 626
1509470 626
1509480 628
1509490 630
1509500 630
1509510 632
1509520 633
1509530 633
1509540 633
1509550 634
1509560 634
1509570 636
1509580 636
1509590 637
1509600 637
1509610 638
1509620 639
1509630 639
1509640 640
1509650 642
1509660 642
1509670 643
1509680 643
1509690 643
1509700 643
1509710 644
1509720 644
1509730 646
1509740 648
1509750 648
1509760 651
1509770 654
1509780 654
1509790 658
1509800 663
1509810 663
1509820 665
1509830 663
1509840 663
1509850 660
1509860 654
1509870 654
1509880 648
1509890 643
1509900 643
1509910 640
1509920 638
1509930 638
1509940 638
1509950 638
1509960 638
1509970 636
1509980 633
1509990 633
1510000 629
1510010 627
1510020 627
1510030 626
1510040 625
1510050 625
1510060 623
1510070 621
1510080 621
1510090 620
1510100 618
1510110 618
1510120 616
1510130 614
1510140 614
1510150 613
1510160 612
1510170 612
1510180 612
1510190 611
1510200 611
1510210 610
1510220 609
1510230 609
1510240 607
1510250 606
1510260 606
1510270 604
1510280 603
1510290 603
1510300 602
1510310 600
1510320 600
1510330 599
1510340 598
1510350 598
1510360 596
1510370 595
1510380 595
1510390 594
1510400 593
1510410 593
1510420 593
1510430 592
1510440 592
1510450 591
1510460 591
1510470 591
1510480 590
1510490 590
1510500 590
1510510 588
1510520 587
1510530 587
1510540 587
1510550 586
1510560 586
1510570 585
1510580 584
1510590 584
1510600 584
1510610 583
1510620 583
1510630 582
1510640 581
1510650 581
1510660 581
1510670 580
1510680 580
1510690 580
1510700 579
1510710 579
1510720 578
1510730 577
1510740 577
1510750 576
1510760 576
1510770 576
1510780 575
1510790 575
1510800 575
1510810 575
1510820 575
1510830 575
1510840 577
1510850 579
1510860 579
1510870 582
1510880 583
1510890 583
1510900 584
1510910 586
1510920 586
1510930 587
1510940 588
1510950 588
1510960 590
1510970 592
1510980 592
1510990 594
1511000 595
1511010 595
1511020 597
1511030 599
1511040 599
1511050 601
1511060 603
1511070 603
1511080 605
1511090 607
1511100 609
1511110 609
1511120 611
1511130 614
1511140 614
1511150 616
1511160 618
1511170 618
1511180 620
1511190 622
1511200 622
1511210 624
1511220 626
1511230 626
1511240 629
1511250 632
1511260 632
1511270 635
1511280 637
1511290 637
1511300 638
1511310 640
1511320 640
1511330 642
1511340 643
1511350 643
1511360 644
1511370 649
1511380 649
1511390 657
1511400 664
1511410 664
1511420 670
1511430 675
1511440 675
1511450 680
1511460 685
1511470 685
1511480 690
1511490 694
1511500 694
1511510 699
1511520 703
1511530 703
1511540 707
1511550 711
1511560 711
1511570 715
1511580 718
1511590 718
1511600 720
1511610 723
1511620 723
1511630 724
1511640 725
1511650 725
1511660 726
1511670 725
1511680 725
1511690 724
1511700 723
1511710 723
1511720 722
1511730 721
1511740 721
1511750 720
1511760 719
1511770 719
1511780 718
1511790 717
1511800 717
1511810 716
1511820 715
1511830 715
1511840 714
1511850 714
1511860 714
1511870 714
1511880 714
1511890 714
1511900 713
1511910 713
1511920 713
1511930 712
1511940 711
1511950 711
1511960 710
1511970 708
1511980 708
1511990 705
1512000 702
1512010 702
1512020 699
1512030 697
1512040 697
1512050 696
1512060 699
1512070 699
1512080 700
1512090 701
1512100 701
1512110 702
1512120 703
1512130 703
1512140 704
1512150 705
1512160 705
1512170 707
1512180 708
1512190 708
1512200 709
1512210 710
1512220 710
1512230 710
1512240 709
1512250 709
1512260 708
1512270 706
1512280 706
1512290 704
1512300 701
1512310 701
1512320 697
1512330 695
1512340 695
1512350 694
1512360 695
1512370 695
1512380 697
1512390 701
1512400 701
1512410 703
1512420 704
1512430 704
1512440 704
1512450 703
1512460 703
1512470 702
1512480 701
1512490 701
1512500 700
1512510 698
1512520 698
1512530 697
1512540 695
1512550 695
1512560 694
1512570 692
1512580 690
1512590 690
1512600 688
1512610 687
1512620 687
1512630 684
1512640 682
1512650 682
1512660 679
1512670 676
1512680 676
1512690 673
1512700 671
1512710 671
1512720 669
1512730 666
1512740 666
1512750 664
1512760 662
1512770 662
1512780 661
1512790 659
1512800 659
1512810 658
1512820 656
1512830 656
1512840 654
1512850 652
1512860 652
1512870 651
1512880 649
1512890 649
1512900 648
1512910 647
1512920 647
1512930 645
1512940 644
1512950 644
1512960 642
1512970 642
1512980 642
1512990 641
1513000 641
1513010 641
1513020 639
1513030 639
1513040 639
1513050 639
1513060 639
1513070 639
1513080 639
1513090 639
1513100 639
1513110 639
1513120 639
1513130 639
1513140 638
1513150 638
1513160 638
1513170 637
1513180 635
1513190 635
1513200 634
1513210 635
1513220 635
1513230 635
1513240 635
1513250 635
1513260 634
1513270 632
1513280 632
1513290 631
1513300 632
1513310 632
1513320 632
1513330 630
1513340 630
1513350 628
1513360 627
1513370 627
1513380 627
1513390 624
1513400 624
1513410 622
1513420 623
1513430 623
1513440 625
1513450 626
1513460 626
1513470 627
1513480 627
1513490 627
1513500 629
1513510 631
1513520 631
1513530 633
1513540 635
1513550 635
1513560 637
1513570 640
1513580 640
1513590 643
1513600 644
1513610 644
1513620 646
1513630 648
1513640 648
1513650 650
1513660 652
1513670 652
1513680 655
1513690 658
1513700 658
1513710 662
1513720 667
1513730 667
1513740 674
1513750 682
1513760 682
1513770 688
1513780 694
1513790 694
1513800 697
1513810 698
1513820 698
1513830 698
1513840 698
1513850 698
1513860 697
1513870 696
1513880 696
1513890 695
1513900 693
1513910 693
1513920 691
1513930 689
1513940 689
1513950 687
1513960 684
1513970 684
1513980 682
1513990 680
1514000 680
1514010 678
1514020 676
1514030 676
1514040 674
1514050 672
1514060 672
1514070 668
1514080 665
1514090 662
1514100 662
1514110 659
1514120 658
1514130 658
1514140 659
1514150 658
1514160 658
1514170 655
1514180 653
1514190 653
1514200 651
1514210 649
1514220 649
1514230 648
1514240 647
1514250 647
1514260 644
1514270 642
1514280 642
1514290 641
1514300 639
1514310 639
1514320 637
1514330 636
1514340 636
1514350 635
1514360 634
1514370 634
1514380 633
1514390 632
1514400 632
1514410 631
1514420 629
1514430 629
1514440 628
1514450 627
1514460 627
1514470 626
1514480 624
1514490 624
1514500 622
1514510 619
1514520 619
1514530 617
1514540 616
1514550 616
1514560 614
1514570 610
1514580 610
1514590 609
1514600 611
1514610 611
1514620 612
1514630 612
1514640 612
1514650 611
1514660 610
1514670 610
1514680 609
1514690 608
1514700 608
1514710 607
1514720 605
1514730 605
1514740 604
1514750 602
1514760 602
1514770 601
1514780 600
1514790 600
1514800 599
1514810 598
1514820 598
1514830 598
1514840 597
1514850 597
1514860 596
1514870 595
1514880 595
1514890 594
1514900 593
1514910 593
1514920 592
1514930 591
1514940 591
1514950 590
1514960 589
1514970 589
1514980 588
1514990 587
1515000 587
1515010 586
1515020 585
1515030 585
1515040 584
1515050 583
1515060 583
1515070 582
1515080 581
1515090 581
1515100 580
1515110 579
1515120 579
1515130 578
1515140 578
1515150 578
1515160 578
1515170 577
1515180 577
1515190 577
1515200 577
1515210 577
1515220 577
1515230 577
1515240 577
1515250 577
1515260 577
1515270 577
1515280 576
1515290 576
1515300 576
1515310 576
1515320 576
1515330 576
1515340 576
1515350 575
1515360 575
1515370 575
1515380 575
1515390 575
1515400 575
1515410 575
1515420 575
1515430 575
1515440 575
1515450 575
1515460 575
1515470 575
1515480 575
1515490 574
1515500 574
1515510 574
1515520 574
1515530 574
1515540 574
1515550 574
1515560 573
1515570 573
1515580 573
1515590 572
1515600 572
1515610 572
1515620 571
1515630 571
1515640 571
1515650 570
1515660 570
1515670 570
1515680 570
1515690 569
1515700 569
1515710 569
1515720 568
1515730 568
1515740 568
1515750 567
1515760 567
1515770 567
1515780 567
1515790 567
1515800 566
1515810 566
1515820 566
1515830 565
1515840 565
1515850 565
1515860 564
1515870 564
1515880 564
1515890 563
1515900 562
1515910 562
1515920 561
1515930 561
1515940 561
1515950 560
1515960 559
1515970 559
1515980 558
1515990 557
1516000 557
1516010 556
1516020 556
1516030 556
1516040 555
1516050 554
1516060 554
1516070 554
1516080 553
1516090 553
1516100 552
1516110 552
1516120 552
1516130 551
1516140 551
1516150 551
1516160 551
1516170 550
1516180 550
1516190 549
1516200 549
1516210 549
1516220 548
1516230 548
1516240 548
1516250 547
1516260 547
1516270 547
1516280 546
1516290 546
1516300 546
1516310 545
1516320 544
1516330 544
1516340 544
1516350 543
1516360 543
1516370 542
1516380 542
1516390 542
1516400 541
1516410 540
1516420 540
1516430 540
1516440 539
1516450 539
1516460 539
1516470 538
1516480 538
1516490 538
1516500 537
1516510 537
1516520 537
1516530 537
1516540 537
1516550 536
1516560 536
1516570 536
1516580 536
1516590 535
1516600 535
1516610 535
1516620 535
1516630 535
1516640 534
1516650 534
1516660 534
1516670 533
1516680 533
1516690 533
1516700 533
1516710 533
1516720 533
1516730 533
1516740 533
1516750 533
1516760 533
1516770 533
1516780 533
1516790 533
1516800 533
1516810 533
1516820 533
1516830 533
1516840 533
1516850 535
1516860 536
1516870 536
1516880 537
1516890 537
1516900 537
1516910 538
1516920 538
1516930 538
1516940 539
1516950 540
1516960 540
1516970 540
1516980 541
1516990 541
1517000 541
1517010 541
1517020 541
1517030 542
1517040 542
1517050 542
1517060 543
1517070 543
1517080 543
1517090 544
1517100 544
1517110 545
1517120 545
1517130 545
1517140 546
1517150 546
1517160 546
1517170 547
1517180 547
1517190 548
1517200 548
1517210 548
1517220 549
1517230 549
1517240 549
1517250 550
1517260 550
1517270 550
1517280 551
1517290 551
1517300 551
1517310 552
1517320 552
1517330 552
1517340 553
1517350 553
1517360 553
1517370 553
1517380 554
1517390 554
1517400 554
1517410 555
1517420 555
1517430 555
1517440 556
1517450 556
1517460 556
1517470 556
1517480 556
1517490 556
1517500 556
1517510 556
1517520 556
1517530 556
1517540 556
1517550 555
1517560 555
1517570 555
1517580 554
1517590 553
1517600 553
1517610 552
1517620 551
1517630 551
1517640 551
1517650 551
1517660 551
1517670 551
1517680 550
1517690 550
1517700 550
1517710 550
1517720 550
1517730 551
1517740 552
1517750 552
1517760 553
1517770 555
1517780 555
1517790 556
1517800 558
1517810 558
1517820 559
1517830 561
1517840 561
1517850 562
1517860 564
1517870 564
1517880 565
1517890 566
1517900 566
1517910 567
1517920 568
1517930 568
1517940 569
1517950 569
1517960 569
1517970 570
1517980 571
1517990 571
1518000 571
1518010 572
1518020 572
1518030 572
1518040 573
1518050 573
1518060 574
1518070 574
1518080 574
1518090 574
1518100 575
1518110 575
1518120 575
1518130 575
1518140 575
1518150 575
1518160 575
1518170 575
1518180 574
1518190 573
1518200 573
1518210 573
1518220 572
1518230 572
1518240 572
1518250 571
1518260 571
1518270 571
1518280 570
1518290 570
1518300 570
1518310 569
1518320 569
1518330 569
1518340 569
1518350 569
1518360 568
1518370 568
1518380 568
1518390 567
1518400 567
1518410 567
1518420 566
1518430 566
1518440 566
1518450 565
1518460 564
1518470 564
1518480 563
1518490 563
1518500 563
1518510 562
1518520 561
1518530 561
1518540 560
1518550 559
1518560 559
1518570 558
1518580 556
1518590 556
1518600 555
1518610 554
1518620 553
1518630 553
1518640 552
1518650 551
1518660 551
1518670 550
1518680 550
1518690 550
1518700 549
1518710 548
1518720 548
1518730 548
1518740 547
1518750 547
1518760 546
1518770 546
1518780 546
1518790 545
1518800 544
1518810 544
1518820 544
1518830 544
1518840 544
1518850 544
1518860 544
1518870 544
1518880 544
1518890 544
1518900 544
1518910 543
1518920 542
1518930 542
1518940 541
1518950 540
1518960 540
1518970 540
1518980 540
1518990 540
1519000 540
1519010 540
1519020 540
1519030 541
1519040 542
1519050 542
1519060 543
1519070 544
1519080 544
1519090 544
1519100 545
1519110 545
1519120 546
1519130 546
1519140 546
1519150 547
1519160 548
1519170 548
1519180 548
1519190 548
1519200 548
1519210 549
1519220 549
1519230 549
1519240 549
1519250 550
1519260 550
1519270 550
1519280 550
1519290 550
1519300 551
1519310 551
1519320 551
1519330 551
1519340 551
1519350 551
1519360 552
1519370 552
1519380 552
1519390 552
1519400 552
1519410 552
1519420 553
1519430 553
1519440 553
1519450 553
1519460 553
1519470 553
1519480 554
1519490 554
1519500 554
1519510 554
1519520 554
1519530 554
1519540 555
1519550 555
1519560 555
1519570 555
1519580 556
1519590 556
1519600 556
1519610 556
1519620 556
1519630 556
1519640 556
1519650 556
1519660 556
1519670 556
1519680 556
1519690 556
1519700 556
1519710 556
1519720 556
1519730 556
1519740 556
1519750 556
1519760 555
1519770 555
1519780 555
1519790 554
1519800 554
1519810 554
1519820 553
1519830 553
1519840 553
1519850 552
1519860 552
1519870 552
1519880 551
1519890 551
1519900 550
1519910 550
1519920 550
1519930 549
1519940 549
1519950 549
1519960 548
1519970 548
1519980 548
1519990 547
