1500000 579
1500010 579
1500020 579
1500030 580
1500040 580
1500050 580
1500060 581
1500070 582
1500080 582
1500090 582
1500100 582
1500110 582
1500120 581
1500130 581
1500140 581
1500150 581
1500160 580
1500170 580
1500180 579
1500190 579
1500200 579
1500210 578
1500220 578
1500230 578
1500240 577
1500250 576
1500260 576
1500270 574
1500280 573
1500290 573
1500300 572
1500310 571
1500320 571
1500330 571
1500340 571
1500350 571
1500360 571
1500370 570
1500380 570
1500390 570
1500400 571
1500410 571
1500420 571
1500430 574
1500440 574
1500450 578
1500460 579
1500470 579
1500480 580
1500490 580
1500500 580
1500510 581
1500520 582
1500530 582
1500540 582
1500550 583
1500560 583
1500570 584
1500580 585
1500590 585
1500600 586
1500610 586
1500620 586
1500630 587
1500640 588
1500650 588
1500660 589
1500670 589
1500680 589
1500690 589
1500700 589
1500710 589
1500720 587
1500730 586
1500740 587
1500750 587
1500760 590
1500770 592
1500780 592
1500790 593
1500800 594
1500810 594
1500820 595
1500830 595
1500840 595
1500850 596
1500860 597
1500870 597
1500880 597
1500890 598
1500900 598
1500910 599
1500920 600
1500930 600
1500940 601
1500950 602
1500960 602
1500970 603
1500980 604
1500990 604
1501000 605
1501010 605
1501020 605
1501030 605
1501040 605
1501050 605
1501060 605
1501070 607
1501080 607
1501090 607
1501100 606
1501110 606
1501120 607
1501130 609
1501140 609
1501150 610
1501160 611
1501170 611
1501180 614
1501190 616
1501200 616
1501210 617
1501220 617
1501230 617
1501240 617
1501250 617
1501260 617
1501270 618
1501280 619
1501290 619
1501300 620
1501310 620
1501320 620
1501330 618
1501340 619
1501350 619
1501360 621
1501370 623
1501380 623
1501390 625
1501400 627
1501410 627
1501420 629
1501430 630
1501440 630
1501450 630
1501460 630
1501470 630
1501480 628
1501490 628
1501500 628
1501510 629
1501520 630
1501530 630
1501540 631
1501550 633
1501560 633
1501570 634
1501580 636
1501590 636
1501600 638
1501610 638
1501620 638
1501630 639
1501640 640
1501650 640
1501660 641
1501670 642
1501680 642
1501690 643
1501700 644
1501710 644
1501720 645
1501730 646
1501740 646
1501750 648
1501760 649
1501770 649
1501780 650
1501790 651
1501800 651
1501810 652
1501820 653
1501830 653
1501840 653
1501850 654
1501860 654
1501870 655
1501880 657
1501890 657
1501900 658
1501910 660
1501920 660
1501930 661
1501940 663
1501950 663
1501960 664
1501970 668
1501980 668
1501990 671
1502000 673
1502010 673
1502020 672
1502030 672
1502040 672
1502050 671
1502060 671
1502070 671
1502080 670
1502090 669
1502100 669
1502110 668
1502120 667
1502130 667
1502140 666
1502150 665
1502160 665
1502170 664
1502180 662
1502190 662
1502200 661
1502210 659
1502220 659
1502230 658
1502240 656
1502250 654
1502260 654
1502270 653
1502280 652
1502290 652
1502300 651
1502310 650
1502320 650
1502330 649
1502340 649
1502350 649
1502360 648
1502370 647
1502380 647
1502390 646
1502400 644
1502410 644
1502420 642
1502430 641
1502440 641
1502450 640
1502460 639
1502470 639
1502480 638
1502490 637
1502500 637
1502510 636
1502520 633
1502530 633
1502540 631
1502550 629
1502560 629
1502570 628
1502580 626
1502590 626
1502600 625
1502610 624
1502620 624
1502630 623
1502640 622
1502650 622
1502660 621
1502670 620
1502680 620
1502690 620
1502700 619
1502710 619
1502720 618
1502730 617
1502740 617
1502750 616
1502760 614
1502770 614
1502780 613
1502790 612
1502800 612
1502810 611
1502820 611
1502830 611
1502840 610
1502850 610
1502860 610
1502870 611
1502880 611
1502890 611
1502900 611
1502910 612
1502920 612
1502930 612
1502940 612
1502950 612
1502960 612
1502970 612
1502980 612
1502990 612
1503000 612
1503010 612
1503020 612
1503030 612
1503040 612
1503050 612
1503060 612
1503070 612
1503080 611
1503090 611
1503100 611
1503110 611
1503120 611
1503130 611
1503140 610
1503150 609
1503160 609
1503170 608
1503180 607
1503190 607
1503200 607
1503210 607
1503220 607
1503230 608
1503240 608
1503250 608
1503260 609
1503270 610
1503280 610
1503290 610
1503300 611
1503310 611
1503320 611
1503330 612
1503340 612
1503350 612
1503360 614
1503370 614
1503380 615
1503390 615
1503400 615
1503410 615
1503420 616
1503430 616
1503440 616
1503450 616
1503460 616
1503470 617
1503480 617
1503490 617
1503500 618
1503510 618
1503520 618
1503530 619
1503540 619
1503550 619
1503560 618
1503570 619
1503580 619
1503590 619
1503600 620
1503610 620
1503620 621
1503630 621
1503640 621
1503650 622
1503660 622
1503670 622
1503680 623
1503690 624
1503700 624
1503710 624
1503720 624
1503730 624
1503740 625
1503750 627
1503760 628
1503770 628
1503780 629
1503790 629
1503800 629
1503810 629
1503820 630
1503830 630
1503840 630
1503850 630
1503860 630
1503870 631
1503880 631
1503890 631
1503900 632
1503910 632
1503920 632
1503930 633
1503940 634
1503950 634
1503960 635
1503970 635
1503980 635
1503990 636
1504000 637
1504010 637
1504020 638
1504030 640
1504040 640
1504050 642
1504060 643
1504070 643
1504080 644
1504090 646
1504100 646
1504110 648
1504120 650
1504130 650
1504140 651
1504150 653
1504160 653
1504170 656
1504180 660
1504190 660
1504200 661
1504210 663
1504220 663
1504230 664
1504240 666
1504250 666
1504260 666
1504270 665
1504280 665
1504290 664
1504300 665
1504310 665
1504320 668
1504330 671
1504340 671
1504350 673
1504360 675
1504370 675
1504380 677
1504390 678
1504400 678
1504410 678
1504420 678
1504430 678
1504440 676
1504450 675
1504460 675
1504470 675
1504480 676
1504490 676
1504500 678
1504510 681
1504520 681
1504530 684
1504540 687
1504550 687
1504560 688
1504570 688
1504580 688
1504590 687
1504600 686
1504610 686
1504620 687
1504630 690
1504640 690
1504650 693
1504660 695
1504670 695
1504680 697
1504690 700
1504700 700
1504710 702
1504720 703
1504730 703
1504740 705
1504750 706
1504760 706
1504770 706
1504780 706
1504790 706
1504800 707
1504810 707
1504820 707
1504830 708
1504840 708
1504850 708
1504860 709
1504870 709
1504880 709
1504890 710
1504900 711
1504910 711
1504920 713
1504930 714
1504940 714
1504950 715
1504960 717
1504970 717
1504980 718
1504990 719
1505000 719
1505010 721
1505020 723
1505030 723
1505040 724
1505050 726
1505060 726
1505070 727
1505080 729
1505090 729
1505100 731
1505110 732
1505120 732
1505130 734
1505140 736
1505150 736
1505160 737
1505170 738
1505180 738
1505190 740
1505200 742
1505210 742
1505220 743
1505230 745
1505240 745
1505250 747
1505260 749
1505270 749
1505280 750
1505290 752
1505300 752
1505310 752
1505320 752
1505330 751
1505340 751
1505350 752
1505360 754
1505370 754
1505380 760
1505390 768
1505400 768
1505410 772
1505420 773
1505430 773
1505440 773
1505450 771
1505460 771
1505470 766
1505480 761
1505490 761
1505500 757
1505510 754
1505520 754
1505530 750
1505540 746
1505550 746
1505560 743
1505570 739
1505580 739
1505590 736
1505600 734
1505610 734
1505620 731
1505630 729
1505640 729
1505650 726
1505660 724
1505670 724
1505680 721
1505690 719
1505700 719
1505710 716
1505720 713
1505730 713
1505740 711
1505750 709
1505760 709
1505770 706
1505780 703
1505790 703
1505800 700
1505810 697
1505820 697
1505830 695
1505840 693
1505850 693
1505860 692
1505870 691
1505880 691
1505890 690
1505900 688
1505910 688
1505920 685
1505930 683
1505940 683
1505950 681
1505960 679
1505970 679
1505980 678
1505990 677
1506000 677
1506010 676
1506020 675
1506030 675
1506040 674
1506050 672
1506060 672
1506070 671
1506080 670
1506090 670
1506100 669
1506110 668
1506120 668
1506130 667
1506140 664
1506150 664
1506160 662
1506170 662
1506180 662
1506190 663
1506200 663
1506210 663
1506220 662
1506230 661
1506240 661
1506250 660
1506260 659
1506270 659
1506280 657
1506290 655
1506300 655
1506310 653
1506320 652
1506330 652
1506340 652
1506350 651
1506360 651
1506370 650
1506380 649
1506390 649
1506400 647
1506410 645
1506420 645
1506430 644
1506440 643
1506450 643
1506460 643
1506470 643
1506480 643
1506490 643
1506500 642
1506510 642
1506520 642
1506530 641
1506540 641
1506550 641
1506560 640
1506570 640
1506580 640
1506590 639
1506600 639
1506610 639
1506620 639
1506630 639
1506640 638
1506650 638
1506660 638
1506670 637
1506680 636
1506690 636
1506700 635
1506710 634
1506720 634
1506730 633
1506740 632
1506750 632
1506760 632
1506770 632
1506780 632
1506790 631
1506800 631
1506810 631
1506820 630
1506830 630
1506840 629
1506850 629
1506860 629
1506870 628
1506880 628
1506890 627
1506900 626
1506910 626
1506920 625
1506930 625
1506940 625
1506950 626
1506960 626
1506970 626
1506980 626
1506990 625
1507000 625
1507010 625
1507020 625
1507030 625
1507040 624
1507050 624
1507060 624
1507070 623
1507080 623
1507090 623
1507100 623
1507110 622
1507120 622
1507130 622
1507140 621
1507150 621
1507160 620
1507170 621
1507180 621
1507190 621
1507200 621
1507210 621
1507220 620
1507230 620
1507240 620
1507250 621
1507260 621
1507270 621
1507280 622
1507290 622
1507300 622
1507310 622
1507320 622
1507330 622
1507340 622
1507350 622
1507360 622
1507370 623
1507380 622
1507390 622
1507400 622
1507410 622
1507420 622
1507430 623
1507440 622
1507450 622
1507460 621
1507470 620
1507480 620
1507490 620
1507500 620
1507510 620
1507520 620
1507530 621
1507540 621
1507550 622
1507560 623
1507570 623
1507580 624
1507590 625
1507600 625
1507610 626
1507620 626
1507630 626
1507640 626
1507650 626
1507660 626
1507670 626
1507680 627
1507690 627
1507700 627
1507710 627
1507720 627
1507730 627
1507740 627
1507750 627
1507760 626
1507770 626
1507780 626
1507790 627
1507800 627
1507810 627
1507820 626
1507830 626
1507840 626
1507850 626
1507860 626
1507870 626
1507880 626
1507890 625
1507900 625
1507910 623
1507920 621
1507930 621
1507940 620
1507950 619
1507960 619
1507970 618
1507980 616
1507990 616
1508000 615
1508010 613
1508020 613
1508030 611
1508040 610
1508050 610
1508060 609
1508070 607
1508080 607
1508090 605
1508100 603
1508110 603
1508120 602
1508130 601
1508140 601
1508150 600
1508160 599
1508170 599
1508180 598
1508190 597
1508200 597
1508210 596
1508220 595
1508230 595
1508240 594
1508250 594
1508260 594
1508270 593
1508280 592
1508290 592
1508300 592
1508310 592
1508320 592
1508330 592
1508340 592
1508350 592
1508360 592
1508370 591
1508380 591
1508390 591
1508400 590
1508410 590
1508420 590
1508430 589
1508440 589
1508450 589
1508460 588
1508470 587
1508480 587
1508490 587
1508500 586
1508510 586
1508520 585
1508530 585
1508540 585
1508550 584
1508560 583
1508570 583
1508580 581
1508590 579
1508600 579
1508610 578
1508620 578
1508630 578
1508640 577
1508650 577
1508660 577
1508670 577
1508680 578
1508690 578
1508700 579
1508710 580
1508720 580
1508730 582
1508740 583
1508750 583
1508760 583
1508770 584
1508780 584
1508790 585
1508800 587
1508810 587
1508820 589
1508830 590
1508840 590
1508850 591
1508860 592
1508870 592
1508880 595
1508890 597
1508900 597
1508910 599
1508920 601
1508930 601
1508940 602
1508950 603
1508960 603
1508970 604
1508980 604
1508990 604
1509000 604
1509010 605
1509020 605
1509030 606
1509040 607
1509050 607
1509060 608
1509070 609
1509080 609
1509090 610
1509100 611
1509110 611
1509120 612
1509130 613
1509140 613
1509150 615
1509160 617
1509170 617
1509180 619
1509190 621
1509200 621
1509210 623
1509220 625
1509230 625
1509240 627
1509250 629
1509260 629
1509270 630
1509280 631
1509290 631
1509300 633
1509310 635
1509320 635
1509330 639
1509340 645
1509350 645
1509360 650
1509370 653
1509380 653
1509390 655
1509400 657
1509410 657
1509420 660
1509430 661
1509440 661
1509450 663
1509460 665
1509470 665
1509480 666
1509490 668
1509500 668
1509510 671
1509520 673
1509530 673
1509540 675
1509550 678
1509560 678
1509570 680
1509580 683
1509590 683
1509600 685
1509610 687
1509620 687
1509630 688
1509640 688
1509650 688
1509660 688
1509670 687
1509680 687
1509690 685
1509700 683
1509710 683
1509720 680
1509730 677
1509740 677
1509750 674
1509760 671
1509770 671
1509780 669
1509790 668
1509800 668
1509810 667
1509820 666
1509830 666
1509840 664
1509850 663
1509860 663
1509870 662
1509880 660
1509890 659
1509900 659
1509910 657
1509920 655
1509930 655
1509940 652
1509950 647
1509960 647
1509970 643
1509980 641
1509990 641
1510000 639
1510010 637
1510020 637
1510030 636
1510040 634
1510050 634
1510060 633
1510070 632
1510080 632
1510090 632
1510100 631
1510110 631
1510120 630
1510130 629
1510140 629
1510150 629
1510160 629
1510170 629
1510180 629
1510190 629
1510200 629
1510210 630
1510220 630
1510230 630
1510240 630
1510250 629
1510260 629
1510270 629
1510280 629
1510290 629
1510300 628
1510310 628
1510320 628
1510330 627
1510340 626
1510350 626
1510360 624
1510370 623
1510380 623
1510390 621
1510400 620
1510410 620
1510420 619
1510430 618
1510440 618
1510450 617
1510460 616
1510470 616
1510480 615
1510490 613
1510500 613
1510510 610
1510520 605
1510530 605
1510540 601
1510550 599
1510560 599
1510570 598
1510580 597
1510590 597
1510600 597
1510610 596
1510620 596
1510630 595
1510640 594
1510650 594
1510660 593
1510670 592
1510680 592
1510690 591
1510700 589
1510710 589
1510720 588
1510730 587
1510740 587
1510750 585
1510760 584
1510770 584
1510780 581
1510790 581
1510800 581
1510810 580
1510820 580
1510830 580
1510840 581
1510850 583
1510860 583
1510870 584
1510880 585
1510890 585
1510900 585
1510910 586
1510920 586
1510930 586
1510940 586
1510950 586
1510960 587
1510970 587
1510980 587
1510990 588
1511000 589
1511010 589
1511020 590
1511030 591
1511040 591
1511050 592
1511060 594
1511070 594
1511080 596
1511090 598
1511100 598
1511110 599
1511120 602
1511130 602
1511140 604
1511150 606
1511160 606
1511170 607
1511180 609
1511190 609
1511200 610
1511210 611
1511220 611
1511230 613
1511240 615
1511250 615
1511260 616
1511270 617
1511280 617
1511290 619
1511300 622
1511310 622
1511320 624
1511330 627
1511340 627
1511350 629
1511360 632
1511370 632
1511380 634
1511390 635
1511400 637
1511410 637
1511420 638
1511430 640
1511440 640
1511450 642
1511460 644
1511470 644
1511480 648
1511490 652
1511500 652
1511510 656
1511520 660
1511530 660
1511540 664
1511550 667
1511560 667
1511570 669
1511580 671
1511590 671
1511600 672
1511610 673
1511620 673
1511630 674
1511640 676
1511650 676
1511660 677
1511670 680
1511680 680
1511690 682
1511700 685
1511710 685
1511720 686
1511730 688
1511740 688
1511750 689
1511760 690
1511770 690
1511780 692
1511790 694
1511800 694
1511810 695
1511820 696
1511830 696
1511840 697
1511850 698
1511860 698
1511870 700
1511880 702
1511890 702
1511900 704
1511910 706
1511920 706
1511930 709
1511940 713
1511950 713
1511960 716
1511970 720
1511980 720
1511990 724
1512000 728
1512010 728
1512020 731
1512030 734
1512040 734
1512050 736
1512060 737
1512070 737
1512080 738
1512090 737
1512100 737
1512110 737
1512120 737
1512130 737
1512140 737
1512150 736
1512160 736
1512170 735
1512180 734
1512190 734
1512200 733
1512210 732
1512220 732
1512230 730
1512240 729
1512250 729
1512260 727
1512270 726
1512280 726
1512290 725
1512300 725
1512310 725
1512320 724
1512330 724
1512340 724
1512350 723
1512360 722
1512370 722
1512380 721
1512390 720
1512400 720
1512410 718
1512420 717
1512430 717
1512440 715
1512450 714
1512460 714
1512470 713
1512480 712
1512490 712
1512500 711
1512510 710
1512520 710
1512530 709
1512540 707
1512550 707
1512560 706
1512570 704
1512580 704
1512590 703
1512600 701
1512610 701
1512620 700
1512630 698
1512640 698
1512650 697
1512660 696
1512670 696
1512680 695
1512690 694
1512700 694
1512710 692
1512720 691
1512730 691
1512740 690
1512750 689
1512760 689
1512770 688
1512780 687
1512790 687
1512800 685
1512810 685
1512820 685
1512830 684
1512840 683
1512850 683
1512860 681
1512870 680
1512880 680
1512890 679
1512900 678
1512910 676
1512920 676
1512930 675
1512940 673
1512950 673
1512960 672
1512970 671
1512980 671
1512990 670
1513000 669
1513010 669
1513020 668
1513030 667
1513040 667
1513050 666
1513060 665
1513070 665
1513080 664
1513090 663
1513100 663
1513110 662
1513120 661
1513130 661
1513140 660
1513150 659
1513160 659
1513170 658
1513180 657
1513190 657
1513200 656
1513210 655
1513220 655
1513230 653
1513240 652
1513250 652
1513260 651
1513270 649
1513280 649
1513290 648
1513300 647
1513310 647
1513320 646
1513330 644
1513340 644
1513350 643
1513360 642
1513370 642
1513380 641
1513390 639
1513400 639
1513410 638
1513420 637
1513430 637
1513440 636
1513450 634
1513460 634
1513470 633
1513480 633
1513490 633
1513500 633
1513510 634
1513520 634
1513530 636
1513540 637
1513550 637
1513560 639
1513570 641
1513580 641
1513590 644
1513600 647
1513610 647
1513620 651
1513630 655
1513640 655
1513650 658
1513660 662
1513670 662
1513680 666
1513690 670
1513700 670
1513710 675
1513720 679
1513730 679
1513740 683
1513750 687
1513760 687
1513770 691
1513780 695
1513790 695
1513800 697
1513810 697
1513820 697
1513830 697
1513840 695
1513850 695
1513860 694
1513870 691
1513880 691
1513890 689
1513900 686
1513910 686
1513920 684
1513930 683
1513940 683
1513950 681
1513960 679
1513970 679
1513980 677
1513990 676
1514000 676
1514010 674
1514020 671
1514030 671
1514040 668
1514050 664
1514060 664
1514070 663
1514080 662
1514090 662
1514100 660
1514110 658
1514120 658
1514130 656
1514140 654
1514150 654
1514160 653
1514170 651
1514180 651
1514190 649
1514200 647
1514210 647
1514220 646
1514230 644
1514240 644
1514250 643
1514260 642
1514270 642
1514280 641
1514290 641
1514300 641
1514310 640
1514320 638
1514330 638
1514340 637
1514350 636
1514360 636
1514370 635
1514380 634
1514390 634
1514400 632
1514410 630
1514420 630
1514430 630
1514440 629
1514450 625
1514460 625
1514470 621
1514480 620
1514490 620
1514500 621
1514510 622
1514520 622
1514530 622
1514540 621
1514550 621
1514560 620
1514570 619
1514580 619
1514590 618
1514600 617
1514610 617
1514620 616
1514630 614
1514640 614
1514650 613
1514660 611
1514670 611
1514680 610
1514690 609
1514700 609
1514710 608
1514720 607
1514730 607
1514740 605
1514750 604
1514760 604
1514770 603
1514780 602
1514790 602
1514800 601
1514810 599
1514820 599
1514830 599
1514840 598
1514850 598
1514860 598
1514870 597
1514880 597
1514890 597
1514900 597
1514910 597
1514920 597
1514930 597
1514940 597
1514950 596
1514960 596
1514970 596
1514980 596
1514990 595
1515000 595
1515010 594
1515020 593
1515030 593
1515040 593
1515050 592
1515060 592
1515070 592
1515080 591
1515090 591
1515100 591
1515110 590
1515120 590
1515130 590
1515140 589
1515150 589
1515160 589
1515170 588
1515180 588
1515190 588
1515200 587
1515210 587
1515220 587
1515230 586
1515240 586
1515250 585
1515260 585
1515270 585
1515280 584
1515290 583
1515300 583
1515310 582
1515320 582
1515330 582
1515340 581
1515350 580
1515360 580
1515370 580
1515380 579
1515390 579
1515400 579
1515410 579
1515420 579
1515430 578
1515440 578
1515450 578
1515460 578
1515470 577
1515480 577
1515490 577
1515500 577
1515510 577
1515520 577
1515530 576
1515540 576
1515550 576
1515560 576
1515570 576
1515580 576
1515590 576
1515600 576
1515610 576
1515620 575
1515630 575
1515640 575
1515650 575
1515660 575
1515670 575
1515680 575
1515690 575
1515700 575
1515710 575
1515720 575
1515730 575
1515740 574
1515750 574
1515760 574
1515770 574
1515780 574
1515790 574
1515800 573
1515810 573
1515820 573
1515830 572
1515840 572
1515850 572
1515860 571
1515870 571
1515880 571
1515890 570
1515900 570
1515910 570
1515920 570
1515930 570
1515940 569
1515950 569
1515960 568
1515970 568
1515980 568
1515990 567
1516000 567
1516010 567
1516020 566
1516030 566
1516040 565
1516050 565
1516060 565
1516070 564
1516080 563
1516090 563
1516100 563
1516110 562
1516120 562
1516130 562
1516140 561
1516150 561
1516160 561
1516170 560
1516180 560
1516190 559
1516200 557
1516210 557
1516220 555
1516230 552
1516240 552
1516250 549
1516260 546
1516270 546
1516280 545
1516290 544
1516300 544
1516310 544
1516320 543
1516330 543
1516340 543
1516350 543
1516360 543
1516370 542
1516380 542
1516390 542
1516400 541
1516410 541
1516420 541
1516430 540
1516440 540
1516450 540
1516460 540
1516470 540
1516480 540
1516490 540
1516500 540
1516510 540
1516520 539
1516530 539
1516540 539
1516550 539
1516560 538
1516570 538
1516580 538
1516590 538
1516600 538
1516610 538
1516620 537
1516630 537
1516640 537
1516650 537
1516660 537
1516670 537
1516680 537
1516690 537
1516700 537
1516710 537
1516720 537
1516730 537
1516740 539
1516750 539
1516760 542
1516770 544
1516780 544
1516790 546
1516800 548
1516810 548
1516820 549
1516830 551
1516840 551
1516850 552
1516860 553
1516870 553
1516880 554
1516890 555
1516900 555
1516910 557
1516920 558
1516930 558
1516940 560
1516950 561
1516960 561
1516970 562
1516980 562
1516990 562
1517000 563
1517010 564
1517020 564
1517030 566
1517040 567
1517050 567
1517060 568
1517070 569
1517080 569
1517090 569
1517100 570
1517110 570
1517120 570
1517130 571
1517140 571
1517150 571
1517160 572
1517170 572
1517180 572
1517190 573
1517200 573
1517210 573
1517220 574
1517230 574
1517240 575
1517250 576
1517260 576
1517270 576
1517280 577
1517290 577
1517300 577
1517310 577
1517320 577
1517330 578
1517340 578
1517350 578
1517360 578
1517370 579
1517380 579
1517390 580
1517400 580
1517410 580
1517420 580
1517430 580
1517440 580
1517450 580
1517460 580
1517470 580
1517480 581
1517490 581
1517500 580
1517510 580
1517520 580
1517530 579
1517540 579
1517550 579
1517560 579
1517570 579
1517580 579
1517590 578
1517600 578
1517610 577
1517620 576
1517630 576
1517640 576
1517650 576
1517660 576
1517670 576
1517680 577
1517690 577
1517700 577
1517710 577
1517720 577
1517730 578
1517740 577
1517750 577
1517760 576
1517770 577
1517780 577
1517790 578
1517800 578
1517810 578
1517820 579
1517830 579
1517840 579
1517850 580
1517860 580
1517870 580
1517880 581
1517890 581
1517900 581
1517910 582
1517920 582
1517930 582
1517940 583
1517950 584
1517960 584
1517970 585
1517980 585
1517990 585
1518000 585
1518010 586
1518020 586
1518030 586
1518040 586
1518050 586
1518060 587
1518070 587
1518080 587
1518090 587
1518100 587
1518110 587
1518120 587
1518130 587
1518140 587
1518150 587
1518160 586
1518170 586
1518180 586
1518190 585
1518200 585
1518210 585
1518220 584
1518230 584
1518240 583
1518250 583
1518260 583
1518270 582
1518280 581
1518290 581
1518300 581
1518310 580
1518320 580
1518330 579
1518340 578
1518350 578
1518360 577
1518370 576
1518380 576
1518390 575
1518400 574
1518410 574
1518420 573
1518430 572
1518440 572
1518450 571
1518460 571
1518470 571
1518480 570
1518490 569
1518500 569
1518510 568
1518520 567
1518530 567
1518540 566
1518550 566
1518560 566
1518570 565
1518580 564
1518590 564
1518600 563
1518610 562
1518620 562
1518630 561
1518640 561
1518650 561
1518660 560
1518670 559
1518680 559
1518690 558
1518700 558
1518710 558
1518720 557
1518730 556
1518740 556
1518750 555
1518760 554
1518770 554
1518780 554
1518790 553
1518800 553
1518810 552
1518820 551
1518830 551
1518840 551
1518850 550
1518860 550
1518870 550
1518880 549
1518890 549
1518900 549
1518910 548
1518920 548
1518930 548
1518940 548
1518950 548
1518960 547
1518970 546
1518980 546
1518990 547
1519000 547
1519010 547
1519020 548
1519030 548
1519040 549
1519050 549
1519060 549
1519070 550
1519080 550
1519090 551
1519100 551
1519110 551
1519120 552
1519130 553
1519140 553
1519150 553
1519160 554
1519170 554
1519180 555
1519190 556
1519200 556
1519210 556
1519220 557
1519230 557
1519240 558
1519250 559
1519260 559
1519270 560
1519280 561
1519290 561
1519300 562
1519310 563
1519320 563
1519330 564
1519340 566
1519350 566
1519360 568
1519370 570
1519380 570
1519390 572
1519400 574
1519410 574
1519420 576
1519430 577
1519440 577
1519450 576
1519460 575
1519470 575
1519480 574
1519490 572
1519500 572
1519510 571
1519520 570
1519530 570
1519540 570
1519550 568
1519560 568
1519570 567
1519580 566
1519590 566
1519600 565
1519610 564
1519620 564
1519630 563
1519640 561
1519650 561
1519660 559
1519670 557
1519680 557
1519690 555
1519700 554
1519710 554
1519720 552
1519730 551
1519740 551
1519750 549
1519760 548
1519770 548
1519780 547
1519790 546
1519800 546
1519810 545
1519820 545
1519830 545
1519840 544
1519850 544
1519860 544
1519870 544
1519880 545
1519890 545
1519900 547
1519910 548
1519920 548
1519930 549
1519940 550
1519950 550
1519960 551
1519970 551
1519980 551
1519990 550
