1500000 535
1500010 535
1500020 534
1500030 534
1500040 533
1500050 534
1500060 534
1500070 533
1500080 533
1500090 533
1500100 532
1500110 532
1500120 532
1500130 531
1500140 530
1500150 530
1500160 530
1500170 529
1500180 529
1500190 528
1500200 527
1500210 527
1500220 526
1500230 525
1500240 525
1500250 525
1500260 524
1500270 524
1500280 523
1500290 523
1500300 523
1500310 523
1500320 523
1500330 523
1500340 523
1500350 523
1500360 523
1500370 522
1500380 522
1500390 522
1500400 521
1500410 521
1500420 521
1500430 520
1500440 520
1500450 520
1500460 519
1500470 518
1500480 518
1500490 516
1500500 515
1500510 515
1500520 514
1500530 513
1500540 513
1500550 513
1500560 513
1500570 513
1500580 513
1500590 513
1500600 513
1500610 513
1500620 513
1500630 513
1500640 514
1500650 515
1500660 515
1500670 517
1500680 519
1500690 519
1500700 523
1500710 527
1500720 527
1500730 529
1500740 530
1500750 531
1500760 531
1500770 533
1500780 534
1500790 534
1500800 536
1500810 537
1500820 537
1500830 538
1500840 539
1500850 539
1500860 540
1500870 541
1500880 541
1500890 542
1500900 542
1500910 542
1500920 543
1500930 544
1500940 544
1500950 545
1500960 545
1500970 545
1500980 546
1500990 547
1501000 547
1501010 548
1501020 549
1501030 549
1501040 550
1501050 551
1501060 551
1501070 552
1501080 553
1501090 553
1501100 554
1501110 554
1501120 554
1501130 555
1501140 555
1501150 555
1501160 556
1501170 556
1501180 556
1501190 556
1501200 556
1501210 556
1501220 556
1501230 556
1501240 556
1501250 554
1501260 553
1501270 553
1501280 553
1501290 554
1501300 554
1501310 555
1501320 555
1501330 555
1501340 555
1501350 555
1501360 555
1501370 555
1501380 554
1501390 554
1501400 554
1501410 553
1501420 553
1501430 553
1501440 552
1501450 552
1501460 552
1501470 551
1501480 551
1501490 550
1501500 550
1501510 550
1501520 549
1501530 548
1501540 548
1501550 547
1501560 546
1501570 546
1501580 545
1501590 544
1501600 544
1501610 543
1501620 542
1501630 542
1501640 541
1501650 540
1501660 540
1501670 539
1501680 537
1501690 537
1501700 535
1501710 531
1501720 531
1501730 528
1501740 526
1501750 526
1501760 527
1501770 527
1501780 527
1501790 528
1501800 529
1501810 529
1501820 528
1501830 527
1501840 527
1501850 525
1501860 523
1501870 523
1501880 522
1501890 520
1501900 520
1501910 520
1501920 521
1501930 521
1501940 520
1501950 519
1501960 519
1501970 519
1501980 519
1501990 519
1502000 518
1502010 519
1502020 519
1502030 519
1502040 519
1502050 519
1502060 519
1502070 520
1502080 520
1502090 520
1502100 520
1502110 520
1502120 521
1502130 521
1502140 521
1502150 521
1502160 521
1502170 521
1502180 522
1502190 522
1502200 522
1502210 522
1502220 522
1502230 522
1502240 523
1502250 525
1502260 525
1502270 527
1502280 529
1502290 529
1502300 530
1502310 530
1502320 530
1502330 530
1502340 531
1502350 531
1502360 532
1502370 533
1502380 533
1502390 533
1502400 533
1502410 533
1502420 533
1502430 534
1502440 534
1502450 533
1502460 533
1502470 533
1502480 533
1502490 534
1502500 534
1502510 534
1502520 534
1502530 534
1502540 534
1502550 535
1502560 535
1502570 535
1502580 536
1502590 536
1502600 536
1502610 536
1502620 536
1502630 537
1502640 537
1502650 537
1502660 537
1502670 536
1502680 536
1502690 536
1502700 536
1502710 536
1502720 536
1502730 537
1502740 537
1502750 537
1502760 537
1502770 537
1502780 537
1502790 537
1502800 537
1502810 537
1502820 538
1502830 538
1502840 538
1502850 538
1502860 539
1502870 539
1502880 540
1502890 540
1502900 540
1502910 540
1502920 540
1502930 540
1502940 539
1502950 539
1502960 539
1502970 539
1502980 539
1502990 539
1503000 539
1503010 540
1503020 540
1503030 541
1503040 542
1503050 542
1503060 542
1503070 542
1503080 542
1503090 544
1503100 545
1503110 545
1503120 546
1503130 547
1503140 547
1503150 547
1503160 547
1503170 547
1503180 548
1503190 550
1503200 550
1503210 552
1503220 552
1503230 552
1503240 553
1503250 554
1503260 554
1503270 554
1503280 555
1503290 555
1503300 556
1503310 557
1503320 557
1503330 558
1503340 559
1503350 559
1503360 559
1503370 560
1503380 560
1503390 561
1503400 561
1503410 561
1503420 561
1503430 561
1503440 561
1503450 562
1503460 562
1503470 562
1503480 562
1503490 562
1503500 562
1503510 563
1503520 562
1503530 562
1503540 562
1503550 561
1503560 561
1503570 561
1503580 560
1503590 560
1503600 560
1503610 559
1503620 559
1503630 558
1503640 558
1503650 558
1503660 557
1503670 557
1503680 557
1503690 556
1503700 555
1503710 555
1503720 552
1503730 550
1503740 550
1503750 552
1503760 554
1503770 554
1503780 556
1503790 558
1503800 558
1503810 558
1503820 557
1503830 557
1503840 557
1503850 557
1503860 557
1503870 558
1503880 559
1503890 559
1503900 560
1503910 561
1503920 561
1503930 561
1503940 562
1503950 562
1503960 563
1503970 564
1503980 564
1503990 565
1504000 566
1504010 566
1504020 566
1504030 567
1504040 567
1504050 567
1504060 568
1504070 568
1504080 568
1504090 568
1504100 568
1504110 569
1504120 569
1504130 569
1504140 570
1504150 571
1504160 571
1504170 571
1504180 571
1504190 571
1504200 572
1504210 573
1504220 573
1504230 573
1504240 573
1504250 573
1504260 573
1504270 573
1504280 573
1504290 573
1504300 573
1504310 573
1504320 572
1504330 570
1504340 570
1504350 569
1504360 569
1504370 569
1504380 570
1504390 570
1504400 570
1504410 571
1504420 570
1504430 570
1504440 570
1504450 570
1504460 570
1504470 571
1504480 572
1504490 572
1504500 573
1504510 573
1504520 573
1504530 572
1504540 572
1504550 574
1504560 574
1504570 577
1504580 579
1504590 579
1504600 578
1504610 574
1504620 574
1504630 574
1504640 574
1504650 574
1504660 576
1504670 578
1504680 578
1504690 579
1504700 581
1504710 581
1504720 582
1504730 584
1504740 584
1504750 585
1504760 586
1504770 586
1504780 588
1504790 590
1504800 590
1504810 591
1504820 593
1504830 593
1504840 595
1504850 597
1504860 597
1504870 598
1504880 601
1504890 601
1504900 605
1504910 608
1504920 608
1504930 611
1504940 612
1504950 612
1504960 613
1504970 613
1504980 613
1504990 613
1505000 613
1505010 613
1505020 613
1505030 612
1505040 612
1505050 612
1505060 610
1505070 610
1505080 607
1505090 601
1505100 601
1505110 597
1505120 600
1505130 600
1505140 606
1505150 608
1505160 608
1505170 609
1505180 609
1505190 609
1505200 609
1505210 607
1505220 607
1505230 604
1505240 604
1505250 604
1505260 609
1505270 611
1505280 611
1505290 611
1505300 610
1505310 610
1505320 607
1505330 605
1505340 605
1505350 608
1505360 610
1505370 610
1505380 611
1505390 613
1505400 613
1505410 614
1505420 615
1505430 615
1505440 615
1505450 616
1505460 616
1505470 617
1505480 618
1505490 618
1505500 618
1505510 620
1505520 620
1505530 621
1505540 622
1505550 622
1505560 623
1505570 623
1505580 623
1505590 623
1505600 624
1505610 624
1505620 625
1505630 626
1505640 626
1505650 627
1505660 629
1505670 629
1505680 631
1505690 633
1505700 633
1505710 635
1505720 637
1505730 637
1505740 640
1505750 643
1505760 643
1505770 645
1505780 647
1505790 647
1505800 649
1505810 651
1505820 651
1505830 654
1505840 657
1505850 657
1505860 660
1505870 663
1505880 663
1505890 665
1505900 667
1505910 667
1505920 669
1505930 671
1505940 671
1505950 673
1505960 675
1505970 675
1505980 677
1505990 679
1506000 679
1506010 681
1506020 683
1506030 683
1506040 684
1506050 683
1506060 683
1506070 682
1506080 681
1506090 681
1506100 680
1506110 679
1506120 679
1506130 677
1506140 675
1506150 675
1506160 674
1506170 673
1506180 673
1506190 672
1506200 670
1506210 670
1506220 669
1506230 667
1506240 667
1506250 665
1506260 662
1506270 662
1506280 659
1506290 656
1506300 656
1506310 654
1506320 652
1506330 652
1506340 650
1506350 649
1506360 649
1506370 647
1506380 645
1506390 645
1506400 642
1506410 639
1506420 639
1506430 637
1506440 636
1506450 635
1506460 635
1506470 633
1506480 632
1506490 632
1506500 629
1506510 627
1506520 627
1506530 625
1506540 626
1506550 626
1506560 627
1506570 627
1506580 627
1506590 626
1506600 626
1506610 626
1506620 625
1506630 625
1506640 625
1506650 624
1506660 623
1506670 623
1506680 623
1506690 622
1506700 622
1506710 622
1506720 622
1506730 622
1506740 621
1506750 621
1506760 621
1506770 620
1506780 620
1506790 620
1506800 619
1506810 618
1506820 618
1506830 617
1506840 616
1506850 616
1506860 615
1506870 614
1506880 614
1506890 613
1506900 613
1506910 613
1506920 611
1506930 608
1506940 608
1506950 602
1506960 596
1506970 596
1506980 591
1506990 589
1507000 589
1507010 588
1507020 588
1507030 588
1507040 588
1507050 588
1507060 588
1507070 588
1507080 588
1507090 588
1507100 589
1507110 588
1507120 588
1507130 588
1507140 588
1507150 588
1507160 588
1507170 588
1507180 588
1507190 588
1507200 587
1507210 587
1507220 588
1507230 588
1507240 588
1507250 588
1507260 588
1507270 588
1507280 588
1507290 588
1507300 588
1507310 588
1507320 588
1507330 588
1507340 588
1507350 588
1507360 588
1507370 588
1507380 588
1507390 588
1507400 587
1507410 587
1507420 587
1507430 587
1507440 587
1507450 587
1507460 587
1507470 587
1507480 587
1507490 587
1507500 587
1507510 587
1507520 587
1507530 585
1507540 585
1507550 583
1507560 583
1507570 583
1507580 582
1507590 581
1507600 581
1507610 580
1507620 580
1507630 580
1507640 580
1507650 580
1507660 580
1507670 582
1507680 586
1507690 586
1507700 585
1507710 582
1507720 582
1507730 580
1507740 580
1507750 580
1507760 579
1507770 580
1507780 580
1507790 580
1507800 581
1507810 581
1507820 581
1507830 581
1507840 581
1507850 582
1507860 582
1507870 582
1507880 582
1507890 581
1507900 581
1507910 580
1507920 581
1507930 581
1507940 582
1507950 582
1507960 582
1507970 583
1507980 583
1507990 583
1508000 583
1508010 584
1508020 584
1508030 584
1508040 584
1508050 584
1508060 585
1508070 585
1508080 585
1508090 585
1508100 585
1508110 585
1508120 585
1508130 586
1508140 586
1508150 586
1508160 585
1508170 585
1508180 585
1508190 585
1508200 585
1508210 586
1508220 586
1508230 586
1508240 586
1508250 586
1508260 586
1508270 586
1508280 585
1508290 585
1508300 583
1508310 583
1508320 583
1508330 585
1508340 587
1508350 587
1508360 587
1508370 588
1508380 588
1508390 588
1508400 588
1508410 588
1508420 588
1508430 589
1508440 589
1508450 589
1508460 589
1508470 590
1508480 590
1508490 590
1508500 590
1508510 590
1508520 591
1508530 591
1508540 591
1508550 591
1508560 592
1508570 592
1508580 592
1508590 592
1508600 592
1508610 592
1508620 592
1508630 592
1508640 592
1508650 592
1508660 592
1508670 592
1508680 591
1508690 591
1508700 591
1508710 591
1508720 591
1508730 590
1508740 590
1508750 590
1508760 590
1508770 589
1508780 589
1508790 589
1508800 589
1508810 589
1508820 588
1508830 588
1508840 588
1508850 588
1508860 587
1508870 587
1508880 587
1508890 587
1508900 587
1508910 586
1508920 586
1508930 586
1508940 586
1508950 585
1508960 585
1508970 585
1508980 584
1508990 584
1509000 583
1509010 583
1509020 583
1509030 582
1509040 581
1509050 581
1509060 580
1509070 579
1509080 579
1509090 579
1509100 578
1509110 578
1509120 577
1509130 576
1509140 576
1509150 575
1509160 575
1509170 575
1509180 574
1509190 574
1509200 574
1509210 573
1509220 573
1509230 573
1509240 572
1509250 572
1509260 572
1509270 571
1509280 570
1509290 570
1509300 570
1509310 570
1509320 570
1509330 569
1509340 569
1509350 569
1509360 568
1509370 566
1509380 566
1509390 566
1509400 566
1509410 566
1509420 566
1509430 565
1509440 565
1509450 565
1509460 564
1509470 564
1509480 564
1509490 564
1509500 564
1509510 563
1509520 562
1509530 562
1509540 562
1509550 561
1509560 561
1509570 561
1509580 562
1509590 562
1509600 562
1509610 563
1509620 563
1509630 563
1509640 564
1509650 564
1509660 565
1509670 566
1509680 566
1509690 567
1509700 567
1509710 567
1509720 568
1509730 569
1509740 569
1509750 570
1509760 570
1509770 570
1509780 570
1509790 570
1509800 570
1509810 570
1509820 570
1509830 570
1509840 569
1509850 569
1509860 569
1509870 568
1509880 568
1509890 568
1509900 567
1509910 566
1509920 566
1509930 566
1509940 565
1509950 565
1509960 565
1509970 564
1509980 564
1509990 563
1510000 562
1510010 562
1510020 560
1510030 559
1510040 559
1510050 557
1510060 556
1510070 556
1510080 555
1510090 554
1510100 554
1510110 553
1510120 552
1510130 552
1510140 550
1510150 548
1510160 548
1510170 546
1510180 545
1510190 545
1510200 544
1510210 544
1510220 544
1510230 544
1510240 544
1510250 545
1510260 545
1510270 546
1510280 549
1510290 549
1510300 554
1510310 559
1510320 559
1510330 563
1510340 563
1510350 563
1510360 563
1510370 564
1510380 564
1510390 565
1510400 565
1510410 565
1510420 566
1510430 566
1510440 566
1510450 566
1510460 566
1510470 566
1510480 566
1510490 567
1510500 567
1510510 566
1510520 566
1510530 566
1510540 566
1510550 566
1510560 566
1510570 566
1510580 565
1510590 565
1510600 565
1510610 564
1510620 564
1510630 563
1510640 563
1510650 563
1510660 562
1510670 562
1510680 562
1510690 561
1510700 561
1510710 561
1510720 560
1510730 560
1510740 560
1510750 560
1510760 561
1510770 561
1510780 561
1510790 562
1510800 562
1510810 562
1510820 562
1510830 562
1510840 562
1510850 562
1510860 562
1510870 562
1510880 563
1510890 563
1510900 561
1510910 558
1510920 558
1510930 556
1510940 556
1510950 556
1510960 556
1510970 556
1510980 556
1510990 557
1511000 557
1511010 557
1511020 558
1511030 559
1511040 559
1511050 561
1511060 562
1511070 562
1511080 563
1511090 563
1511100 563
1511110 564
1511120 564
1511130 564
1511140 565
1511150 565
1511160 565
1511170 566
1511180 566
1511190 566
1511200 567
1511210 567
1511220 567
1511230 568
1511240 568
1511250 568
1511260 568
1511270 569
1511280 569
1511290 570
1511300 570
1511310 570
1511320 570
1511330 571
1511340 571
1511350 571
1511360 572
1511370 572
1511380 572
1511390 572
1511400 572
1511410 573
1511420 573
1511430 573
1511440 573
1511450 574
1511460 574
1511470 574
1511480 575
1511490 575
1511500 576
1511510 577
1511520 577
1511530 577
1511540 577
1511550 577
1511560 577
1511570 577
1511580 577
1511590 578
1511600 580
1511610 580
1511620 581
1511630 581
1511640 581
1511650 582
1511660 583
1511670 583
1511680 584
1511690 585
1511700 585
1511710 586
1511720 587
1511730 587
1511740 587
1511750 588
1511760 588
1511770 589
1511780 590
1511790 590
1511800 590
1511810 591
1511820 591
1511830 591
1511840 591
1511850 591
1511860 591
1511870 591
1511880 591
1511890 591
1511900 590
1511910 590
1511920 590
1511930 591
1511940 591
1511950 590
1511960 589
1511970 589
1511980 588
1511990 588
1512000 588
1512010 587
1512020 587
1512030 587
1512040 586
1512050 586
1512060 586
1512070 585
1512080 584
1512090 583
1512100 583
1512110 583
1512120 582
1512130 582
1512140 582
1512150 582
1512160 582
1512170 581
1512180 581
1512190 581
1512200 581
1512210 581
1512220 581
1512230 580
1512240 580
1512250 580
1512260 579
1512270 579
1512280 579
1512290 577
1512300 576
1512310 576
1512320 575
1512330 575
1512340 575
1512350 575
1512360 575
1512370 575
1512380 575
1512390 575
1512400 575
1512410 576
1512420 576
1512430 576
1512440 577
1512450 579
1512460 579
1512470 582
1512480 583
1512490 583
1512500 585
1512510 586
1512520 586
1512530 587
1512540 588
1512550 588
1512560 589
1512570 591
1512580 591
1512590 592
1512600 593
1512610 593
1512620 594
1512630 595
1512640 595
1512650 596
1512660 598
1512670 598
1512680 599
1512690 600
1512700 600
1512710 603
1512720 604
1512730 604
1512740 604
1512750 605
1512760 605
1512770 606
1512780 606
1512790 606
1512800 607
1512810 608
1512820 608
1512830 611
1512840 613
1512850 613
1512860 614
1512870 615
1512880 615
1512890 614
1512900 614
1512910 614
1512920 615
1512930 615
1512940 615
1512950 616
1512960 617
1512970 617
1512980 617
1512990 617
1513000 617
1513010 618
1513020 618
1513030 618
1513040 619
1513050 620
1513060 620
1513070 620
1513080 621
1513090 621
1513100 622
1513110 622
1513120 622
1513130 623
1513140 624
1513150 624
1513160 625
1513170 625
1513180 625
1513190 626
1513200 627
1513210 627
1513220 627
1513230 628
1513240 628
1513250 628
1513260 629
1513270 629
1513280 629
1513290 630
1513300 630
1513310 630
1513320 629
1513330 629
1513340 627
1513350 627
1513360 627
1513370 627
1513380 626
1513390 626
1513400 626
1513410 628
1513420 628
1513430 629
1513440 630
1513450 630
1513460 632
1513470 634
1513480 634
1513490 635
1513500 636
1513510 636
1513520 638
1513530 638
1513540 638
1513550 639
1513560 641
1513570 641
1513580 643
1513590 646
1513600 646
1513610 648
1513620 649
1513630 649
1513640 649
1513650 649
1513660 649
1513670 650
1513680 651
1513690 651
1513700 652
1513710 653
1513720 653
1513730 654
1513740 655
1513750 655
1513760 656
1513770 658
1513780 658
1513790 660
1513800 663
1513810 663
1513820 665
1513830 667
1513840 667
1513850 668
1513860 671
1513870 671
1513880 674
1513890 677
1513900 677
1513910 681
1513920 684
1513930 684
1513940 687
1513950 689
1513960 689
1513970 691
1513980 693
1513990 696
1514000 696
1514010 698
1514020 699
1514030 699
1514040 701
1514050 703
1514060 703
1514070 705
1514080 707
1514090 707
1514100 709
1514110 712
1514120 712
1514130 714
1514140 717
1514150 717
1514160 719
1514170 722
1514180 722
1514190 724
1514200 725
1514210 725
1514220 727
1514230 728
1514240 728
1514250 730
1514260 731
1514270 731
1514280 732
1514290 731
1514300 731
1514310 728
1514320 724
1514330 724
1514340 720
1514350 716
1514360 716
1514370 711
1514380 707
1514390 707
1514400 704
1514410 701
1514420 701
1514430 699
1514440 698
1514450 698
1514460 698
1514470 699
1514480 699
1514490 699
1514500 698
1514510 698
1514520 695
1514530 691
1514540 691
1514550 690
1514560 692
1514570 692
1514580 693
1514590 694
1514600 694
1514610 693
1514620 692
1514630 692
1514640 691
1514650 689
1514660 689
1514670 688
1514680 688
1514690 688
1514700 688
1514710 686
1514720 686
1514730 681
1514740 676
1514750 676
1514760 670
1514770 664
1514780 664
1514790 662
1514800 663
1514810 663
1514820 667
1514830 670
1514840 670
1514850 672
1514860 675
1514870 675
1514880 676
1514890 677
1514900 677
1514910 678
1514920 678
1514930 678
1514940 678
1514950 678
1514960 678
1514970 680
1514980 683
1514990 683
1515000 685
1515010 687
1515020 687
1515030 688
1515040 689
1515050 689
1515060 689
1515070 691
1515080 691
1515090 693
1515100 694
1515110 694
1515120 695
1515130 696
1515140 696
1515150 698
1515160 698
1515170 698
1515180 696
1515190 689
1515200 689
1515210 682
1515220 684
1515230 684
1515240 684
1515250 681
1515260 681
1515270 680
1515280 679
1515290 679
1515300 677
1515310 674
1515320 674
1515330 671
1515340 667
1515350 667
1515360 664
1515370 661
1515380 661
1515390 658
1515400 656
1515410 656
1515420 653
1515430 651
1515440 651
1515450 648
1515460 644
1515470 644
1515480 639
1515490 635
1515500 635
1515510 631
1515520 629
1515530 629
1515540 630
1515550 631
1515560 631
1515570 631
1515580 631
1515590 631
1515600 630
1515610 629
1515620 629
1515630 630
1515640 631
1515650 631
1515660 630
1515670 629
1515680 629
1515690 628
1515700 626
1515710 626
1515720 624
1515730 623
1515740 623
1515750 623
1515760 623
1515770 623
1515780 623
1515790 623
1515800 623
1515810 624
1515820 624
1515830 624
1515840 624
1515850 623
1515860 623
1515870 622
1515880 621
1515890 621
1515900 621
1515910 622
1515920 621
1515930 621
1515940 620
1515950 619
1515960 619
1515970 619
1515980 621
1515990 621
1516000 622
1516010 622
1516020 622
1516030 623
1516040 622
1516050 622
1516060 620
1516070 616
1516080 616
1516090 615
1516100 616
1516110 616
1516120 616
1516130 616
1516140 616
1516150 617
1516160 620
1516170 620
1516180 621
1516190 622
1516200 622
1516210 623
1516220 623
1516230 623
1516240 623
1516250 623
1516260 623
1516270 623
1516280 624
1516290 624
1516300 624
1516310 623
1516320 623
1516330 621
1516340 619
1516350 619
1516360 617
1516370 617
1516380 617
1516390 619
1516400 621
1516410 621
1516420 623
1516430 625
1516440 625
1516450 627
1516460 629
1516470 629
1516480 629
1516490 627
1516500 627
1516510 626
1516520 624
1516530 624
1516540 622
1516550 621
1516560 621
1516570 622
1516580 623
1516590 623
1516600 626
1516610 628
1516620 628
1516630 631
1516640 633
1516650 633
1516660 637
1516670 639
1516680 639
1516690 641
1516700 642
1516710 642
1516720 644
1516730 646
1516740 646
1516750 648
1516760 650
1516770 650
1516780 651
1516790 652
1516800 652
1516810 653
1516820 654
1516830 654
1516840 654
1516850 654
1516860 654
1516870 654
1516880 652
1516890 652
1516900 653
1516910 655
1516920 655
1516930 657
1516940 659
1516950 659
1516960 660
1516970 662
1516980 662
1516990 664
1517000 666
1517010 666
1517020 667
1517030 670
1517040 670
1517050 672
1517060 673
1517070 673
1517080 674
1517090 672
1517100 672
1517110 669
1517120 666
1517130 666
1517140 663
1517150 660
1517160 660
1517170 656
1517180 652
1517190 652
1517200 648
1517210 644
1517220 644
1517230 640
1517240 637
1517250 637
1517260 634
1517270 631
1517280 631
1517290 629
1517300 628
1517310 628
1517320 627
1517330 627
1517340 627
1517350 627
1517360 627
1517370 627
1517380 625
1517390 620
1517400 620
1517410 617
1517420 616
1517430 616
1517440 615
1517450 614
1517460 614
1517470 614
1517480 613
1517490 613
1517500 612
1517510 612
1517520 612
1517530 611
1517540 610
1517550 610
1517560 610
1517570 610
1517580 610
1517590 610
1517600 611
1517610 611
1517620 611
1517630 611
1517640 611
1517650 611
1517660 612
1517670 612
1517680 613
1517690 614
1517700 614
1517710 615
1517720 616
1517730 616
1517740 618
1517750 620
1517760 620
1517770 621
1517780 621
1517790 622
1517800 622
1517810 624
1517820 625
1517830 625
1517840 625
1517850 624
1517860 624
1517870 625
1517880 627
1517890 627
1517900 629
1517910 631
1517920 631
1517930 633
1517940 637
1517950 637
1517960 642
1517970 650
1517980 650
1517990 657
1518000 664
1518010 664
1518020 671
1518030 678
1518040 678
1518050 685
1518060 690
1518070 690
1518080 694
1518090 697
1518100 697
1518110 699
1518120 700
1518130 700
1518140 702
1518150 704
1518160 704
1518170 707
1518180 709
1518190 709
1518200 711
1518210 711
1518220 711
1518230 711
1518240 710
1518250 710
1518260 711
1518270 711
1518280 711
1518290 711
1518300 709
1518310 709
1518320 707
1518330 706
1518340 706
1518350 704
1518360 702
1518370 702
1518380 701
1518390 700
1518400 700
1518410 700
1518420 699
1518430 699
1518440 698
1518450 698
1518460 698
1518470 698
1518480 696
1518490 696
1518500 694
1518510 692
1518520 692
1518530 690
1518540 687
1518550 687
1518560 684
1518570 682
1518580 682
1518590 680
1518600 678
1518610 678
1518620 677
1518630 677
1518640 677
1518650 676
1518660 674
1518670 674
1518680 673
1518690 671
1518700 671
1518710 669
1518720 667
1518730 667
1518740 665
1518750 662
1518760 662
1518770 660
1518780 657
1518790 657
1518800 656
1518810 653
1518820 653
1518830 651
1518840 648
1518850 648
1518860 644
1518870 640
1518880 640
1518890 637
1518900 635
1518910 635
1518920 634
1518930 632
1518940 632
1518950 631
1518960 631
1518970 631
1518980 630
1518990 630
1519000 630
1519010 630
1519020 629
1519030 629
1519040 629
1519050 630
1519060 630
1519070 632
1519080 634
1519090 634
1519100 635
1519110 635
1519120 635
1519130 636
1519140 637
1519150 637
1519160 638
1519170 639
1519180 639
1519190 640
1519200 641
1519210 641
1519220 641
1519230 641
1519240 641
1519250 642
1519260 642
1519270 642
1519280 644
1519290 648
1519300 648
1519310 651
1519320 653
1519330 653
1519340 654
1519350 655
1519360 655
1519370 657
1519380 661
1519390 661
1519400 666
1519410 669
1519420 669
1519430 672
1519440 675
1519450 675
1519460 677
1519470 678
1519480 678
1519490 680
1519500 680
1519510 680
1519520 680
1519530 682
1519540 682
1519550 684
1519560 686
1519570 686
1519580 687
1519590 690
1519600 690
1519610 695
1519620 703
1519630 703
1519640 710
1519650 712
1519660 712
1519670 712
1519680 711
1519690 710
1519700 710
1519710 709
1519720 708
1519730 708
1519740 707
1519750 706
1519760 706
1519770 705
1519780 704
1519790 704
1519800 702
1519810 701
1519820 701
1519830 700
1519840 699
1519850 699
1519860 698
1519870 697
1519880 697
1519890 696
1519900 695
1519910 695
1519920 693
1519930 692
1519940 692
1519950 691
1519960 690
1519970 690
1519980 689
1519990 689
