1500000 536
1500010 536
1500020 535
1500030 535
1500040 534
1500050 534
1500060 534
1500070 534
1500080 533
1500090 533
1500100 532
1500110 532
1500120 532
1500130 531
1500140 530
1500150 530
1500160 530
1500170 529
1500180 529
1500190 529
1500200 529
1500210 529
1500220 528
1500230 528
1500240 528
1500250 528
1500260 527
1500270 527
1500280 527
1500290 527
1500300 527
1500310 526
1500320 526
1500330 526
1500340 526
1500350 525
1500360 525
1500370 525
1500380 524
1500390 524
1500400 524
1500410 523
1500420 523
1500430 522
1500440 521
1500450 521
1500460 519
1500470 517
1500480 517
1500490 516
1500500 514
1500510 514
1500520 514
1500530 514
1500540 514
1500550 513
1500560 514
1500570 514
1500580 514
1500590 514
1500600 514
1500610 514
1500620 515
1500630 515
1500640 515
1500650 516
1500660 516
1500670 518
1500680 521
1500690 525
1500700 525
1500710 530
1500720 531
1500730 531
1500740 532
1500750 533
1500760 533
1500770 534
1500780 535
1500790 535
1500800 536
1500810 537
1500820 537
1500830 538
1500840 538
1500850 538
1500860 539
1500870 539
1500880 539
1500890 539
1500900 540
1500910 540
1500920 540
1500930 541
1500940 541
1500950 541
1500960 542
1500970 542
1500980 542
1500990 543
1501000 543
1501010 544
1501020 546
1501030 546
1501040 547
1501050 548
1501060 548
1501070 550
1501080 551
1501090 551
1501100 553
1501110 555
1501120 555
1501130 556
1501140 557
1501150 557
1501160 558
1501170 559
1501180 559
1501190 560
1501200 560
1501210 560
1501220 561
1501230 561
1501240 561
1501250 561
1501260 561
1501270 561
1501280 561
1501290 561
1501300 561
1501310 560
1501320 560
1501330 560
1501340 560
1501350 560
1501360 560
1501370 559
1501380 559
1501390 559
1501400 558
1501410 557
1501420 557
1501430 557
1501440 556
1501450 556
1501460 556
1501470 555
1501480 555
1501490 554
1501500 554
1501510 554
1501520 553
1501530 552
1501540 552
1501550 551
1501560 550
1501570 550
1501580 549
1501590 548
1501600 548
1501610 547
1501620 545
1501630 545
1501640 544
1501650 543
1501660 543
1501670 540
1501680 535
1501690 535
1501700 532
1501710 532
1501720 532
1501730 534
1501740 536
1501750 536
1501760 537
1501770 538
1501780 538
1501790 538
1501800 538
1501810 538
1501820 537
1501830 536
1501840 536
1501850 535
1501860 533
1501870 533
1501880 532
1501890 531
1501900 531
1501910 530
1501920 528
1501930 528
1501940 527
1501950 526
1501960 526
1501970 525
1501980 524
1501990 524
1502000 524
1502010 523
1502020 523
1502030 523
1502040 522
1502050 522
1502060 521
1502070 521
1502080 521
1502090 520
1502100 520
1502110 520
1502120 520
1502130 521
1502140 521
1502150 521
1502160 521
1502170 521
1502180 522
1502190 522
1502200 522
1502210 522
1502220 522
1502230 522
1502240 522
1502250 523
1502260 523
1502270 523
1502280 523
1502290 523
1502300 524
1502310 524
1502320 524
1502330 524
1502340 524
1502350 524
1502360 525
1502370 525
1502380 525
1502390 525
1502400 526
1502410 526
1502420 526
1502430 526
1502440 526
1502450 526
1502460 526
1502470 526
1502480 526
1502490 527
1502500 527
1502510 527
1502520 527
1502530 527
1502540 527
1502550 527
1502560 527
1502570 527
1502580 527
1502590 527
1502600 527
1502610 527
1502620 527
1502630 527
1502640 527
1502650 528
1502660 528
1502670 528
1502680 528
1502690 528
1502700 528
1502710 528
1502720 528
1502730 529
1502740 529
1502750 529
1502760 529
1502770 530
1502780 530
1502790 530
1502800 530
1502810 530
1502820 530
1502830 530
1502840 530
1502850 531
1502860 532
1502870 532
1502880 532
1502890 531
1502900 531
1502910 531
1502920 532
1502930 532
1502940 532
1502950 532
1502960 532
1502970 532
1502980 533
1502990 533
1503000 534
1503010 535
1503020 535
1503030 535
1503040 535
1503050 535
1503060 536
1503070 537
1503080 537
1503090 538
1503100 539
1503110 539
1503120 539
1503130 540
1503140 540
1503150 541
1503160 542
1503170 542
1503180 543
1503190 544
1503200 544
1503210 545
1503220 546
1503230 546
1503240 546
1503250 547
1503260 547
1503270 547
1503280 548
1503290 548
1503300 548
1503310 549
1503320 549
1503330 550
1503340 550
1503350 550
1503360 551
1503370 551
1503380 551
1503390 552
1503400 553
1503410 553
1503420 553
1503430 554
1503440 554
1503450 554
1503460 554
1503470 554
1503480 555
1503490 555
1503500 555
1503510 555
1503520 555
1503530 555
1503540 555
1503550 555
1503560 555
1503570 554
1503580 554
1503590 554
1503600 554
1503610 554
1503620 554
1503630 553
1503640 552
1503650 552
1503660 550
1503670 548
1503680 548
1503690 547
1503700 545
1503710 545
1503720 544
1503730 544
1503740 544
1503750 545
1503760 546
1503770 546
1503780 547
1503790 548
1503800 548
1503810 551
1503820 555
1503830 555
1503840 556
1503850 557
1503860 557
1503870 558
1503880 559
1503890 559
1503900 560
1503910 560
1503920 560
1503930 561
1503940 561
1503950 561
1503960 562
1503970 562
1503980 562
1503990 562
1504000 563
1504010 563
1504020 563
1504030 563
1504040 563
1504050 563
1504060 564
1504070 564
1504080 564
1504090 565
1504100 565
1504110 565
1504120 565
1504130 565
1504140 565
1504150 565
1504160 565
1504170 564
1504180 564
1504190 564
1504200 565
1504210 565
1504220 565
1504230 564
1504240 563
1504250 563
1504260 560
1504270 558
1504280 558
1504290 558
1504300 559
1504310 559
1504320 561
1504330 563
1504340 563
1504350 565
1504360 566
1504370 566
1504380 567
1504390 570
1504400 570
1504410 571
1504420 573
1504430 573
1504440 574
1504450 576
1504460 576
1504470 576
1504480 576
1504490 576
1504500 576
1504510 574
1504520 571
1504530 571
1504540 570
1504550 570
1504560 570
1504570 571
1504580 572
1504590 572
1504600 571
1504610 572
1504620 572
1504630 574
1504640 577
1504650 577
1504660 579
1504670 581
1504680 581
1504690 584
1504700 587
1504710 587
1504720 591
1504730 595
1504740 595
1504750 599
1504760 603
1504770 603
1504780 605
1504790 605
1504800 605
1504810 606
1504820 606
1504830 606
1504840 606
1504850 606
1504860 606
1504870 606
1504880 606
1504890 606
1504900 606
1504910 606
1504920 606
1504930 606
1504940 606
1504950 606
1504960 605
1504970 604
1504980 604
1504990 601
1505000 599
1505010 599
1505020 598
1505030 600
1505040 600
1505050 602
1505060 602
1505070 602
1505080 600
1505090 597
1505100 597
1505110 592
1505120 589
1505130 589
1505140 589
1505150 590
1505160 590
1505170 590
1505180 589
1505190 589
1505200 589
1505210 590
1505220 590
1505230 590
1505240 591
1505250 591
1505260 591
1505270 592
1505280 592
1505290 593
1505300 595
1505310 595
1505320 596
1505330 598
1505340 598
1505350 600
1505360 601
1505370 601
1505380 603
1505390 604
1505400 604
1505410 605
1505420 607
1505430 607
1505440 608
1505450 609
1505460 609
1505470 610
1505480 611
1505490 611
1505500 612
1505510 613
1505520 613
1505530 614
1505540 615
1505550 615
1505560 615
1505570 615
1505580 615
1505590 615
1505600 615
1505610 615
1505620 616
1505630 618
1505640 618
1505650 620
1505660 621
1505670 621
1505680 624
1505690 627
1505700 627
1505710 629
1505720 629
1505730 629
1505740 629
1505750 630
1505760 630
1505770 632
1505780 635
1505790 635
1505800 638
1505810 641
1505820 641
1505830 645
1505840 652
1505850 652
1505860 656
1505870 656
1505880 656
1505890 656
1505900 656
1505910 656
1505920 658
1505930 660
1505940 660
1505950 663
1505960 666
1505970 666
1505980 669
1505990 673
1506000 673
1506010 675
1506020 677
1506030 677
1506040 678
1506050 678
1506060 678
1506070 677
1506080 676
1506090 676
1506100 674
1506110 672
1506120 672
1506130 671
1506140 670
1506150 670
1506160 669
1506170 667
1506180 667
1506190 665
1506200 663
1506210 663
1506220 660
1506230 658
1506240 658
1506250 656
1506260 655
1506270 655
1506280 653
1506290 651
1506300 651
1506310 649
1506320 647
1506330 647
1506340 645
1506350 643
1506360 642
1506370 642
1506380 640
1506390 639
1506400 639
1506410 638
1506420 636
1506430 636
1506440 634
1506450 633
1506460 633
1506470 631
1506480 630
1506490 630
1506500 628
1506510 627
1506520 627
1506530 626
1506540 625
1506550 625
1506560 623
1506570 622
1506580 622
1506590 621
1506600 619
1506610 619
1506620 618
1506630 616
1506640 616
1506650 614
1506660 614
1506670 614
1506680 614
1506690 613
1506700 613
1506710 612
1506720 612
1506730 612
1506740 611
1506750 611
1506760 611
1506770 610
1506780 609
1506790 609
1506800 608
1506810 608
1506820 608
1506830 608
1506840 607
1506850 607
1506860 607
1506870 605
1506880 605
1506890 605
1506900 604
1506910 604
1506920 603
1506930 601
1506940 601
1506950 600
1506960 600
1506970 600
1506980 601
1506990 601
1507000 601
1507010 600
1507020 597
1507030 597
1507040 595
1507050 593
1507060 593
1507070 591
1507080 589
1507090 589
1507100 587
1507110 588
1507120 588
1507130 588
1507140 589
1507150 589
1507160 590
1507170 591
1507180 591
1507190 591
1507200 591
1507210 591
1507220 590
1507230 590
1507240 590
1507250 589
1507260 589
1507270 589
1507280 589
1507290 588
1507300 588
1507310 588
1507320 587
1507330 587
1507340 587
1507350 587
1507360 587
1507370 588
1507380 588
1507390 588
1507400 587
1507410 587
1507420 587
1507430 587
1507440 587
1507450 587
1507460 586
1507470 587
1507480 587
1507490 587
1507500 588
1507510 588
1507520 588
1507530 588
1507540 588
1507550 587
1507560 587
1507570 587
1507580 587
1507590 587
1507600 587
1507610 588
1507620 587
1507630 587
1507640 587
1507650 586
1507660 586
1507670 585
1507680 585
1507690 585
1507700 585
1507710 586
1507720 586
1507730 587
1507740 587
1507750 587
1507760 588
1507770 589
1507780 589
1507790 589
1507800 589
1507810 589
1507820 588
1507830 588
1507840 588
1507850 588
1507860 588
1507870 588
1507880 588
1507890 587
1507900 587
1507910 586
1507920 587
1507930 587
1507940 588
1507950 589
1507960 589
1507970 590
1507980 590
1507990 590
1508000 591
1508010 591
1508020 591
1508030 591
1508040 592
1508050 592
1508060 592
1508070 592
1508080 592
1508090 592
1508100 593
1508110 593
1508120 593
1508130 593
1508140 593
1508150 593
1508160 593
1508170 593
1508180 593
1508190 593
1508200 593
1508210 593
1508220 593
1508230 593
1508240 593
1508250 594
1508260 594
1508270 594
1508280 593
1508290 591
1508300 591
1508310 591
1508320 594
1508330 594
1508340 595
1508350 595
1508360 595
1508370 596
1508380 596
1508390 596
1508400 596
1508410 596
1508420 596
1508430 596
1508440 596
1508450 596
1508460 596
1508470 596
1508480 596
1508490 596
1508500 596
1508510 596
1508520 597
1508530 597
1508540 597
1508550 597
1508560 597
1508570 597
1508580 597
1508590 596
1508600 596
1508610 596
1508620 595
1508630 595
1508640 595
1508650 595
1508660 595
1508670 595
1508680 594
1508690 594
1508700 594
1508710 593
1508720 593
1508730 593
1508740 592
1508750 592
1508760 589
1508770 586
1508780 586
1508790 585
1508800 585
1508810 585
1508820 586
1508830 588
1508840 588
1508850 591
1508860 591
1508870 591
1508880 591
1508890 591
1508900 591
1508910 590
1508920 589
1508930 589
1508940 589
1508950 588
1508960 588
1508970 588
1508980 587
1508990 587
1509000 586
1509010 586
1509020 586
1509030 585
1509040 584
1509050 584
1509060 583
1509070 582
1509080 582
1509090 582
1509100 581
1509110 581
1509120 579
1509130 578
1509140 578
1509150 577
1509160 576
1509170 576
1509180 576
1509190 575
1509200 575
1509210 575
1509220 574
1509230 574
1509240 574
1509250 573
1509260 573
1509270 573
1509280 572
1509290 572
1509300 571
1509310 570
1509320 570
1509330 570
1509340 570
1509350 570
1509360 571
1509370 571
1509380 571
1509390 570
1509400 569
1509410 569
1509420 569
1509430 568
1509440 568
1509450 568
1509460 568
1509470 568
1509480 567
1509490 565
1509500 565
1509510 564
1509520 564
1509530 564
1509540 563
1509550 563
1509560 563
1509570 563
1509580 564
1509590 564
1509600 564
1509610 564
1509620 564
1509630 564
1509640 565
1509650 565
1509660 565
1509670 565
1509680 565
1509690 566
1509700 566
1509710 566
1509720 566
1509730 565
1509740 565
1509750 565
1509760 565
1509770 565
1509780 564
1509790 564
1509800 564
1509810 564
1509820 564
1509830 564
1509840 564
1509850 564
1509860 564
1509870 563
1509880 562
1509890 562
1509900 562
1509910 562
1509920 562
1509930 562
1509940 562
1509950 562
1509960 562
1509970 562
1509980 562
1509990 561
1510000 561
1510010 561
1510020 560
1510030 559
1510040 559
1510050 558
1510060 555
1510070 555
1510080 554
1510090 553
1510100 553
1510110 553
1510120 552
1510130 550
1510140 550
1510150 549
1510160 548
1510170 548
1510180 546
1510190 545
1510200 545
1510210 545
1510220 545
1510230 545
1510240 545
1510250 545
1510260 545
1510270 546
1510280 546
1510290 546
1510300 546
1510310 547
1510320 547
1510330 548
1510340 551
1510350 551
1510360 553
1510370 554
1510380 554
1510390 555
1510400 556
1510410 556
1510420 557
1510430 558
1510440 558
1510450 559
1510460 560
1510470 560
1510480 561
1510490 561
1510500 561
1510510 561
1510520 562
1510530 562
1510540 562
1510550 564
1510560 564
1510570 567
1510580 568
1510590 568
1510600 569
1510610 569
1510620 569
1510630 567
1510640 566
1510650 566
1510660 568
1510670 568
1510680 568
1510690 568
1510700 568
1510710 568
1510720 568
1510730 567
1510740 567
1510750 567
1510760 567
1510770 567
1510780 567
1510790 567
1510800 567
1510810 567
1510820 567
1510830 567
1510840 567
1510850 567
1510860 567
1510870 568
1510880 568
1510890 568
1510900 568
1510910 568
1510920 568
1510930 569
1510940 569
1510950 569
1510960 569
1510970 568
1510980 568
1510990 568
1511000 566
1511010 566
1511020 564
1511030 563
1511040 563
1511050 561
1511060 561
1511070 561
1511080 561
1511090 561
1511100 561
1511110 561
1511120 561
1511130 561
1511140 562
1511150 561
1511160 561
1511170 561
1511180 562
1511190 562
1511200 562
1511210 563
1511220 563
1511230 563
1511240 564
1511250 564
1511260 564
1511270 565
1511280 565
1511290 565
1511300 566
1511310 566
1511320 567
1511330 568
1511340 568
1511350 569
1511360 570
1511370 570
1511380 570
1511390 571
1511400 571
1511410 573
1511420 573
1511430 573
1511440 574
1511450 575
1511460 575
1511470 575
1511480 576
1511490 576
1511500 576
1511510 576
1511520 576
1511530 576
1511540 576
1511550 576
1511560 576
1511570 577
1511580 577
1511590 578
1511600 579
1511610 579
1511620 579
1511630 580
1511640 580
1511650 581
1511660 582
1511670 582
1511680 583
1511690 584
1511700 584
1511710 585
1511720 585
1511730 585
1511740 586
1511750 587
1511760 587
1511770 589
1511780 590
1511790 590
1511800 590
1511810 590
1511820 590
1511830 589
1511840 590
1511850 590
1511860 590
1511870 590
1511880 590
1511890 591
1511900 591
1511910 591
1511920 592
1511930 592
1511940 592
1511950 593
1511960 593
1511970 593
1511980 593
1511990 593
1512000 592
1512010 592
1512020 592
1512030 592
1512040 592
1512050 592
1512060 592
1512070 592
1512080 590
1512090 589
1512100 589
1512110 589
1512120 589
1512130 589
1512140 589
1512150 588
1512160 588
1512170 588
1512180 588
1512190 588
1512200 587
1512210 587
1512220 587
1512230 586
1512240 586
1512250 586
1512260 586
1512270 585
1512280 585
1512290 585
1512300 584
1512310 584
1512320 584
1512330 583
1512340 583
1512350 582
1512360 581
1512370 581
1512380 581
1512390 579
1512400 579
1512410 577
1512420 577
1512430 577
1512440 577
1512450 577
1512460 577
1512470 577
1512480 578
1512490 578
1512500 578
1512510 578
1512520 578
1512530 580
1512540 583
1512550 583
1512560 585
1512570 587
1512580 587
1512590 588
1512600 589
1512610 589
1512620 590
1512630 592
1512640 592
1512650 593
1512660 594
1512670 594
1512680 595
1512690 597
1512700 597
1512710 600
1512720 602
1512730 602
1512740 604
1512750 604
1512760 604
1512770 605
1512780 605
1512790 605
1512800 605
1512810 605
1512820 605
1512830 606
1512840 606
1512850 606
1512860 607
1512870 608
1512880 608
1512890 609
1512900 610
1512910 610
1512920 611
1512930 611
1512940 611
1512950 612
1512960 613
1512970 613
1512980 613
1512990 614
1513000 614
1513010 614
1513020 615
1513030 615
1513040 615
1513050 615
1513060 615
1513070 615
1513080 616
1513090 616
1513100 616
1513110 617
1513120 617
1513130 617
1513140 618
1513150 618
1513160 619
1513170 619
1513180 619
1513190 620
1513200 620
1513210 620
1513220 620
1513230 620
1513240 620
1513250 620
1513260 617
1513270 617
1513280 615
1513290 614
1513300 614
1513310 615
1513320 617
1513330 617
1513340 619
1513350 621
1513360 621
1513370 622
1513380 623
1513390 623
1513400 625
1513410 626
1513420 626
1513430 627
1513440 628
1513450 628
1513460 630
1513470 631
1513480 631
1513490 633
1513500 635
1513510 635
1513520 638
1513530 643
1513540 643
1513550 648
1513560 650
1513570 650
1513580 652
1513590 653
1513600 653
1513610 655
1513620 656
1513630 656
1513640 658
1513650 659
1513660 659
1513670 661
1513680 663
1513690 663
1513700 665
1513710 667
1513720 667
1513730 670
1513740 673
1513750 673
1513760 675
1513770 678
1513780 678
1513790 681
1513800 684
1513810 684
1513820 686
1513830 688
1513840 688
1513850 689
1513860 690
1513870 690
1513880 690
1513890 691
1513900 691
1513910 691
1513920 691
1513930 691
1513940 691
1513950 692
1513960 693
1513970 693
1513980 693
1513990 694
1514000 694
1514010 696
1514020 697
1514030 697
1514040 698
1514050 700
1514060 700
1514070 702
1514080 704
1514090 704
1514100 706
1514110 708
1514120 708
1514130 710
1514140 712
1514150 712
1514160 715
1514170 718
1514180 718
1514190 721
1514200 724
1514210 724
1514220 725
1514230 726
1514240 726
1514250 727
1514260 727
1514270 727
1514280 727
1514290 727
1514300 727
1514310 727
1514320 727
1514330 727
1514340 726
1514350 725
1514360 725
1514370 724
1514380 721
1514390 721
1514400 719
1514410 718
1514420 718
1514430 720
1514440 718
1514450 718
1514460 715
1514470 711
1514480 711
1514490 709
1514500 709
1514510 709
1514520 710
1514530 711
1514540 711
1514550 712
1514560 713
1514570 713
1514580 711
1514590 710
1514600 710
1514610 707
1514620 702
1514630 702
1514640 697
1514650 692
1514660 692
1514670 687
1514680 683
1514690 683
1514700 678
1514710 674
1514720 674
1514730 674
1514740 677
1514750 677
1514760 679
1514770 680
1514780 680
1514790 682
1514800 683
1514810 683
1514820 687
1514830 691
1514840 691
1514850 696
1514860 700
1514870 700
1514880 704
1514890 707
1514900 707
1514910 709
1514920 710
1514930 710
1514940 711
1514950 711
1514960 711
1514970 712
1514980 714
1514990 714
1515000 718
1515010 720
1515020 720
1515030 721
1515040 721
1515050 721
1515060 719
1515070 717
1515080 717
1515090 713
1515100 710
1515110 710
1515120 707
1515130 704
1515140 704
1515150 701
1515160 698
1515170 698
1515180 694
1515190 691
1515200 691
1515210 687
1515220 684
1515230 684
1515240 680
1515250 676
1515260 676
1515270 672
1515280 668
1515290 668
1515300 663
1515310 659
1515320 659
1515330 656
1515340 654
1515350 654
1515360 651
1515370 649
1515380 649
1515390 647
1515400 646
1515410 646
1515420 646
1515430 648
1515440 648
1515450 649
1515460 649
1515470 649
1515480 650
1515490 652
1515500 652
1515510 653
1515520 654
1515530 654
1515540 655
1515550 655
1515560 655
1515570 655
1515580 655
1515590 655
1515600 655
1515610 655
1515620 655
1515630 655
1515640 653
1515650 653
1515660 650
1515670 647
1515680 647
1515690 643
1515700 639
1515710 639
1515720 636
1515730 635
1515740 635
1515750 635
1515760 634
1515770 634
1515780 634
1515790 635
1515800 636
1515810 636
1515820 636
1515830 637
1515840 637
1515850 637
1515860 637
1515870 637
1515880 637
1515890 637
1515900 637
1515910 636
1515920 636
1515930 636
1515940 635
1515950 634
1515960 634
1515970 633
1515980 633
1515990 633
1516000 632
1516010 632
1516020 632
1516030 631
1516040 629
1516050 629
1516060 626
1516070 626
1516080 626
1516090 626
1516100 626
1516110 626
1516120 626
1516130 626
1516140 626
1516150 626
1516160 627
1516170 627
1516180 629
1516190 630
1516200 630
1516210 633
1516220 634
1516230 634
1516240 635
1516250 635
1516260 635
1516270 634
1516280 633
1516290 633
1516300 632
1516310 631
1516320 631
1516330 630
1516340 629
1516350 629
1516360 629
1516370 629
1516380 629
1516390 629
1516400 630
1516410 630
1516420 631
1516430 633
1516440 633
1516450 634
1516460 635
1516470 635
1516480 635
1516490 635
1516500 635
1516510 634
1516520 633
1516530 633
1516540 632
1516550 633
1516560 633
1516570 634
1516580 635
1516590 635
1516600 637
1516610 640
1516620 640
1516630 642
1516640 645
1516650 645
1516660 649
1516670 652
1516680 652
1516690 657
1516700 661
1516710 661
1516720 665
1516730 670
1516740 670
1516750 675
1516760 680
1516770 680
1516780 685
1516790 687
1516800 687
1516810 685
1516820 683
1516830 683
1516840 680
1516850 677
1516860 677
1516870 676
1516880 677
1516890 677
1516900 679
1516910 681
1516920 681
1516930 684
1516940 686
1516950 686
1516960 687
1516970 686
1516980 686
1516990 684
1517000 682
1517010 682
1517020 679
1517030 676
1517040 676
1517050 673
1517060 670
1517070 670
1517080 667
1517090 664
1517100 664
1517110 661
1517120 658
1517130 658
1517140 655
1517150 651
1517160 651
1517170 647
1517180 645
1517190 645
1517200 645
1517210 644
1517220 644
1517230 643
1517240 642
1517250 642
1517260 641
1517270 640
1517280 640
1517290 637
1517300 635
1517310 635
1517320 633
1517330 631
1517340 631
1517350 629
1517360 628
1517370 628
1517380 626
1517390 624
1517400 624
1517410 623
1517420 622
1517430 622
1517440 621
1517450 619
1517460 619
1517470 618
1517480 618
1517490 618
1517500 617
1517510 615
1517520 615
1517530 614
1517540 613
1517550 613
1517560 615
1517570 616
1517580 616
1517590 615
1517600 615
1517610 615
1517620 615
1517630 617
1517640 617
1517650 619
1517660 620
1517670 621
1517680 621
1517690 623
1517700 624
1517710 624
1517720 625
1517730 624
1517740 624
1517750 625
1517760 626
1517770 626
1517780 627
1517790 627
1517800 627
1517810 626
1517820 627
1517830 627
1517840 628
1517850 628
1517860 628
1517870 629
1517880 630
1517890 630
1517900 631
1517910 636
1517920 636
1517930 641
1517940 647
1517950 647
1517960 652
1517970 657
1517980 657
1517990 662
1518000 667
1518010 667
1518020 673
1518030 679
1518040 679
1518050 683
1518060 685
1518070 685
1518080 687
1518090 689
1518100 689
1518110 692
1518120 695
1518130 695
1518140 697
1518150 700
1518160 700
1518170 703
1518180 706
1518190 706
1518200 709
1518210 712
1518220 712
1518230 714
1518240 713
1518250 713
1518260 712
1518270 711
1518280 711
1518290 710
1518300 708
1518310 708
1518320 706
1518330 703
1518340 703
1518350 701
1518360 698
1518370 698
1518380 696
1518390 694
1518400 694
1518410 692
1518420 690
1518430 690
1518440 689
1518450 687
1518460 687
1518470 685
1518480 683
1518490 683
1518500 680
1518510 678
1518520 678
1518530 676
1518540 674
1518550 674
1518560 672
1518570 670
1518580 670
1518590 668
1518600 666
1518610 666
1518620 664
1518630 662
1518640 662
1518650 661
1518660 661
1518670 661
1518680 660
1518690 659
1518700 659
1518710 658
1518720 657
1518730 657
1518740 657
1518750 656
1518760 656
1518770 656
1518780 655
1518790 655
1518800 653
1518810 651
1518820 651
1518830 648
1518840 645
1518850 645
1518860 643
1518870 643
1518880 643
1518890 644
1518900 644
1518910 644
1518920 645
1518930 646
1518940 646
1518950 646
1518960 645
1518970 645
1518980 644
1518990 643
1519000 643
1519010 641
1519020 639
1519030 639
1519040 638
1519050 639
1519060 639
1519070 640
1519080 640
1519090 640
1519100 641
1519110 643
1519120 643
1519130 645
1519140 647
1519150 647
1519160 649
1519170 649
1519180 649
1519190 651
1519200 652
1519210 652
1519220 653
1519230 653
1519240 653
1519250 653
1519260 653
1519270 653
1519280 655
1519290 657
1519300 657
1519310 660
1519320 662
1519330 662
1519340 666
1519350 669
1519360 669
1519370 670
1519380 670
1519390 670
1519400 671
1519410 672
1519420 672
1519430 674
1519440 676
1519450 676
1519460 678
1519470 679
1519480 679
1519490 680
1519500 684
1519510 684
1519520 688
1519530 692
1519540 692
1519550 697
1519560 703
1519570 709
1519580 709
1519590 715
1519600 718
1519610 718
1519620 718
1519630 717
1519640 717
1519650 716
1519660 715
1519670 715
1519680 714
1519690 713
1519700 713
1519710 710
1519720 709
1519730 709
1519740 707
1519750 705
1519760 705
1519770 703
1519780 702
1519790 702
1519800 700
1519810 699
1519820 699
1519830 697
1519840 694
1519850 694
1519860 692
1519870 691
1519880 691
1519890 690
1519900 688
1519910 688
1519920 686
1519930 684
1519940 684
1519950 682
1519960 681
1519970 681
1519980 680
1519990 678
