1500000 540
1500010 539
1500020 538
1500030 538
1500040 537
1500050 536
1500060 536
1500070 535
1500080 535
1500090 535
1500100 534
1500110 533
1500120 533
1500130 533
1500140 532
1500150 532
1500160 531
1500170 530
1500180 530
1500190 530
1500200 529
1500210 529
1500220 528
1500230 527
1500240 527
1500250 526
1500260 526
1500270 526
1500280 525
1500290 524
1500300 524
1500310 523
1500320 522
1500330 522
1500340 521
1500350 520
1500360 520
1500370 519
1500380 519
1500390 519
1500400 518
1500410 518
1500420 518
1500430 517
1500440 517
1500450 517
1500460 516
1500470 516
1500480 516
1500490 515
1500500 515
1500510 515
1500520 514
1500530 513
1500540 513
1500550 512
1500560 512
1500570 512
1500580 512
1500590 511
1500600 511
1500610 512
1500620 512
1500630 512
1500640 512
1500650 513
1500660 513
1500670 514
1500680 515
1500690 515
1500700 517
1500710 518
1500720 518
1500730 519
1500740 520
1500750 520
1500760 521
1500770 522
1500780 522
1500790 522
1500800 523
1500810 523
1500820 523
1500830 524
1500840 524
1500850 525
1500860 526
1500870 526
1500880 527
1500890 528
1500900 529
1500910 529
1500920 530
1500930 531
1500940 531
1500950 532
1500960 533
1500970 533
1500980 535
1500990 535
1501000 535
1501010 536
1501020 536
1501030 536
1501040 537
1501050 537
1501060 537
1501070 538
1501080 540
1501090 540
1501100 542
1501110 542
1501120 542
1501130 543
1501140 544
1501150 544
1501160 544
1501170 544
1501180 544
1501190 544
1501200 544
1501210 544
1501220 543
1501230 543
1501240 543
1501250 544
1501260 544
1501270 544
1501280 543
1501290 543
1501300 543
1501310 543
1501320 543
1501330 543
1501340 542
1501350 542
1501360 542
1501370 542
1501380 541
1501390 541
1501400 541
1501410 540
1501420 540
1501430 540
1501440 539
1501450 539
1501460 539
1501470 538
1501480 538
1501490 538
1501500 537
1501510 537
1501520 537
1501530 536
1501540 536
1501550 535
1501560 535
1501570 535
1501580 534
1501590 533
1501600 533
1501610 532
1501620 532
1501630 532
1501640 531
1501650 530
1501660 530
1501670 529
1501680 528
1501690 528
1501700 526
1501710 525
1501720 525
1501730 524
1501740 522
1501750 522
1501760 521
1501770 519
1501780 519
1501790 518
1501800 517
1501810 517
1501820 517
1501830 517
1501840 517
1501850 517
1501860 517
1501870 517
1501880 517
1501890 517
1501900 517
1501910 517
1501920 518
1501930 518
1501940 520
1501950 522
1501960 522
1501970 523
1501980 524
1501990 524
1502000 525
1502010 526
1502020 526
1502030 527
1502040 527
1502050 527
1502060 528
1502070 529
1502080 529
1502090 529
1502100 530
1502110 530
1502120 530
1502130 531
1502140 531
1502150 532
1502160 532
1502170 532
1502180 532
1502190 533
1502200 533
1502210 534
1502220 534
1502230 534
1502240 535
1502250 536
1502260 536
1502270 536
1502280 537
1502290 537
1502300 537
1502310 538
1502320 538
1502330 539
1502340 539
1502350 539
1502360 540
1502370 540
1502380 540
1502390 541
1502400 541
1502410 541
1502420 542
1502430 543
1502440 543
1502450 543
1502460 544
1502470 544
1502480 545
1502490 546
1502500 546
1502510 547
1502520 548
1502530 548
1502540 549
1502550 550
1502560 550
1502570 551
1502580 552
1502590 552
1502600 552
1502610 552
1502620 552
1502630 553
1502640 553
1502650 553
1502660 554
1502670 554
1502680 554
1502690 554
1502700 554
1502710 554
1502720 553
1502730 554
1502740 554
1502750 554
1502760 555
1502770 555
1502780 555
1502790 556
1502800 556
1502810 557
1502820 558
1502830 559
1502840 559
1502850 560
1502860 560
1502870 560
1502880 561
1502890 561
1502900 561
1502910 561
1502920 561
1502930 561
1502940 561
1502950 561
1502960 561
1502970 560
1502980 560
1502990 560
1503000 561
1503010 561
1503020 561
1503030 561
1503040 561
1503050 561
1503060 561
1503070 561
1503080 561
1503090 561
1503100 561
1503110 561
1503120 562
1503130 562
1503140 562
1503150 562
1503160 563
1503170 563
1503180 563
1503190 564
1503200 564
1503210 565
1503220 566
1503230 566
1503240 566
1503250 567
1503260 567
1503270 567
1503280 567
1503290 567
1503300 567
1503310 567
1503320 567
1503330 567
1503340 568
1503350 568
1503360 568
1503370 569
1503380 569
1503390 571
1503400 573
1503410 573
1503420 575
1503430 576
1503440 576
1503450 576
1503460 576
1503470 576
1503480 576
1503490 575
1503500 575
1503510 575
1503520 575
1503530 575
1503540 575
1503550 575
1503560 575
1503570 574
1503580 574
1503590 574
1503600 574
1503610 574
1503620 574
1503630 574
1503640 574
1503650 574
1503660 573
1503670 573
1503680 573
1503690 573
1503700 573
1503710 573
1503720 572
1503730 572
1503740 572
1503750 572
1503760 572
1503770 572
1503780 572
1503790 572
1503800 572
1503810 572
1503820 573
1503830 573
1503840 573
1503850 573
1503860 573
1503870 573
1503880 573
1503890 573
1503900 573
1503910 573
1503920 573
1503930 572
1503940 571
1503950 571
1503960 570
1503970 569
1503980 569
1503990 570
1504000 571
1504010 571
1504020 572
1504030 572
1504040 572
1504050 573
1504060 574
1504070 574
1504080 574
1504090 575
1504100 575
1504110 575
1504120 576
1504130 576
1504140 576
1504150 576
1504160 576
1504170 576
1504180 577
1504190 577
1504200 578
1504210 579
1504220 579
1504230 580
1504240 581
1504250 581
1504260 582
1504270 583
1504280 583
1504290 585
1504300 586
1504310 586
1504320 587
1504330 587
1504340 587
1504350 588
1504360 589
1504370 589
1504380 590
1504390 591
1504400 591
1504410 591
1504420 591
1504430 591
1504440 591
1504450 591
1504460 591
1504470 592
1504480 593
1504490 593
1504500 594
1504510 595
1504520 595
1504530 596
1504540 597
1504550 597
1504560 598
1504570 600
1504580 600
1504590 601
1504600 602
1504610 602
1504620 604
1504630 605
1504640 605
1504650 607
1504660 608
1504670 608
1504680 610
1504690 611
1504700 611
1504710 612
1504720 613
1504730 614
1504740 614
1504750 614
1504760 611
1504770 611
1504780 606
1504790 604
1504800 604
1504810 606
1504820 609
1504830 609
1504840 612
1504850 615
1504860 615
1504870 619
1504880 621
1504890 621
1504900 624
1504910 625
1504920 625
1504930 628
1504940 629
1504950 629
1504960 629
1504970 631
1504980 631
1504990 633
1505000 634
1505010 634
1505020 635
1505030 635
1505040 635
1505050 635
1505060 635
1505070 635
1505080 635
1505090 634
1505100 634
1505110 633
1505120 632
1505130 632
1505140 633
1505150 635
1505160 635
1505170 637
1505180 637
1505190 637
1505200 637
1505210 637
1505220 637
1505230 637
1505240 638
1505250 638
1505260 639
1505270 640
1505280 640
1505290 640
1505300 641
1505310 641
1505320 642
1505330 643
1505340 643
1505350 643
1505360 644
1505370 644
1505380 645
1505390 646
1505400 646
1505410 647
1505420 648
1505430 648
1505440 650
1505450 651
1505460 651
1505470 652
1505480 653
1505490 653
1505500 654
1505510 656
1505520 656
1505530 658
1505540 659
1505550 659
1505560 660
1505570 661
1505580 661
1505590 662
1505600 664
1505610 664
1505620 665
1505630 665
1505640 665
1505650 666
1505660 667
1505670 667
1505680 667
1505690 668
1505700 668
1505710 668
1505720 668
1505730 668
1505740 668
1505750 668
1505760 668
1505770 668
1505780 668
1505790 668
1505800 668
1505810 668
1505820 668
1505830 668
1505840 668
1505850 668
1505860 668
1505870 668
1505880 668
1505890 668
1505900 669
1505910 669
1505920 669
1505930 669
1505940 669
1505950 669
1505960 670
1505970 670
1505980 670
1505990 671
1506000 671
1506010 672
1506020 674
1506030 674
1506040 675
1506050 677
1506060 677
1506070 678
1506080 680
1506090 680
1506100 681
1506110 683
1506120 683
1506130 684
1506140 685
1506150 685
1506160 684
1506170 684
1506180 684
1506190 682
1506200 681
1506210 681
1506220 679
1506230 678
1506240 678
1506250 677
1506260 675
1506270 675
1506280 674
1506290 673
1506300 673
1506310 672
1506320 671
1506330 671
1506340 670
1506350 669
1506360 669
1506370 668
1506380 667
1506390 667
1506400 666
1506410 665
1506420 665
1506430 665
1506440 664
1506450 664
1506460 663
1506470 662
1506480 662
1506490 662
1506500 661
1506510 661
1506520 660
1506530 659
1506540 659
1506550 658
1506560 657
1506570 657
1506580 656
1506590 655
1506600 655
1506610 654
1506620 653
1506630 652
1506640 652
1506650 651
1506660 649
1506670 649
1506680 646
1506690 642
1506700 642
1506710 641
1506720 641
1506730 641
1506740 641
1506750 640
1506760 640
1506770 640
1506780 639
1506790 639
1506800 637
1506810 635
1506820 635
1506830 633
1506840 632
1506850 632
1506860 629
1506870 626
1506880 626
1506890 621
1506900 616
1506910 616
1506920 614
1506930 610
1506940 610
1506950 607
1506960 601
1506970 601
1506980 594
1506990 591
1507000 591
1507010 591
1507020 590
1507030 590
1507040 589
1507050 589
1507060 589
1507070 589
1507080 590
1507090 590
1507100 590
1507110 589
1507120 589
1507130 589
1507140 589
1507150 589
1507160 588
1507170 588
1507180 588
1507190 588
1507200 588
1507210 588
1507220 588
1507230 588
1507240 588
1507250 588
1507260 588
1507270 588
1507280 587
1507290 587
1507300 587
1507310 587
1507320 587
1507330 587
1507340 587
1507350 587
1507360 587
1507370 587
1507380 587
1507390 587
1507400 587
1507410 588
1507420 588
1507430 588
1507440 587
1507450 587
1507460 587
1507470 587
1507480 587
1507490 587
1507500 587
1507510 587
1507520 587
1507530 587
1507540 587
1507550 587
1507560 586
1507570 586
1507580 586
1507590 585
1507600 585
1507610 585
1507620 584
1507630 584
1507640 583
1507650 582
1507660 582
1507670 582
1507680 581
1507690 581
1507700 581
1507710 581
1507720 581
1507730 580
1507740 580
1507750 580
1507760 580
1507770 579
1507780 579
1507790 579
1507800 579
1507810 579
1507820 579
1507830 578
1507840 578
1507850 578
1507860 578
1507870 578
1507880 577
1507890 577
1507900 577
1507910 576
1507920 576
1507930 576
1507940 575
1507950 575
1507960 575
1507970 575
1507980 574
1507990 574
1508000 573
1508010 573
1508020 573
1508030 573
1508040 572
1508050 572
1508060 572
1508070 571
1508080 571
1508090 571
1508100 570
1508110 570
1508120 569
1508130 568
1508140 568
1508150 567
1508160 567
1508170 567
1508180 567
1508190 566
1508200 566
1508210 566
1508220 566
1508230 566
1508240 566
1508250 565
1508260 565
1508270 565
1508280 565
1508290 565
1508300 566
1508310 566
1508320 566
1508330 567
1508340 568
1508350 568
1508360 569
1508370 569
1508380 569
1508390 570
1508400 571
1508410 571
1508420 572
1508430 574
1508440 574
1508450 575
1508460 576
1508470 576
1508480 577
1508490 578
1508500 578
1508510 578
1508520 579
1508530 579
1508540 579
1508550 580
1508560 580
1508570 580
1508580 580
1508590 580
1508600 580
1508610 580
1508620 580
1508630 580
1508640 581
1508650 580
1508660 580
1508670 579
1508680 578
1508690 578
1508700 578
1508710 577
1508720 577
1508730 577
1508740 577
1508750 577
1508760 577
1508770 577
1508780 577
1508790 577
1508800 577
1508810 577
1508820 577
1508830 577
1508840 577
1508850 577
1508860 576
1508870 576
1508880 576
1508890 576
1508900 576
1508910 575
1508920 575
1508930 575
1508940 574
1508950 574
1508960 574
1508970 573
1508980 573
1508990 573
1509000 572
1509010 572
1509020 572
1509030 572
1509040 571
1509050 571
1509060 571
1509070 570
1509080 570
1509090 570
1509100 569
1509110 569
1509120 569
1509130 569
1509140 569
1509150 568
1509160 568
1509170 568
1509180 567
1509190 567
1509200 567
1509210 566
1509220 566
1509230 566
1509240 565
1509250 565
1509260 565
1509270 564
1509280 564
1509290 564
1509300 564
1509310 563
1509320 563
1509330 563
1509340 563
1509350 563
1509360 564
1509370 564
1509380 564
1509390 564
1509400 564
1509410 564
1509420 564
1509430 563
1509440 563
1509450 562
1509460 561
1509470 561
1509480 561
1509490 560
1509500 560
1509510 559
1509520 557
1509530 557
1509540 556
1509550 555
1509560 555
1509570 556
1509580 558
1509590 558
1509600 559
1509610 560
1509620 560
1509630 561
1509640 562
1509650 562
1509660 563
1509670 565
1509680 565
1509690 566
1509700 567
1509710 567
1509720 568
1509730 568
1509740 568
1509750 568
1509760 569
1509770 569
1509780 569
1509790 569
1509800 569
1509810 569
1509820 569
1509830 569
1509840 569
1509850 569
1509860 569
1509870 568
1509880 568
1509890 568
1509900 568
1509910 567
1509920 567
1509930 567
1509940 566
1509950 566
1509960 565
1509970 565
1509980 565
1509990 564
1510000 563
1510010 563
1510020 562
1510030 560
1510040 560
1510050 559
1510060 558
1510070 558
1510080 556
1510090 555
1510100 555
1510110 553
1510120 550
1510130 550
1510140 547
1510150 544
1510160 544
1510170 543
1510180 542
1510190 542
1510200 543
1510210 543
1510220 543
1510230 542
1510240 542
1510250 542
1510260 544
1510270 548
1510280 548
1510290 551
1510300 552
1510310 552
1510320 554
1510330 554
1510340 554
1510350 555
1510360 555
1510370 555
1510380 556
1510390 556
1510400 556
1510410 556
1510420 556
1510430 556
1510440 555
1510450 553
1510460 551
1510470 551
1510480 550
1510490 549
1510500 549
1510510 549
1510520 549
1510530 549
1510540 548
1510550 548
1510560 548
1510570 548
1510580 549
1510590 549
1510600 550
1510610 551
1510620 551
1510630 552
1510640 552
1510650 552
1510660 552
1510670 554
1510680 554
1510690 555
1510700 556
1510710 556
1510720 556
1510730 557
1510740 557
1510750 558
1510760 558
1510770 558
1510780 559
1510790 560
1510800 560
1510810 560
1510820 561
1510830 561
1510840 562
1510850 563
1510860 563
1510870 563
1510880 564
1510890 564
1510900 565
1510910 565
1510920 565
1510930 566
1510940 567
1510950 567
1510960 568
1510970 568
1510980 568
1510990 569
1511000 570
1511010 570
1511020 571
1511030 571
1511040 571
1511050 572
1511060 573
1511070 573
1511080 574
1511090 575
1511100 575
1511110 576
1511120 577
1511130 577
1511140 577
1511150 578
1511160 578
1511170 579
1511180 579
1511190 579
1511200 580
1511210 580
1511220 580
1511230 580
1511240 580
1511250 580
1511260 580
1511270 580
1511280 580
1511290 580
1511300 580
1511310 580
1511320 579
1511330 579
1511340 579
1511350 580
1511360 580
1511370 580
1511380 580
1511390 580
1511400 580
1511410 581
1511420 581
1511430 581
1511440 582
1511450 582
1511460 582
1511470 583
1511480 583
1511490 583
1511500 584
1511510 585
1511520 585
1511530 585
1511540 585
1511550 585
1511560 586
1511570 586
1511580 586
1511590 586
1511600 587
1511610 587
1511620 587
1511630 587
1511640 587
1511650 587
1511660 587
1511670 587
1511680 587
1511690 586
1511700 586
1511710 586
1511720 586
1511730 586
1511740 586
1511750 585
1511760 585
1511770 585
1511780 584
1511790 584
1511800 583
1511810 582
1511820 582
1511830 582
1511840 581
1511850 581
1511860 581
1511870 580
1511880 580
1511890 580
1511900 580
1511910 580
1511920 579
1511930 579
1511940 579
1511950 579
1511960 578
1511970 578
1511980 578
1511990 577
1512000 577
1512010 577
1512020 576
1512030 576
1512040 574
1512050 572
1512060 572
1512070 571
1512080 570
1512090 570
1512100 570
1512110 569
1512120 569
1512130 569
1512140 569
1512150 569
1512160 571
1512170 572
1512180 572
1512190 573
1512200 575
1512210 575
1512220 576
1512230 577
1512240 577
1512250 579
1512260 580
1512270 580
1512280 581
1512290 581
1512300 581
1512310 582
1512320 582
1512330 582
1512340 583
1512350 583
1512360 584
1512370 584
1512380 584
1512390 585
1512400 585
1512410 585
1512420 585
1512430 585
1512440 586
1512450 586
1512460 586
1512470 587
1512480 587
1512490 587
1512500 588
1512510 589
1512520 589
1512530 590
1512540 591
1512550 591
1512560 591
1512570 592
1512580 592
1512590 593
1512600 593
1512610 593
1512620 594
1512630 595
1512640 595
1512650 595
1512660 596
1512670 596
1512680 596
1512690 597
1512700 597
1512710 597
1512720 597
1512730 597
1512740 598
1512750 599
1512760 599
1512770 601
1512780 604
1512790 604
1512800 605
1512810 606
1512820 606
1512830 606
1512840 606
1512850 606
1512860 606
1512870 606
1512880 606
1512890 606
1512900 607
1512910 607
1512920 611
1512930 616
1512940 616
1512950 618
1512960 620
1512970 620
1512980 621
1512990 623
1513000 623
1513010 624
1513020 625
1513030 625
1513040 626
1513050 627
1513060 627
1513070 629
1513080 630
1513090 630
1513100 631
1513110 633
1513120 633
1513130 634
1513140 635
1513150 635
1513160 636
1513170 637
1513180 637
1513190 638
1513200 640
1513210 640
1513220 642
1513230 644
1513240 644
1513250 645
1513260 646
1513270 646
1513280 647
1513290 648
1513300 648
1513310 648
1513320 649
1513330 649
1513340 649
1513350 650
1513360 650
1513370 651
1513380 651
1513390 651
1513400 652
1513410 653
1513420 653
1513430 654
1513440 654
1513450 654
1513460 655
1513470 656
1513480 656
1513490 656
1513500 657
1513510 657
1513520 657
1513530 656
1513540 656
1513550 654
1513560 653
1513570 653
1513580 651
1513590 652
1513600 652
1513610 655
1513620 658
1513630 658
1513640 662
1513650 665
1513660 665
1513670 667
1513680 668
1513690 668
1513700 669
1513710 671
1513720 671
1513730 673
1513740 677
1513750 677
1513760 680
1513770 682
1513780 682
1513790 685
1513800 687
1513810 687
1513820 689
1513830 691
1513840 691
1513850 693
1513860 695
1513870 695
1513880 697
1513890 698
1513900 698
1513910 700
1513920 701
1513930 701
1513940 703
1513950 704
1513960 704
1513970 706
1513980 708
1513990 708
1514000 711
1514010 714
1514020 714
1514030 717
1514040 719
1514050 719
1514060 721
1514070 724
1514080 724
1514090 726
1514100 729
1514110 729
1514120 732
1514130 735
1514140 735
1514150 739
1514160 743
1514170 743
1514180 746
1514190 748
1514200 748
1514210 750
1514220 750
1514230 750
1514240 750
1514250 747
1514260 744
1514270 744
1514280 740
1514290 735
1514300 735
1514310 732
1514320 730
1514330 730
1514340 728
1514350 726
1514360 726
1514370 725
1514380 723
1514390 723
1514400 721
1514410 719
1514420 719
1514430 717
1514440 716
1514450 716
1514460 715
1514470 714
1514480 714
1514490 713
1514500 712
1514510 712
1514520 711
1514530 710
1514540 710
1514550 709
1514560 707
1514570 707
1514580 706
1514590 705
1514600 705
1514610 704
1514620 704
1514630 704
1514640 703
1514650 702
1514660 702
1514670 701
1514680 699
1514690 699
1514700 698
1514710 696
1514720 696
1514730 693
1514740 689
1514750 689
1514760 685
1514770 682
1514780 682
1514790 678
1514800 674
1514810 674
1514820 671
1514830 667
1514840 667
1514850 664
1514860 662
1514870 662
1514880 660
1514890 659
1514900 659
1514910 656
1514920 654
1514930 654
1514940 652
1514950 651
1514960 651
1514970 649
1514980 647
1514990 647
1515000 644
1515010 642
1515020 642
1515030 639
1515040 637
1515050 637
1515060 635
1515070 634
1515080 634
1515090 634
1515100 634
1515110 634
1515120 633
1515130 633
1515140 633
1515150 634
1515160 633
1515170 633
1515180 633
1515190 632
1515200 632
1515210 633
1515220 635
1515230 635
1515240 637
1515250 637
1515260 637
1515270 636
1515280 636
1515290 636
1515300 635
1515310 635
1515320 635
1515330 634
1515340 633
1515350 633
1515360 632
1515370 632
1515380 632
1515390 631
1515400 630
1515410 630
1515420 628
1515430 625
1515440 625
1515450 623
1515460 622
1515470 622
1515480 621
1515490 620
1515500 620
1515510 619
1515520 618
1515530 618
1515540 617
1515550 615
1515560 615
1515570 614
1515580 614
1515590 614
1515600 614
1515610 614
1515620 614
1515630 614
1515640 614
1515650 614
1515660 614
1515670 615
1515680 615
1515690 615
1515700 615
1515710 615
1515720 615
1515730 615
1515740 615
1515750 615
1515760 614
1515770 614
1515780 614
1515790 614
1515800 614
1515810 615
1515820 615
1515830 615
1515840 614
1515850 614
1515860 614
1515870 614
1515880 614
1515890 614
1515900 613
1515910 614
1515920 614
1515930 614
1515940 614
1515950 614
1515960 615
1515970 616
1515980 616
1515990 617
1516000 619
1516010 619
1516020 620
1516030 622
1516040 622
1516050 622
1516060 623
1516070 623
1516080 622
1516090 622
1516100 622
1516110 620
1516120 619
1516130 619
1516140 620
1516150 620
1516160 620
1516170 621
1516180 623
1516190 624
1516200 624
1516210 623
1516220 620
1516230 620
1516240 618
1516250 615
1516260 615
1516270 614
1516280 613
1516290 613
1516300 613
1516310 613
1516320 613
1516330 612
1516340 609
1516350 609
1516360 608
1516370 607
1516380 607
1516390 606
1516400 605
1516410 605
1516420 605
1516430 604
1516440 604
1516450 602
1516460 599
1516470 599
1516480 597
1516490 597
1516500 597
1516510 595
1516520 594
1516530 594
1516540 593
1516550 594
1516560 594
1516570 596
1516580 598
1516590 598
1516600 600
1516610 602
1516620 602
1516630 603
1516640 604
1516650 604
1516660 605
1516670 606
1516680 606
1516690 608
1516700 610
1516710 610
1516720 611
1516730 610
1516740 610
1516750 607
1516760 604
1516770 604
1516780 605
1516790 607
1516800 607
1516810 607
1516820 608
1516830 608
1516840 609
1516850 611
1516860 611
1516870 612
1516880 613
1516890 613
1516900 613
1516910 613
1516920 613
1516930 613
1516940 614
1516950 614
1516960 615
1516970 617
1516980 617
1516990 619
1517000 621
1517010 621
1517020 623
1517030 626
1517040 626
1517050 628
1517060 630
1517070 630
1517080 631
1517090 633
1517100 633
1517110 635
1517120 636
1517130 636
1517140 638
1517150 640
1517160 640
1517170 640
1517180 638
1517190 638
1517200 637
1517210 637
1517220 637
1517230 636
1517240 635
1517250 635
1517260 635
1517270 634
1517280 634
1517290 633
1517300 631
1517310 631
1517320 630
1517330 628
1517340 628
1517350 627
1517360 625
1517370 625
1517380 624
1517390 622
1517400 622
1517410 621
1517420 621
1517430 621
1517440 620
1517450 618
1517460 618
1517470 616
1517480 614
1517490 614
1517500 612
1517510 610
1517520 610
1517530 608
1517540 607
1517550 607
1517560 607
1517570 609
1517580 609
1517590 610
1517600 609
1517610 609
1517620 608
1517630 606
1517640 606
1517650 606
1517660 607
1517670 607
1517680 608
1517690 609
1517700 609
1517710 609
1517720 610
1517730 610
1517740 611
1517750 611
1517760 611
1517770 611
1517780 612
1517790 612
1517800 612
1517810 613
1517820 613
1517830 615
1517840 616
1517850 616
1517860 617
1517870 617
1517880 617
1517890 618
1517900 620
1517910 620
1517920 622
1517930 623
1517940 623
1517950 624
1517960 626
1517970 626
1517980 630
1517990 634
1518000 634
1518010 640
1518020 646
1518030 646
1518040 652
1518050 655
1518060 655
1518070 660
1518080 664
1518090 664
1518100 668
1518110 674
1518120 679
1518130 679
1518140 684
1518150 687
1518160 687
1518170 690
1518180 692
1518190 692
1518200 693
1518210 693
1518220 693
1518230 692
1518240 690
1518250 690
1518260 686
1518270 682
1518280 682
1518290 678
1518300 673
1518310 673
1518320 668
1518330 664
1518340 664
1518350 661
1518360 660
1518370 660
1518380 662
1518390 664
1518400 664
1518410 667
1518420 670
1518430 670
1518440 671
1518450 669
1518460 669
1518470 667
1518480 665
1518490 665
1518500 664
1518510 662
1518520 662
1518530 661
1518540 660
1518550 660
1518560 659
1518570 658
1518580 658
1518590 658
1518600 658
1518610 658
1518620 658
1518630 659
1518640 659
1518650 658
1518660 658
1518670 658
1518680 656
1518690 654
1518700 654
1518710 651
1518720 650
1518730 650
1518740 648
1518750 646
1518760 646
1518770 645
1518780 644
1518790 644
1518800 643
1518810 642
1518820 642
1518830 639
1518840 637
1518850 637
1518860 636
1518870 633
1518880 633
1518890 630
1518900 627
1518910 627
1518920 625
1518930 623
1518940 623
1518950 622
1518960 621
1518970 621
1518980 620
1518990 619
1519000 619
1519010 613
1519020 612
1519030 612
1519040 612
1519050 613
1519060 613
1519070 614
1519080 616
1519090 616
1519100 617
1519110 617
1519120 617
1519130 617
1519140 618
1519150 618
1519160 619
1519170 620
1519180 620
1519190 621
1519200 623
1519210 623
1519220 626
1519230 629
1519240 629
1519250 631
1519260 631
1519270 631
1519280 633
1519290 636
1519300 636
1519310 640
1519320 644
1519330 644
1519340 646
1519350 648
1519360 648
1519370 649
1519380 649
1519390 649
1519400 649
1519410 649
1519420 649
1519430 649
1519440 649
1519450 649
1519460 650
1519470 651
1519480 651
1519490 653
1519500 654
1519510 654
1519520 656
1519530 658
1519540 658
1519550 660
1519560 663
1519570 663
1519580 667
1519590 671
1519600 671
1519610 674
1519620 676
1519630 676
1519640 677
1519650 679
1519660 679
1519670 680
1519680 679
1519690 679
1519700 677
1519710 675
1519720 675
1519730 673
1519740 671
1519750 671
1519760 670
1519770 669
1519780 669
1519790 668
1519800 667
1519810 667
1519820 666
1519830 666
1519840 666
1519850 665
1519860 665
1519870 665
1519880 665
1519890 664
1519900 664
1519910 664
1519920 664
1519930 664
1519940 663
1519950 661
1519960 661
1519970 660
1519980 659
1519990 659
