1500000 516
1500010 515
1500020 515
1500030 515
1500040 514
1500050 514
1500060 514
1500070 513
1500080 513
1500090 513
1500100 513
1500110 512
1500120 512
1500130 512
1500140 511
1500150 511
1500160 511
1500170 510
1500180 510
1500190 510
1500200 509
1500210 509
1500220 509
1500230 509
1500240 509
1500250 508
1500260 508
1500270 508
1500280 507
1500290 507
1500300 507
1500310 506
1500320 505
1500330 505
1500340 504
1500350 503
1500360 503
1500370 502
1500380 502
1500390 502
1500400 501
1500410 501
1500420 501
1500430 501
1500440 501
1500450 501
1500460 501
1500470 502
1500480 502
1500490 502
1500500 503
1500510 503
1500520 504
1500530 507
1500540 507
1500550 507
1500560 508
1500570 508
1500580 508
1500590 508
1500600 508
1500610 508
1500620 508
1500630 508
1500640 508
1500650 508
1500660 508
1500670 508
1500680 508
1500690 508
1500700 508
1500710 507
1500720 507
1500730 507
1500740 507
1500750 507
1500760 506
1500770 506
1500780 506
1500790 505
1500800 505
1500810 505
1500820 504
1500830 504
1500840 504
1500850 504
1500860 504
1500870 504
1500880 504
1500890 503
1500900 503
1500910 504
1500920 504
1500930 504
1500940 504
1500950 504
1500960 504
1500970 504
1500980 504
1500990 504
1501000 505
1501010 505
1501020 505
1501030 505
1501040 505
1501050 505
1501060 505
1501070 505
1501080 505
1501090 505
1501100 505
1501110 505
1501120 506
1501130 506
1501140 506
1501150 506
1501160 506
1501170 506
1501180 506
1501190 506
1501200 506
1501210 506
1501220 506
1501230 506
1501240 506
1501250 507
1501260 507
1501270 507
1501280 508
1501290 508
1501300 508
1501310 508
1501320 508
1501330 508
1501340 508
1501350 508
1501360 508
1501370 508
1501380 508
1501390 508
1501400 508
1501410 508
1501420 508
1501430 508
1501440 508
1501450 509
1501460 509
1501470 509
1501480 509
1501490 509
1501500 509
1501510 509
1501520 509
1501530 509
1501540 509
1501550 510
1501560 510
1501570 510
1501580 510
1501590 510
1501600 510
1501610 510
1501620 510
1501630 510
1501640 510
1501650 510
1501660 510
1501670 510
1501680 510
1501690 510
1501700 510
1501710 510
1501720 511
1501730 511
1501740 511
1501750 511
1501760 512
1501770 512
1501780 512
1501790 512
1501800 512
1501810 512
1501820 512
1501830 512
1501840 512
1501850 512
1501860 512
1501870 512
1501880 513
1501890 513
1501900 513
1501910 513
1501920 513
1501930 513
1501940 514
1501950 514
1501960 514
1501970 515
1501980 516
1501990 516
1502000 518
1502010 520
1502020 520
1502030 521
1502040 522
1502050 522
1502060 522
1502070 522
1502080 522
1502090 520
1502100 519
1502110 519
1502120 517
1502130 517
1502140 517
1502150 516
1502160 516
1502170 516
1502180 516
1502190 517
1502200 517
1502210 517
1502220 517
1502230 517
1502240 517
1502250 518
1502260 518
1502270 518
1502280 519
1502290 519
1502300 519
1502310 519
1502320 519
1502330 519
1502340 519
1502350 519
1502360 519
1502370 519
1502380 519
1502390 519
1502400 519
1502410 519
1502420 520
1502430 520
1502440 520
1502450 520
1502460 521
1502470 521
1502480 521
1502490 522
1502500 522
1502510 523
1502520 522
1502530 522
1502540 522
1502550 523
1502560 523
1502570 522
1502580 522
1502590 522
1502600 522
1502610 522
1502620 522
1502630 522
1502640 522
1502650 522
1502660 523
1502670 523
1502680 523
1502690 523
1502700 523
1502710 523
1502720 523
1502730 524
1502740 524
1502750 525
1502760 525
1502770 525
1502780 525
1502790 525
1502800 525
1502810 525
1502820 525
1502830 525
1502840 525
1502850 525
1502860 525
1502870 525
1502880 526
1502890 526
1502900 527
1502910 527
1502920 527
1502930 528
1502940 529
1502950 529
1502960 529
1502970 529
1502980 529
1502990 529
1503000 530
1503010 530
1503020 531
1503030 533
1503040 533
1503050 534
1503060 535
1503070 535
1503080 536
1503090 536
1503100 536
1503110 537
1503120 538
1503130 538
1503140 539
1503150 540
1503160 540
1503170 541
1503180 541
1503190 541
1503200 542
1503210 543
1503220 543
1503230 544
1503240 545
1503250 545
1503260 546
1503270 547
1503280 547
1503290 548
1503300 549
1503310 549
1503320 550
1503330 550
1503340 550
1503350 551
1503360 552
1503370 552
1503380 553
1503390 554
1503400 554
1503410 555
1503420 555
1503430 555
1503440 556
1503450 557
1503460 557
1503470 558
1503480 559
1503490 559
1503500 559
1503510 560
1503520 560
1503530 560
1503540 561
1503550 561
1503560 562
1503570 563
1503580 563
1503590 563
1503600 564
1503610 564
1503620 564
1503630 565
1503640 565
1503650 565
1503660 566
1503670 566
1503680 566
1503690 567
1503700 567
1503710 567
1503720 567
1503730 568
1503740 568
1503750 568
1503760 568
1503770 568
1503780 568
1503790 569
1503800 569
1503810 569
1503820 569
1503830 569
1503840 569
1503850 569
1503860 569
1503870 569
1503880 568
1503890 568
1503900 568
1503910 568
1503920 568
1503930 568
1503940 567
1503950 567
1503960 567
1503970 568
1503980 568
1503990 568
1504000 568
1504010 568
1504020 568
1504030 568
1504040 568
1504050 568
1504060 568
1504070 568
1504080 568
1504090 568
1504100 568
1504110 568
1504120 569
1504130 569
1504140 569
1504150 570
1504160 570
1504170 571
1504180 571
1504190 571
1504200 572
1504210 572
1504220 572
1504230 572
1504240 572
1504250 572
1504260 572
1504270 572
1504280 572
1504290 571
1504300 571
1504310 571
1504320 571
1504330 571
1504340 571
1504350 570
1504360 570
1504370 570
1504380 570
1504390 569
1504400 569
1504410 569
1504420 568
1504430 568
1504440 568
1504450 567
1504460 567
1504470 567
1504480 567
1504490 567
1504500 568
1504510 568
1504520 568
1504530 569
1504540 570
1504550 570
1504560 570
1504570 571
1504580 571
1504590 571
1504600 572
1504610 572
1504620 572
1504630 572
1504640 572
1504650 574
1504660 576
1504670 576
1504680 578
1504690 580
1504700 580
1504710 581
1504720 582
1504730 582
1504740 583
1504750 584
1504760 584
1504770 585
1504780 587
1504790 587
1504800 588
1504810 589
1504820 589
1504830 590
1504840 591
1504850 591
1504860 592
1504870 592
1504880 592
1504890 593
1504900 593
1504910 593
1504920 595
1504930 596
1504940 596
1504950 598
1504960 599
1504970 599
1504980 600
1504990 601
1505000 601
1505010 602
1505020 603
1505030 603
1505040 604
1505050 605
1505060 605
1505070 606
1505080 607
1505090 607
1505100 607
1505110 607
1505120 607
1505130 607
1505140 606
1505150 606
1505160 606
1505170 605
1505180 605
1505190 604
1505200 604
1505210 604
1505220 603
1505230 602
1505240 602
1505250 601
1505260 600
1505270 600
1505280 598
1505290 596
1505300 596
1505310 595
1505320 593
1505330 593
1505340 592
1505350 591
1505360 591
1505370 590
1505380 589
1505390 589
1505400 589
1505410 588
1505420 588
1505430 587
1505440 587
1505450 587
1505460 586
1505470 585
1505480 585
1505490 585
1505500 584
1505510 584
1505520 584
1505530 583
1505540 583
1505550 583
1505560 583
1505570 583
1505580 583
1505590 582
1505600 582
1505610 581
1505620 581
1505630 581
1505640 580
1505650 579
1505660 579
1505670 579
1505680 578
1505690 578
1505700 578
1505710 578
1505720 578
1505730 577
1505740 576
1505750 575
1505760 575
1505770 575
1505780 575
1505790 575
1505800 576
1505810 578
1505820 578
1505830 580
1505840 582
1505850 582
1505860 583
1505870 585
1505880 585
1505890 587
1505900 588
1505910 588
1505920 589
1505930 591
1505940 591
1505950 592
1505960 592
1505970 592
1505980 593
1505990 593
1506000 593
1506010 593
1506020 593
1506030 593
1506040 593
1506050 593
1506060 593
1506070 593
1506080 592
1506090 592
1506100 592
1506110 591
1506120 591
1506130 591
1506140 590
1506150 590
1506160 589
1506170 590
1506180 590
1506190 591
1506200 592
1506210 592
1506220 593
1506230 595
1506240 595
1506250 596
1506260 597
1506270 597
1506280 597
1506290 598
1506300 598
1506310 599
1506320 599
1506330 599
1506340 600
1506350 600
1506360 600
1506370 600
1506380 600
1506390 600
1506400 600
1506410 600
1506420 600
1506430 600
1506440 599
1506450 599
1506460 598
1506470 598
1506480 598
1506490 597
1506500 596
1506510 596
1506520 596
1506530 597
1506540 597
1506550 600
1506560 601
1506570 601
1506580 601
1506590 602
1506600 602
1506610 602
1506620 603
1506630 603
1506640 604
1506650 604
1506660 604
1506670 604
1506680 604
1506690 604
1506700 604
1506710 602
1506720 602
1506730 601
1506740 600
1506750 600
1506760 599
1506770 598
1506780 598
1506790 597
1506800 597
1506810 597
1506820 598
1506830 599
1506840 599
1506850 601
1506860 603
1506870 603
1506880 605
1506890 606
1506900 606
1506910 607
1506920 607
1506930 607
1506940 607
1506950 607
1506960 607
1506970 606
1506980 606
1506990 606
1507000 605
1507010 605
1507020 605
1507030 604
1507040 603
1507050 603
1507060 602
1507070 601
1507080 601
1507090 600
1507100 599
1507110 599
1507120 598
1507130 597
1507140 597
1507150 597
1507160 595
1507170 595
1507180 594
1507190 593
1507200 593
1507210 593
1507220 592
1507230 592
1507240 591
1507250 590
1507260 590
1507270 589
1507280 588
1507290 588
1507300 587
1507310 586
1507320 586
1507330 585
1507340 584
1507350 584
1507360 583
1507370 583
1507380 583
1507390 582
1507400 582
1507410 582
1507420 581
1507430 581
1507440 581
1507450 580
1507460 580
1507470 580
1507480 579
1507490 578
1507500 578
1507510 578
1507520 577
1507530 577
1507540 577
1507550 576
1507560 576
1507570 576
1507580 575
1507590 575
1507600 575
1507610 574
1507620 574
1507630 574
1507640 574
1507650 574
1507660 573
1507670 573
1507680 573
1507690 572
1507700 572
1507710 572
1507720 571
1507730 570
1507740 569
1507750 569
1507760 568
1507770 568
1507780 568
1507790 568
1507800 569
1507810 569
1507820 570
1507830 570
1507840 570
1507850 570
1507860 571
1507870 571
1507880 571
1507890 572
1507900 572
1507910 572
1507920 573
1507930 573
1507940 573
1507950 574
1507960 574
1507970 574
1507980 575
1507990 575
1508000 575
1508010 575
1508020 575
1508030 576
1508040 576
1508050 576
1508060 576
1508070 576
1508080 576
1508090 576
1508100 576
1508110 576
1508120 575
1508130 575
1508140 575
1508150 574
1508160 573
1508170 573
1508180 573
1508190 572
1508200 572
1508210 571
1508220 570
1508230 570
1508240 569
1508250 568
1508260 568
1508270 567
1508280 566
1508290 566
1508300 565
1508310 564
1508320 564
1508330 563
1508340 561
1508350 561
1508360 560
1508370 559
1508380 559
1508390 558
1508400 556
1508410 556
1508420 555
1508430 554
1508440 554
1508450 553
1508460 552
1508470 552
1508480 552
1508490 551
1508500 551
1508510 550
1508520 550
1508530 550
1508540 550
1508550 550
1508560 550
1508570 549
1508580 549
1508590 549
1508600 549
1508610 548
1508620 548
1508630 547
1508640 547
1508650 547
1508660 547
1508670 547
1508680 547
1508690 548
1508700 548
1508710 548
1508720 548
1508730 549
1508740 549
1508750 549
1508760 549
1508770 549
1508780 550
1508790 550
1508800 550
1508810 550
1508820 550
1508830 550
1508840 551
1508850 551
1508860 551
1508870 553
1508880 554
1508890 554
1508900 554
1508910 555
1508920 555
1508930 556
1508940 556
1508950 556
1508960 557
1508970 558
1508980 558
1508990 558
1509000 559
1509010 559
1509020 559
1509030 560
1509040 560
1509050 560
1509060 560
1509070 560
1509080 560
1509090 561
1509100 561
1509110 561
1509120 561
1509130 561
1509140 561
1509150 561
1509160 561
1509170 562
1509180 562
1509190 562
1509200 562
1509210 562
1509220 562
1509230 562
1509240 561
1509250 561
1509260 561
1509270 561
1509280 561
1509290 561
1509300 561
1509310 561
1509320 561
1509330 561
1509340 561
1509350 560
1509360 560
1509370 560
1509380 560
1509390 560
1509400 560
1509410 559
1509420 559
1509430 559
1509440 559
1509450 559
1509460 559
1509470 558
1509480 558
1509490 558
1509500 558
1509510 558
1509520 558
1509530 557
1509540 557
1509550 557
1509560 557
1509570 556
1509580 556
1509590 556
1509600 555
1509610 555
1509620 555
1509630 555
1509640 555
1509650 554
1509660 554
1509670 554
1509680 553
1509690 553
1509700 553
1509710 552
1509720 551
1509730 551
1509740 551
1509750 550
1509760 549
1509770 549
1509780 549
1509790 548
1509800 548
1509810 547
1509820 546
1509830 546
1509840 545
1509850 545
1509860 545
1509870 544
1509880 543
1509890 543
1509900 542
1509910 542
1509920 542
1509930 541
1509940 541
1509950 541
1509960 540
1509970 540
1509980 540
1509990 538
1510000 537
1510010 537
1510020 535
1510030 533
1510040 533
1510050 532
1510060 532
1510070 532
1510080 532
1510090 532
1510100 532
1510110 533
1510120 534
1510130 534
1510140 534
1510150 533
1510160 533
1510170 533
1510180 532
1510190 532
1510200 532
1510210 532
1510220 532
1510230 532
1510240 532
1510250 532
1510260 532
1510270 532
1510280 532
1510290 532
1510300 533
1510310 533
1510320 533
1510330 533
1510340 533
1510350 534
1510360 536
1510370 536
1510380 537
1510390 538
1510400 538
1510410 540
1510420 541
1510430 541
1510440 543
1510450 544
1510460 544
1510470 544
1510480 545
1510490 545
1510500 545
1510510 546
1510520 546
1510530 546
1510540 547
1510550 547
1510560 547
1510570 547
1510580 547
1510590 548
1510600 548
1510610 548
1510620 549
1510630 550
1510640 550
1510650 550
1510660 550
1510670 550
1510680 550
1510690 551
1510700 551
1510710 551
1510720 551
1510730 551
1510740 551
1510750 551
1510760 551
1510770 552
1510780 552
1510790 552
1510800 552
1510810 552
1510820 552
1510830 553
1510840 553
1510850 553
1510860 553
1510870 553
1510880 553
1510890 554
1510900 554
1510910 554
1510920 555
1510930 555
1510940 555
1510950 555
1510960 556
1510970 556
1510980 557
1510990 557
1511000 557
1511010 556
1511020 556
1511030 556
1511040 556
1511050 559
1511060 559
1511070 562
1511080 562
1511090 562
1511100 562
1511110 562
1511120 562
1511130 562
1511140 562
1511150 562
1511160 562
1511170 562
1511180 562
1511190 562
1511200 562
1511210 562
1511220 562
1511230 562
1511240 562
1511250 562
1511260 562
1511270 562
1511280 562
1511290 562
1511300 562
1511310 562
1511320 562
1511330 562
1511340 562
1511350 561
1511360 561
1511370 561
1511380 561
1511390 561
1511400 561
1511410 561
1511420 561
1511430 560
1511440 560
1511450 560
1511460 560
1511470 560
1511480 560
1511490 559
1511500 559
1511510 559
1511520 559
1511530 559
1511540 559
1511550 559
1511560 559
1511570 559
1511580 559
1511590 559
1511600 559
1511610 559
1511620 558
1511630 558
1511640 558
1511650 558
1511660 558
1511670 558
1511680 557
1511690 557
1511700 557
1511710 556
1511720 556
1511730 555
1511740 554
1511750 553
1511760 553
1511770 553
1511780 552
1511790 552
1511800 552
1511810 552
1511820 552
1511830 552
1511840 552
1511850 552
1511860 552
1511870 553
1511880 553
1511890 553
1511900 552
1511910 552
1511920 553
1511930 555
1511940 555
1511950 558
1511960 562
1511970 562
1511980 564
1511990 565
1512000 565
1512010 565
1512020 566
1512030 566
1512040 566
1512050 566
1512060 566
1512070 567
1512080 567
1512090 567
1512100 567
1512110 568
1512120 568
1512130 568
1512140 568
1512150 568
1512160 569
1512170 570
1512180 570
1512190 570
1512200 570
1512210 570
1512220 572
1512230 573
1512240 573
1512250 573
1512260 570
1512270 570
1512280 566
1512290 565
1512300 565
1512310 565
1512320 565
1512330 565
1512340 565
1512350 567
1512360 567
1512370 569
1512380 572
1512390 572
1512400 574
1512410 576
1512420 576
1512430 578
1512440 580
1512450 580
1512460 581
1512470 582
1512480 582
1512490 583
1512500 585
1512510 585
1512520 586
1512530 587
1512540 587
1512550 588
1512560 589
1512570 589
1512580 590
1512590 592
1512600 592
1512610 593
1512620 594
1512630 594
1512640 594
1512650 595
1512660 595
1512670 595
1512680 594
1512690 594
1512700 594
1512710 594
1512720 594
1512730 594
1512740 593
1512750 593
1512760 592
1512770 592
1512780 592
1512790 593
1512800 594
1512810 594
1512820 595
1512830 597
1512840 597
1512850 599
1512860 601
1512870 601
1512880 603
1512890 604
1512900 604
1512910 606
1512920 608
1512930 608
1512940 610
1512950 611
1512960 611
1512970 611
1512980 612
1512990 612
1513000 613
1513010 613
1513020 613
1513030 614
1513040 615
1513050 615
1513060 615
1513070 616
1513080 616
1513090 616
1513100 616
1513110 616
1513120 616
1513130 616
1513140 616
1513150 616
1513160 616
1513170 616
1513180 616
1513190 616
1513200 616
1513210 616
1513220 617
1513230 617
1513240 616
1513250 616
1513260 616
1513270 616
1513280 616
1513290 616
1513300 616
1513310 616
1513320 616
1513330 616
1513340 617
1513350 617
1513360 617
1513370 617
1513380 617
1513390 616
1513400 614
1513410 614
1513420 613
1513430 613
1513440 613
1513450 614
1513460 614
1513470 614
1513480 614
1513490 615
1513500 615
1513510 616
1513520 616
1513530 616
1513540 617
1513550 618
1513560 618
1513570 618
1513580 619
1513590 619
1513600 619
1513610 619
1513620 619
1513630 619
1513640 620
1513650 620
1513660 620
1513670 620
1513680 620
1513690 619
1513700 618
1513710 618
1513720 617
1513730 618
1513740 620
1513750 620
1513760 621
1513770 623
1513780 623
1513790 623
1513800 624
1513810 624
1513820 625
1513830 626
1513840 626
1513850 627
1513860 628
1513870 628
1513880 629
1513890 630
1513900 630
1513910 631
1513920 632
1513930 632
1513940 633
1513950 634
1513960 634
1513970 635
1513980 636
1513990 636
1514000 637
1514010 638
1514020 638
1514030 637
1514040 635
1514050 635
1514060 634
1514070 634
1514080 634
1514090 634
1514100 634
1514110 634
1514120 635
1514130 636
1514140 636
1514150 637
1514160 639
1514170 639
1514180 640
1514190 644
1514200 644
1514210 648
1514220 651
1514230 651
1514240 655
1514250 659
1514260 659
1514270 663
1514280 666
1514290 666
1514300 670
1514310 674
1514320 674
1514330 678
1514340 684
1514350 684
1514360 690
1514370 696
1514380 696
1514390 701
1514400 707
1514410 707
1514420 711
1514430 713
1514440 713
1514450 715
1514460 716
1514470 716
1514480 717
1514490 718
1514500 718
1514510 719
1514520 719
1514530 719
1514540 720
1514550 721
1514560 721
1514570 723
1514580 724
1514590 724
1514600 725
1514610 727
1514620 727
1514630 729
1514640 731
1514650 731
1514660 734
1514670 736
1514680 736
1514690 738
1514700 740
1514710 740
1514720 742
1514730 744
1514740 744
1514750 746
1514760 747
1514770 747
1514780 748
1514790 748
1514800 748
1514810 747
1514820 747
1514830 747
1514840 746
1514850 744
1514860 744
1514870 742
1514880 739
1514890 739
1514900 735
1514910 731
1514920 731
1514930 728
1514940 724
1514950 724
1514960 721
1514970 720
1514980 720
1514990 719
1515000 718
1515010 718
1515020 719
1515030 719
1515040 719
1515050 720
1515060 722
1515070 722
1515080 723
1515090 725
1515100 725
1515110 725
1515120 724
1515130 724
1515140 723
1515150 720
1515160 720
1515170 717
1515180 714
1515190 714
1515200 710
1515210 707
1515220 707
1515230 703
1515240 700
1515250 700
1515260 698
1515270 697
1515280 697
1515290 698
1515300 699
1515310 699
1515320 700
1515330 701
1515340 701
1515350 701
1515360 701
1515370 701
1515380 699
1515390 698
1515400 698
1515410 695
1515420 693
1515430 693
1515440 690
1515450 687
1515460 687
1515470 684
1515480 681
1515490 681
1515500 678
1515510 675
1515520 675
1515530 672
1515540 668
1515550 668
1515560 663
1515570 659
1515580 659
1515590 654
1515600 651
1515610 651
1515620 649
1515630 647
1515640 647
1515650 646
1515660 645
1515670 645
1515680 646
1515690 646
1515700 646
1515710 647
1515720 648
1515730 648
1515740 648
1515750 647
1515760 645
1515770 645
1515780 643
1515790 641
1515800 641
1515810 640
1515820 639
1515830 639
1515840 640
1515850 640
1515860 640
1515870 640
1515880 640
1515890 640
1515900 639
1515910 638
1515920 638
1515930 637
1515940 635
1515950 635
1515960 634
1515970 633
1515980 633
1515990 632
1516000 631
1516010 631
1516020 630
1516030 630
1516040 630
1516050 628
1516060 628
1516070 628
1516080 629
1516090 629
1516100 629
1516110 628
1516120 627
1516130 627
1516140 626
1516150 625
1516160 625
1516170 624
1516180 622
1516190 622
1516200 622
1516210 622
1516220 622
1516230 620
1516240 620
1516250 620
1516260 620
1516270 620
1516280 620
1516290 620
1516300 619
1516310 619
1516320 618
1516330 617
1516340 617
1516350 616
1516360 615
1516370 615
1516380 614
1516390 613
1516400 613
1516410 612
1516420 611
1516430 611
1516440 610
1516450 609
1516460 609
1516470 608
1516480 608
1516490 608
1516500 607
1516510 606
1516520 606
1516530 605
1516540 605
1516550 605
1516560 604
1516570 603
1516580 603
1516590 602
1516600 601
1516610 601
1516620 599
1516630 598
1516640 598
1516650 597
1516660 595
1516670 595
1516680 593
1516690 592
1516700 592
1516710 591
1516720 590
1516730 590
1516740 589
1516750 588
1516760 588
1516770 588
1516780 587
1516790 587
1516800 586
1516810 585
1516820 585
1516830 584
1516840 582
1516850 582
1516860 582
1516870 581
1516880 581
1516890 581
1516900 581
1516910 581
1516920 580
1516930 581
1516940 581
1516950 581
1516960 581
1516970 581
1516980 581
1516990 582
1517000 582
1517010 582
1517020 582
1517030 582
1517040 582
1517050 582
1517060 582
1517070 582
1517080 581
1517090 581
1517100 581
1517110 581
1517120 581
1517130 580
1517140 580
1517150 580
1517160 579
1517170 578
1517180 578
1517190 578
1517200 577
1517210 577
1517220 576
1517230 576
1517240 576
1517250 575
1517260 575
1517270 575
1517280 574
1517290 573
1517300 573
1517310 572
1517320 571
1517330 571
1517340 570
1517350 570
1517360 570
1517370 568
1517380 568
1517390 568
1517400 566
1517410 565
1517420 565
1517430 565
1517440 564
1517450 564
1517460 563
1517470 562
1517480 562
1517490 561
1517500 561
1517510 561
1517520 560
1517530 559
1517540 559
1517550 559
1517560 558
1517570 558
1517580 558
1517590 558
1517600 558
1517610 557
1517620 557
1517630 557
1517640 556
1517650 556
1517660 556
1517670 556
1517680 555
1517690 555
1517700 555
1517710 554
1517720 554
1517730 553
1517740 552
1517750 552
1517760 551
1517770 548
1517780 545
1517790 545
1517800 542
1517810 542
1517820 542
1517830 542
1517840 542
1517850 542
1517860 542
1517870 542
1517880 542
1517890 542
1517900 542
1517910 542
1517920 541
1517930 541
1517940 541
1517950 540
1517960 540
1517970 540
1517980 540
1517990 540
1518000 540
1518010 540
1518020 540
1518030 540
1518040 541
1518050 541
1518060 541
1518070 541
1518080 542
1518090 542
1518100 542
1518110 541
1518120 541
1518130 540
1518140 539
1518150 539
1518160 538
1518170 537
1518180 537
1518190 537
1518200 537
1518210 537
1518220 537
1518230 539
1518240 539
1518250 542
1518260 544
1518270 544
1518280 545
1518290 546
1518300 546
1518310 548
1518320 548
1518330 548
1518340 549
1518350 551
1518360 551
1518370 554
1518380 556
1518390 556
1518400 557
1518410 558
1518420 558
1518430 559
1518440 560
1518450 560
1518460 560
1518470 560
1518480 560
1518490 560
1518500 560
1518510 560
1518520 560
1518530 560
1518540 560
1518550 560
1518560 559
1518570 559
1518580 558
1518590 557
1518600 557
1518610 556
1518620 555
1518630 555
1518640 553
1518650 550
1518660 550
1518670 546
1518680 546
1518690 546
1518700 550
1518710 552
1518720 552
1518730 552
1518740 551
1518750 551
1518760 550
1518770 550
1518780 550
1518790 548
1518800 545
1518810 545
1518820 542
1518830 541
1518840 541
1518850 541
1518860 541
1518870 541
1518880 540
1518890 542
1518900 542
1518910 547
1518920 550
1518930 550
1518940 553
1518950 555
1518960 555
1518970 558
1518980 560
1518990 560
1519000 561
1519010 561
1519020 561
1519030 561
1519040 563
1519050 563
1519060 564
1519070 566
1519080 566
1519090 569
1519100 573
1519110 573
1519120 576
1519130 579
1519140 579
1519150 583
1519160 586
1519170 586
1519180 590
1519190 593
1519200 593
1519210 598
1519220 602
1519230 602
1519240 606
1519250 608
1519260 608
1519270 610
1519280 611
1519290 611
1519300 613
1519310 616
1519320 616
1519330 617
1519340 619
1519350 619
1519360 620
1519370 620
1519380 620
1519390 619
1519400 618
1519410 618
1519420 617
1519430 615
1519440 615
1519450 613
1519460 611
1519470 611
1519480 608
1519490 606
1519500 606
1519510 604
1519520 602
1519530 602
1519540 600
1519550 598
1519560 598
1519570 596
1519580 594
1519590 594
1519600 592
1519610 590
1519620 590
1519630 588
1519640 586
1519650 586
1519660 585
1519670 583
1519680 583
1519690 581
1519700 579
1519710 579
1519720 578
1519730 576
1519740 576
1519750 575
1519760 574
1519770 574
1519780 574
1519790 574
1519800 574
1519810 574
1519820 574
1519830 574
1519840 574
1519850 574
1519860 573
1519870 573
1519880 573
1519890 572
1519900 572
1519910 571
1519920 571
1519930 571
1519940 570
1519950 569
1519960 569
1519970 568
1519980 567
1519990 567
