1500000 532
1500010 531
1500020 531
1500030 531
1500040 530
1500050 529
1500060 529
1500070 529
1500080 528
1500090 528
1500100 528
1500110 527
1500120 527
1500130 527
1500140 526
1500150 526
1500160 526
1500170 525
1500180 525
1500190 524
1500200 524
1500210 524
1500220 523
1500230 523
1500240 523
1500250 522
1500260 521
1500270 521
1500280 521
1500290 520
1500300 520
1500310 519
1500320 518
1500330 518
1500340 518
1500350 517
1500360 517
1500370 516
1500380 515
1500390 515
1500400 515
1500410 514
1500420 514
1500430 513
1500440 512
1500450 512
1500460 511
1500470 510
1500480 510
1500490 510
1500500 509
1500510 509
1500520 509
1500530 508
1500540 508
1500550 508
1500560 508
1500570 508
1500580 508
1500590 508
1500600 508
1500610 507
1500620 507
1500630 507
1500640 508
1500650 509
1500660 509
1500670 511
1500680 514
1500690 514
1500700 518
1500710 521
1500720 521
1500730 522
1500740 522
1500750 522
1500760 522
1500770 523
1500780 523
1500790 523
1500800 523
1500810 523
1500820 523
1500830 523
1500840 523
1500850 523
1500860 523
1500870 523
1500880 523
1500890 523
1500900 523
1500910 523
1500920 523
1500930 523
1500940 523
1500950 523
1500960 523
1500970 523
1500980 523
1500990 523
1501000 523
1501010 523
1501020 523
1501030 523
1501040 523
1501050 523
1501060 523
1501070 522
1501080 522
1501090 523
1501100 523
1501110 523
1501120 523
1501130 522
1501140 522
1501150 522
1501160 522
1501170 522
1501180 522
1501190 522
1501200 522
1501210 522
1501220 522
1501230 522
1501240 522
1501250 522
1501260 522
1501270 522
1501280 522
1501290 522
1501300 522
1501310 522
1501320 522
1501330 522
1501340 522
1501350 521
1501360 521
1501370 521
1501380 521
1501390 521
1501400 521
1501410 521
1501420 521
1501430 521
1501440 521
1501450 521
1501460 520
1501470 520
1501480 520
1501490 520
1501500 520
1501510 520
1501520 519
1501530 519
1501540 519
1501550 519
1501560 519
1501570 519
1501580 518
1501590 518
1501600 518
1501610 518
1501620 517
1501630 517
1501640 517
1501650 516
1501660 516
1501670 516
1501680 515
1501690 515
1501700 515
1501710 514
1501720 514
1501730 514
1501740 513
1501750 513
1501760 513
1501770 513
1501780 513
1501790 513
1501800 513
1501810 513
1501820 513
1501830 512
1501840 512
1501850 512
1501860 513
1501870 513
1501880 514
1501890 516
1501900 516
1501910 519
1501920 522
1501930 522
1501940 525
1501950 526
1501960 526
1501970 527
1501980 528
1501990 528
1502000 529
1502010 530
1502020 530
1502030 530
1502040 531
1502050 531
1502060 532
1502070 533
1502080 533
1502090 533
1502100 534
1502110 534
1502120 535
1502130 535
1502140 535
1502150 536
1502160 536
1502170 536
1502180 537
1502190 537
1502200 537
1502210 538
1502220 538
1502230 538
1502240 539
1502250 539
1502260 539
1502270 539
1502280 540
1502290 540
1502300 540
1502310 540
1502320 540
1502330 540
1502340 540
1502350 540
1502360 541
1502370 541
1502380 541
1502390 541
1502400 541
1502410 541
1502420 542
1502430 542
1502440 542
1502450 542
1502460 543
1502470 543
1502480 543
1502490 544
1502500 544
1502510 544
1502520 545
1502530 545
1502540 545
1502550 546
1502560 546
1502570 546
1502580 547
1502590 547
1502600 547
1502610 547
1502620 547
1502630 547
1502640 547
1502650 547
1502660 547
1502670 547
1502680 547
1502690 546
1502700 546
1502710 546
1502720 546
1502730 545
1502740 545
1502750 545
1502760 544
1502770 544
1502780 544
1502790 544
1502800 544
1502810 544
1502820 544
1502830 544
1502840 543
1502850 543
1502860 543
1502870 543
1502880 542
1502890 542
1502900 542
1502910 541
1502920 541
1502930 539
1502940 539
1502950 539
1502960 540
1502970 541
1502980 541
1502990 542
1503000 543
1503010 543
1503020 543
1503030 543
1503040 543
1503050 543
1503060 543
1503070 543
1503080 543
1503090 544
1503100 544
1503110 544
1503120 544
1503130 544
1503140 544
1503150 545
1503160 545
1503170 545
1503180 545
1503190 546
1503200 546
1503210 546
1503220 546
1503230 546
1503240 546
1503250 547
1503260 547
1503270 547
1503280 547
1503290 547
1503300 548
1503310 548
1503320 548
1503330 549
1503340 549
1503350 549
1503360 550
1503370 550
1503380 550
1503390 551
1503400 551
1503410 551
1503420 552
1503430 552
1503440 552
1503450 553
1503460 554
1503470 554
1503480 554
1503490 555
1503500 555
1503510 556
1503520 556
1503530 556
1503540 557
1503550 557
1503560 557
1503570 558
1503580 558
1503590 558
1503600 558
1503610 558
1503620 558
1503630 558
1503640 559
1503650 559
1503660 559
1503670 560
1503680 560
1503690 561
1503700 562
1503710 562
1503720 563
1503730 564
1503740 564
1503750 565
1503760 566
1503770 566
1503780 567
1503790 569
1503800 569
1503810 570
1503820 571
1503830 571
1503840 572
1503850 573
1503860 573
1503870 574
1503880 576
1503890 576
1503900 577
1503910 578
1503920 578
1503930 579
1503940 580
1503950 580
1503960 581
1503970 583
1503980 583
1503990 584
1504000 585
1504010 585
1504020 586
1504030 588
1504040 588
1504050 589
1504060 590
1504070 590
1504080 591
1504090 591
1504100 591
1504110 592
1504120 592
1504130 592
1504140 593
1504150 593
1504160 593
1504170 594
1504180 594
1504190 594
1504200 595
1504210 596
1504220 596
1504230 596
1504240 597
1504250 597
1504260 597
1504270 598
1504280 598
1504290 598
1504300 598
1504310 598
1504320 598
1504330 598
1504340 598
1504350 598
1504360 599
1504370 599
1504380 599
1504390 600
1504400 600
1504410 601
1504420 603
1504430 603
1504440 604
1504450 606
1504460 606
1504470 608
1504480 609
1504490 609
1504500 611
1504510 614
1504520 614
1504530 616
1504540 617
1504550 617
1504560 619
1504570 621
1504580 621
1504590 622
1504600 622
1504610 622
1504620 622
1504630 622
1504640 622
1504650 622
1504660 623
1504670 623
1504680 624
1504690 626
1504700 626
1504710 626
1504720 627
1504730 627
1504740 626
1504750 626
1504760 626
1504770 626
1504780 627
1504790 627
1504800 628
1504810 630
1504820 630
1504830 632
1504840 634
1504850 634
1504860 636
1504870 638
1504880 638
1504890 638
1504900 638
1504910 638
1504920 639
1504930 640
1504940 640
1504950 640
1504960 638
1504970 638
1504980 637
1504990 636
1505000 636
1505010 635
1505020 634
1505030 634
1505040 634
1505050 633
1505060 633
1505070 633
1505080 632
1505090 632
1505100 632
1505110 632
1505120 632
1505130 631
1505140 630
1505150 628
1505160 628
1505170 627
1505180 625
1505190 625
1505200 626
1505210 626
1505220 626
1505230 626
1505240 627
1505250 627
1505260 627
1505270 627
1505280 627
1505290 626
1505300 626
1505310 626
1505320 625
1505330 625
1505340 625
1505350 624
1505360 623
1505370 623
1505380 621
1505390 620
1505400 620
1505410 621
1505420 621
1505430 621
1505440 621
1505450 621
1505460 621
1505470 620
1505480 618
1505490 618
1505500 616
1505510 612
1505520 612
1505530 610
1505540 612
1505550 612
1505560 614
1505570 611
1505580 611
1505590 606
1505600 603
1505610 603
1505620 604
1505630 605
1505640 605
1505650 606
1505660 608
1505670 608
1505680 610
1505690 613
1505700 613
1505710 616
1505720 620
1505730 620
1505740 622
1505750 625
1505760 625
1505770 626
1505780 627
1505790 627
1505800 629
1505810 630
1505820 630
1505830 631
1505840 632
1505850 632
1505860 633
1505870 634
1505880 634
1505890 636
1505900 642
1505910 642
1505920 649
1505930 654
1505940 654
1505950 657
1505960 660
1505970 660
1505980 662
1505990 664
1506000 664
1506010 664
1506020 662
1506030 662
1506040 660
1506050 658
1506060 658
1506070 657
1506080 658
1506090 658
1506100 659
1506110 660
1506120 660
1506130 662
1506140 664
1506150 664
1506160 667
1506170 670
1506180 670
1506190 674
1506200 677
1506210 677
1506220 679
1506230 679
1506240 679
1506250 678
1506260 677
1506270 677
1506280 676
1506290 674
1506300 674
1506310 672
1506320 670
1506330 670
1506340 669
1506350 667
1506360 667
1506370 665
1506380 664
1506390 664
1506400 662
1506410 660
1506420 660
1506430 658
1506440 656
1506450 656
1506460 654
1506470 652
1506480 652
1506490 651
1506500 649
1506510 649
1506520 647
1506530 645
1506540 645
1506550 642
1506560 640
1506570 640
1506580 638
1506590 635
1506600 635
1506610 634
1506620 633
1506630 633
1506640 632
1506650 631
1506660 631
1506670 630
1506680 629
1506690 629
1506700 628
1506710 627
1506720 627
1506730 627
1506740 625
1506750 625
1506760 624
1506770 623
1506780 623
1506790 622
1506800 621
1506810 621
1506820 620
1506830 618
1506840 618
1506850 617
1506860 616
1506870 616
1506880 615
1506890 614
1506900 614
1506910 614
1506920 613
1506930 613
1506940 612
1506950 610
1506960 610
1506970 609
1506980 608
1506990 608
1507000 608
1507010 607
1507020 607
1507030 607
1507040 606
1507050 606
1507060 606
1507070 605
1507080 605
1507090 604
1507100 602
1507110 599
1507120 599
1507130 596
1507140 594
1507150 594
1507160 593
1507170 592
1507180 592
1507190 591
1507200 590
1507210 590
1507220 589
1507230 589
1507240 589
1507250 588
1507260 588
1507270 588
1507280 587
1507290 587
1507300 587
1507310 586
1507320 586
1507330 586
1507340 585
1507350 584
1507360 584
1507370 584
1507380 583
1507390 583
1507400 583
1507410 582
1507420 582
1507430 581
1507440 580
1507450 580
1507460 579
1507470 579
1507480 579
1507490 578
1507500 578
1507510 578
1507520 578
1507530 578
1507540 578
1507550 578
1507560 577
1507570 577
1507580 577
1507590 576
1507600 576
1507610 576
1507620 575
1507630 575
1507640 575
1507650 574
1507660 574
1507670 574
1507680 573
1507690 573
1507700 573
1507710 573
1507720 573
1507730 572
1507740 572
1507750 572
1507760 572
1507770 571
1507780 571
1507790 571
1507800 571
1507810 571
1507820 570
1507830 570
1507840 570
1507850 569
1507860 569
1507870 569
1507880 569
1507890 568
1507900 568
1507910 568
1507920 568
1507930 568
1507940 567
1507950 567
1507960 567
1507970 567
1507980 566
1507990 566
1508000 566
1508010 566
1508020 566
1508030 567
1508040 567
1508050 567
1508060 568
1508070 567
1508080 567
1508090 567
1508100 568
1508110 568
1508120 568
1508130 568
1508140 568
1508150 569
1508160 569
1508170 569
1508180 569
1508190 569
1508200 569
1508210 569
1508220 570
1508230 570
1508240 570
1508250 570
1508260 570
1508270 571
1508280 571
1508290 571
1508300 571
1508310 571
1508320 571
1508330 572
1508340 572
1508350 572
1508360 572
1508370 572
1508380 572
1508390 572
1508400 572
1508410 572
1508420 572
1508430 572
1508440 572
1508450 572
1508460 572
1508470 572
1508480 572
1508490 571
1508500 571
1508510 570
1508520 567
1508530 567
1508540 565
1508550 567
1508560 567
1508570 569
1508580 569
1508590 569
1508600 568
1508610 568
1508620 568
1508630 567
1508640 567
1508650 567
1508660 566
1508670 566
1508680 566
1508690 565
1508700 564
1508710 564
1508720 563
1508730 563
1508740 563
1508750 563
1508760 562
1508770 562
1508780 562
1508790 561
1508800 561
1508810 561
1508820 560
1508830 560
1508840 560
1508850 560
1508860 560
1508870 559
1508880 559
1508890 559
1508900 558
1508910 558
1508920 558
1508930 558
1508940 558
1508950 558
1508960 557
1508970 557
1508980 557
1508990 557
1509000 557
1509010 557
1509020 556
1509030 556
1509040 556
1509050 556
1509060 555
1509070 555
1509080 555
1509090 555
1509100 555
1509110 555
1509120 554
1509130 554
1509140 554
1509150 553
1509160 552
1509170 552
1509180 552
1509190 552
1509200 552
1509210 551
1509220 550
1509230 550
1509240 549
1509250 549
1509260 549
1509270 548
1509280 548
1509290 548
1509300 547
1509310 547
1509320 547
1509330 547
1509340 546
1509350 546
1509360 546
1509370 546
1509380 546
1509390 545
1509400 545
1509410 545
1509420 545
1509430 545
1509440 545
1509450 544
1509460 544
1509470 544
1509480 543
1509490 543
1509500 543
1509510 544
1509520 546
1509530 546
1509540 549
1509550 551
1509560 551
1509570 553
1509580 554
1509590 554
1509600 554
1509610 554
1509620 554
1509630 554
1509640 554
1509650 554
1509660 554
1509670 554
1509680 554
1509690 554
1509700 554
1509710 554
1509720 554
1509730 554
1509740 554
1509750 554
1509760 553
1509770 553
1509780 553
1509790 553
1509800 553
1509810 553
1509820 554
1509830 554
1509840 555
1509850 556
1509860 556
1509870 557
1509880 558
1509890 558
1509900 559
1509910 560
1509920 560
1509930 560
1509940 561
1509950 561
1509960 562
1509970 562
1509980 562
1509990 563
1510000 563
1510010 563
1510020 563
1510030 562
1510040 562
1510050 562
1510060 561
1510070 561
1510080 560
1510090 560
1510100 560
1510110 559
1510120 558
1510130 558
1510140 557
1510150 557
1510160 557
1510170 556
1510180 555
1510190 555
1510200 553
1510210 552
1510220 552
1510230 550
1510240 547
1510250 547
1510260 545
1510270 543
1510280 543
1510290 540
1510300 538
1510310 538
1510320 538
1510330 537
1510340 537
1510350 537
1510360 538
1510370 538
1510380 538
1510390 538
1510400 538
1510410 540
1510420 542
1510430 542
1510440 544
1510450 546
1510460 546
1510470 548
1510480 549
1510490 549
1510500 550
1510510 551
1510520 551
1510530 552
1510540 552
1510550 552
1510560 553
1510570 554
1510580 554
1510590 555
1510600 556
1510610 556
1510620 556
1510630 557
1510640 557
1510650 558
1510660 558
1510670 558
1510680 559
1510690 560
1510700 560
1510710 561
1510720 561
1510730 561
1510740 562
1510750 563
1510760 563
1510770 563
1510780 564
1510790 564
1510800 564
1510810 565
1510820 565
1510830 566
1510840 567
1510850 567
1510860 568
1510870 569
1510880 569
1510890 569
1510900 570
1510910 570
1510920 571
1510930 572
1510940 572
1510950 572
1510960 573
1510970 573
1510980 574
1510990 575
1511000 576
1511010 576
1511020 577
1511030 578
1511040 578
1511050 579
1511060 580
1511070 580
1511080 581
1511090 582
1511100 582
1511110 583
1511120 584
1511130 584
1511140 585
1511150 586
1511160 586
1511170 587
1511180 588
1511190 588
1511200 588
1511210 589
1511220 589
1511230 590
1511240 591
1511250 591
1511260 593
1511270 594
1511280 594
1511290 595
1511300 596
1511310 596
1511320 597
1511330 597
1511340 597
1511350 598
1511360 598
1511370 598
1511380 598
1511390 598
1511400 598
1511410 599
1511420 599
1511430 599
1511440 598
1511450 598
1511460 598
1511470 598
1511480 596
1511490 596
1511500 595
1511510 594
1511520 594
1511530 593
1511540 591
1511550 591
1511560 590
1511570 590
1511580 590
1511590 589
1511600 589
1511610 589
1511620 588
1511630 588
1511640 588
1511650 587
1511660 586
1511670 586
1511680 586
1511690 585
1511700 585
1511710 584
1511720 583
1511730 583
1511740 582
1511750 581
1511760 581
1511770 581
1511780 580
1511790 580
1511800 579
1511810 577
1511820 577
1511830 576
1511840 574
1511850 574
1511860 571
1511870 567
1511880 567
1511890 564
1511900 562
1511910 562
1511920 561
1511930 562
1511940 562
1511950 563
1511960 564
1511970 564
1511980 565
1511990 567
1512000 567
1512010 569
1512020 570
1512030 570
1512040 572
1512050 573
1512060 573
1512070 575
1512080 576
1512090 576
1512100 577
1512110 578
1512120 578
1512130 578
1512140 579
1512150 579
1512160 579
1512170 580
1512180 580
1512190 580
1512200 581
1512210 581
1512220 581
1512230 581
1512240 581
1512250 582
1512260 582
1512270 582
1512280 582
1512290 582
1512300 582
1512310 582
1512320 583
1512330 583
1512340 583
1512350 584
1512360 584
1512370 583
1512380 581
1512390 581
1512400 579
1512410 579
1512420 579
1512430 581
1512440 583
1512450 583
1512460 585
1512470 586
1512480 586
1512490 587
1512500 589
1512510 589
1512520 591
1512530 593
1512540 593
1512550 595
1512560 597
1512570 597
1512580 599
1512590 601
1512600 601
1512610 602
1512620 604
1512630 604
1512640 605
1512650 607
1512660 607
1512670 608
1512680 610
1512690 610
1512700 612
1512710 614
1512720 614
1512730 616
1512740 618
1512750 618
1512760 621
1512770 623
1512780 623
1512790 624
1512800 626
1512810 626
1512820 629
1512830 631
1512840 631
1512850 634
1512860 637
1512870 637
1512880 640
1512890 643
1512900 643
1512910 646
1512920 649
1512930 651
1512940 651
1512950 653
1512960 656
1512970 656
1512980 658
1512990 660
1513000 660
1513010 662
1513020 664
1513030 664
1513040 665
1513050 666
1513060 666
1513070 667
1513080 668
1513090 668
1513100 669
1513110 671
1513120 671
1513130 672
1513140 674
1513150 674
1513160 676
1513170 679
1513180 679
1513190 681
1513200 683
1513210 683
1513220 684
1513230 686
1513240 686
1513250 686
1513260 686
1513270 686
1513280 686
1513290 686
1513300 686
1513310 685
1513320 685
1513330 685
1513340 685
1513350 686
1513360 686
1513370 685
1513380 685
1513390 685
1513400 684
1513410 684
1513420 684
1513430 684
1513440 685
1513450 685
1513460 686
1513470 688
1513480 688
1513490 688
1513500 688
1513510 688
1513520 687
1513530 686
1513540 686
1513550 685
1513560 684
1513570 684
1513580 684
1513590 685
1513600 685
1513610 685
1513620 686
1513630 686
1513640 687
1513650 688
1513660 688
1513670 689
1513680 690
1513690 690
1513700 692
1513710 692
1513720 692
1513730 693
1513740 694
1513750 694
1513760 696
1513770 696
1513780 696
1513790 697
1513800 696
1513810 696
1513820 695
1513830 695
1513840 695
1513850 695
1513860 695
1513870 695
1513880 695
1513890 696
1513900 696
1513910 696
1513920 695
1513930 695
1513940 695
1513950 695
1513960 695
1513970 696
1513980 696
1513990 696
1514000 697
1514010 699
1514020 699
1514030 701
1514040 704
1514050 704
1514060 707
1514070 711
1514080 711
1514090 715
1514100 719
1514110 719
1514120 723
1514130 727
1514140 727
1514150 731
1514160 735
1514170 735
1514180 738
1514190 739
1514200 739
1514210 739
1514220 736
1514230 736
1514240 733
1514250 730
1514260 730
1514270 729
1514280 728
1514290 728
1514300 728
1514310 730
1514320 730
1514330 732
1514340 734
1514350 734
1514360 735
1514370 737
1514380 737
1514390 737
1514400 737
1514410 737
1514420 736
1514430 736
1514440 736
1514450 736
1514460 736
1514470 736
1514480 735
1514490 735
1514500 735
1514510 734
1514520 733
1514530 733
1514540 732
1514550 731
1514560 731
1514570 730
1514580 728
1514590 728
1514600 727
1514610 725
1514620 725
1514630 724
1514640 723
1514650 723
1514660 721
1514670 720
1514680 720
1514690 719
1514700 717
1514710 717
1514720 715
1514730 713
1514740 713
1514750 712
1514760 711
1514770 711
1514780 711
1514790 710
1514800 710
1514810 709
1514820 708
1514830 708
1514840 707
1514850 706
1514860 706
1514870 704
1514880 703
1514890 701
1514900 701
1514910 700
1514920 698
1514930 698
1514940 694
1514950 691
1514960 691
1514970 686
1514980 682
1514990 682
1515000 678
1515010 674
1515020 674
1515030 670
1515040 666
1515050 666
1515060 663
1515070 661
1515080 661
1515090 659
1515100 658
1515110 658
1515120 658
1515130 658
1515140 658
1515150 659
1515160 661
1515170 661
1515180 662
1515190 663
1515200 663
1515210 664
1515220 663
1515230 663
1515240 660
1515250 656
1515260 656
1515270 654
1515280 657
1515290 657
1515300 661
1515310 664
1515320 664
1515330 666
1515340 667
1515350 667
1515360 666
1515370 666
1515380 666
1515390 667
1515400 671
1515410 671
1515420 675
1515430 679
1515440 679
1515450 682
1515460 686
1515470 686
1515480 689
1515490 691
1515500 691
1515510 692
1515520 692
1515530 692
1515540 690
1515550 689
1515560 689
1515570 688
1515580 686
1515590 686
1515600 684
1515610 683
1515620 683
1515630 681
1515640 680
1515650 680
1515660 678
1515670 676
1515680 676
1515690 673
1515700 671
1515710 671
1515720 668
1515730 665
1515740 665
1515750 661
1515760 658
1515770 658
1515780 656
1515790 655
1515800 655
1515810 653
1515820 651
1515830 651
1515840 649
1515850 646
1515860 646
1515870 644
1515880 641
1515890 641
1515900 639
1515910 637
1515920 637
1515930 634
1515940 632
1515950 632
1515960 631
1515970 630
1515980 630
1515990 629
1516000 629
1516010 629
1516020 628
1516030 628
1516040 628
1516050 628
1516060 628
1516070 628
1516080 627
1516090 626
1516100 626
1516110 626
1516120 626
1516130 626
1516140 626
1516150 625
1516160 625
1516170 625
1516180 625
1516190 625
1516200 625
1516210 624
1516220 624
1516230 623
1516240 623
1516250 623
1516260 622
1516270 621
1516280 621
1516290 619
1516300 617
1516310 617
1516320 615
1516330 615
1516340 615
1516350 614
1516360 613
1516370 613
1516380 613
1516390 612
1516400 612
1516410 611
1516420 611
1516430 611
1516440 610
1516450 609
1516460 609
1516470 608
1516480 606
1516490 606
1516500 604
1516510 603
1516520 603
1516530 602
1516540 601
1516550 601
1516560 600
1516570 598
1516580 598
1516590 597
1516600 595
1516610 595
1516620 594
1516630 593
1516640 593
1516650 592
1516660 591
1516670 591
1516680 590
1516690 589
1516700 589
1516710 588
1516720 587
1516730 587
1516740 586
1516750 585
1516760 585
1516770 584
1516780 583
1516790 583
1516800 582
1516810 580
1516820 580
1516830 579
1516840 578
1516850 577
1516860 577
1516870 577
1516880 576
1516890 576
1516900 575
1516910 574
1516920 574
1516930 573
1516940 572
1516950 572
1516960 571
1516970 570
1516980 570
1516990 569
1517000 567
1517010 567
1517020 567
1517030 567
1517040 567
1517050 566
1517060 566
1517070 566
1517080 566
1517090 566
1517100 566
1517110 567
1517120 568
1517130 568
1517140 570
1517150 573
1517160 573
1517170 575
1517180 578
1517190 578
1517200 580
1517210 583
1517220 583
1517230 585
1517240 587
1517250 587
1517260 589
1517270 591
1517280 591
1517290 593
1517300 593
1517310 593
1517320 593
1517330 593
1517340 593
1517350 593
1517360 593
1517370 593
1517380 593
1517390 591
1517400 591
1517410 589
1517420 587
1517430 587
1517440 584
1517450 582
1517460 582
1517470 580
1517480 578
1517490 578
1517500 577
1517510 576
1517520 576
1517530 575
1517540 575
1517550 575
1517560 574
1517570 574
1517580 574
1517590 573
1517600 573
1517610 573
1517620 573
1517630 571
1517640 571
1517650 570
1517660 569
1517670 569
1517680 570
1517690 574
1517700 574
1517710 576
1517720 577
1517730 577
1517740 579
1517750 581
1517760 581
1517770 583
1517780 585
1517790 585
1517800 586
1517810 587
1517820 587
1517830 589
1517840 593
1517850 593
1517860 596
1517870 599
1517880 598
1517890 601
1517900 604
1517910 604
1517920 606
1517930 607
1517940 607
1517950 608
1517960 609
1517970 609
1517980 613
1517990 616
1518000 616
1518010 618
1518020 621
1518030 621
1518040 623
1518050 624
1518060 624
1518070 626
1518080 628
1518090 628
1518100 630
1518110 632
1518120 632
1518130 633
1518140 632
1518150 632
1518160 631
1518170 630
1518180 630
1518190 629
1518200 628
1518210 628
1518220 627
1518230 628
1518240 628
1518250 628
1518260 629
1518270 629
1518280 631
1518290 632
1518300 632
1518310 633
1518320 632
1518330 632
1518340 630
1518350 630
1518360 630
1518370 630
1518380 630
1518390 630
1518400 629
1518410 629
1518420 629
1518430 627
1518440 626
1518450 626
1518460 625
1518470 623
1518480 623
1518490 622
1518500 620
1518510 620
1518520 618
1518530 616
1518540 616
1518550 615
1518560 613
1518570 613
1518580 611
1518590 610
1518600 610
1518610 609
1518620 608
1518630 608
1518640 606
1518650 605
1518660 605
1518670 603
1518680 601
1518690 601
1518700 600
1518710 599
1518720 599
1518730 597
1518740 596
1518750 596
1518760 595
1518770 594
1518780 594
1518790 593
1518800 592
1518810 591
1518820 591
1518830 590
1518840 589
1518850 589
1518860 588
1518870 587
1518880 587
1518890 583
1518900 579
1518910 579
1518920 576
1518930 577
1518940 577
1518950 581
1518960 583
1518970 583
1518980 584
1518990 584
1519000 584
1519010 584
1519020 583
1519030 583
1519040 580
1519050 575
1519060 575
1519070 573
1519080 576
1519090 576
1519100 579
1519110 581
1519120 581
1519130 583
1519140 585
1519150 585
1519160 586
1519170 585
1519180 585
1519190 584
1519200 586
1519210 586
1519220 589
1519230 591
1519240 591
1519250 592
1519260 593
1519270 593
1519280 595
1519290 598
1519300 598
1519310 602
1519320 606
1519330 606
1519340 610
1519350 614
1519360 614
1519370 617
1519380 620
1519390 620
1519400 622
1519410 623
1519420 623
1519430 625
1519440 627
1519450 627
1519460 629
1519470 629
1519480 629
1519490 629
1519500 631
1519510 631
1519520 632
1519530 633
1519540 633
1519550 633
1519560 633
1519570 633
1519580 633
1519590 632
1519600 632
1519610 632
1519620 632
1519630 632
1519640 631
1519650 630
1519660 630
1519670 628
1519680 626
1519690 626
1519700 625
1519710 623
1519720 623
1519730 621
1519740 619
1519750 619
1519760 619
1519770 618
1519780 618
1519790 617
1519800 616
1519810 616
1519820 615
1519830 615
1519840 615
1519850 614
1519860 614
1519870 614
1519880 615
1519890 614
1519900 614
1519910 611
1519920 609
1519930 609
1519940 607
1519950 605
1519960 605
1519970 604
1519980 604
1519990 604
