1500000 498
1500010 498
1500020 498
1500030 496
1500040 494
1500050 494
1500060 492
1500070 491
1500080 491
1500090 491
1500100 491
1500110 491
1500120 491
1500130 491
1500140 491
1500150 491
1500160 491
1500170 491
1500180 491
1500190 491
1500200 491
1500210 491
1500220 491
1500230 491
1500240 491
1500250 491
1500260 491
1500270 491
1500280 491
1500290 491
1500300 491
1500310 492
1500320 492
1500330 493
1500340 496
1500350 496
1500360 497
1500370 499
1500380 499
1500390 500
1500400 501
1500410 501
1500420 502
1500430 503
1500440 503
1500450 504
1500460 505
1500470 505
1500480 506
1500490 507
1500500 507
1500510 507
1500520 508
1500530 508
1500540 509
1500550 509
1500560 509
1500570 510
1500580 511
1500590 511
1500600 512
1500610 512
1500620 512
1500630 513
1500640 514
1500650 514
1500660 514
1500670 515
1500680 515
1500690 515
1500700 516
1500710 516
1500720 517
1500730 518
1500740 518
1500750 518
1500760 519
1500770 519
1500780 519
1500790 519
1500800 519
1500810 518
1500820 517
1500830 517
1500840 515
1500850 513
1500860 513
1500870 511
1500880 510
1500890 510
1500900 508
1500910 507
1500920 507
1500930 507
1500940 507
1500950 506
1500960 506
1500970 505
1500980 503
1500990 503
1501000 502
1501010 502
1501020 502
1501030 503
1501040 504
1501050 504
1501060 504
1501070 504
1501080 504
1501090 504
1501100 504
1501110 504
1501120 504
1501130 505
1501140 505
1501150 505
1501160 505
1501170 505
1501180 505
1501190 506
1501200 506
1501210 506
1501220 507
1501230 507
1501240 507
1501250 507
1501260 507
1501270 508
1501280 509
1501290 509
1501300 510
1501310 511
1501320 511
1501330 512
1501340 513
1501350 513
1501360 513
1501370 514
1501380 514
1501390 515
1501400 515
1501410 515
1501420 516
1501430 516
1501440 516
1501450 517
1501460 518
1501470 518
1501480 519
1501490 519
1501500 519
1501510 520
1501520 521
1501530 521
1501540 522
1501550 522
1501560 522
1501570 523
1501580 524
1501590 524
1501600 525
1501610 525
1501620 525
1501630 526
1501640 527
1501650 527
1501660 527
1501670 528
1501680 528
1501690 529
1501700 529
1501710 529
1501720 530
1501730 531
1501740 531
1501750 532
1501760 532
1501770 532
1501780 533
1501790 534
1501800 534
1501810 534
1501820 535
1501830 535
1501840 536
1501850 536
1501860 536
1501870 537
1501880 537
1501890 537
1501900 538
1501910 539
1501920 539
1501930 540
1501940 540
1501950 540
1501960 541
1501970 542
1501980 542
1501990 542
1502000 543
1502010 543
1502020 544
1502030 544
1502040 544
1502050 545
1502060 546
1502070 546
1502080 546
1502090 547
1502100 547
1502110 547
1502120 548
1502130 548
1502140 549
1502150 549
1502160 549
1502170 550
1502180 550
1502190 550
1502200 551
1502210 551
1502220 551
1502230 552
1502240 552
1502250 552
1502260 553
1502270 553
1502280 553
1502290 554
1502300 554
1502310 554
1502320 554
1502330 555
1502340 555
1502350 555
1502360 555
1502370 555
1502380 556
1502390 556
1502400 556
1502410 556
1502420 557
1502430 557
1502440 557
1502450 557
1502460 557
1502470 557
1502480 558
1502490 558
1502500 558
1502510 558
1502520 558
1502530 559
1502540 559
1502550 559
1502560 559
1502570 560
1502580 560
1502590 560
1502600 560
1502610 560
1502620 561
1502630 561
1502640 561
1502650 561
1502660 561
1502670 561
1502680 562
1502690 562
1502700 562
1502710 562
1502720 563
1502730 563
1502740 563
1502750 563
1502760 563
1502770 563
1502780 564
1502790 564
1502800 564
1502810 564
1502820 564
1502830 565
1502840 565
1502850 565
1502860 565
1502870 565
1502880 565
1502890 565
1502900 565
1502910 565
1502920 565
1502930 564
1502940 564
1502950 564
1502960 564
1502970 564
1502980 564
1502990 564
1503000 564
1503010 564
1503020 564
1503030 564
1503040 564
1503050 564
1503060 564
1503070 564
1503080 564
1503090 564
1503100 564
1503110 564
1503120 564
1503130 564
1503140 564
1503150 564
1503160 564
1503170 564
1503180 564
1503190 564
1503200 565
1503210 565
1503220 565
1503230 565
1503240 564
1503250 564
1503260 564
1503270 564
1503280 564
1503290 563
1503300 563
1503310 563
1503320 563
1503330 562
1503340 562
1503350 562
1503360 562
1503370 562
1503380 561
1503390 560
1503400 560
1503410 559
1503420 559
1503430 559
1503440 558
1503450 557
1503460 557
1503470 557
1503480 557
1503490 557
1503500 556
1503510 556
1503520 556
1503530 556
1503540 556
1503550 556
1503560 556
1503570 556
1503580 556
1503590 556
1503600 558
1503610 558
1503620 560
1503630 563
1503640 563
1503650 565
1503660 567
1503670 567
1503680 569
1503690 572
1503700 572
1503710 573
1503720 575
1503730 575
1503740 576
1503750 576
1503760 576
1503770 579
1503780 583
1503790 583
1503800 584
1503810 585
1503820 585
1503830 585
1503840 585
1503850 585
1503860 585
1503870 585
1503880 585
1503890 585
1503900 584
1503910 584
1503920 584
1503930 583
1503940 583
1503950 583
1503960 583
1503970 583
1503980 582
1503990 582
1504000 582
1504010 581
1504020 581
1504030 581
1504040 580
1504050 580
1504060 580
1504070 579
1504080 579
1504090 579
1504100 578
1504110 577
1504120 577
1504130 577
1504140 576
1504150 576
1504160 576
1504170 575
1504180 575
1504190 574
1504200 574
1504210 574
1504220 573
1504230 572
1504240 572
1504250 571
1504260 569
1504270 569
1504280 568
1504290 567
1504300 567
1504310 566
1504320 566
1504330 566
1504340 565
1504350 565
1504360 565
1504370 565
1504380 565
1504390 565
1504400 565
1504410 564
1504420 564
1504430 565
1504440 565
1504450 565
1504460 566
1504470 566
1504480 566
1504490 567
1504500 568
1504510 568
1504520 568
1504530 569
1504540 569
1504550 569
1504560 570
1504570 570
1504580 570
1504590 570
1504600 570
1504610 571
1504620 571
1504630 571
1504640 570
1504650 570
1504660 570
1504670 570
1504680 570
1504690 570
1504700 569
1504710 569
1504720 569
1504730 569
1504740 569
1504750 569
1504760 569
1504770 568
1504780 568
1504790 568
1504800 568
1504810 568
1504820 567
1504830 567
1504840 567
1504850 566
1504860 566
1504870 566
1504880 565
1504890 565
1504900 565
1504910 564
1504920 563
1504930 563
1504940 562
1504950 560
1504960 560
1504970 559
1504980 558
1504990 558
1505000 557
1505010 557
1505020 557
1505030 556
1505040 555
1505050 555
1505060 555
1505070 554
1505080 554
1505090 553
1505100 553
1505110 553
1505120 552
1505130 551
1505140 551
1505150 551
1505160 550
1505170 550
1505180 550
1505190 549
1505200 549
1505210 549
1505220 548
1505230 548
1505240 548
1505250 547
1505260 547
1505270 547
1505280 547
1505290 546
1505300 546
1505310 546
1505320 546
1505330 546
1505340 546
1505350 545
1505360 545
1505370 545
1505380 544
1505390 544
1505400 543
1505410 542
1505420 542
1505430 542
1505440 542
1505450 542
1505460 542
1505470 541
1505480 541
1505490 541
1505500 541
1505510 541
1505520 541
1505530 541
1505540 541
1505550 540
1505560 540
1505570 540
1505580 539
1505590 538
1505600 538
1505610 537
1505620 537
1505630 537
1505640 536
1505650 535
1505660 535
1505670 535
1505680 534
1505690 534
1505700 534
1505710 533
1505720 533
1505730 534
1505740 534
1505750 534
1505760 535
1505770 535
1505780 535
1505790 535
1505800 536
1505810 536
1505820 536
1505830 536
1505840 536
1505850 537
1505860 537
1505870 537
1505880 537
1505890 537
1505900 537
1505910 537
1505920 538
1505930 538
1505940 538
1505950 538
1505960 538
1505970 539
1505980 539
1505990 539
1506000 538
1506010 537
1506020 537
1506030 537
1506040 536
1506050 536
1506060 534
1506070 533
1506080 533
1506090 533
1506100 534
1506110 534
1506120 535
1506130 535
1506140 535
1506150 535
1506160 535
1506170 535
1506180 535
1506190 535
1506200 535
1506210 535
1506220 535
1506230 535
1506240 535
1506250 535
1506260 535
1506270 534
1506280 534
1506290 534
1506300 535
1506310 535
1506320 535
1506330 535
1506340 535
1506350 535
1506360 535
1506370 535
1506380 535
1506390 535
1506400 534
1506410 534
1506420 534
1506430 534
1506440 534
1506450 535
1506460 535
1506470 535
1506480 536
1506490 536
1506500 536
1506510 537
1506520 538
1506530 538
1506540 538
1506550 539
1506560 539
1506570 540
1506580 541
1506590 541
1506600 541
1506610 542
1506620 542
1506630 543
1506640 544
1506650 544
1506660 544
1506670 545
1506680 545
1506690 545
1506700 546
1506710 546
1506720 547
1506730 548
1506740 548
1506750 548
1506760 549
1506770 549
1506780 550
1506790 550
1506800 550
1506810 551
1506820 552
1506830 552
1506840 552
1506850 553
1506860 553
1506870 553
1506880 554
1506890 554
1506900 554
1506910 554
1506920 554
1506930 554
1506940 554
1506950 554
1506960 553
1506970 553
1506980 553
1506990 552
1507000 551
1507010 551
1507020 550
1507030 549
1507040 549
1507050 548
1507060 547
1507070 547
1507080 546
1507090 544
1507100 544
1507110 543
1507120 541
1507130 541
1507140 540
1507150 539
1507160 539
1507170 538
1507180 538
1507190 538
1507200 537
1507210 537
1507220 537
1507230 537
1507240 536
1507250 536
1507260 536
1507270 535
1507280 535
1507290 535
1507300 534
1507310 534
1507320 534
1507330 535
1507340 535
1507350 535
1507360 536
1507370 536
1507380 536
1507390 537
1507400 537
1507410 537
1507420 537
1507430 537
1507440 537
1507450 537
1507460 536
1507470 536
1507480 536
1507490 536
1507500 536
1507510 537
1507520 538
1507530 538
1507540 539
1507550 540
1507560 540
1507570 541
1507580 542
1507590 542
1507600 543
1507610 544
1507620 544
1507630 545
1507640 546
1507650 546
1507660 547
1507670 548
1507680 548
1507690 549
1507700 550
1507710 550
1507720 550
1507730 550
1507740 550
1507750 549
1507760 548
1507770 548
1507780 548
1507790 547
1507800 547
1507810 546
1507820 545
1507830 545
1507840 544
1507850 543
1507860 543
1507870 542
1507880 541
1507890 541
1507900 540
1507910 538
1507920 538
1507930 537
1507940 536
1507950 536
1507960 535
1507970 534
1507980 534
1507990 533
1508000 532
1508010 532
1508020 531
1508030 530
1508040 530
1508050 529
1508060 529
1508070 529
1508080 529
1508090 528
1508100 528
1508110 527
1508120 527
1508130 527
1508140 527
1508150 527
1508160 527
1508170 528
1508180 529
1508190 529
1508200 531
1508210 532
1508220 532
1508230 533
1508240 535
1508250 535
1508260 536
1508270 537
1508280 537
1508290 538
1508300 538
1508310 538
1508320 539
1508330 539
1508340 539
1508350 539
1508360 542
1508370 542
1508380 545
1508390 546
1508400 546
1508410 546
1508420 545
1508430 545
1508440 545
1508450 544
1508460 544
1508470 543
1508480 542
1508490 542
1508500 541
1508510 541
1508520 541
1508530 540
1508540 539
1508550 539
1508560 538
1508570 537
1508580 537
1508590 537
1508600 536
1508610 536
1508620 536
1508630 535
1508640 535
1508650 535
1508660 534
1508670 534
1508680 534
1508690 533
1508700 533
1508710 533
1508720 533
1508730 533
1508740 532
1508750 532
1508760 532
1508770 532
1508780 532
1508790 532
1508800 531
1508810 531
1508820 531
1508830 531
1508840 531
1508850 531
1508860 530
1508870 530
1508880 530
1508890 530
1508900 530
1508910 530
1508920 530
1508930 530
1508940 530
1508950 529
1508960 529
1508970 529
1508980 529
1508990 529
1509000 529
1509010 529
1509020 529
1509030 529
1509040 530
1509050 531
1509060 531
1509070 531
1509080 531
1509090 531
1509100 532
1509110 532
1509120 532
1509130 532
1509140 532
1509150 532
1509160 532
1509170 532
1509180 532
1509190 531
1509200 531
1509210 531
1509220 531
1509230 530
1509240 530
1509250 530
1509260 529
1509270 529
1509280 528
1509290 527
1509300 527
1509310 525
1509320 524
1509330 524
1509340 523
1509350 522
1509360 522
1509370 522
1509380 521
1509390 521
1509400 521
1509410 520
1509420 520
1509430 520
1509440 520
1509450 520
1509460 520
1509470 519
1509480 519
1509490 520
1509500 520
1509510 520
1509520 521
1509530 521
1509540 521
1509550 521
1509560 522
1509570 524
1509580 524
1509590 526
1509600 528
1509610 528
1509620 530
1509630 531
1509640 531
1509650 532
1509660 533
1509670 533
1509680 535
1509690 536
1509700 536
1509710 538
1509720 540
1509730 540
1509740 542
1509750 543
1509760 543
1509770 545
1509780 547
1509790 547
1509800 549
1509810 550
1509820 550
1509830 552
1509840 553
1509850 553
1509860 553
1509870 554
1509880 554
1509890 554
1509900 555
1509910 555
1509920 555
1509930 556
1509940 556
1509950 555
1509960 554
1509970 554
1509980 553
1509990 554
1510000 554
1510010 554
1510020 555
1510030 555
1510040 557
1510050 559
1510060 559
1510070 560
1510080 560
1510090 560
1510100 560
1510110 560
1510120 560
1510130 561
1510140 561
1510150 561
1510160 561
1510170 561
1510180 561
1510190 561
1510200 561
1510210 561
1510220 561
1510230 561
1510240 561
1510250 560
1510260 559
1510270 559
1510280 559
1510290 559
1510300 559
1510310 559
1510320 559
1510330 559
1510340 559
1510350 558
1510360 558
1510370 558
1510380 558
1510390 558
1510400 557
1510410 557
1510420 557
1510430 557
1510440 556
1510450 556
1510460 556
1510470 555
1510480 555
1510490 555
1510500 555
1510510 555
1510520 554
1510530 554
1510540 554
1510550 554
1510560 554
1510570 554
1510580 555
1510590 555
1510600 555
1510610 555
1510620 556
1510630 556
1510640 556
1510650 557
1510660 557
1510670 557
1510680 557
1510690 557
1510700 557
1510710 557
1510720 557
1510730 557
1510740 557
1510750 557
1510760 556
1510770 556
1510780 556
1510790 556
1510800 556
1510810 556
1510820 555
1510830 555
1510840 555
1510850 554
1510860 554
1510870 554
1510880 553
1510890 553
1510900 553
1510910 553
1510920 552
1510930 552
1510940 551
1510950 551
1510960 551
1510970 551
1510980 550
1510990 550
1511000 549
1511010 549
1511020 549
1511030 548
1511040 548
1511050 548
1511060 547
1511070 546
1511080 546
1511090 545
1511100 545
1511110 545
1511120 545
1511130 545
1511140 545
1511150 545
1511160 546
1511170 546
1511180 546
1511190 546
1511200 546
1511210 546
1511220 547
1511230 547
1511240 547
1511250 547
1511260 547
1511270 547
1511280 547
1511290 547
1511300 547
1511310 548
1511320 548
1511330 548
1511340 548
1511350 548
1511360 548
1511370 548
1511380 548
1511390 548
1511400 548
1511410 548
1511420 548
1511430 548
1511440 548
1511450 549
1511460 549
1511470 549
1511480 549
1511490 549
1511500 549
1511510 549
1511520 549
1511530 549
1511540 549
1511550 549
1511560 549
1511570 549
1511580 549
1511590 549
1511600 549
1511610 549
1511620 549
1511630 549
1511640 549
1511650 549
1511660 549
1511670 549
1511680 549
1511690 549
1511700 549
1511710 550
1511720 550
1511730 550
1511740 550
1511750 550
1511760 550
1511770 550
1511780 550
1511790 551
1511800 551
1511810 551
1511820 551
1511830 551
1511840 551
1511850 552
1511860 552
1511870 552
1511880 552
1511890 553
1511900 553
1511910 553
1511920 553
1511930 553
1511940 553
1511950 553
1511960 553
1511970 554
1511980 554
1511990 554
1512000 555
1512010 555
1512020 555
1512030 555
1512040 556
1512050 556
1512060 556
1512070 557
1512080 557
1512090 557
1512100 558
1512110 558
1512120 559
1512130 559
1512140 559
1512150 560
1512160 561
1512170 561
1512180 561
1512190 562
1512200 562
1512210 562
1512220 562
1512230 562
1512240 563
1512250 563
1512260 563
1512270 564
1512280 564
1512290 564
1512300 565
1512310 565
1512320 565
1512330 566
1512340 566
1512350 566
1512360 567
1512370 567
1512380 567
1512390 568
1512400 568
1512410 568
1512420 569
1512430 569
1512440 569
1512450 569
1512460 570
1512470 570
1512480 570
1512490 571
1512500 571
1512510 571
1512520 572
1512530 572
1512540 572
1512550 573
1512560 573
1512570 573
1512580 574
1512590 574
1512600 574
1512610 574
1512620 574
1512630 575
1512640 576
1512650 576
1512660 576
1512670 577
1512680 577
1512690 577
1512700 578
1512710 578
1512720 578
1512730 579
1512740 579
1512750 579
1512760 580
1512770 580
1512780 580
1512790 580
1512800 580
1512810 580
1512820 580
1512830 580
1512840 579
1512850 579
1512860 579
1512870 581
1512880 583
1512890 583
1512900 584
1512910 584
1512920 584
1512930 584
1512940 585
1512950 585
1512960 585
1512970 586
1512980 586
1512990 586
1513000 586
1513010 586
1513020 587
1513030 588
1513040 588
1513050 588
1513060 589
1513070 589
1513080 589
1513090 589
1513100 589
1513110 590
1513120 591
1513130 591
1513140 591
1513150 592
1513160 592
1513170 592
1513180 593
1513190 593
1513200 594
1513210 594
1513220 594
1513230 595
1513240 596
1513250 596
1513260 597
1513270 598
1513280 598
1513290 599
1513300 601
1513310 601
1513320 602
1513330 603
1513340 603
1513350 603
1513360 604
1513370 604
1513380 605
1513390 605
1513400 605
1513410 605
1513420 606
1513430 606
1513440 606
1513450 606
1513460 606
1513470 606
1513480 607
1513490 607
1513500 607
1513510 608
1513520 608
1513530 608
1513540 609
1513550 609
1513560 609
1513570 609
1513580 609
1513590 610
1513600 610
1513610 610
1513620 611
1513630 611
1513640 611
1513650 611
1513660 612
1513670 612
1513680 612
1513690 612
1513700 612
1513710 613
1513720 613
1513730 613
1513740 613
1513750 613
1513760 613
1513770 614
1513780 614
1513790 614
1513800 615
1513810 616
1513820 616
1513830 618
1513840 619
1513850 619
1513860 621
1513870 623
1513880 625
1513890 625
1513900 626
1513910 627
1513920 627
1513930 628
1513940 629
1513950 629
1513960 630
1513970 631
1513980 631
1513990 632
1514000 633
1514010 633
1514020 635
1514030 636
1514040 636
1514050 636
1514060 636
1514070 636
1514080 638
1514090 638
1514100 638
1514110 637
1514120 637
1514130 637
1514140 638
1514150 643
1514160 643
1514170 646
1514180 649
1514190 649
1514200 654
1514210 659
1514220 659
1514230 662
1514240 665
1514250 665
1514260 667
1514270 669
1514280 669
1514290 670
1514300 670
1514310 670
1514320 670
1514330 671
1514340 671
1514350 672
1514360 672
1514370 672
1514380 673
1514390 674
1514400 674
1514410 675
1514420 675
1514430 675
1514440 675
1514450 674
1514460 674
1514470 673
1514480 671
1514490 671
1514500 669
1514510 670
1514520 670
1514530 672
1514540 676
1514550 676
1514560 681
1514570 685
1514580 685
1514590 687
1514600 691
1514610 691
1514620 696
1514630 699
1514640 699
1514650 703
1514660 707
1514670 707
1514680 710
1514690 714
1514700 714
1514710 717
1514720 719
1514730 719
1514740 721
1514750 722
1514760 722
1514770 720
1514780 716
1514790 716
1514800 710
1514810 705
1514820 705
1514830 700
1514840 696
1514850 696
1514860 692
1514870 690
1514880 690
1514890 687
1514900 685
1514910 685
1514920 682
1514930 679
1514940 679
1514950 676
1514960 672
1514970 672
1514980 668
1514990 666
1515000 666
1515010 666
1515020 666
1515030 666
1515040 667
1515050 668
1515060 668
1515070 668
1515080 669
1515090 669
1515100 670
1515110 670
1515120 670
1515130 670
1515140 670
1515150 670
1515160 670
1515170 670
1515180 670
1515190 672
1515200 673
1515210 673
1515220 675
1515230 677
1515240 677
1515250 680
1515260 682
1515270 682
1515280 684
1515290 685
1515300 685
1515310 687
1515320 688
1515330 688
1515340 689
1515350 689
1515360 689
1515370 689
1515380 689
1515390 689
1515400 687
1515410 684
1515420 684
1515430 680
1515440 678
1515450 678
1515460 677
1515470 678
1515480 678
1515490 679
1515500 680
1515510 680
1515520 681
1515530 682
1515540 682
1515550 682
1515560 681
1515570 681
1515580 679
1515590 677
1515600 677
1515610 674
1515620 670
1515630 670
1515640 667
1515650 664
1515660 664
1515670 660
1515680 658
1515690 658
1515700 656
1515710 653
1515720 653
1515730 652
1515740 651
1515750 651
1515760 648
1515770 646
1515780 646
1515790 644
1515800 644
1515810 644
1515820 644
1515830 644
1515840 644
1515850 645
1515860 646
1515870 646
1515880 646
1515890 645
1515900 645
1515910 644
1515920 644
1515930 644
1515940 644
1515950 644
1515960 644
1515970 644
1515980 644
1515990 644
1516000 643
1516010 643
1516020 643
1516030 645
1516040 648
1516050 649
1516060 649
1516070 650
1516080 649
1516090 649
1516100 648
1516110 646
1516120 646
1516130 644
1516140 641
1516150 641
1516160 639
1516170 636
1516180 636
1516190 635
1516200 634
1516210 634
1516220 634
1516230 633
1516240 633
1516250 633
1516260 631
1516270 631
1516280 630
1516290 629
1516300 629
1516310 627
1516320 625
1516330 625
1516340 623
1516350 622
1516360 622
1516370 620
1516380 618
1516390 618
1516400 616
1516410 613
1516420 613
1516430 610
1516440 608
1516450 608
1516460 605
1516470 601
1516480 601
1516490 596
1516500 594
1516510 594
1516520 594
1516530 594
1516540 594
1516550 595
1516560 596
1516570 596
1516580 596
1516590 596
1516600 596
1516610 595
1516620 594
1516630 594
1516640 593
1516650 592
1516660 592
1516670 590
1516680 589
1516690 589
1516700 588
1516710 587
1516720 587
1516730 586
1516740 585
1516750 585
1516760 583
1516770 582
1516780 582
1516790 582
1516800 581
1516810 581
1516820 580
1516830 579
1516840 579
1516850 578
1516860 577
1516870 577
1516880 577
1516890 576
1516900 576
1516910 575
1516920 575
1516930 575
1516940 574
1516950 574
1516960 574
1516970 573
1516980 572
1516990 572
1517000 572
1517010 571
1517020 571
1517030 570
1517040 570
1517050 570
1517060 569
1517070 568
1517080 568
1517090 568
1517100 567
1517110 567
1517120 566
1517130 566
1517140 566
1517150 565
1517160 565
1517170 565
1517180 564
1517190 563
1517200 563
1517210 563
1517220 562
1517230 562
1517240 561
1517250 561
1517260 561
1517270 560
1517280 559
1517290 559
1517300 559
1517310 558
1517320 558
1517330 558
1517340 558
1517350 558
1517360 557
1517370 556
1517380 556
1517390 556
1517400 555
1517410 555
1517420 554
1517430 554
1517440 554
1517450 553
1517460 553
1517470 553
1517480 552
1517490 551
1517500 551
1517510 552
1517520 551
1517530 551
1517540 551
1517550 550
1517560 550
1517570 549
1517580 548
1517590 548
1517600 550
1517610 552
1517620 552
1517630 553
1517640 553
1517650 553
1517660 553
1517670 552
1517680 552
1517690 552
1517700 552
1517710 552
1517720 552
1517730 552
1517740 552
1517750 552
1517760 551
1517770 551
1517780 551
1517790 550
1517800 550
1517810 549
1517820 549
1517830 549
1517840 548
1517850 547
1517860 547
1517870 546
1517880 545
1517890 545
1517900 545
1517910 544
1517920 544
1517930 543
1517940 542
1517950 542
1517960 540
1517970 540
1517980 540
1517990 539
1518000 539
1518010 539
1518020 538
1518030 537
1518040 537
1518050 536
1518060 535
1518070 535
1518080 535
1518090 534
1518100 534
1518110 534
1518120 533
1518130 533
1518140 532
1518150 531
1518160 531
1518170 531
1518180 529
1518190 529
1518200 530
1518210 531
1518220 531
1518230 531
1518240 533
1518250 535
1518260 535
1518270 535
1518280 535
1518290 535
1518300 535
1518310 536
1518320 536
1518330 536
1518340 537
1518350 537
1518360 537
1518370 538
1518380 538
1518390 538
1518400 539
1518410 539
1518420 539
1518430 540
1518440 540
1518450 540
1518460 540
1518470 540
1518480 540
1518490 540
1518500 540
1518510 540
1518520 540
1518530 540
1518540 540
1518550 540
1518560 540
1518570 540
1518580 540
1518590 540
1518600 540
1518610 539
1518620 539
1518630 539
1518640 539
1518650 539
1518660 539
1518670 538
1518680 538
1518690 538
1518700 538
1518710 538
1518720 538
1518730 537
1518740 537
1518750 537
1518760 536
1518770 536
1518780 535
1518790 534
1518800 534
1518810 532
1518820 530
1518830 530
1518840 529
1518850 528
1518860 528
1518870 527
1518880 526
1518890 526
1518900 525
1518910 525
1518920 525
1518930 524
1518940 524
1518950 524
1518960 524
1518970 523
1518980 523
1518990 523
1519000 522
1519010 522
1519020 522
1519030 521
1519040 521
1519050 521
1519060 521
1519070 521
1519080 520
1519090 520
1519100 520
1519110 519
1519120 519
1519130 519
1519140 518
1519150 517
1519160 517
1519170 516
1519180 515
1519190 515
1519200 514
1519210 513
1519220 513
1519230 512
1519240 510
1519250 510
1519260 509
1519270 508
1519280 508
1519290 508
1519300 507
1519310 507
1519320 507
1519330 507
1519340 507
1519350 507
1519360 507
1519370 507
1519380 507
1519390 507
1519400 507
1519410 506
1519420 507
1519430 507
1519440 507
1519450 507
1519460 507
1519470 507
1519480 507
1519490 507
1519500 508
1519510 510
1519520 510
1519530 515
1519540 517
1519550 517
1519560 514
1519570 510
1519580 510
1519590 510
1519600 512
1519610 512
1519620 514
1519630 516
1519640 516
1519650 518
1519660 519
1519670 519
1519680 520
1519690 525
1519700 525
1519710 530
1519720 532
1519730 532
1519740 532
1519750 532
1519760 532
1519770 531
1519780 531
1519790 531
1519800 530
1519810 530
1519820 530
1519830 529
1519840 529
1519850 529
1519860 526
1519870 521
1519880 521
1519890 520
1519900 522
1519910 522
1519920 519
1519930 518
1519940 518
1519950 522
1519960 525
1519970 525
1519980 526
1519990 526
