1500000 478
1500010 478
1500020 478
1500030 478
1500040 478
1500050 478
1500060 478
1500070 478
1500080 477
1500090 477
1500100 477
1500110 477
1500120 477
1500130 477
1500140 478
1500150 478
1500160 478
1500170 478
1500180 477
1500190 477
1500200 478
1500210 478
1500220 478
1500230 477
1500240 477
1500250 477
1500260 477
1500270 476
1500280 476
1500290 474
1500300 473
1500310 473
1500320 472
1500330 472
1500340 472
1500350 472
1500360 472
1500370 472
1500380 472
1500390 472
1500400 472
1500410 472
1500420 472
1500430 472
1500440 472
1500450 472
1500460 472
1500470 473
1500480 472
1500490 472
1500500 472
1500510 472
1500520 472
1500530 473
1500540 473
1500550 473
1500560 473
1500570 473
1500580 473
1500590 473
1500600 474
1500610 474
1500620 474
1500630 475
1500640 475
1500650 477
1500660 477
1500670 477
1500680 478
1500690 478
1500700 478
1500710 479
1500720 479
1500730 479
1500740 480
1500750 481
1500760 481
1500770 481
1500780 482
1500790 482
1500800 482
1500810 483
1500820 483
1500830 484
1500840 485
1500850 485
1500860 486
1500870 487
1500880 487
1500890 488
1500900 490
1500910 490
1500920 491
1500930 492
1500940 492
1500950 493
1500960 494
1500970 494
1500980 495
1500990 496
1501000 496
1501010 498
1501020 499
1501030 499
1501040 500
1501050 500
1501060 500
1501070 501
1501080 502
1501090 502
1501100 503
1501110 503
1501120 503
1501130 504
1501140 504
1501150 504
1501160 505
1501170 506
1501180 506
1501190 506
1501200 506
1501210 506
1501220 506
1501230 507
1501240 507
1501250 507
1501260 506
1501270 506
1501280 506
1501290 506
1501300 506
1501310 506
1501320 505
1501330 505
1501340 505
1501350 504
1501360 504
1501370 504
1501380 503
1501390 503
1501400 503
1501410 503
1501420 503
1501430 502
1501440 502
1501450 502
1501460 501
1501470 501
1501480 501
1501490 500
1501500 500
1501510 500
1501520 499
1501530 498
1501540 498
1501550 498
1501560 497
1501570 497
1501580 497
1501590 497
1501600 497
1501610 497
1501620 497
1501630 496
1501640 496
1501650 496
1501660 496
1501670 496
1501680 495
1501690 494
1501700 494
1501710 494
1501720 494
1501730 494
1501740 494
1501750 494
1501760 494
1501770 494
1501780 494
1501790 494
1501800 494
1501810 495
1501820 495
1501830 495
1501840 496
1501850 496
1501860 496
1501870 497
1501880 497
1501890 497
1501900 498
1501910 498
1501920 498
1501930 499
1501940 499
1501950 499
1501960 500
1501970 500
1501980 500
1501990 500
1502000 500
1502010 501
1502020 502
1502030 502
1502040 502
1502050 503
1502060 503
1502070 504
1502080 505
1502090 505
1502100 505
1502110 506
1502120 506
1502130 506
1502140 506
1502150 506
1502160 506
1502170 506
1502180 506
1502190 507
1502200 507
1502210 507
1502220 507
1502230 508
1502240 508
1502250 508
1502260 509
1502270 509
1502280 510
1502290 511
1502300 511
1502310 512
1502320 513
1502330 513
1502340 514
1502350 515
1502360 515
1502370 515
1502380 516
1502390 516
1502400 516
1502410 516
1502420 516
1502430 517
1502440 517
1502450 517
1502460 518
1502470 518
1502480 518
1502490 518
1502500 519
1502510 519
1502520 519
1502530 519
1502540 519
1502550 519
1502560 519
1502570 519
1502580 519
1502590 519
1502600 519
1502610 519
1502620 519
1502630 519
1502640 518
1502650 518
1502660 518
1502670 518
1502680 517
1502690 517
1502700 517
1502710 517
1502720 517
1502730 516
1502740 516
1502750 516
1502760 515
1502770 515
1502780 515
1502790 513
1502800 512
1502810 512
1502820 511
1502830 511
1502840 511
1502850 510
1502860 509
1502870 509
1502880 509
1502890 508
1502900 508
1502910 508
1502920 508
1502930 508
1502940 507
1502950 506
1502960 506
1502970 505
1502980 504
1502990 504
1503000 503
1503010 502
1503020 502
1503030 501
1503040 500
1503050 500
1503060 500
1503070 499
1503080 499
1503090 498
1503100 498
1503110 498
1503120 497
1503130 497
1503140 497
1503150 497
1503160 496
1503170 496
1503180 496
1503190 496
1503200 496
1503210 495
1503220 495
1503230 495
1503240 495
1503250 495
1503260 495
1503270 495
1503280 495
1503290 495
1503300 495
1503310 495
1503320 495
1503330 495
1503340 495
1503350 495
1503360 495
1503370 495
1503380 495
1503390 495
1503400 495
1503410 495
1503420 495
1503430 496
1503440 496
1503450 497
1503460 498
1503470 498
1503480 498
1503490 498
1503500 498
1503510 498
1503520 498
1503530 498
1503540 499
1503550 498
1503560 498
1503570 498
1503580 497
1503590 497
1503600 498
1503610 498
1503620 498
1503630 498
1503640 498
1503650 498
1503660 497
1503670 497
1503680 497
1503690 496
1503700 496
1503710 496
1503720 496
1503730 495
1503740 495
1503750 495
1503760 496
1503770 496
1503780 496
1503790 496
1503800 496
1503810 495
1503820 494
1503830 494
1503840 494
1503850 493
1503860 493
1503870 493
1503880 493
1503890 493
1503900 493
1503910 493
1503920 493
1503930 493
1503940 493
1503950 493
1503960 493
1503970 493
1503980 493
1503990 493
1504000 494
1504010 494
1504020 496
1504030 497
1504040 497
1504050 497
1504060 496
1504070 496
1504080 497
1504090 502
1504100 502
1504110 504
1504120 506
1504130 507
1504140 507
1504150 508
1504160 510
1504170 510
1504180 511
1504190 512
1504200 512
1504210 513
1504220 514
1504230 514
1504240 515
1504250 516
1504260 516
1504270 516
1504280 517
1504290 517
1504300 517
1504310 516
1504320 516
1504330 516
1504340 515
1504350 515
1504360 515
1504370 514
1504380 514
1504390 513
1504400 512
1504410 512
1504420 511
1504430 510
1504440 510
1504450 509
1504460 508
1504470 508
1504480 508
1504490 507
1504500 507
1504510 507
1504520 507
1504530 507
1504540 506
1504550 505
1504560 505
1504570 504
1504580 503
1504590 503
1504600 502
1504610 501
1504620 501
1504630 501
1504640 500
1504650 500
1504660 499
1504670 498
1504680 498
1504690 498
1504700 498
1504710 498
1504720 497
1504730 497
1504740 497
1504750 496
1504760 495
1504770 495
1504780 494
1504790 494
1504800 494
1504810 493
1504820 492
1504830 492
1504840 492
1504850 491
1504860 491
1504870 490
1504880 488
1504890 488
1504900 488
1504910 488
1504920 488
1504930 488
1504940 488
1504950 488
1504960 491
1504970 496
1504980 496
1504990 500
1505000 501
1505010 501
1505020 501
1505030 501
1505040 501
1505050 501
1505060 500
1505070 500
1505080 500
1505090 500
1505100 500
1505110 499
1505120 499
1505130 499
1505140 499
1505150 498
1505160 498
1505170 497
1505180 497
1505190 497
1505200 497
1505210 497
1505220 497
1505230 497
1505240 496
1505250 496
1505260 496
1505270 496
1505280 496
1505290 495
1505300 495
1505310 495
1505320 495
1505330 494
1505340 494
1505350 494
1505360 493
1505370 493
1505380 493
1505390 492
1505400 492
1505410 492
1505420 491
1505430 491
1505440 491
1505450 490
1505460 490
1505470 489
1505480 488
1505490 488
1505500 487
1505510 486
1505520 486
1505530 486
1505540 486
1505550 486
1505560 487
1505570 489
1505580 489
1505590 493
1505600 496
1505610 496
1505620 497
1505630 498
1505640 498
1505650 499
1505660 500
1505670 500
1505680 501
1505690 503
1505700 503
1505710 504
1505720 505
1505730 505
1505740 506
1505750 507
1505760 507
1505770 508
1505780 510
1505790 510
1505800 511
1505810 512
1505820 512
1505830 513
1505840 514
1505850 514
1505860 514
1505870 514
1505880 514
1505890 515
1505900 515
1505910 515
1505920 514
1505930 514
1505940 514
1505950 513
1505960 513
1505970 513
1505980 512
1505990 511
1506000 511
1506010 510
1506020 509
1506030 509
1506040 509
1506050 509
1506060 509
1506070 510
1506080 510
1506090 510
1506100 511
1506110 512
1506120 512
1506130 512
1506140 512
1506150 512
1506160 513
1506170 513
1506180 513
1506190 514
1506200 514
1506210 514
1506220 515
1506230 515
1506240 515
1506250 516
1506260 517
1506270 517
1506280 517
1506290 518
1506300 518
1506310 518
1506320 519
1506330 519
1506340 520
1506350 521
1506360 521
1506370 522
1506380 523
1506390 523
1506400 524
1506410 524
1506420 524
1506430 526
1506440 527
1506450 527
1506460 528
1506470 528
1506480 528
1506490 529
1506500 530
1506510 530
1506520 531
1506530 531
1506540 531
1506550 531
1506560 532
1506570 532
1506580 532
1506590 531
1506600 531
1506610 531
1506620 531
1506630 531
1506640 530
1506650 529
1506660 529
1506670 529
1506680 528
1506690 528
1506700 527
1506710 526
1506720 525
1506730 525
1506740 524
1506750 523
1506760 523
1506770 522
1506780 521
1506790 521
1506800 520
1506810 519
1506820 519
1506830 517
1506840 516
1506850 516
1506860 515
1506870 514
1506880 514
1506890 513
1506900 511
1506910 511
1506920 510
1506930 508
1506940 508
1506950 507
1506960 507
1506970 507
1506980 506
1506990 506
1507000 506
1507010 505
1507020 505
1507030 505
1507040 505
1507050 504
1507060 504
1507070 504
1507080 503
1507090 503
1507100 503
1507110 502
1507120 502
1507130 501
1507140 500
1507150 500
1507160 500
1507170 500
1507180 500
1507190 499
1507200 499
1507210 499
1507220 499
1507230 498
1507240 498
1507250 496
1507260 495
1507270 495
1507280 495
1507290 495
1507300 495
1507310 495
1507320 495
1507330 495
1507340 495
1507350 494
1507360 494
1507370 494
1507380 494
1507390 494
1507400 493
1507410 493
1507420 493
1507430 492
1507440 491
1507450 491
1507460 491
1507470 489
1507480 489
1507490 489
1507500 488
1507510 488
1507520 488
1507530 488
1507540 488
1507550 487
1507560 487
1507570 487
1507580 486
1507590 485
1507600 485
1507610 486
1507620 492
1507630 492
1507640 498
1507650 503
1507660 503
1507670 507
1507680 509
1507690 509
1507700 510
1507710 511
1507720 511
1507730 512
1507740 513
1507750 513
1507760 514
1507770 515
1507780 515
1507790 516
1507800 516
1507810 516
1507820 517
1507830 517
1507840 517
1507850 517
1507860 517
1507870 517
1507880 517
1507890 518
1507900 518
1507910 518
1507920 517
1507930 517
1507940 517
1507950 517
1507960 517
1507970 517
1507980 516
1507990 516
1508000 516
1508010 515
1508020 515
1508030 515
1508040 515
1508050 515
1508060 514
1508070 514
1508080 514
1508090 513
1508100 513
1508110 513
1508120 512
1508130 511
1508140 511
1508150 511
1508160 510
1508170 510
1508180 508
1508190 506
1508200 506
1508210 503
1508220 499
1508230 499
1508240 493
1508250 490
1508260 490
1508270 489
1508280 488
1508290 488
1508300 488
1508310 487
1508320 487
1508330 487
1508340 488
1508350 488
1508360 490
1508370 493
1508380 493
1508390 494
1508400 496
1508410 496
1508420 497
1508430 498
1508440 498
1508450 499
1508460 499
1508470 499
1508480 500
1508490 501
1508500 501
1508510 502
1508520 502
1508530 502
1508540 503
1508550 503
1508560 503
1508570 503
1508580 504
1508590 504
1508600 504
1508610 505
1508620 505
1508630 505
1508640 506
1508650 506
1508660 506
1508670 507
1508680 507
1508690 507
1508700 508
1508710 508
1508720 508
1508730 508
1508740 508
1508750 508
1508760 508
1508770 508
1508780 508
1508790 508
1508800 508
1508810 508
1508820 507
1508830 507
1508840 507
1508850 507
1508860 507
1508870 506
1508880 506
1508890 506
1508900 506
1508910 506
1508920 506
1508930 505
1508940 505
1508950 505
1508960 504
1508970 504
1508980 504
1508990 503
1509000 503
1509010 503
1509020 502
1509030 502
1509040 502
1509050 501
1509060 501
1509070 501
1509080 500
1509090 500
1509100 500
1509110 499
1509120 498
1509130 498
1509140 497
1509150 497
1509160 497
1509170 497
1509180 497
1509190 497
1509200 497
1509210 497
1509220 497
1509230 497
1509240 497
1509250 497
1509260 497
1509270 497
1509280 497
1509290 497
1509300 497
1509310 497
1509320 497
1509330 498
1509340 498
1509350 498
1509360 498
1509370 498
1509380 498
1509390 497
1509400 497
1509410 497
1509420 498
1509430 500
1509440 500
1509450 501
1509460 502
1509470 502
1509480 503
1509490 504
1509500 504
1509510 505
1509520 505
1509530 505
1509540 506
1509550 507
1509560 507
1509570 508
1509580 510
1509590 510
1509600 511
1509610 512
1509620 512
1509630 513
1509640 514
1509650 514
1509660 516
1509670 518
1509680 518
1509690 519
1509700 521
1509710 521
1509720 523
1509730 525
1509740 525
1509750 527
1509760 528
1509770 528
1509780 529
1509790 529
1509800 529
1509810 530
1509820 531
1509830 531
1509840 531
1509850 532
1509860 532
1509870 532
1509880 533
1509890 533
1509900 534
1509910 535
1509920 535
1509930 536
1509940 536
1509950 536
1509960 537
1509970 538
1509980 538
1509990 538
1510000 539
1510010 539
1510020 540
1510030 541
1510040 541
1510050 541
1510060 542
1510070 542
1510080 542
1510090 542
1510100 542
1510110 543
1510120 543
1510130 543
1510140 544
1510150 544
1510160 544
1510170 544
1510180 544
1510190 544
1510200 543
1510210 543
1510220 543
1510230 542
1510240 541
1510250 541
1510260 541
1510270 540
1510280 540
1510290 539
1510300 538
1510310 538
1510320 537
1510330 536
1510340 536
1510350 535
1510360 534
1510370 534
1510380 533
1510390 533
1510400 533
1510410 533
1510420 532
1510430 532
1510440 532
1510450 532
1510460 532
1510470 532
1510480 531
1510490 531
1510500 531
1510510 531
1510520 531
1510530 530
1510540 530
1510550 530
1510560 530
1510570 530
1510580 530
1510590 530
1510600 530
1510610 530
1510620 530
1510630 530
1510640 530
1510650 530
1510660 530
1510670 530
1510680 530
1510690 530
1510700 530
1510710 530
1510720 531
1510730 531
1510740 531
1510750 532
1510760 532
1510770 532
1510780 532
1510790 532
1510800 533
1510810 533
1510820 533
1510830 533
1510840 534
1510850 534
1510860 534
1510870 535
1510880 535
1510890 535
1510900 536
1510910 536
1510920 536
1510930 537
1510940 537
1510950 538
1510960 538
1510970 538
1510980 539
1510990 540
1511000 540
1511010 540
1511020 541
1511030 541
1511040 542
1511050 543
1511060 543
1511070 544
1511080 545
1511090 545
1511100 545
1511110 546
1511120 546
1511130 547
1511140 547
1511150 547
1511160 548
1511170 548
1511180 548
1511190 549
1511200 549
1511210 549
1511220 550
1511230 550
1511240 550
1511250 551
1511260 551
1511270 551
1511280 552
1511290 552
1511300 552
1511310 552
1511320 552
1511330 552
1511340 553
1511350 553
1511360 553
1511370 554
1511380 554
1511390 554
1511400 555
1511410 555
1511420 555
1511430 556
1511440 556
1511450 556
1511460 557
1511470 557
1511480 557
1511490 558
1511500 558
1511510 558
1511520 559
1511530 559
1511540 559
1511550 560
1511560 560
1511570 560
1511580 561
1511590 561
1511600 561
1511610 561
1511620 561
1511630 561
1511640 561
1511650 562
1511660 562
1511670 562
1511680 561
1511690 561
1511700 561
1511710 561
1511720 561
1511730 561
1511740 560
1511750 560
1511760 560
1511770 560
1511780 560
1511790 559
1511800 559
1511810 559
1511820 558
1511830 558
1511840 558
1511850 558
1511860 557
1511870 557
1511880 557
1511890 556
1511900 556
1511910 556
1511920 555
1511930 555
1511940 555
1511950 555
1511960 555
1511970 555
1511980 554
1511990 554
1512000 554
1512010 555
1512020 555
1512030 555
1512040 555
1512050 555
1512060 555
1512070 556
1512080 556
1512090 556
1512100 557
1512110 558
1512120 558
1512130 558
1512140 559
1512150 559
1512160 560
1512170 561
1512180 561
1512190 562
1512200 562
1512210 562
1512220 563
1512230 564
1512240 564
1512250 565
1512260 566
1512270 566
1512280 566
1512290 567
1512300 567
1512310 568
1512320 569
1512330 569
1512340 570
1512350 571
1512360 571
1512370 572
1512380 573
1512390 573
1512400 574
1512410 575
1512420 575
1512430 576
1512440 577
1512450 577
1512460 577
1512470 578
1512480 578
1512490 579
1512500 580
1512510 580
1512520 581
1512530 582
1512540 582
1512550 583
1512560 584
1512570 584
1512580 585
1512590 586
1512600 586
1512610 586
1512620 587
1512630 587
1512640 588
1512650 589
1512660 589
1512670 590
1512680 591
1512690 591
1512700 591
1512710 591
1512720 591
1512730 592
1512740 592
1512750 592
1512760 592
1512770 593
1512780 593
1512790 593
1512800 594
1512810 594
1512820 594
1512830 595
1512840 595
1512850 596
1512860 597
1512870 597
1512880 597
1512890 599
1512900 599
1512910 600
1512920 600
1512930 600
1512940 601
1512950 602
1512960 602
1512970 602
1512980 603
1512990 603
1513000 605
1513010 605
1513020 605
1513030 606
1513040 607
1513050 607
1513060 609
1513070 610
1513080 610
1513090 612
1513100 613
1513110 613
1513120 615
1513130 616
1513140 616
1513150 617
1513160 617
1513170 617
1513180 618
1513190 618
1513200 618
1513210 618
1513220 619
1513230 619
1513240 621
1513250 622
1513260 622
1513270 623
1513280 625
1513290 625
1513300 626
1513310 627
1513320 627
1513330 629
1513340 630
1513350 630
1513360 631
1513370 633
1513380 633
1513390 634
1513400 635
1513410 635
1513420 635
1513430 636
1513440 636
1513450 636
1513460 637
1513470 637
1513480 637
1513490 637
1513500 637
1513510 637
1513520 637
1513530 637
1513540 637
1513550 637
1513560 637
1513570 638
1513580 638
1513590 638
1513600 639
1513610 640
1513620 640
1513630 639
1513640 638
1513650 638
1513660 637
1513670 637
1513680 637
1513690 637
1513700 637
1513710 637
1513720 636
1513730 636
1513740 636
1513750 635
1513760 633
1513770 633
1513780 633
1513790 633
1513800 633
1513810 634
1513820 636
1513830 636
1513840 637
1513850 638
1513860 638
1513870 638
1513880 638
1513890 638
1513900 638
1513910 637
1513920 637
1513930 637
1513940 637
1513950 637
1513960 636
1513970 636
1513980 636
1513990 636
1514000 634
1514010 634
1514020 631
1514030 627
1514040 627
1514050 628
1514060 631
1514070 631
1514080 633
1514090 633
1514100 633
1514110 634
1514120 635
1514130 635
1514140 636
1514150 636
1514160 636
1514170 636
1514180 636
1514190 636
1514200 638
1514210 640
1514220 640
1514230 641
1514240 641
1514250 641
1514260 642
1514270 643
1514280 643
1514290 643
1514300 644
1514310 644
1514320 645
1514330 646
1514340 646
1514350 647
1514360 648
1514370 648
1514380 650
1514390 652
1514400 652
1514410 656
1514420 659
1514430 659
1514440 662
1514450 666
1514460 666
1514470 669
1514480 673
1514490 673
1514500 677
1514510 681
1514520 681
1514530 684
1514540 688
1514550 693
1514560 693
1514570 697
1514580 700
1514590 700
1514600 702
1514610 704
1514620 704
1514630 704
1514640 704
1514650 704
1514660 703
1514670 701
1514680 701
1514690 700
1514700 698
1514710 698
1514720 697
1514730 696
1514740 696
1514750 695
1514760 693
1514770 693
1514780 691
1514790 688
1514800 688
1514810 685
1514820 682
1514830 682
1514840 680
1514850 679
1514860 679
1514870 678
1514880 677
1514890 677
1514900 676
1514910 674
1514920 672
1514930 670
1514940 667
1514950 667
1514960 664
1514970 664
1514980 664
1514990 666
1515000 668
1515010 668
1515020 669
1515030 669
1515040 669
1515050 669
1515060 669
1515070 669
1515080 669
1515090 671
1515100 671
1515110 672
1515120 673
1515130 673
1515140 675
1515150 679
1515160 679
1515170 681
1515180 681
1515190 681
1515200 683
1515210 685
1515220 685
1515230 686
1515240 687
1515250 687
1515260 687
1515270 688
1515280 688
1515290 688
1515300 686
1515310 686
1515320 685
1515330 686
1515340 686
1515350 691
1515360 696
1515370 696
1515380 700
1515390 705
1515400 705
1515410 710
1515420 713
1515430 713
1515440 713
1515450 713
1515460 713
1515470 713
1515480 713
1515490 713
1515500 712
1515510 712
1515520 712
1515530 711
1515540 710
1515550 710
1515560 709
1515570 708
1515580 708
1515590 707
1515600 705
1515610 705
1515620 704
1515630 702
1515640 702
1515650 699
1515660 696
1515670 696
1515680 691
1515690 686
1515700 686
1515710 683
1515720 680
1515730 680
1515740 679
1515750 677
1515760 677
1515770 676
1515780 674
1515790 674
1515800 673
1515810 671
1515820 671
1515830 669
1515840 668
1515850 668
1515860 667
1515870 665
1515880 665
1515890 664
1515900 663
1515910 663
1515920 661
1515930 658
1515940 658
1515950 654
1515960 649
1515970 649
1515980 645
1515990 641
1516000 641
1516010 638
1516020 636
1516030 636
1516040 635
1516050 635
1516060 635
1516070 634
1516080 634
1516090 634
1516100 634
1516110 633
1516120 633
1516130 634
1516140 633
1516150 633
1516160 632
1516170 630
1516180 630
1516190 629
1516200 628
1516210 628
1516220 627
1516230 627
1516240 627
1516250 626
1516260 625
1516270 625
1516280 625
1516290 624
1516300 624
1516310 624
1516320 623
1516330 623
1516340 623
1516350 622
1516360 622
1516370 622
1516380 621
1516390 621
1516400 621
1516410 621
1516420 621
1516430 620
1516440 619
1516450 619
1516460 618
1516470 618
1516480 618
1516490 617
1516500 617
1516510 617
1516520 617
1516530 617
1516540 617
1516550 616
1516560 615
1516570 615
1516580 613
1516590 612
1516600 612
1516610 612
1516620 611
1516630 611
1516640 610
1516650 610
1516660 610
1516670 610
1516680 609
1516690 609
1516700 608
1516710 608
1516720 608
1516730 606
1516740 605
1516750 605
1516760 604
1516770 602
1516780 602
1516790 601
1516800 600
1516810 600
1516820 598
1516830 597
1516840 597
1516850 595
1516860 594
1516870 594
1516880 593
1516890 592
1516900 592
1516910 591
1516920 591
1516930 591
1516940 590
1516950 589
1516960 589
1516970 589
1516980 588
1516990 588
1517000 587
1517010 586
1517020 586
1517030 585
1517040 584
1517050 584
1517060 583
1517070 583
1517080 583
1517090 582
1517100 581
1517110 580
1517120 580
1517130 579
1517140 578
1517150 578
1517160 577
1517170 576
1517180 576
1517190 575
1517200 574
1517210 574
1517220 573
1517230 572
1517240 572
1517250 572
1517260 571
1517270 571
1517280 570
1517290 569
1517300 569
1517310 567
1517320 567
1517330 567
1517340 566
1517350 565
1517360 565
1517370 565
1517380 564
1517390 564
1517400 564
1517410 563
1517420 563
1517430 562
1517440 562
1517450 562
1517460 561
1517470 561
1517480 561
1517490 560
1517500 560
1517510 560
1517520 559
1517530 558
1517540 558
1517550 557
1517560 556
1517570 556
1517580 555
1517590 554
1517600 554
1517610 552
1517620 551
1517630 551
1517640 550
1517650 549
1517660 549
1517670 548
1517680 547
1517690 547
1517700 546
1517710 545
1517720 545
1517730 544
1517740 545
1517750 545
1517760 546
1517770 546
1517780 546
1517790 546
1517800 546
1517810 546
1517820 546
1517830 546
1517840 546
1517850 546
1517860 546
1517870 546
1517880 547
1517890 548
1517900 548
1517910 548
1517920 548
1517930 548
1517940 548
1517950 548
1517960 548
1517970 548
1517980 548
1517990 548
1518000 548
1518010 548
1518020 548
1518030 548
1518040 547
1518050 547
1518060 547
1518070 546
1518080 546
1518090 546
1518100 546
1518110 546
1518120 546
1518130 546
1518140 546
1518150 545
1518160 545
1518170 545
1518180 545
1518190 545
1518200 545
1518210 545
1518220 544
1518230 544
1518240 544
1518250 544
1518260 544
1518270 543
1518280 543
1518290 543
1518300 542
1518310 542
1518320 542
1518330 542
1518340 540
1518350 540
1518360 539
1518370 539
1518380 539
1518390 540
1518400 540
1518410 540
1518420 540
1518430 539
1518440 539
1518450 539
1518460 539
1518470 539
1518480 538
1518490 538
1518500 538
1518510 537
1518520 537
1518530 537
1518540 536
1518550 536
1518560 536
1518570 535
1518580 534
1518590 534
1518600 533
1518610 533
1518620 533
1518630 533
1518640 533
1518650 533
1518660 533
1518670 533
1518680 533
1518690 533
1518700 533
1518710 533
1518720 533
1518730 533
1518740 533
1518750 533
1518760 533
1518770 533
1518780 533
1518790 533
1518800 533
1518810 532
1518820 532
1518830 532
1518840 531
1518850 530
1518860 530
1518870 529
1518880 529
1518890 529
1518900 528
1518910 526
1518920 526
1518930 524
1518940 522
1518950 522
1518960 521
1518970 520
1518980 520
1518990 519
1519000 517
1519010 517
1519020 517
1519030 516
1519040 516
1519050 515
1519060 514
1519070 514
1519080 513
1519090 512
1519100 512
1519110 511
1519120 511
1519130 511
1519140 510
1519150 509
1519160 509
1519170 509
1519180 508
1519190 508
1519200 508
1519210 507
1519220 507
1519230 507
1519240 507
1519250 507
1519260 507
1519270 507
1519280 507
1519290 506
1519300 506
1519310 506
1519320 506
1519330 506
1519340 506
1519350 505
1519360 505
1519370 505
1519380 504
1519390 504
1519400 504
1519410 504
1519420 504
1519430 504
1519440 504
1519450 503
1519460 503
1519470 503
1519480 503
1519490 503
1519500 503
1519510 502
1519520 502
1519530 501
1519540 501
1519550 501
1519560 501
1519570 501
1519580 501
1519590 501
1519600 500
1519610 500
1519620 500
1519630 501
1519640 501
1519650 500
1519660 500
1519670 499
1519680 499
1519690 499
1519700 499
1519710 499
1519720 499
1519730 498
1519740 498
1519750 498
1519760 498
1519770 498
1519780 498
1519790 497
1519800 497
1519810 497
1519820 497
1519830 497
1519840 497
1519850 497
1519860 497
1519870 497
1519880 496
1519890 496
1519900 495
1519910 495
1519920 495
1519930 495
1519940 495
1519950 495
1519960 495
1519970 495
1519980 495
1519990 496
