1500000 468
1500010 468
1500020 468
1500030 468
1500040 468
1500050 469
1500060 469
1500070 469
1500080 469
1500090 469
1500100 469
1500110 469
1500120 469
1500130 469
1500140 469
1500150 468
1500160 468
1500170 469
1500180 469
1500190 469
1500200 469
1500210 469
1500220 469
1500230 469
1500240 469
1500250 469
1500260 469
1500270 469
1500280 469
1500290 469
1500300 469
1500310 469
1500320 469
1500330 469
1500340 469
1500350 469
1500360 470
1500370 470
1500380 471
1500390 473
1500400 473
1500410 474
1500420 474
1500430 474
1500440 475
1500450 475
1500460 475
1500470 476
1500480 476
1500490 476
1500500 477
1500510 477
1500520 477
1500530 477
1500540 478
1500550 478
1500560 478
1500570 479
1500580 479
1500590 480
1500600 481
1500610 481
1500620 482
1500630 482
1500640 482
1500650 483
1500660 483
1500670 483
1500680 484
1500690 484
1500700 484
1500710 485
1500720 486
1500730 486
1500740 486
1500750 487
1500760 487
1500770 488
1500780 488
1500790 488
1500800 488
1500810 489
1500820 489
1500830 490
1500840 491
1500850 491
1500860 492
1500870 493
1500880 493
1500890 494
1500900 495
1500910 495
1500920 495
1500930 496
1500940 496
1500950 497
1500960 498
1500970 498
1500980 498
1500990 498
1501000 498
1501010 498
1501020 499
1501030 499
1501040 500
1501050 500
1501060 500
1501070 501
1501080 502
1501090 502
1501100 503
1501110 504
1501120 504
1501130 504
1501140 505
1501150 505
1501160 505
1501170 506
1501180 506
1501190 506
1501200 507
1501210 507
1501220 507
1501230 507
1501240 507
1501250 508
1501260 508
1501270 508
1501280 509
1501290 509
1501300 509
1501310 510
1501320 510
1501330 510
1501340 510
1501350 511
1501360 511
1501370 511
1501380 511
1501390 511
1501400 512
1501410 512
1501420 512
1501430 513
1501440 513
1501450 513
1501460 513
1501470 513
1501480 513
1501490 513
1501500 513
1501510 513
1501520 512
1501530 511
1501540 511
1501550 509
1501560 508
1501570 508
1501580 507
1501590 506
1501600 506
1501610 504
1501620 503
1501630 503
1501640 502
1501650 501
1501660 501
1501670 501
1501680 500
1501690 500
1501700 500
1501710 500
1501720 500
1501730 500
1501740 500
1501750 500
1501760 499
1501770 499
1501780 499
1501790 499
1501800 498
1501810 498
1501820 497
1501830 495
1501840 495
1501850 494
1501860 492
1501870 492
1501880 491
1501890 490
1501900 490
1501910 489
1501920 490
1501930 490
1501940 490
1501950 491
1501960 491
1501970 492
1501980 492
1501990 492
1502000 492
1502010 493
1502020 493
1502030 493
1502040 493
1502050 493
1502060 493
1502070 494
1502080 494
1502090 494
1502100 493
1502110 493
1502120 494
1502130 494
1502140 494
1502150 495
1502160 497
1502170 497
1502180 498
1502190 499
1502200 499
1502210 500
1502220 501
1502230 501
1502240 501
1502250 502
1502260 503
1502270 503
1502280 504
1502290 505
1502300 505
1502310 506
1502320 506
1502330 506
1502340 507
1502350 508
1502360 508
1502370 508
1502380 509
1502390 509
1502400 510
1502410 510
1502420 510
1502430 511
1502440 511
1502450 511
1502460 511
1502470 511
1502480 511
1502490 511
1502500 511
1502510 511
1502520 511
1502530 512
1502540 512
1502550 512
1502560 512
1502570 512
1502580 512
1502590 512
1502600 512
1502610 512
1502620 511
1502630 511
1502640 511
1502650 510
1502660 510
1502670 509
1502680 509
1502690 509
1502700 508
1502710 507
1502720 507
1502730 506
1502740 506
1502750 506
1502760 505
1502770 505
1502780 505
1502790 504
1502800 503
1502810 503
1502820 502
1502830 501
1502840 501
1502850 501
1502860 500
1502870 500
1502880 499
1502890 498
1502900 498
1502910 497
1502920 496
1502930 496
1502940 495
1502950 494
1502960 494
1502970 493
1502980 493
1502990 493
1503000 492
1503010 491
1503020 491
1503030 490
1503040 490
1503050 490
1503060 489
1503070 488
1503080 488
1503090 488
1503100 487
1503110 487
1503120 487
1503130 486
1503140 486
1503150 485
1503160 484
1503170 484
1503180 483
1503190 482
1503200 482
1503210 481
1503220 480
1503230 480
1503240 480
1503250 480
1503260 480
1503270 480
1503280 480
1503290 480
1503300 481
1503310 481
1503320 481
1503330 481
1503340 481
1503350 481
1503360 480
1503370 480
1503380 480
1503390 480
1503400 480
1503410 480
1503420 481
1503430 482
1503440 482
1503450 485
1503460 487
1503470 487
1503480 489
1503490 490
1503500 490
1503510 491
1503520 492
1503530 492
1503540 493
1503550 493
1503560 493
1503570 494
1503580 495
1503590 495
1503600 495
1503610 496
1503620 496
1503630 497
1503640 497
1503650 497
1503660 497
1503670 498
1503680 498
1503690 498
1503700 498
1503710 498
1503720 498
1503730 498
1503740 498
1503750 499
1503760 499
1503770 499
1503780 499
1503790 499
1503800 499
1503810 499
1503820 499
1503830 499
1503840 500
1503850 500
1503860 500
1503870 500
1503880 500
1503890 500
1503900 500
1503910 500
1503920 500
1503930 500
1503940 500
1503950 500
1503960 500
1503970 500
1503980 500
1503990 500
1504000 500
1504010 500
1504020 500
1504030 501
1504040 501
1504050 501
1504060 501
1504070 501
1504080 501
1504090 501
1504100 501
1504110 501
1504120 501
1504130 501
1504140 500
1504150 500
1504160 500
1504170 500
1504180 500
1504190 500
1504200 500
1504210 500
1504220 500
1504230 499
1504240 499
1504250 499
1504260 499
1504270 499
1504280 499
1504290 499
1504300 499
1504310 499
1504320 499
1504330 498
1504340 498
1504350 498
1504360 498
1504370 498
1504380 498
1504390 497
1504400 497
1504410 497
1504420 496
1504430 496
1504440 496
1504450 496
1504460 496
1504470 496
1504480 496
1504490 496
1504500 496
1504510 496
1504520 496
1504530 495
1504540 495
1504550 495
1504560 495
1504570 494
1504580 494
1504590 494
1504600 493
1504610 493
1504620 493
1504630 493
1504640 493
1504650 492
1504660 492
1504670 492
1504680 491
1504690 491
1504700 491
1504710 490
1504720 490
1504730 490
1504740 489
1504750 489
1504760 489
1504770 488
1504780 488
1504790 488
1504800 488
1504810 487
1504820 487
1504830 486
1504840 486
1504850 486
1504860 485
1504870 484
1504880 484
1504890 483
1504900 483
1504910 483
1504920 482
1504930 482
1504940 482
1504950 482
1504960 482
1504970 482
1504980 482
1504990 482
1505000 481
1505010 481
1505020 481
1505030 481
1505040 481
1505050 480
1505060 480
1505070 480
1505080 479
1505090 478
1505100 478
1505110 477
1505120 477
1505130 477
1505140 477
1505150 476
1505160 476
1505170 476
1505180 476
1505190 476
1505200 478
1505210 482
1505220 482
1505230 489
1505240 495
1505250 495
1505260 498
1505270 500
1505280 500
1505290 501
1505300 503
1505310 503
1505320 504
1505330 506
1505340 506
1505350 506
1505360 507
1505370 507
1505380 507
1505390 507
1505400 507
1505410 507
1505420 508
1505430 508
1505440 508
1505450 508
1505460 508
1505470 508
1505480 507
1505490 507
1505500 507
1505510 507
1505520 507
1505530 507
1505540 506
1505550 506
1505560 506
1505570 506
1505580 506
1505590 506
1505600 505
1505610 505
1505620 505
1505630 504
1505640 504
1505650 504
1505660 503
1505670 503
1505680 502
1505690 502
1505700 502
1505710 502
1505720 502
1505730 502
1505740 502
1505750 501
1505760 501
1505770 500
1505780 500
1505790 500
1505800 499
1505810 498
1505820 498
1505830 497
1505840 496
1505850 496
1505860 496
1505870 496
1505880 496
1505890 496
1505900 497
1505910 497
1505920 497
1505930 497
1505940 497
1505950 498
1505960 499
1505970 499
1505980 500
1505990 501
1506000 501
1506010 502
1506020 503
1506030 503
1506040 504
1506050 505
1506060 505
1506070 507
1506080 508
1506090 508
1506100 510
1506110 511
1506120 511
1506130 513
1506140 514
1506150 514
1506160 516
1506170 517
1506180 517
1506190 519
1506200 520
1506210 520
1506220 521
1506230 523
1506240 523
1506250 524
1506260 526
1506270 526
1506280 527
1506290 528
1506300 528
1506310 529
1506320 530
1506330 530
1506340 531
1506350 532
1506360 532
1506370 532
1506380 533
1506390 533
1506400 533
1506410 533
1506420 533
1506430 532
1506440 531
1506450 531
1506460 530
1506470 529
1506480 529
1506490 529
1506500 528
1506510 528
1506520 527
1506530 526
1506540 526
1506550 525
1506560 524
1506570 524
1506580 522
1506590 521
1506600 521
1506610 520
1506620 519
1506630 519
1506640 518
1506650 516
1506660 516
1506670 515
1506680 515
1506690 515
1506700 514
1506710 514
1506720 514
1506730 513
1506740 512
1506750 512
1506760 512
1506770 512
1506780 512
1506790 511
1506800 511
1506810 511
1506820 511
1506830 511
1506840 511
1506850 511
1506860 511
1506870 511
1506880 511
1506890 511
1506900 511
1506910 511
1506920 511
1506930 511
1506940 511
1506950 510
1506960 510
1506970 510
1506980 509
1506990 509
1507000 509
1507010 509
1507020 509
1507030 509
1507040 509
1507050 509
1507060 508
1507070 508
1507080 508
1507090 507
1507100 506
1507110 506
1507120 506
1507130 506
1507140 506
1507150 505
1507160 505
1507170 505
1507180 504
1507190 503
1507200 503
1507210 503
1507220 502
1507230 502
1507240 502
1507250 501
1507260 501
1507270 501
1507280 500
1507290 500
1507300 500
1507310 499
1507320 499
1507330 498
1507340 497
1507350 497
1507360 497
1507370 496
1507380 496
1507390 495
1507400 494
1507410 494
1507420 494
1507430 493
1507440 493
1507450 492
1507460 491
1507470 491
1507480 490
1507490 489
1507500 489
1507510 488
1507520 487
1507530 487
1507540 485
1507550 484
1507560 484
1507570 482
1507580 481
1507590 481
1507600 480
1507610 480
1507620 480
1507630 479
1507640 479
1507650 479
1507660 479
1507670 479
1507680 480
1507690 480
1507700 481
1507710 482
1507720 482
1507730 483
1507740 484
1507750 484
1507760 485
1507770 485
1507780 485
1507790 486
1507800 486
1507810 486
1507820 486
1507830 485
1507840 485
1507850 484
1507860 481
1507870 481
1507880 480
1507890 479
1507900 479
1507910 479
1507920 479
1507930 479
1507940 479
1507950 479
1507960 479
1507970 480
1507980 480
1507990 480
1508000 480
1508010 480
1508020 480
1508030 481
1508040 482
1508050 482
1508060 483
1508070 484
1508080 484
1508090 486
1508100 487
1508110 487
1508120 488
1508130 488
1508140 488
1508150 489
1508160 490
1508170 490
1508180 491
1508190 491
1508200 491
1508210 492
1508220 492
1508230 492
1508240 493
1508250 493
1508260 493
1508270 494
1508280 494
1508290 494
1508300 495
1508310 495
1508320 495
1508330 496
1508340 496
1508350 496
1508360 496
1508370 497
1508380 497
1508390 497
1508400 498
1508410 498
1508420 498
1508430 498
1508440 498
1508450 499
1508460 499
1508470 499
1508480 499
1508490 500
1508500 500
1508510 500
1508520 500
1508530 500
1508540 501
1508550 501
1508560 501
1508570 501
1508580 501
1508590 501
1508600 501
1508610 502
1508620 502
1508630 502
1508640 502
1508650 502
1508660 502
1508670 503
1508680 503
1508690 503
1508700 503
1508710 503
1508720 503
1508730 503
1508740 503
1508750 504
1508760 504
1508770 504
1508780 504
1508790 504
1508800 504
1508810 504
1508820 504
1508830 504
1508840 504
1508850 504
1508860 504
1508870 504
1508880 504
1508890 504
1508900 504
1508910 503
1508920 503
1508930 503
1508940 503
1508950 503
1508960 503
1508970 502
1508980 502
1508990 502
1509000 502
1509010 502
1509020 501
1509030 501
1509040 501
1509050 501
1509060 500
1509070 500
1509080 500
1509090 499
1509100 499
1509110 499
1509120 498
1509130 498
1509140 498
1509150 497
1509160 497
1509170 495
1509180 493
1509190 493
1509200 493
1509210 493
1509220 493
1509230 493
1509240 493
1509250 493
1509260 493
1509270 493
1509280 493
1509290 493
1509300 493
1509310 493
1509320 493
1509330 493
1509340 493
1509350 493
1509360 493
1509370 493
1509380 493
1509390 493
1509400 493
1509410 493
1509420 494
1509430 494
1509440 495
1509450 497
1509460 497
1509470 500
1509480 502
1509490 502
1509500 503
1509510 503
1509520 503
1509530 504
1509540 505
1509550 505
1509560 506
1509570 507
1509580 507
1509590 508
1509600 509
1509610 509
1509620 511
1509630 512
1509640 512
1509650 513
1509660 513
1509670 513
1509680 514
1509690 515
1509700 515
1509710 516
1509720 518
1509730 518
1509740 519
1509750 520
1509760 520
1509770 522
1509780 523
1509790 523
1509800 524
1509810 525
1509820 525
1509830 525
1509840 525
1509850 525
1509860 525
1509870 526
1509880 526
1509890 526
1509900 526
1509910 526
1509920 527
1509930 527
1509940 527
1509950 527
1509960 527
1509970 527
1509980 528
1509990 528
1510000 528
1510010 528
1510020 528
1510030 528
1510040 528
1510050 528
1510060 528
1510070 528
1510080 528
1510090 528
1510100 528
1510110 528
1510120 528
1510130 528
1510140 527
1510150 527
1510160 527
1510170 527
1510180 527
1510190 526
1510200 526
1510210 526
1510220 525
1510230 525
1510240 525
1510250 525
1510260 525
1510270 525
1510280 524
1510290 524
1510300 524
1510310 524
1510320 524
1510330 524
1510340 524
1510350 524
1510360 525
1510370 525
1510380 525
1510390 525
1510400 525
1510410 525
1510420 526
1510430 526
1510440 526
1510450 526
1510460 526
1510470 526
1510480 526
1510490 526
1510500 526
1510510 527
1510520 527
1510530 528
1510540 529
1510550 529
1510560 530
1510570 531
1510580 531
1510590 532
1510600 532
1510610 532
1510620 533
1510630 533
1510640 533
1510650 534
1510660 534
1510670 534
1510680 535
1510690 535
1510700 535
1510710 535
1510720 536
1510730 536
1510740 536
1510750 536
1510760 536
1510770 537
1510780 537
1510790 537
1510800 537
1510810 538
1510820 538
1510830 538
1510840 538
1510850 538
1510860 538
1510870 537
1510880 537
1510890 537
1510900 537
1510910 537
1510920 537
1510930 536
1510940 536
1510950 536
1510960 536
1510970 536
1510980 535
1510990 534
1511000 534
1511010 533
1511020 533
1511030 533
1511040 532
1511050 531
1511060 531
1511070 531
1511080 530
1511090 530
1511100 529
1511110 528
1511120 528
1511130 527
1511140 526
1511150 526
1511160 525
1511170 524
1511180 524
1511190 524
1511200 523
1511210 523
1511220 523
1511230 522
1511240 522
1511250 522
1511260 521
1511270 521
1511280 521
1511290 520
1511300 520
1511310 520
1511320 520
1511330 520
1511340 520
1511350 520
1511360 520
1511370 519
1511380 519
1511390 519
1511400 519
1511410 519
1511420 519
1511430 519
1511440 519
1511450 519
1511460 519
1511470 519
1511480 519
1511490 520
1511500 520
1511510 520
1511520 521
1511530 521
1511540 521
1511550 522
1511560 522
1511570 522
1511580 523
1511590 523
1511600 523
1511610 524
1511620 525
1511630 525
1511640 526
1511650 527
1511660 527
1511670 528
1511680 529
1511690 529
1511700 530
1511710 531
1511720 531
1511730 531
1511740 532
1511750 532
1511760 533
1511770 534
1511780 534
1511790 534
1511800 535
1511810 535
1511820 536
1511830 536
1511840 536
1511850 537
1511860 537
1511870 537
1511880 538
1511890 538
1511900 538
1511910 538
1511920 537
1511930 537
1511940 537
1511950 537
1511960 537
1511970 536
1511980 536
1511990 536
1512000 535
1512010 535
1512020 535
1512030 534
1512040 534
1512050 534
1512060 534
1512070 534
1512080 534
1512090 535
1512100 536
1512110 536
1512120 537
1512130 537
1512140 537
1512150 537
1512160 537
1512170 537
1512180 538
1512190 538
1512200 538
1512210 539
1512220 540
1512230 540
1512240 541
1512250 541
1512260 541
1512270 542
1512280 543
1512290 543
1512300 544
1512310 545
1512320 545
1512330 545
1512340 546
1512350 546
1512360 547
1512370 548
1512380 548
1512390 548
1512400 549
1512410 549
1512420 550
1512430 551
1512440 551
1512450 552
1512460 552
1512470 552
1512480 552
1512490 553
1512500 553
1512510 555
1512520 556
1512530 556
1512540 557
1512550 558
1512560 558
1512570 558
1512580 559
1512590 559
1512600 560
1512610 561
1512620 561
1512630 561
1512640 562
1512650 562
1512660 562
1512670 563
1512680 563
1512690 564
1512700 564
1512710 564
1512720 565
1512730 565
1512740 565
1512750 566
1512760 566
1512770 566
1512780 567
1512790 567
1512800 567
1512810 568
1512820 568
1512830 568
1512840 568
1512850 568
1512860 568
1512870 568
1512880 568
1512890 568
1512900 568
1512910 568
1512920 568
1512930 568
1512940 569
1512950 569
1512960 569
1512970 569
1512980 569
1512990 570
1513000 570
1513010 570
1513020 571
1513030 571
1513040 571
1513050 572
1513060 573
1513070 573
1513080 573
1513090 574
1513100 575
1513110 575
1513120 576
1513130 577
1513140 577
1513150 578
1513160 579
1513170 579
1513180 579
1513190 580
1513200 580
1513210 580
1513220 581
1513230 581
1513240 581
1513250 581
1513260 581
1513270 581
1513280 581
1513290 581
1513300 581
1513310 581
1513320 581
1513330 581
1513340 581
1513350 581
1513360 580
1513370 579
1513380 579
1513390 579
1513400 578
1513410 578
1513420 577
1513430 577
1513440 577
1513450 577
1513460 576
1513470 576
1513480 576
1513490 575
1513500 575
1513510 575
1513520 574
1513530 574
1513540 574
1513550 574
1513560 574
1513570 574
1513580 574
1513590 574
1513600 574
1513610 573
1513620 573
1513630 574
1513640 574
1513650 574
1513660 574
1513670 575
1513680 575
1513690 575
1513700 575
1513710 575
1513720 575
1513730 576
1513740 576
1513750 576
1513760 577
1513770 577
1513780 577
1513790 578
1513800 578
1513810 578
1513820 578
1513830 578
1513840 578
1513850 579
1513860 579
1513870 579
1513880 580
1513890 580
1513900 580
1513910 581
1513920 581
1513930 581
1513940 581
1513950 581
1513960 581
1513970 582
1513980 582
1513990 583
1514000 584
1514010 584
1514020 585
1514030 586
1514040 586
1514050 587
1514060 587
1514070 587
1514080 588
1514090 589
1514100 589
1514110 589
1514120 589
1514130 589
1514140 588
1514150 587
1514160 587
1514170 587
1514180 587
1514190 587
1514200 587
1514210 587
1514220 587
1514230 588
1514240 588
1514250 588
1514260 589
1514270 590
1514280 590
1514290 591
1514300 591
1514310 591
1514320 591
1514330 592
1514340 592
1514350 593
1514360 593
1514370 593
1514380 594
1514390 595
1514400 595
1514410 597
1514420 598
1514430 598
1514440 600
1514450 601
1514460 601
1514470 603
1514480 604
1514490 604
1514500 605
1514510 606
1514520 606
1514530 607
1514540 608
1514550 608
1514560 609
1514570 610
1514580 610
1514590 610
1514600 611
1514610 611
1514620 612
1514630 613
1514640 613
1514650 614
1514660 615
1514670 615
1514680 616
1514690 618
1514700 618
1514710 619
1514720 621
1514730 621
1514740 623
1514750 624
1514760 624
1514770 626
1514780 627
1514790 627
1514800 628
1514810 630
1514820 630
1514830 631
1514840 633
1514850 633
1514860 635
1514870 638
1514880 638
1514890 642
1514900 645
1514910 645
1514920 647
1514930 648
1514940 648
1514950 649
1514960 650
1514970 650
1514980 649
1514990 648
1515000 648
1515010 644
1515020 642
1515030 642
1515040 639
1515050 638
1515060 638
1515070 640
1515080 644
1515090 644
1515100 648
1515110 651
1515120 651
1515130 655
1515140 660
1515150 660
1515160 666
1515170 670
1515180 670
1515190 675
1515200 678
1515210 678
1515220 679
1515230 680
1515240 680
1515250 683
1515260 686
1515270 686
1515280 689
1515290 692
1515300 692
1515310 694
1515320 695
1515330 695
1515340 695
1515350 694
1515360 694
1515370 692
1515380 691
1515390 691
1515400 689
1515410 687
1515420 687
1515430 686
1515440 685
1515450 685
1515460 684
1515470 684
1515480 684
1515490 683
1515500 683
1515510 683
1515520 682
1515530 682
1515540 682
1515550 681
1515560 680
1515570 680
1515580 678
1515590 676
1515600 676
1515610 675
1515620 674
1515630 674
1515640 672
1515650 670
1515660 670
1515670 668
1515680 666
1515690 666
1515700 665
1515710 663
1515720 663
1515730 662
1515740 660
1515750 660
1515760 659
1515770 657
1515780 655
1515790 655
1515800 652
1515810 651
1515820 651
1515830 649
1515840 650
1515850 650
1515860 652
1515870 654
1515880 654
1515890 656
1515900 659
1515910 659
1515920 662
1515930 665
1515940 665
1515950 668
1515960 671
1515970 671
1515980 673
1515990 676
1516000 676
1516010 678
1516020 681
1516030 681
1516040 684
1516050 686
1516060 686
1516070 688
1516080 690
1516090 690
1516100 693
1516110 695
1516120 695
1516130 697
1516140 699
1516150 699
1516160 701
1516170 702
1516180 702
1516190 704
1516200 705
1516210 705
1516220 706
1516230 707
1516240 707
1516250 707
1516260 707
1516270 707
1516280 707
1516290 706
1516300 706
1516310 704
1516320 700
1516330 700
1516340 695
1516350 689
1516360 689
1516370 683
1516380 678
1516390 678
1516400 673
1516410 670
1516420 670
1516430 667
1516440 667
1516450 667
1516460 667
1516470 668
1516480 668
1516490 669
1516500 670
1516510 670
1516520 676
1516530 677
1516540 677
1516550 678
1516560 678
1516570 678
1516580 678
1516590 679
1516600 679
1516610 680
1516620 679
1516630 679
1516640 677
1516650 675
1516660 675
1516670 672
1516680 669
1516690 669
1516700 664
1516710 659
1516720 659
1516730 654
1516740 649
1516750 649
1516760 643
1516770 637
1516780 637
1516790 633
1516800 631
1516810 631
1516820 629
1516830 628
1516840 628
1516850 627
1516860 626
1516870 626
1516880 626
1516890 626
1516900 626
1516910 625
1516920 625
1516930 625
1516940 624
1516950 622
1516960 622
1516970 621
1516980 621
1516990 621
1517000 622
1517010 622
1517020 622
1517030 623
1517040 622
1517050 622
1517060 621
1517070 621
1517080 621
1517090 620
1517100 619
1517110 619
1517120 618
1517130 616
1517140 616
1517150 615
1517160 614
1517170 614
1517180 613
1517190 611
1517200 611
1517210 609
1517220 608
1517230 608
1517240 605
1517250 598
1517260 598
1517270 590
1517280 586
1517290 586
1517300 584
1517310 584
1517320 584
1517330 584
1517340 584
1517350 584
1517360 584
1517370 584
1517380 584
1517390 585
1517400 585
1517410 585
1517420 585
1517430 584
1517440 584
1517450 583
1517460 582
1517470 582
1517480 581
1517490 580
1517500 580
1517510 579
1517520 578
1517530 578
1517540 578
1517550 577
1517560 577
1517570 576
1517580 575
1517590 575
1517600 574
1517610 574
1517620 574
1517630 573
1517640 573
1517650 573
1517660 572
1517670 571
1517680 571
1517690 570
1517700 570
1517710 570
1517720 569
1517730 568
1517740 568
1517750 568
1517760 567
1517770 567
1517780 566
1517790 565
1517800 565
1517810 564
1517820 564
1517830 564
1517840 563
1517850 562
1517860 562
1517870 561
1517880 559
1517890 559
1517900 557
1517910 556
1517920 556
1517930 555
1517940 552
1517950 552
1517960 549
1517970 549
1517980 549
1517990 548
1518000 545
1518010 545
1518020 543
1518030 541
1518040 541
1518050 539
1518060 537
1518070 537
1518080 536
1518090 536
1518100 536
1518110 536
1518120 536
1518130 536
1518140 534
1518150 533
1518160 533
1518170 533
1518180 532
1518190 532
1518200 531
1518210 530
1518220 530
1518230 530
1518240 531
1518250 531
1518260 531
1518270 530
1518280 530
1518290 529
1518300 528
1518310 528
1518320 527
1518330 528
1518340 528
1518350 527
1518360 527
1518370 527
1518380 526
1518390 526
1518400 526
1518410 525
1518420 525
1518430 525
1518440 524
1518450 524
1518460 523
1518470 523
1518480 522
1518490 521
1518500 521
1518510 520
1518520 519
1518530 519
1518540 518
1518550 517
1518560 517
1518570 517
1518580 516
1518590 516
1518600 516
1518610 515
1518620 515
1518630 515
1518640 514
1518650 514
1518660 514
1518670 513
1518680 513
1518690 513
1518700 513
1518710 513
1518720 512
1518730 512
1518740 512
1518750 511
1518760 511
1518770 511
1518780 510
1518790 510
1518800 510
1518810 510
1518820 509
1518830 509
1518840 509
1518850 509
1518860 509
1518870 508
1518880 508
1518890 508
1518900 508
1518910 508
1518920 508
1518930 508
1518940 507
1518950 507
1518960 507
1518970 506
1518980 506
1518990 506
1519000 506
1519010 506
1519020 505
1519030 505
1519040 505
1519050 504
1519060 504
1519070 504
1519080 504
1519090 503
1519100 503
1519110 503
1519120 503
1519130 503
1519140 503
1519150 504
1519160 504
1519170 505
1519180 505
1519190 505
1519200 504
1519210 504
1519220 504
1519230 503
1519240 503
1519250 503
1519260 502
1519270 502
1519280 502
1519290 502
1519300 502
1519310 502
1519320 503
1519330 502
1519340 502
1519350 500
1519360 500
1519370 500
1519380 501
1519390 500
1519400 500
1519410 498
1519420 497
1519430 497
1519440 497
1519450 497
1519460 497
1519470 497
1519480 497
1519490 497
1519500 497
1519510 497
1519520 497
1519530 497
1519540 497
1519550 497
1519560 497
1519570 497
1519580 497
1519590 497
1519600 497
1519610 497
1519620 497
1519630 497
1519640 497
1519650 497
1519660 497
1519670 497
1519680 497
1519690 496
1519700 496
1519710 496
1519720 495
1519730 495
1519740 495
1519750 494
1519760 494
1519770 494
1519780 493
1519790 493
1519800 492
1519810 491
1519820 491
1519830 491
1519840 490
1519850 490
1519860 490
1519870 489
1519880 489
1519890 490
1519900 489
1519910 489
1519920 489
1519930 489
1519940 489
1519950 489
1519960 489
1519970 489
1519980 489
1519990 489
