1500000 417
1500010 418
1500020 418
1500030 418
1500040 418
1500050 418
1500060 418
1500070 418
1500080 418
1500090 418
1500100 418
1500110 418
1500120 418
1500130 419
1500140 419
1500150 419
1500160 420
1500170 420
1500180 420
1500190 419
1500200 419
1500210 419
1500220 420
1500230 420
1500240 420
1500250 420
1500260 420
1500270 420
1500280 421
1500290 421
1500300 421
1500310 422
1500320 422
1500330 422
1500340 423
1500350 423
1500360 423
1500370 424
1500380 424
1500390 424
1500400 424
1500410 424
1500420 424
1500430 424
1500440 425
1500450 425
1500460 425
1500470 425
1500480 425
1500490 425
1500500 425
1500510 425
1500520 426
1500530 426
1500540 426
1500550 426
1500560 426
1500570 426
1500580 426
1500590 427
1500600 427
1500610 427
1500620 427
1500630 427
1500640 427
1500650 428
1500660 428
1500670 428
1500680 428
1500690 428
1500700 428
1500710 429
1500720 429
1500730 429
1500740 429
1500750 429
1500760 429
1500770 430
1500780 430
1500790 430
1500800 430
1500810 430
1500820 430
1500830 431
1500840 431
1500850 431
1500860 431
1500870 431
1500880 431
1500890 432
1500900 432
1500910 432
1500920 432
1500930 432
1500940 432
1500950 432
1500960 432
1500970 432
1500980 433
1500990 433
1501000 433
1501010 433
1501020 433
1501030 434
1501040 434
1501050 434
1501060 434
1501070 435
1501080 435
1501090 435
1501100 435
1501110 435
1501120 435
1501130 436
1501140 436
1501150 436
1501160 436
1501170 436
1501180 437
1501190 437
1501200 437
1501210 437
1501220 438
1501230 438
1501240 438
1501250 438
1501260 438
1501270 438
1501280 439
1501290 439
1501300 439
1501310 440
1501320 440
1501330 440
1501340 440
1501350 440
1501360 440
1501370 441
1501380 441
1501390 441
1501400 441
1501410 441
1501420 442
1501430 442
1501440 442
1501450 442
1501460 442
1501470 442
1501480 441
1501490 441
1501500 441
1501510 441
1501520 441
1501530 441
1501540 441
1501550 442
1501560 442
1501570 443
1501580 444
1501590 444
1501600 446
1501610 447
1501620 447
1501630 448
1501640 449
1501650 449
1501660 450
1501670 451
1501680 451
1501690 452
1501700 453
1501710 453
1501720 454
1501730 454
1501740 454
1501750 455
1501760 456
1501770 456
1501780 457
1501790 457
1501800 457
1501810 458
1501820 458
1501830 458
1501840 458
1501850 459
1501860 459
1501870 460
1501880 460
1501890 460
1501900 461
1501910 461
1501920 461
1501930 462
1501940 462
1501950 462
1501960 463
1501970 463
1501980 463
1501990 464
1502000 464
1502010 464
1502020 464
1502030 465
1502040 465
1502050 465
1502060 465
1502070 465
1502080 466
1502090 466
1502100 466
1502110 466
1502120 466
1502130 466
1502140 466
1502150 467
1502160 467
1502170 467
1502180 467
1502190 467
1502200 467
1502210 467
1502220 466
1502230 466
1502240 466
1502250 466
1502260 466
1502270 465
1502280 465
1502290 465
1502300 464
1502310 463
1502320 463
1502330 462
1502340 461
1502350 461
1502360 460
1502370 459
1502380 459
1502390 458
1502400 457
1502410 457
1502420 457
1502430 457
1502440 457
1502450 458
1502460 458
1502470 458
1502480 459
1502490 459
1502500 459
1502510 460
1502520 460
1502530 460
1502540 460
1502550 461
1502560 461
1502570 461
1502580 461
1502590 461
1502600 462
1502610 462
1502620 462
1502630 462
1502640 463
1502650 463
1502660 463
1502670 463
1502680 463
1502690 463
1502700 464
1502710 464
1502720 464
1502730 464
1502740 464
1502750 464
1502760 464
1502770 464
1502780 464
1502790 464
1502800 464
1502810 465
1502820 464
1502830 464
1502840 464
1502850 464
1502860 464
1502870 464
1502880 463
1502890 463
1502900 462
1502910 462
1502920 462
1502930 461
1502940 461
1502950 461
1502960 460
1502970 460
1502980 460
1502990 460
1503000 460
1503010 460
1503020 460
1503030 460
1503040 460
1503050 461
1503060 461
1503070 461
1503080 462
1503090 462
1503100 462
1503110 463
1503120 463
1503130 463
1503140 464
1503150 465
1503160 465
1503170 466
1503180 466
1503190 466
1503200 467
1503210 468
1503220 468
1503230 468
1503240 469
1503250 469
1503260 470
1503270 471
1503280 471
1503290 472
1503300 473
1503310 473
1503320 474
1503330 476
1503340 476
1503350 477
1503360 478
1503370 478
1503380 479
1503390 480
1503400 480
1503410 480
1503420 481
1503430 481
1503440 481
1503450 482
1503460 482
1503470 482
1503480 482
1503490 482
1503500 482
1503510 482
1503520 482
1503530 481
1503540 481
1503550 481
1503560 481
1503570 480
1503580 480
1503590 479
1503600 479
1503610 479
1503620 478
1503630 477
1503640 477
1503650 477
1503660 476
1503670 476
1503680 475
1503690 474
1503700 474
1503710 473
1503720 472
1503730 472
1503740 472
1503750 471
1503760 471
1503770 470
1503780 469
1503790 469
1503800 469
1503810 468
1503820 468
1503830 467
1503840 467
1503850 467
1503860 466
1503870 466
1503880 466
1503890 465
1503900 465
1503910 465
1503920 464
1503930 464
1503940 464
1503950 463
1503960 463
1503970 463
1503980 462
1503990 462
1504000 462
1504010 461
1504020 461
1504030 461
1504040 460
1504050 460
1504060 460
1504070 459
1504080 459
1504090 459
1504100 458
1504110 457
1504120 457
1504130 457
1504140 456
1504150 456
1504160 456
1504170 455
1504180 455
1504190 454
1504200 453
1504210 453
1504220 452
1504230 452
1504240 452
1504250 452
1504260 451
1504270 451
1504280 451
1504290 450
1504300 450
1504310 449
1504320 449
1504330 449
1504340 449
1504350 450
1504360 450
1504370 450
1504380 450
1504390 450
1504400 450
1504410 450
1504420 450
1504430 450
1504440 451
1504450 451
1504460 451
1504470 451
1504480 451
1504490 452
1504500 452
1504510 452
1504520 453
1504530 453
1504540 453
1504550 454
1504560 454
1504570 454
1504580 454
1504590 455
1504600 455
1504610 455
1504620 456
1504630 456
1504640 456
1504650 457
1504660 457
1504670 457
1504680 458
1504690 458
1504700 458
1504710 459
1504720 459
1504730 459
1504740 460
1504750 460
1504760 460
1504770 461
1504780 461
1504790 461
1504800 462
1504810 462
1504820 463
1504830 463
1504840 463
1504850 464
1504860 464
1504870 464
1504880 465
1504890 466
1504900 466
1504910 466
1504920 467
1504930 467
1504940 467
1504950 468
1504960 468
1504970 468
1504980 469
1504990 469
1505000 469
1505010 470
1505020 470
1505030 470
1505040 471
1505050 471
1505060 471
1505070 471
1505080 471
1505090 472
1505100 472
1505110 472
1505120 473
1505130 473
1505140 473
1505150 474
1505160 475
1505170 475
1505180 475
1505190 475
1505200 475
1505210 476
1505220 476
1505230 476
1505240 477
1505250 477
1505260 477
1505270 478
1505280 478
1505290 478
1505300 478
1505310 478
1505320 478
1505330 478
1505340 478
1505350 478
1505360 478
1505370 479
1505380 479
1505390 479
1505400 478
1505410 478
1505420 478
1505430 478
1505440 478
1505450 478
1505460 477
1505470 477
1505480 476
1505490 475
1505500 475
1505510 474
1505520 473
1505530 473
1505540 472
1505550 471
1505560 471
1505570 469
1505580 468
1505590 468
1505600 466
1505610 464
1505620 464
1505630 462
1505640 460
1505650 460
1505660 458
1505670 456
1505680 456
1505690 455
1505700 453
1505710 453
1505720 452
1505730 451
1505740 451
1505750 451
1505760 450
1505770 450
1505780 449
1505790 449
1505800 449
1505810 448
1505820 448
1505830 448
1505840 448
1505850 447
1505860 447
1505870 447
1505880 446
1505890 446
1505900 446
1505910 446
1505920 446
1505930 446
1505940 447
1505950 447
1505960 447
1505970 447
1505980 447
1505990 448
1506000 448
1506010 448
1506020 448
1506030 447
1506040 447
1506050 447
1506060 447
1506070 447
1506080 447
1506090 446
1506100 446
1506110 445
1506120 445
1506130 445
1506140 444
1506150 443
1506160 443
1506170 443
1506180 442
1506190 442
1506200 441
1506210 441
1506220 441
1506230 440
1506240 439
1506250 439
1506260 438
1506270 437
1506280 437
1506290 436
1506300 436
1506310 436
1506320 437
1506330 437
1506340 437
1506350 437
1506360 437
1506370 437
1506380 437
1506390 436
1506400 436
1506410 436
1506420 436
1506430 436
1506440 436
1506450 436
1506460 436
1506470 437
1506480 437
1506490 437
1506500 438
1506510 439
1506520 439
1506530 441
1506540 442
1506550 442
1506560 443
1506570 444
1506580 444
1506590 446
1506600 447
1506610 447
1506620 449
1506630 450
1506640 450
1506650 452
1506660 453
1506670 453
1506680 455
1506690 456
1506700 456
1506710 457
1506720 459
1506730 459
1506740 460
1506750 461
1506760 461
1506770 461
1506780 462
1506790 462
1506800 463
1506810 464
1506820 464
1506830 464
1506840 465
1506850 465
1506860 466
1506870 467
1506880 467
1506890 467
1506900 468
1506910 468
1506920 468
1506930 469
1506940 469
1506950 469
1506960 470
1506970 470
1506980 470
1506990 470
1507000 470
1507010 471
1507020 471
1507030 471
1507040 471
1507050 471
1507060 471
1507070 470
1507080 469
1507090 469
1507100 468
1507110 467
1507120 467
1507130 466
1507140 464
1507150 464
1507160 463
1507170 461
1507180 461
1507190 460
1507200 460
1507210 460
1507220 459
1507230 459
1507240 459
1507250 458
1507260 457
1507270 457
1507280 457
1507290 456
1507300 456
1507310 456
1507320 455
1507330 455
1507340 454
1507350 454
1507360 454
1507370 453
1507380 452
1507390 452
1507400 452
1507410 451
1507420 451
1507430 450
1507440 450
1507450 450
1507460 449
1507470 449
1507480 449
1507490 448
1507500 448
1507510 448
1507520 447
1507530 446
1507540 446
1507550 446
1507560 445
1507570 445
1507580 444
1507590 444
1507600 444
1507610 442
1507620 441
1507630 441
1507640 441
1507650 440
1507660 440
1507670 440
1507680 439
1507690 439
1507700 437
1507710 435
1507720 435
1507730 434
1507740 433
1507750 433
1507760 433
1507770 434
1507780 434
1507790 435
1507800 436
1507810 436
1507820 438
1507830 441
1507840 441
1507850 445
1507860 448
1507870 448
1507880 449
1507890 451
1507900 451
1507910 453
1507920 454
1507930 454
1507940 456
1507950 457
1507960 457
1507970 458
1507980 459
1507990 459
1508000 460
1508010 461
1508020 461
1508030 462
1508040 462
1508050 462
1508060 462
1508070 462
1508080 462
1508090 463
1508100 463
1508110 463
1508120 463
1508130 462
1508140 462
1508150 462
1508160 462
1508170 462
1508180 461
1508190 461
1508200 461
1508210 461
1508220 460
1508230 460
1508240 460
1508250 459
1508260 459
1508270 458
1508280 458
1508290 458
1508300 457
1508310 456
1508320 456
1508330 455
1508340 455
1508350 455
1508360 454
1508370 453
1508380 453
1508390 452
1508400 452
1508410 452
1508420 451
1508430 451
1508440 451
1508450 451
1508460 450
1508470 450
1508480 449
1508490 448
1508500 448
1508510 448
1508520 448
1508530 448
1508540 447
1508550 447
1508560 447
1508570 447
1508580 447
1508590 447
1508600 447
1508610 447
1508620 447
1508630 446
1508640 446
1508650 446
1508660 446
1508670 446
1508680 446
1508690 446
1508700 446
1508710 446
1508720 446
1508730 446
1508740 446
1508750 446
1508760 445
1508770 445
1508780 445
1508790 445
1508800 445
1508810 445
1508820 444
1508830 444
1508840 444
1508850 443
1508860 443
1508870 443
1508880 442
1508890 442
1508900 441
1508910 441
1508920 441
1508930 441
1508940 441
1508950 441
1508960 441
1508970 441
1508980 441
1508990 441
1509000 440
1509010 440
1509020 440
1509030 440
1509040 440
1509050 440
1509060 440
1509070 440
1509080 440
1509090 440
1509100 440
1509110 440
1509120 440
1509130 440
1509140 440
1509150 440
1509160 440
1509170 440
1509180 440
1509190 440
1509200 440
1509210 440
1509220 440
1509230 440
1509240 440
1509250 440
1509260 440
1509270 440
1509280 440
1509290 440
1509300 440
1509310 440
1509320 440
1509330 440
1509340 440
1509350 440
1509360 440
1509370 439
1509380 439
1509390 439
1509400 438
1509410 438
1509420 437
1509430 436
1509440 436
1509450 436
1509460 435
1509470 435
1509480 435
1509490 434
1509500 434
1509510 434
1509520 433
1509530 433
1509540 433
1509550 434
1509560 434
1509570 434
1509580 434
1509590 434
1509600 435
1509610 435
1509620 435
1509630 435
1509640 435
1509650 435
1509660 435
1509670 435
1509680 435
1509690 436
1509700 436
1509710 436
1509720 436
1509730 436
1509740 436
1509750 436
1509760 436
1509770 436
1509780 436
1509790 436
1509800 436
1509810 436
1509820 436
1509830 436
1509840 436
1509850 436
1509860 436
1509870 436
1509880 436
1509890 436
1509900 436
1509910 436
1509920 436
1509930 437
1509940 437
1509950 437
1509960 437
1509970 437
1509980 437
1509990 437
1510000 437
1510010 437
1510020 438
1510030 438
1510040 438
1510050 438
1510060 438
1510070 438
1510080 438
1510090 439
1510100 439
1510110 439
1510120 439
1510130 439
1510140 439
1510150 439
1510160 439
1510170 440
1510180 440
1510190 440
1510200 440
1510210 441
1510220 441
1510230 441
1510240 441
1510250 441
1510260 442
1510270 442
1510280 442
1510290 442
1510300 442
1510310 442
1510320 443
1510330 443
1510340 443
1510350 444
1510360 444
1510370 444
1510380 445
1510390 445
1510400 445
1510410 445
1510420 446
1510430 446
1510440 447
1510450 447
1510460 447
1510470 448
1510480 449
1510490 449
1510500 450
1510510 450
1510520 450
1510530 451
1510540 451
1510550 451
1510560 452
1510570 452
1510580 452
1510590 452
1510600 453
1510610 453
1510620 453
1510630 454
1510640 454
1510650 454
1510660 455
1510670 455
1510680 455
1510690 455
1510700 455
1510710 455
1510720 455
1510730 455
1510740 455
1510750 454
1510760 454
1510770 454
1510780 452
1510790 452
1510800 452
1510810 452
1510820 452
1510830 452
1510840 453
1510850 453
1510860 455
1510870 456
1510880 456
1510890 457
1510900 458
1510910 458
1510920 459
1510930 459
1510940 459
1510950 460
1510960 460
1510970 460
1510980 461
1510990 461
1511000 461
1511010 461
1511020 462
1511030 462
1511040 462
1511050 462
1511060 462
1511070 462
1511080 463
1511090 463
1511100 463
1511110 463
1511120 463
1511130 463
1511140 463
1511150 463
1511160 463
1511170 463
1511180 463
1511190 463
1511200 463
1511210 463
1511220 463
1511230 463
1511240 463
1511250 463
1511260 463
1511270 463
1511280 462
1511290 463
1511300 463
1511310 463
1511320 463
1511330 463
1511340 464
1511350 464
1511360 464
1511370 465
1511380 466
1511390 466
1511400 467
1511410 467
1511420 467
1511430 468
1511440 469
1511450 469
1511460 470
1511470 471
1511480 471
1511490 472
1511500 474
1511510 474
1511520 475
1511530 476
1511540 476
1511550 478
1511560 479
1511570 479
1511580 480
1511590 481
1511600 481
1511610 482
1511620 483
1511630 483
1511640 484
1511650 485
1511660 485
1511670 486
1511680 486
1511690 486
1511700 487
1511710 488
1511720 488
1511730 488
1511740 488
1511750 488
1511760 489
1511770 489
1511780 489
1511790 489
1511800 489
1511810 489
1511820 489
1511830 489
1511840 489
1511850 489
1511860 489
1511870 489
1511880 489
1511890 489
1511900 489
1511910 489
1511920 489
1511930 489
1511940 488
1511950 488
1511960 488
1511970 488
1511980 487
1511990 487
1512000 486
1512010 484
1512020 484
1512030 482
1512040 481
1512050 481
1512060 480
1512070 480
1512080 480
1512090 480
1512100 480
1512110 480
1512120 480
1512130 480
1512140 480
1512150 480
1512160 480
1512170 480
1512180 480
1512190 479
1512200 479
1512210 479
1512220 478
1512230 478
1512240 477
1512250 476
1512260 476
1512270 475
1512280 474
1512290 474
1512300 473
1512310 472
1512320 472
1512330 471
1512340 470
1512350 470
1512360 468
1512370 467
1512380 467
1512390 465
1512400 465
1512410 465
1512420 464
1512430 464
1512440 464
1512450 464
1512460 463
1512470 463
1512480 462
1512490 461
1512500 461
1512510 460
1512520 459
1512530 459
1512540 458
1512550 457
1512560 457
1512570 458
1512580 459
1512590 459
1512600 461
1512610 462
1512620 462
1512630 464
1512640 465
1512650 465
1512660 466
1512670 467
1512680 467
1512690 468
1512700 469
1512710 469
1512720 469
1512730 469
1512740 469
1512750 469
1512760 469
1512770 469
1512780 469
1512790 469
1512800 469
1512810 469
1512820 469
1512830 469
1512840 468
1512850 468
1512860 468
1512870 468
1512880 468
1512890 468
1512900 467
1512910 467
1512920 467
1512930 467
1512940 466
1512950 466
1512960 466
1512970 465
1512980 465
1512990 465
1513000 464
1513010 464
1513020 464
1513030 463
1513040 463
1513050 463
1513060 462
1513070 462
1513080 462
1513090 461
1513100 461
1513110 460
1513120 459
1513130 459
1513140 457
1513150 456
1513160 456
1513170 455
1513180 454
1513190 454
1513200 454
1513210 453
1513220 453
1513230 452
1513240 451
1513250 451
1513260 451
1513270 450
1513280 450
1513290 448
1513300 447
1513310 447
1513320 445
1513330 443
1513340 443
1513350 442
1513360 440
1513370 440
1513380 439
1513390 438
1513400 438
1513410 437
1513420 435
1513430 435
1513440 435
1513450 435
1513460 435
1513470 435
1513480 436
1513490 436
1513500 438
1513510 441
1513520 441
1513530 444
1513540 446
1513550 446
1513560 447
1513570 448
1513580 448
1513590 448
1513600 448
1513610 448
1513620 448
1513630 448
1513640 448
1513650 447
1513660 447
1513670 447
1513680 446
1513690 446
1513700 446
1513710 446
1513720 445
1513730 445
1513740 445
1513750 445
1513760 445
1513770 444
1513780 444
1513790 444
1513800 443
1513810 443
1513820 443
1513830 442
1513840 441
1513850 441
1513860 441
1513870 441
1513880 441
1513890 440
1513900 439
1513910 439
1513920 438
1513930 437
1513940 437
1513950 436
1513960 436
1513970 436
1513980 437
1513990 438
1514000 438
1514010 438
1514020 437
1514030 437
1514040 437
1514050 437
1514060 437
1514070 436
1514080 436
1514090 436
1514100 436
1514110 436
1514120 436
1514130 435
1514140 435
1514150 435
1514160 434
1514170 435
1514180 435
1514190 434
1514200 434
1514210 434
1514220 434
1514230 433
1514240 433
1514250 432
1514260 432
1514270 432
1514280 432
1514290 432
1514300 432
1514310 432
1514320 433
1514330 433
1514340 433
1514350 433
1514360 433
1514370 433
1514380 433
1514390 433
1514400 433
1514410 433
1514420 433
1514430 433
1514440 433
1514450 433
1514460 433
1514470 433
1514480 433
1514490 432
1514500 432
1514510 432
1514520 432
1514530 432
1514540 432
1514550 432
1514560 432
1514570 432
1514580 432
1514590 433
1514600 433
1514610 433
1514620 433
1514630 433
1514640 433
1514650 433
1514660 433
1514670 433
1514680 433
1514690 433
1514700 433
1514710 432
1514720 432
1514730 432
1514740 431
1514750 431
1514760 431
1514770 432
1514780 432
1514790 432
1514800 432
1514810 432
1514820 432
1514830 431
1514840 431
1514850 431
1514860 431
1514870 431
1514880 431
1514890 431
1514900 431
1514910 431
1514920 431
1514930 431
1514940 431
1514950 431
1514960 431
1514970 431
1514980 431
1514990 431
1515000 431
1515010 431
1515020 431
1515030 432
1515040 432
1515050 432
1515060 431
1515070 431
1515080 431
1515090 431
1515100 432
1515110 432
1515120 432
1515130 432
1515140 432
1515150 432
1515160 431
1515170 431
1515180 432
1515190 436
1515200 436
1515210 440
1515220 442
1515230 442
1515240 442
1515250 442
1515260 442
1515270 442
1515280 443
1515290 443
1515300 443
1515310 444
1515320 444
1515330 444
1515340 444
1515350 444
1515360 445
1515370 445
1515380 445
1515390 445
1515400 445
1515410 445
1515420 446
1515430 446
1515440 446
1515450 446
1515460 447
1515470 447
1515480 447
1515490 447
1515500 447
1515510 447
1515520 447
1515530 447
1515540 448
1515550 448
1515560 448
1515570 448
1515580 448
1515590 448
1515600 449
1515610 449
1515620 449
1515630 449
1515640 450
1515650 450
1515660 450
1515670 450
1515680 450
1515690 451
1515700 451
1515710 451
1515720 451
1515730 451
1515740 451
1515750 451
1515760 452
1515770 452
1515780 452
1515790 452
1515800 452
1515810 452
1515820 453
1515830 453
1515840 453
1515850 453
1515860 453
1515870 453
1515880 453
1515890 453
1515900 454
1515910 454
1515920 454
1515930 454
1515940 454
1515950 454
1515960 455
1515970 455
1515980 455
1515990 455
1516000 455
1516010 455
1516020 455
1516030 455
1516040 455
1516050 456
1516060 456
1516070 456
1516080 456
1516090 456
1516100 456
1516110 456
1516120 456
1516130 456
1516140 456
1516150 456
1516160 456
1516170 456
1516180 456
1516190 456
1516200 456
1516210 457
1516220 457
1516230 457
1516240 457
1516250 457
1516260 457
1516270 457
1516280 457
1516290 457
1516300 457
1516310 457
1516320 457
1516330 457
1516340 457
1516350 457
1516360 457
1516370 457
1516380 457
1516390 457
1516400 456
1516410 456
1516420 456
1516430 457
1516440 457
1516450 456
1516460 456
1516470 456
1516480 456
1516490 456
1516500 456
1516510 456
1516520 456
1516530 456
1516540 456
1516550 456
1516560 456
1516570 456
1516580 456
1516590 456
1516600 455
1516610 455
1516620 455
1516630 455
1516640 455
1516650 455
1516660 455
1516670 455
1516680 455
1516690 455
1516700 455
1516710 455
1516720 455
1516730 455
1516740 455
1516750 455
1516760 454
1516770 454
1516780 454
1516790 454
1516800 454
1516810 454
1516820 454
1516830 454
1516840 454
1516850 453
1516860 453
1516870 453
1516880 453
1516890 453
1516900 453
1516910 453
1516920 453
1516930 453
1516940 453
1516950 453
1516960 452
1516970 452
1516980 452
1516990 452
1517000 452
1517010 452
1517020 452
1517030 451
1517040 451
1517050 451
1517060 451
1517070 451
1517080 450
1517090 450
1517100 450
1517110 449
1517120 449
1517130 449
1517140 448
1517150 448
1517160 448
1517170 447
1517180 446
1517190 446
1517200 445
1517210 444
1517220 444
1517230 442
1517240 440
1517250 440
1517260 439
1517270 437
1517280 437
1517290 433
1517300 430
1517310 430
1517320 429
1517330 429
1517340 429
1517350 428
1517360 428
1517370 428
1517380 428
1517390 428
1517400 428
1517410 427
1517420 427
1517430 427
1517440 426
1517450 426
1517460 426
1517470 426
1517480 426
1517490 426
1517500 427
1517510 428
1517520 428
1517530 429
1517540 430
1517550 430
1517560 431
1517570 432
1517580 432
1517590 432
1517600 432
1517610 432
1517620 432
1517630 432
1517640 432
1517650 432
1517660 432
1517670 432
1517680 432
1517690 432
1517700 432
1517710 432
1517720 432
1517730 432
1517740 431
1517750 431
1517760 431
1517770 431
1517780 431
1517790 431
1517800 431
1517810 431
1517820 431
1517830 431
1517840 431
1517850 431
1517860 431
1517870 431
1517880 431
1517890 431
1517900 431
1517910 431
1517920 431
1517930 431
1517940 431
1517950 431
1517960 431
1517970 431
1517980 431
1517990 431
1518000 431
1518010 431
1518020 431
1518030 431
1518040 431
1518050 431
1518060 431
1518070 431
1518080 431
1518090 431
1518100 431
1518110 431
1518120 431
1518130 431
1518140 431
1518150 431
1518160 431
1518170 431
1518180 431
1518190 431
1518200 430
1518210 430
1518220 430
1518230 430
1518240 430
1518250 430
1518260 429
1518270 429
1518280 429
1518290 429
1518300 429
1518310 428
1518320 428
1518330 427
1518340 427
1518350 426
1518360 426
1518370 426
1518380 425
1518390 425
1518400 425
1518410 424
1518420 424
1518430 424
1518440 423
1518450 423
1518460 423
1518470 422
1518480 422
1518490 422
1518500 421
1518510 421
1518520 421
1518530 421
1518540 421
1518550 420
1518560 420
1518570 420
1518580 420
1518590 420
1518600 420
1518610 420
1518620 420
1518630 420
1518640 420
1518650 420
1518660 420
1518670 420
1518680 420
1518690 420
1518700 420
1518710 420
1518720 420
1518730 420
1518740 420
1518750 420
1518760 420
1518770 420
1518780 420
1518790 420
1518800 420
1518810 420
1518820 419
1518830 419
1518840 419
1518850 419
1518860 419
1518870 419
1518880 419
1518890 419
1518900 419
1518910 419
1518920 419
1518930 419
1518940 419
1518950 419
1518960 419
1518970 419
1518980 419
1518990 419
1519000 419
1519010 418
1519020 418
1519030 418
1519040 418
1519050 418
1519060 417
1519070 417
1519080 417
1519090 417
1519100 417
1519110 417
1519120 416
1519130 416
1519140 416
1519150 416
1519160 415
1519170 415
1519180 415
1519190 415
1519200 415
1519210 415
1519220 414
1519230 414
1519240 414
1519250 414
1519260 414
1519270 414
1519280 413
1519290 413
1519300 412
1519310 412
1519320 412
1519330 411
1519340 410
1519350 410
1519360 410
1519370 410
1519380 410
1519390 409
1519400 409
1519410 409
1519420 409
1519430 409
1519440 409
1519450 409
1519460 410
1519470 410
1519480 410
1519490 411
1519500 411
1519510 413
1519520 414
1519530 414
1519540 415
1519550 416
1519560 416
1519570 416
1519580 417
1519590 417
1519600 418
1519610 418
1519620 418
1519630 418
1519640 418
1519650 418
1519660 418
1519670 418
1519680 418
1519690 418
1519700 417
1519710 417
1519720 417
1519730 416
1519740 416
1519750 415
1519760 415
1519770 415
1519780 414
1519790 414
1519800 414
1519810 413
1519820 413
1519830 413
1519840 412
1519850 412
1519860 412
1519870 411
1519880 411
1519890 411
1519900 410
1519910 410
1519920 410
1519930 410
1519940 409
1519950 409
1519960 409
1519970 408
1519980 408
1519990 408
