1500000 426
1500010 426
1500020 427
1500030 427
1500040 427
1500050 428
1500060 428
1500070 429
1500080 429
1500090 429
1500100 430
1500110 430
1500120 430
1500130 430
1500140 431
1500150 431
1500160 431
1500170 431
1500180 431
1500190 432
1500200 433
1500210 433
1500220 433
1500230 434
1500240 434
1500250 434
1500260 435
1500270 435
1500280 435
1500290 436
1500300 436
1500310 436
1500320 437
1500330 437
1500340 437
1500350 438
1500360 438
1500370 438
1500380 438
1500390 438
1500400 439
1500410 440
1500420 440
1500430 440
1500440 441
1500450 441
1500460 441
1500470 441
1500480 441
1500490 442
1500500 442
1500510 442
1500520 442
1500530 442
1500540 442
1500550 443
1500560 443
1500570 443
1500580 443
1500590 443
1500600 443
1500610 443
1500620 444
1500630 444
1500640 444
1500650 444
1500660 444
1500670 444
1500680 444
1500690 444
1500700 444
1500710 443
1500720 443
1500730 443
1500740 443
1500750 443
1500760 443
1500770 443
1500780 443
1500790 443
1500800 444
1500810 444
1500820 444
1500830 444
1500840 444
1500850 445
1500860 446
1500870 446
1500880 447
1500890 447
1500900 447
1500910 448
1500920 448
1500930 448
1500940 449
1500950 450
1500960 450
1500970 450
1500980 451
1500990 451
1501000 451
1501010 452
1501020 452
1501030 452
1501040 453
1501050 453
1501060 453
1501070 454
1501080 454
1501090 455
1501100 456
1501110 456
1501120 456
1501130 457
1501140 457
1501150 458
1501160 459
1501170 459
1501180 459
1501190 460
1501200 460
1501210 462
1501220 463
1501230 463
1501240 464
1501250 465
1501260 465
1501270 466
1501280 467
1501290 467
1501300 466
1501310 465
1501320 465
1501330 465
1501340 468
1501350 468
1501360 470
1501370 472
1501380 472
1501390 473
1501400 473
1501410 473
1501420 473
1501430 474
1501440 474
1501450 474
1501460 474
1501470 474
1501480 473
1501490 473
1501500 473
1501510 473
1501520 472
1501530 472
1501540 472
1501550 471
1501560 471
1501570 470
1501580 470
1501590 470
1501600 469
1501610 468
1501620 468
1501630 467
1501640 466
1501650 466
1501660 465
1501670 464
1501680 464
1501690 463
1501700 463
1501710 463
1501720 462
1501730 461
1501740 461
1501750 459
1501760 458
1501770 458
1501780 457
1501790 456
1501800 456
1501810 456
1501820 456
1501830 456
1501840 456
1501850 456
1501860 456
1501870 456
1501880 456
1501890 456
1501900 456
1501910 456
1501920 456
1501930 456
1501940 455
1501950 455
1501960 454
1501970 453
1501980 453
1501990 452
1502000 452
1502010 452
1502020 452
1502030 452
1502040 452
1502050 452
1502060 452
1502070 452
1502080 453
1502090 454
1502100 454
1502110 455
1502120 456
1502130 456
1502140 457
1502150 458
1502160 458
1502170 459
1502180 459
1502190 459
1502200 460
1502210 461
1502220 461
1502230 461
1502240 462
1502250 462
1502260 462
1502270 462
1502280 462
1502290 463
1502300 463
1502310 463
1502320 464
1502330 464
1502340 464
1502350 464
1502360 464
1502370 464
1502380 464
1502390 464
1502400 464
1502410 464
1502420 465
1502430 465
1502440 465
1502450 465
1502460 465
1502470 465
1502480 465
1502490 465
1502500 465
1502510 465
1502520 465
1502530 465
1502540 465
1502550 465
1502560 465
1502570 465
1502580 465
1502590 466
1502600 466
1502610 466
1502620 467
1502630 467
1502640 467
1502650 467
1502660 468
1502670 468
1502680 468
1502690 468
1502700 468
1502710 469
1502720 469
1502730 469
1502740 469
1502750 470
1502760 470
1502770 470
1502780 471
1502790 471
1502800 471
1502810 471
1502820 471
1502830 472
1502840 472
1502850 472
1502860 473
1502870 473
1502880 473
1502890 474
1502900 474
1502910 474
1502920 475
1502930 475
1502940 475
1502950 475
1502960 474
1502970 474
1502980 474
1502990 474
1503000 474
1503010 473
1503020 473
1503030 473
1503040 472
1503050 472
1503060 472
1503070 472
1503080 471
1503090 471
1503100 471
1503110 470
1503120 470
1503130 470
1503140 469
1503150 469
1503160 469
1503170 469
1503180 469
1503190 468
1503200 468
1503210 468
1503220 468
1503230 468
1503240 468
1503250 468
1503260 467
1503270 467
1503280 467
1503290 467
1503300 467
1503310 467
1503320 467
1503330 467
1503340 467
1503350 467
1503360 467
1503370 467
1503380 467
1503390 467
1503400 467
1503410 467
1503420 467
1503430 467
1503440 467
1503450 467
1503460 467
1503470 467
1503480 467
1503490 467
1503500 467
1503510 467
1503520 467
1503530 466
1503540 466
1503550 466
1503560 466
1503570 466
1503580 465
1503590 465
1503600 465
1503610 464
1503620 464
1503630 464
1503640 464
1503650 463
1503660 463
1503670 463
1503680 463
1503690 463
1503700 462
1503710 462
1503720 462
1503730 461
1503740 461
1503750 461
1503760 460
1503770 458
1503780 458
1503790 456
1503800 455
1503810 455
1503820 454
1503830 454
1503840 454
1503850 453
1503860 452
1503870 452
1503880 451
1503890 449
1503900 449
1503910 449
1503920 448
1503930 448
1503940 448
1503950 449
1503960 449
1503970 449
1503980 449
1503990 449
1504000 449
1504010 449
1504020 449
1504030 448
1504040 447
1504050 447
1504060 446
1504070 445
1504080 445
1504090 445
1504100 448
1504110 448
1504120 451
1504130 453
1504140 453
1504150 453
1504160 453
1504170 453
1504180 452
1504190 450
1504200 450
1504210 446
1504220 443
1504230 443
1504240 443
1504250 442
1504260 442
1504270 441
1504280 442
1504290 442
1504300 443
1504310 443
1504320 443
1504330 444
1504340 445
1504350 445
1504360 445
1504370 446
1504380 446
1504390 447
1504400 447
1504410 447
1504420 448
1504430 449
1504440 449
1504450 449
1504460 450
1504470 450
1504480 450
1504490 451
1504500 451
1504510 451
1504520 452
1504530 452
1504540 452
1504550 453
1504560 453
1504570 454
1504580 454
1504590 454
1504600 455
1504610 455
1504620 455
1504630 456
1504640 456
1504650 456
1504660 457
1504670 457
1504680 457
1504690 458
1504700 458
1504710 458
1504720 458
1504730 459
1504740 459
1504750 459
1504760 460
1504770 460
1504780 460
1504790 461
1504800 461
1504810 461
1504820 462
1504830 462
1504840 462
1504850 463
1504860 463
1504870 463
1504880 464
1504890 464
1504900 464
1504910 465
1504920 465
1504930 465
1504940 465
1504950 465
1504960 466
1504970 466
1504980 467
1504990 467
1505000 467
1505010 468
1505020 468
1505030 468
1505040 469
1505050 469
1505060 469
1505070 469
1505080 469
1505090 470
1505100 470
1505110 470
1505120 471
1505130 471
1505140 471
1505150 471
1505160 471
1505170 471
1505180 472
1505190 472
1505200 472
1505210 472
1505220 472
1505230 472
1505240 471
1505250 471
1505260 471
1505270 471
1505280 470
1505290 470
1505300 470
1505310 469
1505320 469
1505330 468
1505340 466
1505350 466
1505360 465
1505370 463
1505380 463
1505390 461
1505400 459
1505410 459
1505420 458
1505430 456
1505440 456
1505450 455
1505460 453
1505470 453
1505480 452
1505490 451
1505500 451
1505510 450
1505520 449
1505530 449
1505540 448
1505550 448
1505560 448
1505570 447
1505580 447
1505590 447
1505600 446
1505610 446
1505620 446
1505630 446
1505640 446
1505650 446
1505660 446
1505670 447
1505680 447
1505690 448
1505700 449
1505710 449
1505720 450
1505730 451
1505740 451
1505750 452
1505760 453
1505770 453
1505780 454
1505790 454
1505800 454
1505810 454
1505820 455
1505830 455
1505840 455
1505850 455
1505860 455
1505870 455
1505880 455
1505890 455
1505900 455
1505910 455
1505920 455
1505930 454
1505940 454
1505950 454
1505960 454
1505970 453
1505980 453
1505990 452
1506000 452
1506010 452
1506020 451
1506030 451
1506040 451
1506050 450
1506060 449
1506070 449
1506080 448
1506090 447
1506100 447
1506110 447
1506120 446
1506130 446
1506140 445
1506150 444
1506160 444
1506170 444
1506180 443
1506190 443
1506200 442
1506210 441
1506220 441
1506230 440
1506240 439
1506250 439
1506260 438
1506270 437
1506280 437
1506290 437
1506300 436
1506310 436
1506320 435
1506330 435
1506340 435
1506350 434
1506360 433
1506370 433
1506380 432
1506390 431
1506400 431
1506410 430
1506420 430
1506430 430
1506440 429
1506450 429
1506460 429
1506470 428
1506480 427
1506490 427
1506500 427
1506510 426
1506520 426
1506530 426
1506540 425
1506550 425
1506560 424
1506570 423
1506580 423
1506590 423
1506600 423
1506610 423
1506620 424
1506630 424
1506640 424
1506650 425
1506660 425
1506670 425
1506680 425
1506690 425
1506700 425
1506710 425
1506720 425
1506730 425
1506740 425
1506750 425
1506760 425
1506770 424
1506780 425
1506790 425
1506800 425
1506810 425
1506820 425
1506830 425
1506840 425
1506850 425
1506860 424
1506870 424
1506880 424
1506890 424
1506900 424
1506910 424
1506920 424
1506930 424
1506940 424
1506950 423
1506960 423
1506970 423
1506980 423
1506990 422
1507000 422
1507010 422
1507020 422
1507030 422
1507040 422
1507050 422
1507060 422
1507070 422
1507080 422
1507090 422
1507100 422
1507110 422
1507120 422
1507130 422
1507140 422
1507150 422
1507160 422
1507170 422
1507180 422
1507190 422
1507200 422
1507210 422
1507220 422
1507230 421
1507240 421
1507250 422
1507260 423
1507270 423
1507280 425
1507290 427
1507300 427
1507310 428
1507320 429
1507330 429
1507340 429
1507350 429
1507360 429
1507370 429
1507380 429
1507390 429
1507400 429
1507410 429
1507420 429
1507430 430
1507440 430
1507450 430
1507460 430
1507470 430
1507480 430
1507490 430
1507500 430
1507510 430
1507520 430
1507530 430
1507540 430
1507550 430
1507560 430
1507570 430
1507580 430
1507590 430
1507600 430
1507610 430
1507620 430
1507630 430
1507640 430
1507650 430
1507660 430
1507670 431
1507680 431
1507690 431
1507700 431
1507710 432
1507720 432
1507730 432
1507740 432
1507750 432
1507760 433
1507770 434
1507780 434
1507790 434
1507800 434
1507810 434
1507820 434
1507830 435
1507840 435
1507850 435
1507860 435
1507870 435
1507880 435
1507890 436
1507900 436
1507910 436
1507920 436
1507930 436
1507940 436
1507950 436
1507960 436
1507970 436
1507980 436
1507990 436
1508000 436
1508010 436
1508020 436
1508030 436
1508040 436
1508050 436
1508060 436
1508070 437
1508080 437
1508090 437
1508100 438
1508110 438
1508120 438
1508130 439
1508140 439
1508150 439
1508160 439
1508170 439
1508180 439
1508190 440
1508200 440
1508210 439
1508220 439
1508230 439
1508240 439
1508250 439
1508260 439
1508270 439
1508280 439
1508290 439
1508300 438
1508310 438
1508320 438
1508330 437
1508340 437
1508350 437
1508360 439
1508370 440
1508380 440
1508390 441
1508400 442
1508410 442
1508420 443
1508430 444
1508440 444
1508450 444
1508460 445
1508470 445
1508480 445
1508490 446
1508500 446
1508510 446
1508520 446
1508530 446
1508540 445
1508550 445
1508560 445
1508570 445
1508580 445
1508590 445
1508600 445
1508610 445
1508620 445
1508630 445
1508640 445
1508650 445
1508660 444
1508670 444
1508680 444
1508690 443
1508700 443
1508710 443
1508720 444
1508730 445
1508740 445
1508750 446
1508760 448
1508770 448
1508780 448
1508790 449
1508800 449
1508810 450
1508820 451
1508830 451
1508840 452
1508850 452
1508860 452
1508870 453
1508880 454
1508890 454
1508900 455
1508910 456
1508920 456
1508930 457
1508940 457
1508950 457
1508960 458
1508970 458
1508980 458
1508990 458
1509000 459
1509010 459
1509020 459
1509030 460
1509040 460
1509050 461
1509060 461
1509070 461
1509080 462
1509090 463
1509100 463
1509110 464
1509120 464
1509130 464
1509140 465
1509150 466
1509160 466
1509170 466
1509180 466
1509190 466
1509200 467
1509210 467
1509220 467
1509230 468
1509240 468
1509250 468
1509260 469
1509270 469
1509280 469
1509290 469
1509300 470
1509310 470
1509320 470
1509330 471
1509340 471
1509350 472
1509360 473
1509370 473
1509380 473
1509390 474
1509400 474
1509410 474
1509420 474
1509430 474
1509440 474
1509450 474
1509460 474
1509470 474
1509480 475
1509490 475
1509500 474
1509510 474
1509520 474
1509530 474
1509540 474
1509550 474
1509560 474
1509570 474
1509580 474
1509590 474
1509600 474
1509610 474
1509620 474
1509630 475
1509640 475
1509650 475
1509660 475
1509670 475
1509680 475
1509690 476
1509700 476
1509710 477
1509720 477
1509730 477
1509740 478
1509750 478
1509760 478
1509770 478
1509780 479
1509790 479
1509800 479
1509810 479
1509820 479
1509830 479
1509840 479
1509850 479
1509860 479
1509870 480
1509880 480
1509890 481
1509900 482
1509910 482
1509920 482
1509930 483
1509940 483
1509950 484
1509960 485
1509970 485
1509980 486
1509990 486
1510000 486
1510010 487
1510020 487
1510030 487
1510040 487
1510050 488
1510060 488
1510070 489
1510080 491
1510090 491
1510100 492
1510110 493
1510120 493
1510130 493
1510140 494
1510150 494
1510160 496
1510170 497
1510180 497
1510190 496
1510200 497
1510210 497
1510220 497
1510230 498
1510240 498
1510250 500
1510260 500
1510270 500
1510280 501
1510290 501
1510300 501
1510310 502
1510320 503
1510330 503
1510340 503
1510350 504
1510360 504
1510370 504
1510380 505
1510390 505
1510400 505
1510410 506
1510420 506
1510430 506
1510440 507
1510450 507
1510460 507
1510470 508
1510480 508
1510490 508
1510500 509
1510510 509
1510520 509
1510530 510
1510540 510
1510550 510
1510560 510
1510570 510
1510580 511
1510590 511
1510600 511
1510610 511
1510620 512
1510630 512
1510640 512
1510650 512
1510660 512
1510670 513
1510680 513
1510690 513
1510700 513
1510710 513
1510720 513
1510730 513
1510740 513
1510750 513
1510760 513
1510770 513
1510780 513
1510790 513
1510800 513
1510810 513
1510820 513
1510830 512
1510840 512
1510850 512
1510860 512
1510870 512
1510880 511
1510890 511
1510900 511
1510910 511
1510920 510
1510930 510
1510940 509
1510950 509
1510960 509
1510970 508
1510980 507
1510990 507
1511000 506
1511010 506
1511020 506
1511030 505
1511040 504
1511050 504
1511060 503
1511070 501
1511080 501
1511090 500
1511100 499
1511110 499
1511120 497
1511130 495
1511140 495
1511150 492
1511160 490
1511170 490
1511180 488
1511190 486
1511200 486
1511210 484
1511220 482
1511230 482
1511240 481
1511250 479
1511260 479
1511270 478
1511280 477
1511290 477
1511300 476
1511310 474
1511320 474
1511330 473
1511340 472
1511350 472
1511360 471
1511370 470
1511380 470
1511390 469
1511400 468
1511410 468
1511420 467
1511430 466
1511440 466
1511450 465
1511460 464
1511470 464
1511480 463
1511490 462
1511500 462
1511510 461
1511520 461
1511530 461
1511540 460
1511550 459
1511560 459
1511570 459
1511580 459
1511590 459
1511600 460
1511610 460
1511620 460
1511630 460
1511640 460
1511650 460
1511660 461
1511670 461
1511680 461
1511690 462
1511700 462
1511710 462
1511720 463
1511730 463
1511740 463
1511750 463
1511760 464
1511770 464
1511780 464
1511790 464
1511800 464
1511810 464
1511820 464
1511830 464
1511840 463
1511850 463
1511860 463
1511870 463
1511880 463
1511890 463
1511900 463
1511910 462
1511920 462
1511930 462
1511940 462
1511950 462
1511960 462
1511970 461
1511980 461
1511990 461
1512000 461
1512010 461
1512020 460
1512030 460
1512040 460
1512050 460
1512060 460
1512070 460
1512080 459
1512090 459
1512100 459
1512110 458
1512120 458
1512130 458
1512140 457
1512150 456
1512160 456
1512170 456
1512180 455
1512190 455
1512200 455
1512210 454
1512220 454
1512230 454
1512240 453
1512250 453
1512260 452
1512270 452
1512280 452
1512290 451
1512300 450
1512310 450
1512320 449
1512330 448
1512340 448
1512350 448
1512360 447
1512370 447
1512380 447
1512390 446
1512400 446
1512410 445
1512420 445
1512430 445
1512440 444
1512450 443
1512460 443
1512470 442
1512480 441
1512490 441
1512500 441
1512510 440
1512520 440
1512530 439
1512540 438
1512550 438
1512560 438
1512570 437
1512580 437
1512590 437
1512600 436
1512610 436
1512620 435
1512630 434
1512640 434
1512650 433
1512660 433
1512670 433
1512680 432
1512690 431
1512700 431
1512710 429
1512720 427
1512730 427
1512740 425
1512750 425
1512760 425
1512770 425
1512780 425
1512790 425
1512800 426
1512810 427
1512820 427
1512830 428
1512840 428
1512850 428
1512860 428
1512870 428
1512880 428
1512890 428
1512900 428
1512910 428
1512920 428
1512930 428
1512940 428
1512950 428
1512960 427
1512970 427
1512980 427
1512990 428
1513000 428
1513010 428
1513020 428
1513030 428
1513040 428
1513050 427
1513060 427
1513070 427
1513080 425
1513090 425
1513100 422
1513110 420
1513120 420
1513130 420
1513140 420
1513150 420
1513160 420
1513170 420
1513180 420
1513190 420
1513200 420
1513210 420
1513220 420
1513230 420
1513240 420
1513250 420
1513260 420
1513270 421
1513280 421
1513290 421
1513300 421
1513310 421
1513320 422
1513330 423
1513340 423
1513350 424
1513360 424
1513370 424
1513380 425
1513390 426
1513400 426
1513410 427
1513420 428
1513430 428
1513440 430
1513450 431
1513460 431
1513470 432
1513480 434
1513490 434
1513500 435
1513510 436
1513520 436
1513530 437
1513540 439
1513550 439
1513560 440
1513570 441
1513580 441
1513590 442
1513600 443
1513610 443
1513620 444
1513630 446
1513640 446
1513650 447
1513660 448
1513670 448
1513680 450
1513690 451
1513700 451
1513710 452
1513720 453
1513730 453
1513740 455
1513750 456
1513760 456
1513770 457
1513780 458
1513790 458
1513800 459
1513810 460
1513820 460
1513830 462
1513840 463
1513850 463
1513860 464
1513870 465
1513880 465
1513890 466
1513900 467
1513910 467
1513920 468
1513930 469
1513940 469
1513950 470
1513960 470
1513970 470
1513980 471
1513990 472
1514000 472
1514010 472
1514020 473
1514030 473
1514040 473
1514050 473
1514060 473
1514070 473
1514080 473
1514090 473
1514100 472
1514110 472
1514120 472
1514130 472
1514140 472
1514150 472
1514160 471
1514170 471
1514180 471
1514190 471
1514200 470
1514210 470
1514220 470
1514230 470
1514240 470
1514250 470
1514260 470
1514270 470
1514280 469
1514290 469
1514300 469
1514310 469
1514320 468
1514330 468
1514340 468
1514350 468
1514360 468
1514370 467
1514380 467
1514390 467
1514400 466
1514410 465
1514420 465
1514430 464
1514440 464
1514450 464
1514460 463
1514470 462
1514480 462
1514490 461
1514500 460
1514510 460
1514520 458
1514530 457
1514540 457
1514550 456
1514560 455
1514570 455
1514580 453
1514590 451
1514600 451
1514610 448
1514620 446
1514630 446
1514640 444
1514650 443
1514660 443
1514670 442
1514680 441
1514690 441
1514700 440
1514710 439
1514720 439
1514730 437
1514740 436
1514750 436
1514760 434
1514770 434
1514780 434
1514790 433
1514800 433
1514810 433
1514820 433
1514830 434
1514840 434
1514850 437
1514860 441
1514870 441
1514880 443
1514890 444
1514900 444
1514910 444
1514920 445
1514930 445
1514940 446
1514950 446
1514960 446
1514970 447
1514980 448
1514990 448
1515000 448
1515010 449
1515020 449
1515030 450
1515040 450
1515050 450
1515060 451
1515070 451
1515080 451
1515090 452
1515100 452
1515110 452
1515120 453
1515130 454
1515140 454
1515150 454
1515160 455
1515170 455
1515180 455
1515190 456
1515200 456
1515210 457
1515220 457
1515230 457
1515240 458
1515250 458
1515260 458
1515270 459
1515280 459
1515290 459
1515300 460
1515310 460
1515320 460
1515330 461
1515340 461
1515350 461
1515360 461
1515370 462
1515380 462
1515390 462
1515400 463
1515410 463
1515420 463
1515430 463
1515440 463
1515450 464
1515460 464
1515470 464
1515480 465
1515490 465
1515500 465
1515510 465
1515520 466
1515530 466
1515540 466
1515550 466
1515560 466
1515570 467
1515580 467
1515590 467
1515600 467
1515610 468
1515620 468
1515630 468
1515640 468
1515650 468
1515660 469
1515670 469
1515680 469
1515690 469
1515700 469
1515710 469
1515720 469
1515730 470
1515740 470
1515750 470
1515760 470
1515770 470
1515780 470
1515790 470
1515800 470
1515810 471
1515820 471
1515830 471
1515840 471
1515850 472
1515860 472
1515870 472
1515880 472
1515890 472
1515900 472
1515910 472
1515920 472
1515930 472
1515940 472
1515950 472
1515960 473
1515970 473
1515980 473
1515990 473
1516000 473
1516010 473
1516020 473
1516030 473
1516040 473
1516050 474
1516060 474
1516070 474
1516080 474
1516090 474
1516100 474
1516110 474
1516120 474
1516130 474
1516140 474
1516150 475
1516160 475
1516170 475
1516180 475
1516190 475
1516200 475
1516210 475
1516220 475
1516230 475
1516240 475
1516250 475
1516260 475
1516270 475
1516280 475
1516290 475
1516300 475
1516310 475
1516320 475
1516330 476
1516340 476
1516350 476
1516360 476
1516370 476
1516380 476
1516390 476
1516400 476
1516410 476
1516420 476
1516430 476
1516440 476
1516450 476
1516460 476
1516470 476
1516480 476
1516490 476
1516500 476
1516510 476
1516520 476
1516530 476
1516540 476
1516550 476
1516560 477
1516570 477
1516580 477
1516590 477
1516600 477
1516610 477
1516620 477
1516630 477
1516640 477
1516650 477
1516660 477
1516670 477
1516680 477
1516690 477
1516700 477
1516710 477
1516720 477
1516730 477
1516740 476
1516750 476
1516760 476
1516770 477
1516780 477
1516790 477
1516800 477
1516810 477
1516820 477
1516830 477
1516840 477
1516850 477
1516860 477
1516870 477
1516880 477
1516890 477
1516900 477
1516910 477
1516920 477
1516930 477
1516940 477
1516950 477
1516960 476
1516970 476
1516980 476
1516990 476
1517000 476
1517010 476
1517020 476
1517030 476
1517040 475
1517050 475
1517060 475
1517070 475
1517080 475
1517090 475
1517100 475
1517110 474
1517120 474
1517130 474
1517140 474
1517150 474
1517160 473
1517170 473
1517180 473
1517190 473
1517200 472
1517210 472
1517220 472
1517230 471
1517240 471
1517250 471
1517260 470
1517270 470
1517280 469
1517290 469
1517300 469
1517310 468
1517320 468
1517330 468
1517340 467
1517350 466
1517360 466
1517370 465
1517380 464
1517390 464
1517400 463
1517410 462
1517420 462
1517430 461
1517440 461
1517450 461
1517460 460
1517470 458
1517480 458
1517490 457
1517500 456
1517510 456
1517520 455
1517530 453
1517540 453
1517550 452
1517560 451
1517570 451
1517580 449
1517590 448
1517600 448
1517610 447
1517620 445
1517630 445
1517640 444
1517650 443
1517660 443
1517670 441
1517680 440
1517690 440
1517700 439
1517710 438
1517720 438
1517730 437
1517740 436
1517750 436
1517760 436
1517770 435
1517780 435
1517790 434
1517800 434
1517810 434
1517820 433
1517830 433
1517840 433
1517850 432
1517860 432
1517870 432
1517880 431
1517890 431
1517900 431
1517910 431
1517920 430
1517930 430
1517940 429
1517950 426
1517960 426
1517970 422
1517980 419
1517990 419
1518000 417
1518010 416
1518020 416
1518030 414
1518040 414
1518050 414
1518060 414
1518070 413
1518080 413
1518090 413
1518100 413
1518110 413
1518120 413
1518130 414
1518140 414
1518150 413
1518160 413
1518170 413
1518180 413
1518190 412
1518200 412
1518210 412
1518220 413
1518230 413
1518240 413
1518250 414
1518260 414
1518270 418
1518280 422
1518290 422
1518300 421
1518310 415
1518320 415
1518330 412
1518340 411
1518350 411
1518360 411
1518370 411
1518380 411
1518390 411
1518400 411
1518410 411
1518420 411
1518430 411
1518440 411
1518450 412
1518460 411
1518470 411
1518480 411
1518490 412
1518500 412
1518510 412
1518520 411
1518530 411
1518540 410
1518550 411
1518560 411
1518570 410
1518580 410
1518590 410
1518600 410
1518610 410
1518620 410
1518630 410
1518640 409
1518650 409
1518660 409
1518670 410
1518680 410
1518690 410
1518700 409
1518710 409
1518720 409
1518730 409
1518740 409
1518750 410
1518760 411
1518770 411
1518780 411
1518790 411
1518800 411
1518810 412
1518820 412
1518830 412
1518840 412
1518850 409
1518860 409
1518870 409
1518880 408
1518890 408
1518900 408
1518910 408
1518920 408
1518930 407
1518940 407
1518950 407
1518960 407
1518970 408
1518980 408
1518990 408
1519000 410
1519010 410
1519020 412
1519030 414
1519040 414
1519050 416
1519060 418
1519070 418
1519080 420
1519090 421
1519100 421
1519110 423
1519120 425
1519130 425
1519140 427
1519150 429
1519160 429
1519170 430
1519180 431
1519190 431
1519200 431
1519210 432
1519220 432
1519230 432
1519240 432
1519250 432
1519260 433
1519270 433
1519280 433
1519290 432
1519300 431
1519310 431
1519320 431
1519330 431
1519340 431
1519350 431
1519360 431
1519370 431
1519380 430
1519390 430
1519400 430
1519410 430
1519420 430
1519430 430
1519440 429
1519450 429
1519460 429
1519470 428
1519480 427
1519490 427
1519500 427
1519510 426
1519520 426
1519530 426
1519540 425
1519550 425
1519560 425
1519570 424
1519580 424
1519590 424
1519600 423
1519610 423
1519620 422
1519630 422
1519640 422
1519650 421
1519660 420
1519670 420
1519680 419
1519690 419
1519700 419
1519710 418
1519720 417
1519730 417
1519740 417
1519750 416
1519760 416
1519770 416
1519780 415
1519790 415
1519800 415
1519810 414
1519820 414
1519830 414
1519840 413
1519850 413
1519860 413
1519870 413
1519880 413
1519890 412
1519900 412
1519910 412
1519920 411
1519930 410
1519940 410
1519950 410
1519960 411
1519970 411
1519980 411
1519990 411
