1500000 441
1500010 441
1500020 440
1500030 440
1500040 440
1500050 440
1500060 440
1500070 440
1500080 440
1500090 439
1500100 439
1500110 438
1500120 437
1500130 437
1500140 436
1500150 434
1500160 434
1500170 432
1500180 429
1500190 429
1500200 427
1500210 425
1500220 425
1500230 424
1500240 424
1500250 424
1500260 424
1500270 423
1500280 423
1500290 422
1500300 421
1500310 421
1500320 421
1500330 421
1500340 421
1500350 421
1500360 422
1500370 422
1500380 423
1500390 423
1500400 423
1500410 422
1500420 421
1500430 421
1500440 422
1500450 423
1500460 423
1500470 422
1500480 422
1500490 422
1500500 421
1500510 420
1500520 420
1500530 420
1500540 419
1500550 419
1500560 419
1500570 419
1500580 419
1500590 419
1500600 419
1500610 419
1500620 419
1500630 419
1500640 419
1500650 419
1500660 419
1500670 419
1500680 419
1500690 420
1500700 420
1500710 420
1500720 420
1500730 420
1500740 421
1500750 421
1500760 421
1500770 421
1500780 421
1500790 421
1500800 421
1500810 421
1500820 421
1500830 421
1500840 420
1500850 420
1500860 419
1500870 419
1500880 419
1500890 418
1500900 416
1500910 416
1500920 415
1500930 414
1500940 414
1500950 413
1500960 411
1500970 411
1500980 410
1500990 408
1501000 408
1501010 407
1501020 405
1501030 405
1501040 403
1501050 402
1501060 402
1501070 401
1501080 401
1501090 401
1501100 401
1501110 401
1501120 401
1501130 402
1501140 404
1501150 404
1501160 407
1501170 411
1501180 411
1501190 413
1501200 414
1501210 414
1501220 414
1501230 414
1501240 414
1501250 415
1501260 415
1501270 415
1501280 415
1501290 415
1501300 415
1501310 415
1501320 415
1501330 415
1501340 416
1501350 416
1501360 416
1501370 416
1501380 416
1501390 416
1501400 416
1501410 417
1501420 417
1501430 417
1501440 417
1501450 417
1501460 418
1501470 418
1501480 418
1501490 419
1501500 419
1501510 419
1501520 419
1501530 420
1501540 420
1501550 420
1501560 421
1501570 421
1501580 422
1501590 422
1501600 422
1501610 423
1501620 424
1501630 424
1501640 425
1501650 426
1501660 426
1501670 427
1501680 428
1501690 428
1501700 429
1501710 430
1501720 430
1501730 431
1501740 432
1501750 432
1501760 433
1501770 435
1501780 435
1501790 436
1501800 437
1501810 437
1501820 438
1501830 439
1501840 439
1501850 440
1501860 441
1501870 441
1501880 442
1501890 443
1501900 443
1501910 443
1501920 444
1501930 444
1501940 444
1501950 445
1501960 445
1501970 447
1501980 448
1501990 448
1502000 449
1502010 450
1502020 450
1502030 450
1502040 450
1502050 450
1502060 450
1502070 450
1502080 450
1502090 449
1502100 449
1502110 449
1502120 448
1502130 448
1502140 448
1502150 448
1502160 448
1502170 448
1502180 447
1502190 447
1502200 447
1502210 446
1502220 446
1502230 446
1502240 445
1502250 445
1502260 445
1502270 445
1502280 444
1502290 444
1502300 444
1502310 444
1502320 444
1502330 443
1502340 443
1502350 443
1502360 442
1502370 442
1502380 442
1502390 441
1502400 441
1502410 441
1502420 440
1502430 439
1502440 439
1502450 439
1502460 438
1502470 438
1502480 438
1502490 437
1502500 437
1502510 437
1502520 436
1502530 436
1502540 435
1502550 434
1502560 434
1502570 434
1502580 433
1502590 433
1502600 432
1502610 431
1502620 431
1502630 430
1502640 429
1502650 429
1502660 428
1502670 427
1502680 427
1502690 426
1502700 425
1502710 425
1502720 425
1502730 424
1502740 424
1502750 424
1502760 423
1502770 423
1502780 423
1502790 423
1502800 423
1502810 422
1502820 422
1502830 422
1502840 421
1502850 421
1502860 421
1502870 421
1502880 420
1502890 420
1502900 420
1502910 420
1502920 420
1502930 420
1502940 420
1502950 420
1502960 420
1502970 420
1502980 420
1502990 420
1503000 420
1503010 420
1503020 420
1503030 419
1503040 419
1503050 420
1503060 421
1503070 421
1503080 422
1503090 424
1503100 424
1503110 425
1503120 426
1503130 426
1503140 427
1503150 428
1503160 428
1503170 428
1503180 429
1503190 429
1503200 429
1503210 429
1503220 429
1503230 429
1503240 428
1503250 428
1503260 428
1503270 428
1503280 428
1503290 428
1503300 427
1503310 427
1503320 427
1503330 427
1503340 427
1503350 426
1503360 426
1503370 426
1503380 425
1503390 425
1503400 425
1503410 424
1503420 423
1503430 423
1503440 422
1503450 421
1503460 421
1503470 421
1503480 420
1503490 420
1503500 420
1503510 419
1503520 419
1503530 418
1503540 418
1503550 418
1503560 417
1503570 416
1503580 416
1503590 415
1503600 414
1503610 414
1503620 414
1503630 413
1503640 413
1503650 413
1503660 412
1503670 412
1503680 411
1503690 410
1503700 410
1503710 409
1503720 408
1503730 408
1503740 408
1503750 408
1503760 408
1503770 408
1503780 408
1503790 408
1503800 408
1503810 407
1503820 407
1503830 407
1503840 406
1503850 406
1503860 406
1503870 406
1503880 406
1503890 406
1503900 405
1503910 405
1503920 405
1503930 404
1503940 404
1503950 404
1503960 403
1503970 403
1503980 402
1503990 402
1504000 402
1504010 401
1504020 400
1504030 400
1504040 397
1504050 397
1504060 397
1504070 396
1504080 396
1504090 396
1504100 396
1504110 396
1504120 396
1504130 396
1504140 395
1504150 395
1504160 395
1504170 396
1504180 396
1504190 397
1504200 398
1504210 398
1504220 398
1504230 397
1504240 397
1504250 398
1504260 399
1504270 399
1504280 401
1504290 402
1504300 402
1504310 402
1504320 403
1504330 403
1504340 403
1504350 404
1504360 404
1504370 404
1504380 404
1504390 404
1504400 405
1504410 405
1504420 405
1504430 405
1504440 405
1504450 405
1504460 406
1504470 406
1504480 406
1504490 406
1504500 406
1504510 406
1504520 406
1504530 406
1504540 405
1504550 405
1504560 405
1504570 405
1504580 404
1504590 404
1504600 404
1504610 403
1504620 402
1504630 401
1504640 401
1504650 401
1504660 400
1504670 399
1504680 399
1504690 398
1504700 398
1504710 398
1504720 397
1504730 396
1504740 396
1504750 396
1504760 395
1504770 395
1504780 395
1504790 395
1504800 395
1504810 395
1504820 394
1504830 394
1504840 394
1504850 393
1504860 393
1504870 393
1504880 393
1504890 393
1504900 393
1504910 393
1504920 393
1504930 393
1504940 392
1504950 392
1504960 392
1504970 392
1504980 392
1504990 392
1505000 392
1505010 392
1505020 392
1505030 391
1505040 391
1505050 391
1505060 390
1505070 390
1505080 390
1505090 390
1505100 390
1505110 389
1505120 389
1505130 389
1505140 389
1505150 389
1505160 389
1505170 388
1505180 388
1505190 388
1505200 388
1505210 388
1505220 388
1505230 387
1505240 387
1505250 387
1505260 386
1505270 386
1505280 386
1505290 385
1505300 385
1505310 385
1505320 385
1505330 385
1505340 385
1505350 385
1505360 385
1505370 385
1505380 385
1505390 385
1505400 385
1505410 384
1505420 384
1505430 384
1505440 384
1505450 384
1505460 384
1505470 386
1505480 387
1505490 387
1505500 387
1505510 387
1505520 387
1505530 388
1505540 389
1505550 389
1505560 389
1505570 390
1505580 390
1505590 390
1505600 390
1505610 390
1505620 390
1505630 390
1505640 390
1505650 391
1505660 391
1505670 391
1505680 392
1505690 392
1505700 392
1505710 393
1505720 393
1505730 393
1505740 394
1505750 394
1505760 394
1505770 395
1505780 395
1505790 395
1505800 396
1505810 396
1505820 396
1505830 397
1505840 397
1505850 397
1505860 398
1505870 398
1505880 398
1505890 398
1505900 399
1505910 399
1505920 399
1505930 400
1505940 400
1505950 400
1505960 400
1505970 400
1505980 400
1505990 401
1506000 401
1506010 401
1506020 401
1506030 401
1506040 401
1506050 401
1506060 401
1506070 402
1506080 402
1506090 402
1506100 402
1506110 402
1506120 402
1506130 402
1506140 402
1506150 402
1506160 401
1506170 401
1506180 401
1506190 400
1506200 401
1506210 401
1506220 401
1506230 400
1506240 400
1506250 400
1506260 399
1506270 399
1506280 399
1506290 399
1506300 399
1506310 399
1506320 398
1506330 398
1506340 398
1506350 397
1506360 397
1506370 397
1506380 396
1506390 396
1506400 395
1506410 395
1506420 395
1506430 395
1506440 395
1506450 395
1506460 394
1506470 394
1506480 394
1506490 393
1506500 393
1506510 393
1506520 393
1506530 393
1506540 393
1506550 393
1506560 393
1506570 393
1506580 393
1506590 393
1506600 393
1506610 393
1506620 393
1506630 393
1506640 392
1506650 392
1506660 392
1506670 392
1506680 392
1506690 392
1506700 392
1506710 391
1506720 391
1506730 391
1506740 392
1506750 392
1506760 392
1506770 392
1506780 392
1506790 392
1506800 392
1506810 392
1506820 392
1506830 392
1506840 392
1506850 392
1506860 393
1506870 393
1506880 393
1506890 393
1506900 393
1506910 393
1506920 393
1506930 393
1506940 394
1506950 394
1506960 394
1506970 394
1506980 395
1506990 395
1507000 396
1507010 397
1507020 397
1507030 398
1507040 400
1507050 400
1507060 402
1507070 404
1507080 404
1507090 407
1507100 409
1507110 409
1507120 410
1507130 410
1507140 410
1507150 410
1507160 410
1507170 410
1507180 411
1507190 412
1507200 412
1507210 414
1507220 417
1507230 417
1507240 419
1507250 423
1507260 423
1507270 427
1507280 431
1507290 431
1507300 434
1507310 436
1507320 436
1507330 438
1507340 439
1507350 439
1507360 440
1507370 442
1507380 442
1507390 444
1507400 445
1507410 445
1507420 445
1507430 446
1507440 446
1507450 447
1507460 448
1507470 448
1507480 448
1507490 449
1507500 449
1507510 449
1507520 449
1507530 449
1507540 450
1507550 450
1507560 450
1507570 450
1507580 450
1507590 450
1507600 451
1507610 451
1507620 451
1507630 451
1507640 451
1507650 451
1507660 451
1507670 451
1507680 451
1507690 451
1507700 451
1507710 451
1507720 451
1507730 451
1507740 451
1507750 451
1507760 451
1507770 451
1507780 451
1507790 451
1507800 451
1507810 451
1507820 450
1507830 450
1507840 450
1507850 450
1507860 450
1507870 450
1507880 450
1507890 450
1507900 449
1507910 448
1507920 448
1507930 448
1507940 448
1507950 448
1507960 446
1507970 445
1507980 445
1507990 443
1508000 441
1508010 441
1508020 439
1508030 438
1508040 438
1508050 439
1508060 439
1508070 439
1508080 440
1508090 441
1508100 441
1508110 443
1508120 445
1508130 445
1508140 446
1508150 447
1508160 447
1508170 448
1508180 449
1508190 449
1508200 449
1508210 450
1508220 450
1508230 450
1508240 450
1508250 450
1508260 451
1508270 451
1508280 451
1508290 451
1508300 452
1508310 452
1508320 452
1508330 452
1508340 452
1508350 452
1508360 452
1508370 452
1508380 452
1508390 452
1508400 452
1508410 452
1508420 452
1508430 452
1508440 451
1508450 451
1508460 451
1508470 451
1508480 451
1508490 451
1508500 450
1508510 450
1508520 450
1508530 450
1508540 449
1508550 449
1508560 449
1508570 448
1508580 448
1508590 448
1508600 447
1508610 447
1508620 447
1508630 446
1508640 446
1508650 445
1508660 445
1508670 445
1508680 444
1508690 444
1508700 444
1508710 443
1508720 442
1508730 442
1508740 441
1508750 441
1508760 441
1508770 440
1508780 439
1508790 439
1508800 439
1508810 438
1508820 438
1508830 437
1508840 436
1508850 436
1508860 436
1508870 435
1508880 435
1508890 434
1508900 434
1508910 434
1508920 433
1508930 432
1508940 432
1508950 431
1508960 430
1508970 430
1508980 429
1508990 428
1509000 428
1509010 427
1509020 427
1509030 427
1509040 426
1509050 425
1509060 425
1509070 425
1509080 424
1509090 424
1509100 423
1509110 422
1509120 422
1509130 420
1509140 419
1509150 419
1509160 418
1509170 417
1509180 417
1509190 416
1509200 415
1509210 415
1509220 414
1509230 413
1509240 413
1509250 412
1509260 412
1509270 412
1509280 412
1509290 413
1509300 413
1509310 412
1509320 411
1509330 411
1509340 410
1509350 409
1509360 409
1509370 409
1509380 410
1509390 410
1509400 410
1509410 410
1509420 410
1509430 411
1509440 411
1509450 411
1509460 411
1509470 412
1509480 412
1509490 412
1509500 412
1509510 412
1509520 412
1509530 412
1509540 412
1509550 412
1509560 412
1509570 412
1509580 412
1509590 411
1509600 411
1509610 411
1509620 411
1509630 411
1509640 411
1509650 410
1509660 410
1509670 410
1509680 410
1509690 410
1509700 410
1509710 410
1509720 410
1509730 410
1509740 409
1509750 409
1509760 409
1509770 409
1509780 409
1509790 408
1509800 407
1509810 407
1509820 407
1509830 407
1509840 407
1509850 407
1509860 407
1509870 407
1509880 407
1509890 406
1509900 406
1509910 406
1509920 405
1509930 405
1509940 404
1509950 404
1509960 404
1509970 403
1509980 403
1509990 403
1510000 403
1510010 402
1510020 402
1510030 401
1510040 401
1510050 401
1510060 400
1510070 400
1510080 400
1510090 400
1510100 400
1510110 400
1510120 400
1510130 400
1510140 400
1510150 400
1510160 399
1510170 399
1510180 400
1510190 400
1510200 400
1510210 400
1510220 400
1510230 401
1510240 400
1510250 400
1510260 400
1510270 400
1510280 400
1510290 399
1510300 400
1510310 400
1510320 400
1510330 401
1510340 401
1510350 402
1510360 403
1510370 403
1510380 404
1510390 405
1510400 405
1510410 407
1510420 408
1510430 408
1510440 410
1510450 411
1510460 411
1510470 412
1510480 413
1510490 413
1510500 414
1510510 414
1510520 414
1510530 415
1510540 416
1510550 416
1510560 417
1510570 417
1510580 417
1510590 418
1510600 418
1510610 418
1510620 420
1510630 421
1510640 421
1510650 423
1510660 424
1510670 424
1510680 426
1510690 427
1510700 427
1510710 428
1510720 430
1510730 430
1510740 431
1510750 432
1510760 432
1510770 433
1510780 434
1510790 434
1510800 435
1510810 436
1510820 436
1510830 437
1510840 438
1510850 438
1510860 439
1510870 439
1510880 439
1510890 440
1510900 441
1510910 441
1510920 441
1510930 442
1510940 442
1510950 443
1510960 443
1510970 443
1510980 444
1510990 444
1511000 444
1511010 444
1511020 444
1511030 444
1511040 445
1511050 445
1511060 445
1511070 445
1511080 445
1511090 445
1511100 445
1511110 444
1511120 444
1511130 444
1511140 443
1511150 443
1511160 443
1511170 442
1511180 442
1511190 442
1511200 442
1511210 442
1511220 441
1511230 441
1511240 441
1511250 440
1511260 440
1511270 440
1511280 439
1511290 438
1511300 438
1511310 436
1511320 434
1511330 434
1511340 433
1511350 432
1511360 432
1511370 430
1511380 429
1511390 429
1511400 428
1511410 427
1511420 427
1511430 426
1511440 425
1511450 425
1511460 424
1511470 423
1511480 423
1511490 422
1511500 421
1511510 421
1511520 420
1511530 419
1511540 419
1511550 418
1511560 417
1511570 417
1511580 417
1511590 416
1511600 416
1511610 416
1511620 415
1511630 415
1511640 415
1511650 414
1511660 414
1511670 413
1511680 413
1511690 413
1511700 412
1511710 412
1511720 412
1511730 411
1511740 411
1511750 411
1511760 410
1511770 410
1511780 410
1511790 409
1511800 409
1511810 409
1511820 408
1511830 408
1511840 408
1511850 407
1511860 407
1511870 407
1511880 406
1511890 405
1511900 405
1511910 404
1511920 403
1511930 403
1511940 402
1511950 401
1511960 401
1511970 400
1511980 399
1511990 399
1512000 399
1512010 399
1512020 399
1512030 399
1512040 400
1512050 400
1512060 400
1512070 400
1512080 400
1512090 400
1512100 400
1512110 400
1512120 400
1512130 401
1512140 401
1512150 403
1512160 405
1512170 405
1512180 406
1512190 407
1512200 407
1512210 409
1512220 410
1512230 410
1512240 411
1512250 412
1512260 412
1512270 414
1512280 415
1512290 415
1512300 416
1512310 417
1512320 417
1512330 418
1512340 419
1512350 419
1512360 420
1512370 421
1512380 421
1512390 423
1512400 424
1512410 424
1512420 425
1512430 426
1512440 426
1512450 427
1512460 428
1512470 428
1512480 428
1512490 429
1512500 429
1512510 429
1512520 430
1512530 430
1512540 430
1512550 431
1512560 431
1512570 431
1512580 431
1512590 431
1512600 431
1512610 432
1512620 432
1512630 432
1512640 431
1512650 431
1512660 431
1512670 431
1512680 431
1512690 431
1512700 431
1512710 431
1512720 431
1512730 430
1512740 430
1512750 430
1512760 430
1512770 430
1512780 430
1512790 429
1512800 429
1512810 429
1512820 428
1512830 428
1512840 428
1512850 427
1512860 427
1512870 427
1512880 426
1512890 426
1512900 426
1512910 425
1512920 425
1512930 424
1512940 424
1512950 424
1512960 423
1512970 422
1512980 422
1512990 421
1513000 420
1513010 420
1513020 419
1513030 418
1513040 418
1513050 418
1513060 417
1513070 417
1513080 416
1513090 415
1513100 415
1513110 414
1513120 413
1513130 413
1513140 412
1513150 411
1513160 411
1513170 410
1513180 410
1513190 410
1513200 410
1513210 411
1513220 411
1513230 412
1513240 413
1513250 413
1513260 414
1513270 415
1513280 415
1513290 416
1513300 417
1513310 417
1513320 418
1513330 418
1513340 418
1513350 419
1513360 420
1513370 420
1513380 421
1513390 421
1513400 421
1513410 422
1513420 423
1513430 423
1513440 423
1513450 424
1513460 424
1513470 424
1513480 424
1513490 424
1513500 425
1513510 425
1513520 425
1513530 425
1513540 425
1513550 425
1513560 425
1513570 425
1513580 425
1513590 425
1513600 424
1513610 424
1513620 424
1513630 424
1513640 424
1513650 423
1513660 423
1513670 423
1513680 423
1513690 422
1513700 422
1513710 422
1513720 422
1513730 422
1513740 421
1513750 421
1513760 421
1513770 421
1513780 421
1513790 421
1513800 420
1513810 420
1513820 420
1513830 419
1513840 419
1513850 419
1513860 418
1513870 418
1513880 418
1513890 417
1513900 417
1513910 417
1513920 416
1513930 415
1513940 415
1513950 414
1513960 413
1513970 413
1513980 412
1513990 411
1514000 411
1514010 410
1514020 409
1514030 409
1514040 408
1514050 407
1514060 407
1514070 406
1514080 405
1514090 405
1514100 405
1514110 404
1514120 404
1514130 404
1514140 403
1514150 403
1514160 402
1514170 402
1514180 402
1514190 401
1514200 401
1514210 401
1514220 400
1514230 399
1514240 399
1514250 399
1514260 398
1514270 398
1514280 398
1514290 398
1514300 398
1514310 397
1514320 397
1514330 397
1514340 396
1514350 396
1514360 396
1514370 396
1514380 395
1514390 395
1514400 395
1514410 395
1514420 395
1514430 394
1514440 393
1514450 393
1514460 393
1514470 392
1514480 392
1514490 391
1514500 391
1514510 391
1514520 390
1514530 389
1514540 389
1514550 389
1514560 388
1514570 388
1514580 388
1514590 387
1514600 387
1514610 387
1514620 387
1514630 387
1514640 387
1514650 388
1514660 388
1514670 388
1514680 388
1514690 388
1514700 389
1514710 389
1514720 389
1514730 390
1514740 391
1514750 391
1514760 392
1514770 393
1514780 393
1514790 394
1514800 395
1514810 395
1514820 395
1514830 396
1514840 396
1514850 396
1514860 396
1514870 396
1514880 395
1514890 394
1514900 394
1514910 394
1514920 394
1514930 394
1514940 394
1514950 394
1514960 394
1514970 392
1514980 392
1514990 392
1515000 392
1515010 392
1515020 392
1515030 391
1515040 390
1515050 390
1515060 389
1515070 389
1515080 389
1515090 389
1515100 390
1515110 390
1515120 390
1515130 390
1515140 390
1515150 390
1515160 390
1515170 390
1515180 390
1515190 390
1515200 390
1515210 390
1515220 390
1515230 390
1515240 390
1515250 390
1515260 390
1515270 389
1515280 389
1515290 389
1515300 389
1515310 389
1515320 389
1515330 388
1515340 388
1515350 388
1515360 388
1515370 388
1515380 388
1515390 388
1515400 387
1515410 387
1515420 387
1515430 387
1515440 387
1515450 387
1515460 386
1515470 386
1515480 386
1515490 386
1515500 386
1515510 385
1515520 385
1515530 385
1515540 384
1515550 384
1515560 384
1515570 383
1515580 383
1515590 383
1515600 383
1515610 383
1515620 383
1515630 382
1515640 382
1515650 382
1515660 381
1515670 381
1515680 381
1515690 380
1515700 380
1515710 380
1515720 379
1515730 379
1515740 379
1515750 379
1515760 379
1515770 379
1515780 379
1515790 379
1515800 378
1515810 378
1515820 378
1515830 377
1515840 377
1515850 377
1515860 377
1515870 377
1515880 377
1515890 377
1515900 377
1515910 377
1515920 377
1515930 377
1515940 377
1515950 377
1515960 377
1515970 377
1515980 376
1515990 376
1516000 376
1516010 376
1516020 376
1516030 376
1516040 376
1516050 376
1516060 376
1516070 376
1516080 376
1516090 376
1516100 376
1516110 376
1516120 376
1516130 376
1516140 376
1516150 376
1516160 376
1516170 376
1516180 376
1516190 376
1516200 376
1516210 376
1516220 376
1516230 376
1516240 376
1516250 376
1516260 375
1516270 375
1516280 375
1516290 375
1516300 375
1516310 375
1516320 375
1516330 375
1516340 375
1516350 375
1516360 375
1516370 375
1516380 375
1516390 375
1516400 375
1516410 375
1516420 375
1516430 375
1516440 375
1516450 375
1516460 375
1516470 376
1516480 376
1516490 375
1516500 373
1516510 373
1516520 372
1516530 373
1516540 373
1516550 374
1516560 374
1516570 374
1516580 374
1516590 373
1516600 373
1516610 373
1516620 373
1516630 373
1516640 373
1516650 372
1516660 372
1516670 372
1516680 372
1516690 372
1516700 371
1516710 371
1516720 371
1516730 371
1516740 371
1516750 371
1516760 371
1516770 371
1516780 371
1516790 370
1516800 370
1516810 370
1516820 369
1516830 368
1516840 368
1516850 368
1516860 368
1516870 368
1516880 368
1516890 367
1516900 367
1516910 367
1516920 367
1516930 367
1516940 366
1516950 366
1516960 366
1516970 365
1516980 365
1516990 365
1517000 365
1517010 365
1517020 365
1517030 364
1517040 365
1517050 365
1517060 365
1517070 365
1517080 365
1517090 365
1517100 365
1517110 365
1517120 365
1517130 365
1517140 365
1517150 365
1517160 365
1517170 365
1517180 365
1517190 365
1517200 365
1517210 364
1517220 364
1517230 364
1517240 363
1517250 363
1517260 363
1517270 363
1517280 363
1517290 363
1517300 363
1517310 363
1517320 363
1517330 363
1517340 362
1517350 362
1517360 362
1517370 363
1517380 363
1517390 364
1517400 364
1517410 364
1517420 363
1517430 363
1517440 363
1517450 363
1517460 363
1517470 363
1517480 363
1517490 363
1517500 363
1517510 364
1517520 364
1517530 364
1517540 365
1517550 366
1517560 366
1517570 368
1517580 370
1517590 370
1517600 372
1517610 374
1517620 374
1517630 379
1517640 385
1517650 385
1517660 391
1517670 394
1517680 394
1517690 395
1517700 396
1517710 396
1517720 397
1517730 398
1517740 398
1517750 399
1517760 399
1517770 399
1517780 400
1517790 400
1517800 400
1517810 400
1517820 400
1517830 400
1517840 400
1517850 399
1517860 399
1517870 399
1517880 398
1517890 398
1517900 398
1517910 397
1517920 397
1517930 397
1517940 397
1517950 397
1517960 398
1517970 397
1517980 397
1517990 397
1518000 397
1518010 397
1518020 397
1518030 396
1518040 396
1518050 396
1518060 396
1518070 396
1518080 396
1518090 396
1518100 396
1518110 396
1518120 396
1518130 396
1518140 396
1518150 395
1518160 395
1518170 395
1518180 395
1518190 395
1518200 395
1518210 395
1518220 395
1518230 395
1518240 395
1518250 395
1518260 396
1518270 396
1518280 396
1518290 396
1518300 396
1518310 396
1518320 396
1518330 396
1518340 396
1518350 397
1518360 397
1518370 397
1518380 397
1518390 397
1518400 397
1518410 397
1518420 397
1518430 397
1518440 397
1518450 397
1518460 397
1518470 397
1518480 397
1518490 397
1518500 396
1518510 396
1518520 396
1518530 396
1518540 396
1518550 396
1518560 395
1518570 395
1518580 395
1518590 393
1518600 393
1518610 393
1518620 393
1518630 394
1518640 394
1518650 394
1518660 393
1518670 393
1518680 393
1518690 393
1518700 393
1518710 392
1518720 391
1518730 391
1518740 391
1518750 390
1518760 390
1518770 388
1518780 386
1518790 386
1518800 384
1518810 381
1518820 381
1518830 380
1518840 379
1518850 379
1518860 379
1518870 379
1518880 379
1518890 379
1518900 379
1518910 379
1518920 380
1518930 380
1518940 380
1518950 380
1518960 380
1518970 380
1518980 381
1518990 381
1519000 382
1519010 383
1519020 385
1519030 385
1519040 386
1519050 388
1519060 388
1519070 390
1519080 393
1519090 393
1519100 395
1519110 396
1519120 396
1519130 398
1519140 399
1519150 399
1519160 400
1519170 401
1519180 401
1519190 402
1519200 403
1519210 403
1519220 403
1519230 403
1519240 403
1519250 404
1519260 404
1519270 404
1519280 405
1519290 405
1519300 405
1519310 405
1519320 405
1519330 405
1519340 406
1519350 406
1519360 406
1519370 406
1519380 406
1519390 406
1519400 406
1519410 406
1519420 406
1519430 405
1519440 405
1519450 405
1519460 404
1519470 404
1519480 404
1519490 404
1519500 404
1519510 404
1519520 404
1519530 403
1519540 403
1519550 402
1519560 401
1519570 401
1519580 400
1519590 398
1519600 398
1519610 397
1519620 396
1519630 396
1519640 396
1519650 398
1519660 398
1519670 400
1519680 401
1519690 401
1519700 401
1519710 402
1519720 402
1519730 402
1519740 402
1519750 402
1519760 401
1519770 401
1519780 401
1519790 401
1519800 401
1519810 401
1519820 400
1519830 400
1519840 400
1519850 400
1519860 401
1519870 401
1519880 401
1519890 401
1519900 401
1519910 401
1519920 401
1519930 401
1519940 402
1519950 402
1519960 402
1519970 402
1519980 403
1519990 403
