1500000 419
1500010 420
1500020 420
1500030 421
1500040 422
1500050 422
1500060 422
1500070 423
1500080 423
1500090 424
1500100 425
1500110 425
1500120 426
1500130 428
1500140 428
1500150 429
1500160 430
1500170 430
1500180 431
1500190 431
1500200 432
1500210 433
1500220 433
1500230 433
1500240 434
1500250 434
1500260 435
1500270 435
1500280 435
1500290 436
1500300 436
1500310 436
1500320 437
1500330 437
1500340 437
1500350 437
1500360 437
1500370 437
1500380 437
1500390 437
1500400 437
1500410 437
1500420 437
1500430 437
1500440 437
1500450 437
1500460 437
1500470 436
1500480 436
1500490 436
1500500 436
1500510 435
1500520 435
1500530 435
1500540 435
1500550 435
1500560 434
1500570 434
1500580 434
1500590 433
1500600 433
1500610 433
1500620 432
1500630 432
1500640 432
1500650 431
1500660 431
1500670 431
1500680 431
1500690 430
1500700 430
1500710 430
1500720 429
1500730 429
1500740 429
1500750 428
1500760 428
1500770 428
1500780 427
1500790 427
1500800 426
1500810 425
1500820 425
1500830 425
1500840 424
1500850 424
1500860 423
1500870 423
1500880 423
1500890 422
1500900 421
1500910 421
1500920 420
1500930 420
1500940 420
1500950 419
1500960 418
1500970 418
1500980 417
1500990 416
1501000 415
1501010 414
1501020 413
1501030 413
1501040 412
1501050 411
1501060 411
1501070 409
1501080 407
1501090 407
1501100 406
1501110 404
1501120 404
1501130 403
1501140 400
1501150 400
1501160 399
1501170 397
1501180 397
1501190 396
1501200 394
1501210 394
1501220 393
1501230 392
1501240 392
1501250 391
1501260 390
1501270 390
1501280 390
1501290 389
1501300 389
1501310 390
1501320 391
1501330 391
1501340 392
1501350 394
1501360 394
1501370 398
1501380 402
1501390 402
1501400 403
1501410 405
1501420 405
1501430 406
1501440 407
1501450 407
1501460 408
1501470 409
1501480 409
1501490 409
1501500 410
1501510 410
1501520 411
1501530 411
1501540 411
1501550 412
1501560 412
1501570 412
1501580 413
1501590 413
1501600 413
1501610 413
1501620 413
1501630 413
1501640 414
1501650 414
1501660 414
1501670 414
1501680 414
1501690 414
1501700 414
1501710 414
1501720 414
1501730 413
1501740 413
1501750 413
1501760 412
1501770 412
1501780 412
1501790 411
1501800 410
1501810 410
1501820 410
1501830 409
1501840 409
1501850 408
1501860 407
1501870 407
1501880 405
1501890 404
1501900 404
1501910 402
1501920 399
1501930 399
1501940 396
1501950 395
1501960 395
1501970 397
1501980 400
1501990 400
1502000 400
1502010 401
1502020 401
1502030 401
1502040 401
1502050 401
1502060 401
1502070 401
1502080 401
1502090 401
1502100 401
1502110 401
1502120 401
1502130 401
1502140 401
1502150 401
1502160 401
1502170 401
1502180 401
1502190 401
1502200 401
1502210 401
1502220 401
1502230 401
1502240 401
1502250 401
1502260 401
1502270 401
1502280 401
1502290 401
1502300 401
1502310 402
1502320 402
1502330 402
1502340 402
1502350 402
1502360 403
1502370 403
1502380 403
1502390 403
1502400 403
1502410 403
1502420 403
1502430 403
1502440 403
1502450 404
1502460 404
1502470 404
1502480 405
1502490 405
1502500 405
1502510 405
1502520 406
1502530 406
1502540 406
1502550 407
1502560 407
1502570 407
1502580 407
1502590 407
1502600 408
1502610 408
1502620 408
1502630 409
1502640 409
1502650 409
1502660 410
1502670 410
1502680 410
1502690 411
1502700 412
1502710 412
1502720 412
1502730 413
1502740 413
1502750 413
1502760 414
1502770 414
1502780 415
1502790 415
1502800 415
1502810 416
1502820 416
1502830 416
1502840 417
1502850 418
1502860 418
1502870 419
1502880 420
1502890 420
1502900 421
1502910 421
1502920 421
1502930 422
1502940 422
1502950 422
1502960 423
1502970 423
1502980 423
1502990 424
1503000 424
1503010 424
1503020 425
1503030 425
1503040 425
1503050 426
1503060 426
1503070 426
1503080 426
1503090 426
1503100 426
1503110 426
1503120 426
1503130 426
1503140 424
1503150 422
1503160 422
1503170 421
1503180 421
1503190 421
1503200 423
1503210 425
1503220 425
1503230 427
1503240 429
1503250 429
1503260 431
1503270 433
1503280 433
1503290 434
1503300 435
1503310 435
1503320 435
1503330 436
1503340 436
1503350 436
1503360 435
1503370 435
1503380 435
1503390 434
1503400 434
1503410 434
1503420 434
1503430 434
1503440 433
1503450 433
1503460 433
1503470 432
1503480 432
1503490 432
1503500 431
1503510 430
1503520 430
1503530 430
1503540 429
1503550 429
1503560 429
1503570 428
1503580 428
1503590 426
1503600 426
1503610 426
1503620 425
1503630 424
1503640 424
1503650 423
1503660 422
1503670 422
1503680 420
1503690 419
1503700 419
1503710 418
1503720 417
1503730 417
1503740 416
1503750 414
1503760 414
1503770 413
1503780 412
1503790 412
1503800 410
1503810 409
1503820 409
1503830 408
1503840 408
1503850 408
1503860 409
1503870 411
1503880 411
1503890 414
1503900 415
1503910 415
1503920 416
1503930 416
1503940 416
1503950 416
1503960 416
1503970 416
1503980 415
1503990 415
1504000 415
1504010 415
1504020 414
1504030 414
1504040 413
1504050 412
1504060 412
1504070 412
1504080 411
1504090 411
1504100 410
1504110 410
1504120 410
1504130 409
1504140 408
1504150 408
1504160 408
1504170 407
1504180 407
1504190 406
1504200 406
1504210 406
1504220 405
1504230 405
1504240 405
1504250 404
1504260 403
1504270 403
1504280 403
1504290 402
1504300 402
1504310 402
1504320 402
1504330 402
1504340 401
1504350 400
1504360 400
1504370 399
1504380 399
1504390 399
1504400 398
1504410 398
1504420 398
1504430 398
1504440 397
1504450 397
1504460 397
1504470 397
1504480 397
1504490 397
1504500 396
1504510 396
1504520 396
1504530 396
1504540 396
1504550 395
1504560 395
1504570 395
1504580 394
1504590 394
1504600 394
1504610 394
1504620 394
1504630 394
1504640 394
1504650 394
1504660 394
1504670 393
1504680 393
1504690 393
1504700 393
1504710 392
1504720 392
1504730 392
1504740 392
1504750 392
1504760 392
1504770 392
1504780 392
1504790 391
1504800 391
1504810 391
1504820 391
1504830 391
1504840 391
1504850 391
1504860 390
1504870 390
1504880 390
1504890 390
1504900 390
1504910 389
1504920 389
1504930 389
1504940 389
1504950 389
1504960 389
1504970 389
1504980 388
1504990 388
1505000 388
1505010 388
1505020 388
1505030 388
1505040 388
1505050 388
1505060 388
1505070 388
1505080 388
1505090 388
1505100 388
1505110 388
1505120 389
1505130 389
1505140 389
1505150 389
1505160 390
1505170 390
1505180 390
1505190 390
1505200 390
1505210 390
1505220 391
1505230 391
1505240 391
1505250 391
1505260 391
1505270 391
1505280 392
1505290 392
1505300 392
1505310 392
1505320 392
1505330 393
1505340 393
1505350 393
1505360 393
1505370 394
1505380 394
1505390 395
1505400 395
1505410 395
1505420 396
1505430 396
1505440 396
1505450 397
1505460 397
1505470 397
1505480 398
1505490 399
1505500 399
1505510 399
1505520 399
1505530 399
1505540 400
1505550 401
1505560 401
1505570 402
1505580 402
1505590 402
1505600 402
1505610 403
1505620 403
1505630 404
1505640 405
1505650 405
1505660 406
1505670 407
1505680 407
1505690 407
1505700 408
1505710 408
1505720 409
1505730 410
1505740 410
1505750 410
1505760 411
1505770 411
1505780 411
1505790 412
1505800 412
1505810 413
1505820 413
1505830 413
1505840 414
1505850 415
1505860 415
1505870 416
1505880 417
1505890 417
1505900 417
1505910 418
1505920 418
1505930 419
1505940 420
1505950 420
1505960 421
1505970 422
1505980 422
1505990 422
1506000 423
1506010 423
1506020 424
1506030 425
1506040 425
1506050 426
1506060 426
1506070 426
1506080 427
1506090 428
1506100 428
1506110 428
1506120 429
1506130 429
1506140 430
1506150 430
1506160 430
1506170 431
1506180 431
1506190 431
1506200 432
1506210 432
1506220 432
1506230 432
1506240 432
1506250 432
1506260 432
1506270 432
1506280 432
1506290 431
1506300 430
1506310 430
1506320 429
1506330 428
1506340 428
1506350 426
1506360 425
1506370 425
1506380 422
1506390 420
1506400 420
1506410 417
1506420 417
1506430 416
1506440 414
1506450 414
1506460 413
1506470 411
1506480 411
1506490 411
1506500 414
1506510 414
1506520 416
1506530 418
1506540 418
1506550 419
1506560 421
1506570 421
1506580 422
1506590 422
1506600 422
1506610 422
1506620 422
1506630 422
1506640 422
1506650 422
1506660 422
1506670 421
1506680 420
1506690 420
1506700 419
1506710 418
1506720 418
1506730 417
1506740 416
1506750 416
1506760 416
1506770 415
1506780 415
1506790 415
1506800 415
1506810 415
1506820 414
1506830 413
1506840 413
1506850 412
1506860 411
1506870 411
1506880 410
1506890 410
1506900 410
1506910 410
1506920 410
1506930 410
1506940 410
1506950 410
1506960 410
1506970 409
1506980 408
1506990 408
1507000 409
1507010 409
1507020 409
1507030 409
1507040 409
1507050 409
1507060 409
1507070 408
1507080 408
1507090 408
1507100 407
1507110 407
1507120 407
1507130 406
1507140 406
1507150 405
1507160 404
1507170 404
1507180 403
1507190 403
1507200 403
1507210 403
1507220 403
1507230 403
1507240 404
1507250 404
1507260 404
1507270 404
1507280 404
1507290 404
1507300 403
1507310 403
1507320 403
1507330 402
1507340 401
1507350 401
1507360 401
1507370 401
1507380 401
1507390 401
1507400 402
1507410 402
1507420 402
1507430 404
1507440 404
1507450 405
1507460 405
1507470 405
1507480 407
1507490 410
1507500 410
1507510 412
1507520 415
1507530 415
1507540 416
1507550 418
1507560 418
1507570 419
1507580 420
1507590 420
1507600 420
1507610 422
1507620 422
1507630 424
1507640 425
1507650 425
1507660 425
1507670 426
1507680 426
1507690 426
1507700 427
1507710 427
1507720 427
1507730 429
1507740 429
1507750 434
1507760 439
1507770 439
1507780 442
1507790 447
1507800 447
1507810 450
1507820 450
1507830 450
1507840 451
1507850 452
1507860 452
1507870 452
1507880 453
1507890 453
1507900 453
1507910 453
1507920 453
1507930 454
1507940 454
1507950 454
1507960 455
1507970 455
1507980 455
1507990 455
1508000 456
1508010 456
1508020 456
1508030 456
1508040 456
1508050 456
1508060 457
1508070 457
1508080 457
1508090 457
1508100 457
1508110 457
1508120 457
1508130 457
1508140 457
1508150 457
1508160 457
1508170 457
1508180 457
1508190 457
1508200 457
1508210 457
1508220 457
1508230 457
1508240 457
1508250 457
1508260 457
1508270 457
1508280 457
1508290 457
1508300 457
1508310 457
1508320 457
1508330 456
1508340 456
1508350 456
1508360 455
1508370 455
1508380 455
1508390 454
1508400 454
1508410 454
1508420 453
1508430 453
1508440 453
1508450 452
1508460 452
1508470 452
1508480 451
1508490 451
1508500 449
1508510 447
1508520 447
1508530 445
1508540 444
1508550 444
1508560 443
1508570 442
1508580 442
1508590 441
1508600 440
1508610 440
1508620 439
1508630 439
1508640 439
1508650 438
1508660 438
1508670 438
1508680 437
1508690 436
1508700 436
1508710 436
1508720 436
1508730 436
1508740 436
1508750 437
1508760 437
1508770 437
1508780 438
1508790 438
1508800 438
1508810 438
1508820 438
1508830 438
1508840 439
1508850 439
1508860 439
1508870 440
1508880 440
1508890 440
1508900 441
1508910 441
1508920 441
1508930 441
1508940 441
1508950 440
1508960 440
1508970 440
1508980 440
1508990 440
1509000 440
1509010 440
1509020 440
1509030 440
1509040 439
1509050 439
1509060 439
1509070 438
1509080 438
1509090 438
1509100 438
1509110 438
1509120 438
1509130 437
1509140 437
1509150 437
1509160 437
1509170 436
1509180 436
1509190 436
1509200 436
1509210 436
1509220 435
1509230 435
1509240 435
1509250 434
1509260 433
1509270 433
1509280 432
1509290 432
1509300 432
1509310 432
1509320 431
1509330 431
1509340 431
1509350 430
1509360 430
1509370 429
1509380 428
1509390 428
1509400 428
1509410 427
1509420 427
1509430 427
1509440 426
1509450 426
1509460 426
1509470 425
1509480 425
1509490 425
1509500 424
1509510 424
1509520 424
1509530 423
1509540 423
1509550 422
1509560 421
1509570 421
1509580 420
1509590 420
1509600 420
1509610 419
1509620 418
1509630 418
1509640 418
1509650 417
1509660 417
1509670 417
1509680 416
1509690 416
1509700 416
1509710 416
1509720 416
1509730 415
1509740 414
1509750 414
1509760 413
1509770 413
1509780 413
1509790 412
1509800 412
1509810 412
1509820 412
1509830 411
1509840 411
1509850 410
1509860 410
1509870 410
1509880 409
1509890 409
1509900 409
1509910 408
1509920 408
1509930 408
1509940 407
1509950 408
1509960 408
1509970 409
1509980 410
1509990 410
1510000 411
1510010 413
1510020 413
1510030 414
1510040 416
1510050 416
1510060 419
1510070 421
1510080 421
1510090 423
1510100 423
1510110 423
1510120 424
1510130 425
1510140 425
1510150 425
1510160 426
1510170 426
1510180 426
1510190 426
1510200 426
1510210 426
1510220 426
1510230 426
1510240 426
1510250 426
1510260 426
1510270 426
1510280 425
1510290 425
1510300 425
1510310 425
1510320 425
1510330 424
1510340 424
1510350 424
1510360 423
1510370 423
1510380 423
1510390 423
1510400 422
1510410 422
1510420 422
1510430 421
1510440 421
1510450 420
1510460 420
1510470 420
1510480 419
1510490 419
1510500 419
1510510 419
1510520 418
1510530 418
1510540 418
1510550 417
1510560 417
1510570 417
1510580 417
1510590 417
1510600 416
1510610 416
1510620 416
1510630 416
1510640 415
1510650 415
1510660 415
1510670 414
1510680 414
1510690 413
1510700 412
1510710 412
1510720 412
1510730 413
1510740 413
1510750 412
1510760 412
1510770 412
1510780 412
1510790 412
1510800 412
1510810 412
1510820 412
1510830 412
1510840 413
1510850 414
1510860 414
1510870 414
1510880 415
1510890 415
1510900 415
1510910 416
1510920 416
1510930 416
1510940 416
1510950 416
1510960 417
1510970 417
1510980 417
1510990 417
1511000 417
1511010 417
1511020 417
1511030 417
1511040 417
1511050 417
1511060 417
1511070 417
1511080 417
1511090 418
1511100 418
1511110 419
1511120 420
1511130 420
1511140 421
1511150 422
1511160 422
1511170 423
1511180 424
1511190 424
1511200 425
1511210 425
1511220 425
1511230 426
1511240 427
1511250 427
1511260 428
1511270 428
1511280 428
1511290 429
1511300 430
1511310 430
1511320 430
1511330 431
1511340 431
1511350 431
1511360 431
1511370 431
1511380 432
1511390 432
1511400 432
1511410 431
1511420 431
1511430 431
1511440 430
1511450 429
1511460 429
1511470 429
1511480 428
1511490 428
1511500 426
1511510 425
1511520 425
1511530 423
1511540 422
1511550 422
1511560 421
1511570 419
1511580 419
1511590 417
1511600 416
1511610 416
1511620 415
1511630 415
1511640 415
1511650 415
1511660 415
1511670 415
1511680 415
1511690 416
1511700 416
1511710 417
1511720 418
1511730 418
1511740 418
1511750 418
1511760 418
1511770 418
1511780 417
1511790 417
1511800 417
1511810 416
1511820 416
1511830 416
1511840 416
1511850 416
1511860 415
1511870 415
1511880 415
1511890 414
1511900 413
1511910 413
1511920 413
1511930 413
1511940 413
1511950 413
1511960 413
1511970 413
1511980 413
1511990 412
1512000 412
1512010 412
1512020 412
1512030 412
1512040 412
1512050 411
1512060 411
1512070 411
1512080 411
1512090 411
1512100 410
1512110 410
1512120 410
1512130 410
1512140 409
1512150 409
1512160 409
1512170 409
1512180 409
1512190 409
1512200 409
1512210 409
1512220 408
1512230 408
1512240 408
1512250 407
1512260 407
1512270 407
1512280 407
1512290 408
1512300 408
1512310 408
1512320 409
1512330 409
1512340 410
1512350 410
1512360 410
1512370 411
1512380 412
1512390 412
1512400 412
1512410 412
1512420 412
1512430 412
1512440 411
1512450 411
1512460 411
1512470 411
1512480 411
1512490 410
1512500 410
1512510 410
1512520 411
1512530 411
1512540 411
1512550 411
1512560 411
1512570 411
1512580 412
1512590 412
1512600 413
1512610 413
1512620 413
1512630 414
1512640 415
1512650 415
1512660 415
1512670 416
1512680 416
1512690 417
1512700 417
1512710 417
1512720 418
1512730 419
1512740 419
1512750 420
1512760 421
1512770 421
1512780 422
1512790 422
1512800 422
1512810 424
1512820 425
1512830 425
1512840 426
1512850 427
1512860 427
1512870 427
1512880 428
1512890 428
1512900 429
1512910 429
1512920 429
1512930 429
1512940 429
1512950 429
1512960 429
1512970 429
1512980 429
1512990 429
1513000 430
1513010 430
1513020 430
1513030 430
1513040 430
1513050 429
1513060 429
1513070 429
1513080 429
1513090 429
1513100 429
1513110 429
1513120 429
1513130 429
1513140 429
1513150 430
1513160 430
1513170 430
1513180 430
1513190 430
1513200 430
1513210 431
1513220 431
1513230 431
1513240 432
1513250 432
1513260 432
1513270 432
1513280 432
1513290 433
1513300 433
1513310 433
1513320 433
1513330 433
1513340 433
1513350 434
1513360 434
1513370 434
1513380 435
1513390 435
1513400 435
1513410 435
1513420 435
1513430 435
1513440 435
1513450 435
1513460 435
1513470 435
1513480 435
1513490 435
1513500 434
1513510 434
1513520 434
1513530 434
1513540 434
1513550 434
1513560 433
1513570 433
1513580 433
1513590 433
1513600 432
1513610 432
1513620 429
1513630 427
1513640 427
1513650 426
1513660 426
1513670 426
1513680 425
1513690 424
1513700 424
1513710 422
1513720 421
1513730 421
1513740 420
1513750 419
1513760 419
1513770 419
1513780 418
1513790 418
1513800 417
1513810 417
1513820 417
1513830 416
1513840 416
1513850 416
1513860 415
1513870 413
1513880 413
1513890 412
1513900 412
1513910 412
1513920 412
1513930 412
1513940 412
1513950 411
1513960 411
1513970 411
1513980 411
1513990 410
1514000 410
1514010 410
1514020 409
1514030 409
1514040 408
1514050 408
1514060 408
1514070 408
1514080 408
1514090 408
1514100 408
1514110 408
1514120 408
1514130 409
1514140 409
1514150 409
1514160 410
1514170 411
1514180 411
1514190 411
1514200 411
1514210 411
1514220 412
1514230 412
1514240 412
1514250 411
1514260 411
1514270 411
1514280 412
1514290 412
1514300 412
1514310 413
1514320 414
1514330 414
1514340 415
1514350 415
1514360 415
1514370 415
1514380 414
1514390 414
1514400 411
1514410 411
1514420 411
1514430 415
1514440 419
1514450 419
1514460 419
1514470 420
1514480 420
1514490 420
1514500 421
1514510 421
1514520 421
1514530 421
1514540 421
1514550 421
1514560 422
1514570 422
1514580 421
1514590 421
1514600 421
1514610 421
1514620 421
1514630 421
1514640 421
1514650 421
1514660 421
1514670 421
1514680 421
1514690 421
1514700 420
1514710 420
1514720 420
1514730 420
1514740 419
1514750 419
1514760 419
1514770 419
1514780 419
1514790 419
1514800 419
1514810 419
1514820 418
1514830 418
1514840 418
1514850 418
1514860 418
1514870 418
1514880 418
1514890 418
1514900 418
1514910 417
1514920 417
1514930 417
1514940 417
1514950 417
1514960 417
1514970 417
1514980 417
1514990 417
1515000 416
1515010 416
1515020 416
1515030 416
1515040 415
1515050 415
1515060 415
1515070 414
1515080 414
1515090 414
1515100 413
1515110 413
1515120 413
1515130 412
1515140 412
1515150 411
1515160 409
1515170 409
1515180 408
1515190 407
1515200 407
1515210 406
1515220 405
1515230 405
1515240 404
1515250 403
1515260 403
1515270 402
1515280 402
1515290 402
1515300 401
1515310 400
1515320 400
1515330 399
1515340 397
1515350 397
1515360 396
1515370 396
1515380 396
1515390 396
1515400 396
1515410 396
1515420 396
1515430 396
1515440 396
1515450 397
1515460 398
1515470 398
1515480 399
1515490 400
1515500 400
1515510 400
1515520 401
1515530 401
1515540 401
1515550 402
1515560 402
1515570 402
1515580 402
1515590 402
1515600 402
1515610 402
1515620 402
1515630 402
1515640 402
1515650 402
1515660 401
1515670 401
1515680 401
1515690 401
1515700 400
1515710 400
1515720 400
1515730 399
1515740 399
1515750 399
1515760 398
1515770 398
1515780 398
1515790 397
1515800 397
1515810 397
1515820 396
1515830 396
1515840 396
1515850 395
1515860 395
1515870 395
1515880 394
1515890 394
1515900 393
1515910 393
1515920 393
1515930 392
1515940 392
1515950 392
1515960 392
1515970 391
1515980 391
1515990 390
1516000 390
1516010 390
1516020 389
1516030 389
1516040 389
1516050 388
1516060 388
1516070 388
1516080 387
1516090 387
1516100 387
1516110 386
1516120 385
1516130 385
1516140 385
1516150 385
1516160 385
1516170 384
1516180 384
1516190 384
1516200 384
1516210 384
1516220 384
1516230 384
1516240 384
1516250 384
1516260 383
1516270 383
1516280 383
1516290 382
1516300 382
1516310 382
1516320 382
1516330 382
1516340 382
1516350 381
1516360 380
1516370 380
1516380 380
1516390 380
1516400 380
1516410 380
1516420 380
1516430 380
1516440 380
1516450 379
1516460 379
1516470 379
1516480 378
1516490 378
1516500 378
1516510 378
1516520 378
1516530 377
1516540 377
1516550 377
1516560 377
1516570 377
1516580 377
1516590 377
1516600 377
1516610 377
1516620 376
1516630 376
1516640 376
1516650 376
1516660 376
1516670 376
1516680 375
1516690 375
1516700 375
1516710 374
1516720 374
1516730 374
1516740 374
1516750 374
1516760 374
1516770 374
1516780 374
1516790 374
1516800 373
1516810 373
1516820 373
1516830 373
1516840 372
1516850 372
1516860 373
1516870 374
1516880 374
1516890 372
1516900 372
1516910 372
1516920 372
1516930 372
1516940 372
1516950 371
1516960 371
1516970 371
1516980 371
1516990 370
1517000 370
1517010 370
1517020 369
1517030 369
1517040 369
1517050 369
1517060 369
1517070 369
1517080 369
1517090 369
1517100 369
1517110 368
1517120 368
1517130 368
1517140 367
1517150 367
1517160 367
1517170 367
1517180 367
1517190 367
1517200 368
1517210 368
1517220 367
1517230 367
1517240 367
1517250 367
1517260 367
1517270 367
1517280 367
1517290 367
1517300 367
1517310 367
1517320 366
1517330 366
1517340 365
1517350 364
1517360 364
1517370 364
1517380 364
1517390 364
1517400 364
1517410 364
1517420 364
1517430 364
1517440 364
1517450 364
1517460 364
1517470 364
1517480 364
1517490 364
1517500 364
1517510 364
1517520 364
1517530 364
1517540 364
1517550 364
1517560 364
1517570 364
1517580 364
1517590 364
1517600 364
1517610 363
1517620 362
1517630 362
1517640 363
1517650 364
1517660 364
1517670 364
1517680 364
1517690 364
1517700 365
1517710 366
1517720 366
1517730 366
1517740 365
1517750 365
1517760 366
1517770 367
1517780 367
1517790 367
1517800 367
1517810 367
1517820 368
1517830 368
1517840 368
1517850 367
1517860 367
1517870 367
1517880 367
1517890 367
1517900 367
1517910 366
1517920 366
1517930 366
1517940 366
1517950 367
1517960 367
1517970 367
1517980 367
1517990 367
1518000 367
1518010 367
1518020 367
1518030 368
1518040 368
1518050 368
1518060 368
1518070 370
1518080 370
1518090 370
1518100 369
1518110 369
1518120 369
1518130 369
1518140 369
1518150 369
1518160 369
1518170 369
1518180 369
1518190 369
1518200 369
1518210 370
1518220 370
1518230 370
1518240 371
1518250 370
1518260 370
1518270 370
1518280 370
1518290 370
1518300 370
1518310 370
1518320 370
1518330 369
1518340 369
1518350 369
1518360 369
1518370 369
1518380 369
1518390 369
1518400 369
1518410 369
1518420 370
1518430 370
1518440 370
1518450 370
1518460 370
1518470 370
1518480 370
1518490 370
1518500 370
1518510 370
1518520 370
1518530 370
1518540 370
1518550 370
1518560 370
1518570 371
1518580 371
1518590 371
1518600 371
1518610 372
1518620 372
1518630 372
1518640 372
1518650 372
1518660 372
1518670 372
1518680 372
1518690 372
1518700 372
1518710 372
1518720 373
1518730 373
1518740 373
1518750 374
1518760 374
1518770 375
1518780 376
1518790 376
1518800 377
1518810 378
1518820 378
1518830 379
1518840 380
1518850 380
1518860 380
1518870 381
1518880 381
1518890 382
1518900 382
1518910 382
1518920 384
1518930 385
1518940 385
1518950 386
1518960 388
1518970 388
1518980 389
1518990 390
1519000 390
1519010 392
1519020 393
1519030 393
1519040 394
1519050 396
1519060 396
1519070 397
1519080 398
1519090 398
1519100 400
1519110 400
1519120 400
1519130 401
1519140 401
1519150 401
1519160 402
1519170 401
1519180 401
1519190 401
1519200 400
1519210 400
1519220 399
1519230 396
1519240 396
1519250 394
1519260 391
1519270 391
1519280 388
1519290 387
1519300 387
1519310 387
1519320 388
1519330 388
1519340 390
1519350 394
1519360 394
1519370 398
1519380 401
1519390 401
1519400 402
1519410 404
1519420 404
1519430 404
1519440 404
1519450 404
1519460 404
1519470 404
1519480 404
1519490 405
1519500 405
1519510 405
1519520 405
1519530 405
1519540 405
1519550 405
1519560 405
1519570 405
1519580 405
1519590 405
1519600 405
1519610 404
1519620 404
1519630 404
1519640 405
1519650 405
1519660 405
1519670 405
1519680 405
1519690 405
1519700 406
1519710 406
1519720 406
1519730 406
1519740 406
1519750 406
1519760 406
1519770 406
1519780 406
1519790 406
1519800 406
1519810 406
1519820 406
1519830 406
1519840 406
1519850 406
1519860 407
1519870 407
1519880 407
1519890 407
1519900 407
1519910 408
1519920 408
1519930 408
1519940 408
1519950 408
1519960 408
1519970 408
1519980 409
1519990 409
