1500000 422
1500010 422
1500020 422
1500030 423
1500040 423
1500050 423
1500060 424
1500070 425
1500080 425
1500090 425
1500100 426
1500110 426
1500120 427
1500130 428
1500140 428
1500150 429
1500160 430
1500170 430
1500180 431
1500190 432
1500200 432
1500210 432
1500220 433
1500230 433
1500240 434
1500250 434
1500260 434
1500270 435
1500280 435
1500290 435
1500300 436
1500310 436
1500320 436
1500330 437
1500340 437
1500350 437
1500360 437
1500370 437
1500380 438
1500390 438
1500400 438
1500410 438
1500420 438
1500430 438
1500440 438
1500450 438
1500460 438
1500470 438
1500480 438
1500490 438
1500500 438
1500510 437
1500520 437
1500530 437
1500540 437
1500550 437
1500560 436
1500570 436
1500580 436
1500590 435
1500600 435
1500610 435
1500620 434
1500630 434
1500640 434
1500650 434
1500660 433
1500670 433
1500680 433
1500690 432
1500700 432
1500710 432
1500720 431
1500730 431
1500740 430
1500750 430
1500760 430
1500770 429
1500780 429
1500790 429
1500800 428
1500810 427
1500820 427
1500830 427
1500840 426
1500850 426
1500860 425
1500870 424
1500880 424
1500890 423
1500900 423
1500910 423
1500920 422
1500930 421
1500940 421
1500950 420
1500960 419
1500970 419
1500980 418
1500990 417
1501000 417
1501010 416
1501020 414
1501030 414
1501040 413
1501050 412
1501060 412
1501070 410
1501080 408
1501090 408
1501100 407
1501110 405
1501120 405
1501130 403
1501140 400
1501150 400
1501160 398
1501170 396
1501180 396
1501190 395
1501200 393
1501210 393
1501220 392
1501230 391
1501240 391
1501250 391
1501260 391
1501270 391
1501280 391
1501290 390
1501300 390
1501310 390
1501320 391
1501330 391
1501340 394
1501350 398
1501360 398
1501370 402
1501380 403
1501390 403
1501400 404
1501410 405
1501420 405
1501430 405
1501440 406
1501450 406
1501460 406
1501470 407
1501480 407
1501490 408
1501500 408
1501510 408
1501520 409
1501530 409
1501540 409
1501550 409
1501560 409
1501570 409
1501580 409
1501590 410
1501600 410
1501610 411
1501620 412
1501630 412
1501640 412
1501650 412
1501660 412
1501670 413
1501680 413
1501690 413
1501700 413
1501710 413
1501720 413
1501730 412
1501740 412
1501750 412
1501760 411
1501770 411
1501780 411
1501790 411
1501800 410
1501810 410
1501820 410
1501830 409
1501840 409
1501850 408
1501860 407
1501870 407
1501880 406
1501890 405
1501900 405
1501910 404
1501920 401
1501930 401
1501940 396
1501950 394
1501960 394
1501970 395
1501980 397
1501990 397
1502000 398
1502010 399
1502020 399
1502030 399
1502040 399
1502050 399
1502060 399
1502070 398
1502080 398
1502090 398
1502100 398
1502110 398
1502120 398
1502130 398
1502140 398
1502150 398
1502160 398
1502170 398
1502180 399
1502190 399
1502200 399
1502210 398
1502220 399
1502230 399
1502240 399
1502250 399
1502260 399
1502270 399
1502280 399
1502290 399
1502300 399
1502310 399
1502320 399
1502330 400
1502340 400
1502350 400
1502360 400
1502370 400
1502380 400
1502390 400
1502400 400
1502410 400
1502420 401
1502430 401
1502440 401
1502450 401
1502460 402
1502470 402
1502480 402
1502490 402
1502500 402
1502510 402
1502520 403
1502530 403
1502540 403
1502550 403
1502560 403
1502570 404
1502580 404
1502590 404
1502600 405
1502610 405
1502620 405
1502630 405
1502640 406
1502650 406
1502660 407
1502670 407
1502680 407
1502690 407
1502700 408
1502710 408
1502720 409
1502730 409
1502740 409
1502750 410
1502760 410
1502770 410
1502780 411
1502790 412
1502800 412
1502810 412
1502820 413
1502830 413
1502840 414
1502850 414
1502860 414
1502870 415
1502880 416
1502890 416
1502900 417
1502910 417
1502920 417
1502930 418
1502940 418
1502950 418
1502960 419
1502970 419
1502980 419
1502990 420
1503000 420
1503010 420
1503020 421
1503030 421
1503040 421
1503050 422
1503060 422
1503070 422
1503080 422
1503090 420
1503100 420
1503110 417
1503120 416
1503130 416
1503140 417
1503150 419
1503160 419
1503170 422
1503180 424
1503190 424
1503200 426
1503210 428
1503220 428
1503230 430
1503240 433
1503250 433
1503260 434
1503270 436
1503280 436
1503290 437
1503300 437
1503310 437
1503320 438
1503330 438
1503340 438
1503350 438
1503360 437
1503370 437
1503380 437
1503390 436
1503400 436
1503410 436
1503420 436
1503430 436
1503440 435
1503450 435
1503460 435
1503470 434
1503480 434
1503490 434
1503500 433
1503510 432
1503520 432
1503530 432
1503540 431
1503550 431
1503560 431
1503570 430
1503580 430
1503590 430
1503600 429
1503610 429
1503620 428
1503630 427
1503640 427
1503650 426
1503660 425
1503670 425
1503680 423
1503690 422
1503700 422
1503710 420
1503720 419
1503730 419
1503740 418
1503750 416
1503760 416
1503770 415
1503780 414
1503790 414
1503800 413
1503810 410
1503820 410
1503830 409
1503840 410
1503850 410
1503860 411
1503870 414
1503880 414
1503890 418
1503900 419
1503910 419
1503920 420
1503930 420
1503940 420
1503950 420
1503960 419
1503970 419
1503980 419
1503990 418
1504000 418
1504010 417
1504020 417
1504030 417
1504040 416
1504050 415
1504060 415
1504070 415
1504080 414
1504090 414
1504100 413
1504110 412
1504120 412
1504130 411
1504140 410
1504150 410
1504160 410
1504170 409
1504180 409
1504190 408
1504200 407
1504210 407
1504220 407
1504230 406
1504240 406
1504250 405
1504260 405
1504270 405
1504280 404
1504290 404
1504300 404
1504310 404
1504320 403
1504330 403
1504340 402
1504350 401
1504360 401
1504370 400
1504380 400
1504390 400
1504400 399
1504410 399
1504420 399
1504430 399
1504440 398
1504450 398
1504460 398
1504470 398
1504480 398
1504490 397
1504500 397
1504510 397
1504520 396
1504530 396
1504540 396
1504550 396
1504560 395
1504570 395
1504580 395
1504590 395
1504600 395
1504610 395
1504620 395
1504630 395
1504640 395
1504650 394
1504660 394
1504670 394
1504680 394
1504690 394
1504700 393
1504710 393
1504720 393
1504730 393
1504740 393
1504750 393
1504760 392
1504770 392
1504780 392
1504790 392
1504800 392
1504810 392
1504820 391
1504830 391
1504840 391
1504850 391
1504860 391
1504870 391
1504880 390
1504890 390
1504900 390
1504910 390
1504920 390
1504930 390
1504940 390
1504950 389
1504960 389
1504970 389
1504980 389
1504990 389
1505000 389
1505010 388
1505020 388
1505030 388
1505040 388
1505050 388
1505060 388
1505070 388
1505080 388
1505090 388
1505100 389
1505110 389
1505120 389
1505130 389
1505140 389
1505150 389
1505160 390
1505170 390
1505180 390
1505190 391
1505200 391
1505210 391
1505220 391
1505230 391
1505240 391
1505250 392
1505260 392
1505270 392
1505280 392
1505290 392
1505300 393
1505310 393
1505320 393
1505330 393
1505340 394
1505350 394
1505360 394
1505370 394
1505380 394
1505390 395
1505400 396
1505410 396
1505420 397
1505430 397
1505440 397
1505450 398
1505460 398
1505470 398
1505480 399
1505490 399
1505500 399
1505510 399
1505520 400
1505530 400
1505540 401
1505550 401
1505560 401
1505570 401
1505580 402
1505590 402
1505600 404
1505610 405
1505620 405
1505630 405
1505640 405
1505650 405
1505660 406
1505670 407
1505680 407
1505690 408
1505700 408
1505710 408
1505720 409
1505730 409
1505740 409
1505750 410
1505760 411
1505770 411
1505780 411
1505790 412
1505800 412
1505810 413
1505820 414
1505830 414
1505840 415
1505850 415
1505860 415
1505870 416
1505880 417
1505890 417
1505900 418
1505910 419
1505920 419
1505930 419
1505940 420
1505950 420
1505960 421
1505970 422
1505980 422
1505990 422
1506000 423
1506010 423
1506020 424
1506030 425
1506040 425
1506050 426
1506060 427
1506070 427
1506080 427
1506090 428
1506100 428
1506110 429
1506120 429
1506130 429
1506140 430
1506150 431
1506160 431
1506170 431
1506180 432
1506190 432
1506200 432
1506210 433
1506220 433
1506230 433
1506240 433
1506250 433
1506260 433
1506270 433
1506280 433
1506290 433
1506300 433
1506310 433
1506320 432
1506330 430
1506340 430
1506350 429
1506360 428
1506370 428
1506380 426
1506390 424
1506400 424
1506410 422
1506420 420
1506430 420
1506440 419
1506450 417
1506460 417
1506470 416
1506480 414
1506490 414
1506500 413
1506510 415
1506520 415
1506530 418
1506540 418
1506550 420
1506560 421
1506570 421
1506580 422
1506590 423
1506600 423
1506610 424
1506620 424
1506630 424
1506640 424
1506650 423
1506660 423
1506670 422
1506680 421
1506690 421
1506700 421
1506710 420
1506720 420
1506730 419
1506740 419
1506750 419
1506760 418
1506770 417
1506780 417
1506790 417
1506800 416
1506810 416
1506820 415
1506830 414
1506840 414
1506850 413
1506860 412
1506870 412
1506880 412
1506890 412
1506900 412
1506910 412
1506920 412
1506930 412
1506940 411
1506950 411
1506960 411
1506970 410
1506980 410
1506990 410
1507000 410
1507010 410
1507020 410
1507030 410
1507040 410
1507050 410
1507060 409
1507070 409
1507080 409
1507090 408
1507100 408
1507110 408
1507120 407
1507130 406
1507140 406
1507150 405
1507160 405
1507170 405
1507180 404
1507190 405
1507200 405
1507210 405
1507220 405
1507230 405
1507240 405
1507250 405
1507260 405
1507270 405
1507280 404
1507290 404
1507300 404
1507310 404
1507320 404
1507330 403
1507340 401
1507350 401
1507360 401
1507370 401
1507380 401
1507390 401
1507400 402
1507410 402
1507420 402
1507430 402
1507440 402
1507450 404
1507460 406
1507470 406
1507480 407
1507490 408
1507500 408
1507510 410
1507520 413
1507530 413
1507540 416
1507550 418
1507560 418
1507570 419
1507580 420
1507590 420
1507600 421
1507610 422
1507620 422
1507630 424
1507640 425
1507650 425
1507660 427
1507670 429
1507680 429
1507690 429
1507700 427
1507710 427
1507720 426
1507730 427
1507740 427
1507750 429
1507760 435
1507770 435
1507780 442
1507790 446
1507800 446
1507810 449
1507820 449
1507830 449
1507840 450
1507850 450
1507860 450
1507870 451
1507880 452
1507890 452
1507900 452
1507910 453
1507920 453
1507930 453
1507940 454
1507950 454
1507960 454
1507970 455
1507980 455
1507990 455
1508000 455
1508010 455
1508020 456
1508030 456
1508040 456
1508050 456
1508060 456
1508070 456
1508080 457
1508090 457
1508100 457
1508110 457
1508120 457
1508130 457
1508140 457
1508150 457
1508160 457
1508170 457
1508180 457
1508190 457
1508200 457
1508210 457
1508220 457
1508230 457
1508240 457
1508250 457
1508260 457
1508270 457
1508280 457
1508290 457
1508300 457
1508310 457
1508320 457
1508330 457
1508340 457
1508350 457
1508360 457
1508370 457
1508380 456
1508390 456
1508400 456
1508410 455
1508420 455
1508430 455
1508440 454
1508450 454
1508460 454
1508470 453
1508480 453
1508490 453
1508500 452
1508510 450
1508520 450
1508530 449
1508540 447
1508550 447
1508560 446
1508570 445
1508580 445
1508590 443
1508600 442
1508610 442
1508620 442
1508630 441
1508640 441
1508650 441
1508660 440
1508670 440
1508680 439
1508690 438
1508700 438
1508710 438
1508720 439
1508730 439
1508740 440
1508750 441
1508760 441
1508770 442
1508780 442
1508790 442
1508800 442
1508810 442
1508820 442
1508830 442
1508840 442
1508850 442
1508860 443
1508870 443
1508880 443
1508890 443
1508900 443
1508910 443
1508920 443
1508930 443
1508940 443
1508950 443
1508960 443
1508970 443
1508980 443
1508990 442
1509000 442
1509010 442
1509020 442
1509030 442
1509040 441
1509050 441
1509060 441
1509070 440
1509080 440
1509090 440
1509100 440
1509110 440
1509120 440
1509130 439
1509140 439
1509150 439
1509160 439
1509170 438
1509180 438
1509190 438
1509200 438
1509210 438
1509220 437
1509230 436
1509240 436
1509250 435
1509260 435
1509270 435
1509280 434
1509290 434
1509300 434
1509310 433
1509320 433
1509330 433
1509340 432
1509350 431
1509360 431
1509370 430
1509380 430
1509390 430
1509400 429
1509410 428
1509420 428
1509430 428
1509440 427
1509450 427
1509460 427
1509470 426
1509480 426
1509490 425
1509500 425
1509510 425
1509520 424
1509530 423
1509540 423
1509550 422
1509560 421
1509570 421
1509580 421
1509590 420
1509600 420
1509610 419
1509620 418
1509630 418
1509640 418
1509650 417
1509660 417
1509670 417
1509680 416
1509690 416
1509700 416
1509710 415
1509720 415
1509730 415
1509740 414
1509750 414
1509760 413
1509770 413
1509780 413
1509790 412
1509800 411
1509810 411
1509820 411
1509830 411
1509840 411
1509850 410
1509860 410
1509870 410
1509880 409
1509890 409
1509900 409
1509910 408
1509920 408
1509930 408
1509940 408
1509950 408
1509960 408
1509970 408
1509980 407
1509990 407
1510000 408
1510010 412
1510020 412
1510030 417
1510040 420
1510050 420
1510060 423
1510070 425
1510080 425
1510090 426
1510100 427
1510110 427
1510120 428
1510130 428
1510140 428
1510150 429
1510160 429
1510170 429
1510180 429
1510190 429
1510200 429
1510210 429
1510220 429
1510230 429
1510240 428
1510250 428
1510260 428
1510270 428
1510280 427
1510290 427
1510300 427
1510310 427
1510320 427
1510330 426
1510340 426
1510350 426
1510360 425
1510370 425
1510380 425
1510390 424
1510400 424
1510410 424
1510420 423
1510430 423
1510440 423
1510450 422
1510460 422
1510470 422
1510480 421
1510490 421
1510500 421
1510510 421
1510520 420
1510530 420
1510540 420
1510550 419
1510560 419
1510570 418
1510580 418
1510590 418
1510600 417
1510610 417
1510620 417
1510630 417
1510640 416
1510650 416
1510660 416
1510670 415
1510680 415
1510690 414
1510700 414
1510710 414
1510720 414
1510730 414
1510740 414
1510750 413
1510760 412
1510770 412
1510780 412
1510790 413
1510800 413
1510810 413
1510820 414
1510830 414
1510840 414
1510850 415
1510860 415
1510870 415
1510880 416
1510890 416
1510900 417
1510910 417
1510920 417
1510930 417
1510940 417
1510950 417
1510960 417
1510970 417
1510980 417
1510990 418
1511000 418
1511010 418
1511020 418
1511030 418
1511040 418
1511050 418
1511060 418
1511070 418
1511080 418
1511090 419
1511100 419
1511110 419
1511120 420
1511130 420
1511140 421
1511150 422
1511160 422
1511170 422
1511180 423
1511190 423
1511200 424
1511210 425
1511220 425
1511230 426
1511240 427
1511250 427
1511260 428
1511270 428
1511280 428
1511290 429
1511300 430
1511310 430
1511320 430
1511330 431
1511340 431
1511350 432
1511360 432
1511370 432
1511380 432
1511390 432
1511400 432
1511410 432
1511420 431
1511430 431
1511440 430
1511450 429
1511460 429
1511470 428
1511480 426
1511490 426
1511500 425
1511510 425
1511520 425
1511530 424
1511540 422
1511550 422
1511560 421
1511570 420
1511580 420
1511590 419
1511600 418
1511610 418
1511620 418
1511630 418
1511640 418
1511650 418
1511660 418
1511670 418
1511680 417
1511690 417
1511700 417
1511710 418
1511720 418
1511730 418
1511740 418
1511750 418
1511760 418
1511770 418
1511780 418
1511790 418
1511800 417
1511810 417
1511820 417
1511830 417
1511840 416
1511850 416
1511860 416
1511870 416
1511880 416
1511890 415
1511900 414
1511910 414
1511920 414
1511930 414
1511940 414
1511950 414
1511960 414
1511970 414
1511980 413
1511990 413
1512000 413
1512010 413
1512020 413
1512030 413
1512040 412
1512050 412
1512060 412
1512070 412
1512080 411
1512090 411
1512100 411
1512110 410
1512120 410
1512130 410
1512140 410
1512150 410
1512160 409
1512170 409
1512180 409
1512190 409
1512200 409
1512210 409
1512220 409
1512230 408
1512240 408
1512250 408
1512260 408
1512270 408
1512280 408
1512290 408
1512300 408
1512310 409
1512320 410
1512330 410
1512340 411
1512350 411
1512360 411
1512370 411
1512380 412
1512390 412
1512400 412
1512410 412
1512420 412
1512430 412
1512440 412
1512450 412
1512460 411
1512470 411
1512480 411
1512490 411
1512500 411
1512510 411
1512520 411
1512530 412
1512540 412
1512550 413
1512560 413
1512570 413
1512580 413
1512590 413
1512600 413
1512610 413
1512620 413
1512630 413
1512640 414
1512650 414
1512660 414
1512670 415
1512680 416
1512690 416
1512700 417
1512710 417
1512720 417
1512730 418
1512740 418
1512750 418
1512760 418
1512770 418
1512780 419
1512790 419
1512800 419
1512810 420
1512820 421
1512830 421
1512840 421
1512850 422
1512860 422
1512870 424
1512880 426
1512890 426
1512900 427
1512910 428
1512920 428
1512930 428
1512940 429
1512950 429
1512960 429
1512970 429
1512980 429
1512990 430
1513000 430
1513010 430
1513020 430
1513030 430
1513040 430
1513050 430
1513060 430
1513070 430
1513080 430
1513090 430
1513100 430
1513110 430
1513120 431
1513130 431
1513140 431
1513150 431
1513160 431
1513170 431
1513180 432
1513190 432
1513200 432
1513210 433
1513220 433
1513230 433
1513240 433
1513250 433
1513260 434
1513270 434
1513280 434
1513290 434
1513300 435
1513310 435
1513320 435
1513330 435
1513340 435
1513350 435
1513360 435
1513370 435
1513380 435
1513390 436
1513400 436
1513410 436
1513420 436
1513430 436
1513440 436
1513450 436
1513460 436
1513470 436
1513480 435
1513490 435
1513500 435
1513510 435
1513520 435
1513530 435
1513540 434
1513550 434
1513560 434
1513570 434
1513580 434
1513590 433
1513600 431
1513610 431
1513620 429
1513630 427
1513640 427
1513650 427
1513660 426
1513670 426
1513680 424
1513690 423
1513700 423
1513710 421
1513720 420
1513730 420
1513740 420
1513750 419
1513760 419
1513770 419
1513780 418
1513790 418
1513800 417
1513810 416
1513820 416
1513830 416
1513840 415
1513850 415
1513860 415
1513870 415
1513880 415
1513890 414
1513900 414
1513910 414
1513920 414
1513930 413
1513940 413
1513950 413
1513960 413
1513970 413
1513980 413
1513990 413
1514000 413
1514010 412
1514020 411
1514030 411
1514040 411
1514050 410
1514060 410
1514070 410
1514080 410
1514090 410
1514100 409
1514110 408
1514120 408
1514130 409
1514140 410
1514150 410
1514160 411
1514170 413
1514180 413
1514190 414
1514200 416
1514210 416
1514220 416
1514230 416
1514240 416
1514250 416
1514260 416
1514270 416
1514280 416
1514290 416
1514300 416
1514310 417
1514320 417
1514330 417
1514340 418
1514350 419
1514360 419
1514370 420
1514380 420
1514390 420
1514400 420
1514410 417
1514420 417
1514430 416
1514440 419
1514450 419
1514460 422
1514470 422
1514480 422
1514490 422
1514500 422
1514510 422
1514520 422
1514530 422
1514540 422
1514550 423
1514560 422
1514570 422
1514580 422
1514590 422
1514600 422
1514610 422
1514620 422
1514630 422
1514640 422
1514650 422
1514660 422
1514670 422
1514680 421
1514690 421
1514700 421
1514710 421
1514720 421
1514730 421
1514740 421
1514750 421
1514760 421
1514770 420
1514780 420
1514790 420
1514800 420
1514810 420
1514820 419
1514830 419
1514840 419
1514850 419
1514860 419
1514870 419
1514880 419
1514890 419
1514900 419
1514910 418
1514920 418
1514930 418
1514940 418
1514950 418
1514960 418
1514970 417
1514980 417
1514990 417
1515000 417
1515010 416
1515020 416
1515030 416
1515040 416
1515050 416
1515060 415
1515070 415
1515080 415
1515090 414
1515100 413
1515110 413
1515120 413
1515130 411
1515140 411
1515150 410
1515160 409
1515170 409
1515180 408
1515190 407
1515200 407
1515210 406
1515220 405
1515230 405
1515240 404
1515250 403
1515260 403
1515270 402
1515280 401
1515290 401
1515300 400
1515310 400
1515320 400
1515330 399
1515340 398
1515350 398
1515360 397
1515370 397
1515380 397
1515390 396
1515400 396
1515410 396
1515420 397
1515430 399
1515440 399
1515450 400
1515460 401
1515470 401
1515480 401
1515490 402
1515500 402
1515510 403
1515520 403
1515530 403
1515540 403
1515550 404
1515560 404
1515570 404
1515580 404
1515590 404
1515600 403
1515610 403
1515620 403
1515630 402
1515640 402
1515650 402
1515660 402
1515670 402
1515680 402
1515690 401
1515700 401
1515710 401
1515720 400
1515730 400
1515740 400
1515750 399
1515760 399
1515770 399
1515780 398
1515790 397
1515800 397
1515810 397
1515820 396
1515830 396
1515840 396
1515850 395
1515860 395
1515870 395
1515880 394
1515890 394
1515900 394
1515910 393
1515920 393
1515930 392
1515940 392
1515950 392
1515960 391
1515970 391
1515980 391
1515990 390
1516000 390
1516010 390
1516020 390
1516030 389
1516040 389
1516050 389
1516060 388
1516070 388
1516080 388
1516090 387
1516100 387
1516110 386
1516120 386
1516130 386
1516140 385
1516150 385
1516160 385
1516170 385
1516180 385
1516190 385
1516200 384
1516210 384
1516220 384
1516230 384
1516240 384
1516250 384
1516260 384
1516270 383
1516280 383
1516290 383
1516300 382
1516310 382
1516320 382
1516330 381
1516340 381
1516350 381
1516360 380
1516370 380
1516380 380
1516390 380
1516400 380
1516410 380
1516420 380
1516430 380
1516440 380
1516450 379
1516460 379
1516470 379
1516480 379
1516490 379
1516500 378
1516510 378
1516520 378
1516530 378
1516540 377
1516550 377
1516560 377
1516570 377
1516580 377
1516590 377
1516600 377
1516610 377
1516620 377
1516630 376
1516640 376
1516650 376
1516660 375
1516670 375
1516680 375
1516690 374
1516700 374
1516710 374
1516720 374
1516730 374
1516740 374
1516750 374
1516760 374
1516770 374
1516780 374
1516790 374
1516800 373
1516810 373
1516820 373
1516830 372
1516840 372
1516850 372
1516860 373
1516870 374
1516880 374
1516890 373
1516900 372
1516910 372
1516920 372
1516930 372
1516940 372
1516950 371
1516960 371
1516970 371
1516980 370
1516990 370
1517000 370
1517010 370
1517020 370
1517030 370
1517040 370
1517050 370
1517060 370
1517070 369
1517080 369
1517090 369
1517100 369
1517110 368
1517120 368
1517130 368
1517140 368
1517150 368
1517160 367
1517170 367
1517180 367
1517190 368
1517200 368
1517210 368
1517220 368
1517230 368
1517240 368
1517250 367
1517260 367
1517270 367
1517280 367
1517290 367
1517300 367
1517310 367
1517320 366
1517330 366
1517340 366
1517350 366
1517360 366
1517370 366
1517380 365
1517390 365
1517400 365
1517410 364
1517420 364
1517430 364
1517440 365
1517450 365
1517460 365
1517470 365
1517480 365
1517490 364
1517500 364
1517510 364
1517520 364
1517530 364
1517540 364
1517550 364
1517560 365
1517570 365
1517580 365
1517590 364
1517600 364
1517610 364
1517620 364
1517630 364
1517640 364
1517650 363
1517660 363
1517670 363
1517680 364
1517690 364
1517700 364
1517710 365
1517720 365
1517730 366
1517740 366
1517750 366
1517760 365
1517770 365
1517780 365
1517790 365
1517800 365
1517810 365
1517820 365
1517830 365
1517840 365
1517850 366
1517860 366
1517870 366
1517880 366
1517890 366
1517900 366
1517910 366
1517920 366
1517930 366
1517940 366
1517950 366
1517960 366
1517970 367
1517980 367
1517990 367
1518000 367
1518010 367
1518020 367
1518030 367
1518040 367
1518050 367
1518060 367
1518070 368
1518080 368
1518090 368
1518100 368
1518110 368
1518120 368
1518130 368
1518140 368
1518150 368
1518160 368
1518170 368
1518180 368
1518190 368
1518200 368
1518210 368
1518220 369
1518230 369
1518240 369
1518250 369
1518260 369
1518270 369
1518280 369
1518290 369
1518300 369
1518310 369
1518320 369
1518330 369
1518340 369
1518350 369
1518360 369
1518370 370
1518380 370
1518390 370
1518400 370
1518410 370
1518420 370
1518430 370
1518440 370
1518450 371
1518460 371
1518470 371
1518480 371
1518490 371
1518500 371
1518510 371
1518520 371
1518530 371
1518540 370
1518550 370
1518560 370
1518570 370
1518580 370
1518590 370
1518600 371
1518610 371
1518620 371
1518630 371
1518640 371
1518650 371
1518660 371
1518670 371
1518680 371
1518690 371
1518700 372
1518710 372
1518720 372
1518730 373
1518740 373
1518750 373
1518760 374
1518770 374
1518780 374
1518790 375
1518800 375
1518810 375
1518820 377
1518830 377
1518840 378
1518850 380
1518860 380
1518870 381
1518880 383
1518890 383
1518900 385
1518910 386
1518920 386
1518930 388
1518940 388
1518950 389
1518960 390
1518970 390
1518980 392
1518990 393
1519000 393
1519010 394
1519020 395
1519030 395
1519040 396
1519050 397
1519060 397
1519070 398
1519080 399
1519090 399
1519100 399
1519110 399
1519120 399
1519130 399
1519140 399
1519150 399
1519160 399
1519170 399
1519180 399
1519190 398
1519200 397
1519210 397
1519220 396
1519230 394
1519240 394
1519250 391
1519260 388
1519270 388
1519280 386
1519290 384
1519300 384
1519310 386
1519320 388
1519330 388
1519340 391
1519350 395
1519360 395
1519370 398
1519380 400
1519390 400
1519400 401
1519410 403
1519420 403
1519430 404
1519440 404
1519450 404
1519460 405
1519470 405
1519480 405
1519490 406
1519500 406
1519510 406
1519520 407
1519530 407
1519540 407
1519550 408
1519560 408
1519570 407
1519580 407
1519590 407
1519600 407
1519610 407
1519620 407
1519630 407
1519640 407
1519650 408
1519660 408
1519670 408
1519680 409
1519690 409
1519700 409
1519710 409
1519720 409
1519730 409
1519740 409
1519750 409
1519760 409
1519770 409
1519780 409
1519790 409
1519800 409
1519810 409
1519820 409
1519830 409
1519840 409
1519850 409
1519860 409
1519870 409
1519880 410
1519890 410
1519900 410
1519910 410
1519920 410
1519930 410
1519940 410
1519950 410
1519960 410
1519970 410
1519980 410
1519990 410
