1500000 421
1500010 421
1500020 421
1500030 421
1500040 421
1500050 421
1500060 421
1500070 421
1500080 422
1500090 422
1500100 423
1500110 426
1500120 426
1500130 427
1500140 427
1500150 427
1500160 427
1500170 428
1500180 428
1500190 429
1500200 429
1500210 429
1500220 430
1500230 430
1500240 430
1500250 431
1500260 431
1500270 431
1500280 431
1500290 432
1500300 432
1500310 432
1500320 433
1500330 433
1500340 433
1500350 434
1500360 434
1500370 434
1500380 435
1500390 435
1500400 435
1500410 436
1500420 436
1500430 436
1500440 436
1500450 436
1500460 437
1500470 437
1500480 437
1500490 438
1500500 438
1500510 438
1500520 439
1500530 439
1500540 439
1500550 440
1500560 440
1500570 440
1500580 441
1500590 441
1500600 441
1500610 441
1500620 442
1500630 442
1500640 442
1500650 442
1500660 442
1500670 443
1500680 443
1500690 443
1500700 444
1500710 444
1500720 444
1500730 445
1500740 445
1500750 445
1500760 446
1500770 446
1500780 446
1500790 446
1500800 446
1500810 446
1500820 447
1500830 447
1500840 447
1500850 448
1500860 448
1500870 448
1500880 449
1500890 449
1500900 449
1500910 449
1500920 449
1500930 449
1500940 449
1500950 449
1500960 449
1500970 448
1500980 448
1500990 448
1501000 448
1501010 447
1501020 447
1501030 446
1501040 445
1501050 445
1501060 444
1501070 443
1501080 443
1501090 441
1501100 440
1501110 440
1501120 438
1501130 437
1501140 437
1501150 435
1501160 433
1501170 433
1501180 430
1501190 427
1501200 427
1501210 429
1501220 431
1501230 431
1501240 433
1501250 434
1501260 434
1501270 436
1501280 437
1501290 437
1501300 438
1501310 440
1501320 440
1501330 441
1501340 443
1501350 443
1501360 444
1501370 446
1501380 446
1501390 447
1501400 448
1501410 448
1501420 449
1501430 450
1501440 450
1501450 452
1501460 453
1501470 453
1501480 454
1501490 455
1501500 455
1501510 456
1501520 457
1501530 457
1501540 457
1501550 458
1501560 458
1501570 459
1501580 460
1501590 460
1501600 461
1501610 461
1501620 461
1501630 462
1501640 463
1501650 463
1501660 463
1501670 464
1501680 464
1501690 464
1501700 464
1501710 464
1501720 464
1501730 465
1501740 465
1501750 465
1501760 464
1501770 464
1501780 462
1501790 459
1501800 459
1501810 461
1501820 464
1501830 464
1501840 466
1501850 468
1501860 468
1501870 469
1501880 471
1501890 471
1501900 473
1501910 474
1501920 474
1501930 475
1501940 476
1501950 476
1501960 478
1501970 479
1501980 479
1501990 480
1502000 481
1502010 481
1502020 483
1502030 484
1502040 484
1502050 484
1502060 485
1502070 485
1502080 486
1502090 487
1502100 487
1502110 487
1502120 488
1502130 488
1502140 489
1502150 489
1502160 489
1502170 490
1502180 491
1502190 491
1502200 491
1502210 491
1502220 491
1502230 492
1502240 492
1502250 492
1502260 493
1502270 493
1502280 493
1502290 493
1502300 493
1502310 493
1502320 493
1502330 493
1502340 493
1502350 493
1502360 493
1502370 493
1502380 493
1502390 492
1502400 492
1502410 492
1502420 492
1502430 492
1502440 491
1502450 491
1502460 491
1502470 490
1502480 489
1502490 489
1502500 489
1502510 488
1502520 488
1502530 487
1502540 487
1502550 487
1502560 486
1502570 485
1502580 485
1502590 485
1502600 484
1502610 484
1502620 484
1502630 483
1502640 483
1502650 483
1502660 482
1502670 482
1502680 481
1502690 481
1502700 481
1502710 480
1502720 479
1502730 479
1502740 478
1502750 478
1502760 477
1502770 475
1502780 475
1502790 474
1502800 472
1502810 472
1502820 471
1502830 470
1502840 470
1502850 468
1502860 467
1502870 467
1502880 465
1502890 463
1502900 463
1502910 461
1502920 458
1502930 458
1502940 456
1502950 454
1502960 454
1502970 452
1502980 450
1502990 450
1503000 447
1503010 443
1503020 443
1503030 441
1503040 443
1503050 443
1503060 444
1503070 445
1503080 445
1503090 445
1503100 445
1503110 445
1503120 444
1503130 444
1503140 444
1503150 444
1503160 444
1503170 444
1503180 443
1503190 443
1503200 443
1503210 443
1503220 442
1503230 442
1503240 443
1503250 442
1503260 442
1503270 442
1503280 442
1503290 442
1503300 443
1503310 443
1503320 443
1503330 443
1503340 443
1503350 443
1503360 443
1503370 442
1503380 442
1503390 442
1503400 442
1503410 442
1503420 442
1503430 442
1503440 442
1503450 442
1503460 441
1503470 441
1503480 441
1503490 441
1503500 441
1503510 440
1503520 440
1503530 440
1503540 440
1503550 439
1503560 439
1503570 438
1503580 438
1503590 438
1503600 437
1503610 436
1503620 436
1503630 436
1503640 435
1503650 435
1503660 434
1503670 433
1503680 433
1503690 433
1503700 432
1503710 432
1503720 430
1503730 429
1503740 429
1503750 429
1503760 428
1503770 428
1503780 426
1503790 425
1503800 425
1503810 424
1503820 423
1503830 423
1503840 422
1503850 420
1503860 420
1503870 419
1503880 418
1503890 418
1503900 417
1503910 415
1503920 415
1503930 413
1503940 411
1503950 411
1503960 409
1503970 408
1503980 408
1503990 408
1504000 410
1504010 410
1504020 412
1504030 413
1504040 413
1504050 415
1504060 416
1504070 416
1504080 417
1504090 419
1504100 419
1504110 421
1504120 422
1504130 422
1504140 424
1504150 426
1504160 426
1504170 427
1504180 428
1504190 428
1504200 429
1504210 430
1504220 430
1504230 430
1504240 431
1504250 431
1504260 431
1504270 431
1504280 431
1504290 431
1504300 430
1504310 430
1504320 430
1504330 429
1504340 429
1504350 428
1504360 427
1504370 427
1504380 426
1504390 425
1504400 425
1504410 424
1504420 423
1504430 423
1504440 422
1504450 421
1504460 421
1504470 420
1504480 419
1504490 419
1504500 418
1504510 417
1504520 417
1504530 417
1504540 416
1504550 416
1504560 415
1504570 415
1504580 415
1504590 414
1504600 414
1504610 414
1504620 413
1504630 412
1504640 412
1504650 411
1504660 411
1504670 411
1504680 410
1504690 410
1504700 410
1504710 409
1504720 409
1504730 409
1504740 408
1504750 407
1504760 407
1504770 407
1504780 406
1504790 406
1504800 405
1504810 405
1504820 405
1504830 405
1504840 404
1504850 404
1504860 404
1504870 404
1504880 404
1504890 404
1504900 404
1504910 404
1504920 403
1504930 403
1504940 403
1504950 403
1504960 402
1504970 402
1504980 402
1504990 402
1505000 402
1505010 402
1505020 401
1505030 401
1505040 401
1505050 401
1505060 401
1505070 400
1505080 400
1505090 400
1505100 399
1505110 398
1505120 398
1505130 397
1505140 396
1505150 396
1505160 396
1505170 396
1505180 396
1505190 396
1505200 395
1505210 395
1505220 394
1505230 395
1505240 395
1505250 395
1505260 395
1505270 395
1505280 395
1505290 395
1505300 395
1505310 395
1505320 394
1505330 394
1505340 394
1505350 394
1505360 394
1505370 393
1505380 392
1505390 392
1505400 392
1505410 392
1505420 392
1505430 392
1505440 391
1505450 391
1505460 391
1505470 391
1505480 391
1505490 391
1505500 390
1505510 390
1505520 390
1505530 390
1505540 390
1505550 390
1505560 390
1505570 390
1505580 390
1505590 389
1505600 389
1505610 389
1505620 389
1505630 389
1505640 389
1505650 389
1505660 389
1505670 389
1505680 389
1505690 389
1505700 388
1505710 388
1505720 388
1505730 388
1505740 388
1505750 388
1505760 388
1505770 387
1505780 387
1505790 387
1505800 387
1505810 387
1505820 387
1505830 387
1505840 387
1505850 387
1505860 387
1505870 387
1505880 386
1505890 386
1505900 386
1505910 386
1505920 386
1505930 386
1505940 386
1505950 386
1505960 386
1505970 386
1505980 385
1505990 385
1506000 385
1506010 385
1506020 385
1506030 385
1506040 385
1506050 385
1506060 385
1506070 386
1506080 386
1506090 386
1506100 386
1506110 386
1506120 386
1506130 386
1506140 386
1506150 386
1506160 386
1506170 386
1506180 386
1506190 385
1506200 385
1506210 385
1506220 385
1506230 385
1506240 385
1506250 384
1506260 384
1506270 384
1506280 383
1506290 383
1506300 383
1506310 382
1506320 382
1506330 382
1506340 381
1506350 381
1506360 381
1506370 380
1506380 380
1506390 379
1506400 377
1506410 377
1506420 375
1506430 373
1506440 373
1506450 370
1506460 369
1506470 369
1506480 368
1506490 368
1506500 368
1506510 369
1506520 368
1506530 368
1506540 368
1506550 369
1506560 369
1506570 369
1506580 369
1506590 369
1506600 369
1506610 370
1506620 370
1506630 370
1506640 371
1506650 371
1506660 372
1506670 371
1506680 371
1506690 370
1506700 371
1506710 371
1506720 373
1506730 373
1506740 373
1506750 374
1506760 374
1506770 375
1506780 376
1506790 376
1506800 376
1506810 377
1506820 377
1506830 378
1506840 378
1506850 378
1506860 379
1506870 380
1506880 380
1506890 380
1506900 381
1506910 381
1506920 382
1506930 382
1506940 382
1506950 383
1506960 384
1506970 384
1506980 385
1506990 386
1507000 386
1507010 387
1507020 388
1507030 388
1507040 389
1507050 390
1507060 390
1507070 390
1507080 391
1507090 391
1507100 392
1507110 392
1507120 392
1507130 393
1507140 394
1507150 394
1507160 395
1507170 395
1507180 395
1507190 396
1507200 397
1507210 397
1507220 398
1507230 398
1507240 398
1507250 399
1507260 400
1507270 400
1507280 401
1507290 401
1507300 401
1507310 402
1507320 403
1507330 403
1507340 404
1507350 404
1507360 404
1507370 405
1507380 406
1507390 406
1507400 406
1507410 407
1507420 407
1507430 408
1507440 408
1507450 408
1507460 409
1507470 409
1507480 409
1507490 409
1507500 409
1507510 409
1507520 410
1507530 410
1507540 410
1507550 410
1507560 411
1507570 411
1507580 411
1507590 411
1507600 411
1507610 411
1507620 410
1507630 410
1507640 410
1507650 410
1507660 410
1507670 410
1507680 410
1507690 410
1507700 410
1507710 409
1507720 409
1507730 409
1507740 409
1507750 409
1507760 408
1507770 408
1507780 408
1507790 408
1507800 407
1507810 407
1507820 407
1507830 406
1507840 406
1507850 406
1507860 406
1507870 406
1507880 405
1507890 404
1507900 404
1507910 404
1507920 403
1507930 403
1507940 403
1507950 403
1507960 403
1507970 402
1507980 402
1507990 402
1508000 402
1508010 401
1508020 401
1508030 401
1508040 400
1508050 400
1508060 399
1508070 397
1508080 397
1508090 397
1508100 398
1508110 398
1508120 398
1508130 398
1508140 398
1508150 398
1508160 397
1508170 397
1508180 396
1508190 395
1508200 395
1508210 395
1508220 393
1508230 393
1508240 392
1508250 391
1508260 391
1508270 392
1508280 391
1508290 391
1508300 391
1508310 392
1508320 392
1508330 392
1508340 392
1508350 392
1508360 391
1508370 390
1508380 390
1508390 390
1508400 390
1508410 390
1508420 389
1508430 389
1508440 389
1508450 389
1508460 389
1508470 389
1508480 389
1508490 389
1508500 389
1508510 389
1508520 389
1508530 389
1508540 389
1508550 388
1508560 388
1508570 388
1508580 387
1508590 387
1508600 387
1508610 387
1508620 387
1508630 386
1508640 386
1508650 386
1508660 385
1508670 385
1508680 385
1508690 384
1508700 384
1508710 384
1508720 384
1508730 383
1508740 383
1508750 383
1508760 383
1508770 383
1508780 383
1508790 382
1508800 382
1508810 382
1508820 382
1508830 382
1508840 381
1508850 381
1508860 381
1508870 380
1508880 379
1508890 379
1508900 379
1508910 379
1508920 379
1508930 379
1508940 378
1508950 378
1508960 378
1508970 378
1508980 378
1508990 378
1509000 377
1509010 377
1509020 377
1509030 377
1509040 377
1509050 377
1509060 377
1509070 377
1509080 377
1509090 377
1509100 377
1509110 377
1509120 377
1509130 377
1509140 377
1509150 377
1509160 377
1509170 377
1509180 376
1509190 376
1509200 376
1509210 375
1509220 375
1509230 375
1509240 374
1509250 374
1509260 374
1509270 374
1509280 374
1509290 374
1509300 373
1509310 373
1509320 373
1509330 374
1509340 374
1509350 375
1509360 377
1509370 377
1509380 379
1509390 383
1509400 383
1509410 388
1509420 393
1509430 393
1509440 398
1509450 401
1509460 401
1509470 403
1509480 404
1509490 404
1509500 406
1509510 407
1509520 407
1509530 407
1509540 408
1509550 408
1509560 408
1509570 408
1509580 408
1509590 408
1509600 408
1509610 408
1509620 407
1509630 407
1509640 407
1509650 407
1509660 406
1509670 406
1509680 406
1509690 406
1509700 406
1509710 406
1509720 405
1509730 405
1509740 405
1509750 405
1509760 405
1509770 405
1509780 404
1509790 404
1509800 404
1509810 404
1509820 404
1509830 404
1509840 403
1509850 403
1509860 403
1509870 403
1509880 403
1509890 403
1509900 402
1509910 402
1509920 402
1509930 402
1509940 402
1509950 402
1509960 402
1509970 402
1509980 402
1509990 401
1510000 401
1510010 401
1510020 401
1510030 401
1510040 400
1510050 400
1510060 400
1510070 400
1510080 400
1510090 400
1510100 399
1510110 399
1510120 399
1510130 399
1510140 398
1510150 398
1510160 397
1510170 397
1510180 397
1510190 397
1510200 397
1510210 397
1510220 397
1510230 397
1510240 397
1510250 397
1510260 397
1510270 397
1510280 396
1510290 395
1510300 395
1510310 395
1510320 395
1510330 395
1510340 395
1510350 395
1510360 395
1510370 395
1510380 394
1510390 394
1510400 394
1510410 393
1510420 393
1510430 393
1510440 392
1510450 392
1510460 391
1510470 390
1510480 390
1510490 390
1510500 389
1510510 389
1510520 388
1510530 388
1510540 388
1510550 387
1510560 388
1510570 388
1510580 388
1510590 388
1510600 388
1510610 388
1510620 388
1510630 388
1510640 388
1510650 387
1510660 387
1510670 386
1510680 386
1510690 386
1510700 386
1510710 386
1510720 386
1510730 387
1510740 387
1510750 387
1510760 387
1510770 387
1510780 387
1510790 388
1510800 388
1510810 388
1510820 388
1510830 388
1510840 388
1510850 387
1510860 387
1510870 388
1510880 388
1510890 388
1510900 388
1510910 388
1510920 388
1510930 388
1510940 388
1510950 388
1510960 388
1510970 388
1510980 388
1510990 388
1511000 388
1511010 388
1511020 387
1511030 387
1511040 387
1511050 387
1511060 387
1511070 387
1511080 387
1511090 387
1511100 387
1511110 387
1511120 387
1511130 387
1511140 387
1511150 387
1511160 387
1511170 386
1511180 386
1511190 386
1511200 386
1511210 386
1511220 386
1511230 386
1511240 386
1511250 386
1511260 386
1511270 386
1511280 386
1511290 386
1511300 385
1511310 385
1511320 385
1511330 385
1511340 385
1511350 385
1511360 385
1511370 385
1511380 385
1511390 384
1511400 384
1511410 384
1511420 384
1511430 384
1511440 384
1511450 383
1511460 383
1511470 383
1511480 383
1511490 383
1511500 383
1511510 383
1511520 383
1511530 383
1511540 382
1511550 382
1511560 383
1511570 383
1511580 383
1511590 383
1511600 383
1511610 383
1511620 383
1511630 383
1511640 383
1511650 382
1511660 382
1511670 382
1511680 381
1511690 381
1511700 381
1511710 380
1511720 380
1511730 380
1511740 380
1511750 379
1511760 379
1511770 379
1511780 378
1511790 378
1511800 378
1511810 376
1511820 376
1511830 376
1511840 377
1511850 377
1511860 378
1511870 378
1511880 378
1511890 379
1511900 379
1511910 379
1511920 379
1511930 380
1511940 380
1511950 380
1511960 380
1511970 380
1511980 380
1511990 380
1512000 380
1512010 379
1512020 380
1512030 380
1512040 380
1512050 380
1512060 380
1512070 379
1512080 379
1512090 379
1512100 379
1512110 379
1512120 379
1512130 379
1512140 379
1512150 379
1512160 379
1512170 379
1512180 379
1512190 378
1512200 378
1512210 378
1512220 379
1512230 379
1512240 379
1512250 380
1512260 380
1512270 380
1512280 380
1512290 380
1512300 380
1512310 379
1512320 379
1512330 379
1512340 379
1512350 380
1512360 380
1512370 380
1512380 380
1512390 380
1512400 380
1512410 380
1512420 380
1512430 380
1512440 379
1512450 379
1512460 379
1512470 379
1512480 379
1512490 379
1512500 379
1512510 379
1512520 378
1512530 378
1512540 378
1512550 378
1512560 378
1512570 378
1512580 378
1512590 378
1512600 378
1512610 378
1512620 377
1512630 377
1512640 377
1512650 378
1512660 378
1512670 378
1512680 377
1512690 377
1512700 377
1512710 377
1512720 377
1512730 377
1512740 377
1512750 377
1512760 376
1512770 375
1512780 375
1512790 375
1512800 375
1512810 375
1512820 375
1512830 375
1512840 375
1512850 375
1512860 374
1512870 374
1512880 374
1512890 374
1512900 374
1512910 373
1512920 373
1512930 373
1512940 373
1512950 373
1512960 373
1512970 372
1512980 372
1512990 372
1513000 372
1513010 371
1513020 371
1513030 371
1513040 371
1513050 371
1513060 371
1513070 370
1513080 370
1513090 370
1513100 370
1513110 370
1513120 369
1513130 369
1513140 369
1513150 369
1513160 369
1513170 369
1513180 369
1513190 369
1513200 369
1513210 368
1513220 368
1513230 368
1513240 368
1513250 368
1513260 368
1513270 368
1513280 368
1513290 368
1513300 367
1513310 367
1513320 367
1513330 367
1513340 367
1513350 367
1513360 367
1513370 367
1513380 367
1513390 367
1513400 367
1513410 367
1513420 367
1513430 367
1513440 367
1513450 367
1513460 367
1513470 367
1513480 367
1513490 367
1513500 367
1513510 367
1513520 366
1513530 366
1513540 366
1513550 366
1513560 366
1513570 365
1513580 365
1513590 365
1513600 365
1513610 365
1513620 365
1513630 365
1513640 365
1513650 365
1513660 365
1513670 364
1513680 364
1513690 363
1513700 362
1513710 362
1513720 361
1513730 361
1513740 361
1513750 361
1513760 361
1513770 361
1513780 361
1513790 361
1513800 361
1513810 361
1513820 361
1513830 361
1513840 362
1513850 363
1513860 363
1513870 363
1513880 363
1513890 363
1513900 363
1513910 363
1513920 363
1513930 363
1513940 363
1513950 363
1513960 362
1513970 362
1513980 362
1513990 362
1514000 362
1514010 362
1514020 361
1514030 361
1514040 361
1514050 361
1514060 361
1514070 361
1514080 361
1514090 361
1514100 361
1514110 361
1514120 361
1514130 361
1514140 361
1514150 362
1514160 362
1514170 362
1514180 362
1514190 362
1514200 362
1514210 362
1514220 362
1514230 361
1514240 361
1514250 361
1514260 361
1514270 360
1514280 360
1514290 361
1514300 361
1514310 361
1514320 361
1514330 361
1514340 361
1514350 360
1514360 360
1514370 360
1514380 360
1514390 361
1514400 361
1514410 361
1514420 361
1514430 361
1514440 361
1514450 361
1514460 361
1514470 361
1514480 362
1514490 362
1514500 362
1514510 362
1514520 362
1514530 361
1514540 361
1514550 361
1514560 361
1514570 361
1514580 361
1514590 361
1514600 361
1514610 361
1514620 361
1514630 361
1514640 361
1514650 362
1514660 362
1514670 362
1514680 362
1514690 362
1514700 362
1514710 362
1514720 362
1514730 362
1514740 361
1514750 361
1514760 361
1514770 361
1514780 361
1514790 361
1514800 361
1514810 361
1514820 361
1514830 361
1514840 361
1514850 361
1514860 361
1514870 361
1514880 361
1514890 361
1514900 361
1514910 361
1514920 361
1514930 361
1514940 361
1514950 361
1514960 361
1514970 361
1514980 361
1514990 361
1515000 361
1515010 361
1515020 361
1515030 360
1515040 360
1515050 360
1515060 360
1515070 359
1515080 359
1515090 359
1515100 359
1515110 359
1515120 359
1515130 359
1515140 359
1515150 359
1515160 358
1515170 358
1515180 358
1515190 357
1515200 357
1515210 357
1515220 357
1515230 357
1515240 356
1515250 356
1515260 356
1515270 356
1515280 355
1515290 355
1515300 355
1515310 355
1515320 355
1515330 356
1515340 356
1515350 356
1515360 356
1515370 356
1515380 356
1515390 355
1515400 354
1515410 354
1515420 354
1515430 355
1515440 355
1515450 355
1515460 355
1515470 355
1515480 355
1515490 355
1515500 355
1515510 355
1515520 355
1515530 355
1515540 355
1515550 355
1515560 355
1515570 355
1515580 355
1515590 355
1515600 355
1515610 355
1515620 355
1515630 355
1515640 355
1515650 355
1515660 355
1515670 355
1515680 355
1515690 356
1515700 356
1515710 356
1515720 356
1515730 356
1515740 356
1515750 356
1515760 355
1515770 355
1515780 355
1515790 356
1515800 356
1515810 357
1515820 359
1515830 359
1515840 364
1515850 370
1515860 370
1515870 376
1515880 380
1515890 380
1515900 381
1515910 382
1515920 382
1515930 382
1515940 382
1515950 382
1515960 382
1515970 381
1515980 381
1515990 381
1516000 380
1516010 380
1516020 380
1516030 379
1516040 379
1516050 379
1516060 379
1516070 379
1516080 379
1516090 379
1516100 379
1516110 379
1516120 380
1516130 380
1516140 380
1516150 381
1516160 381
1516170 381
1516180 381
1516190 381
1516200 381
1516210 381
1516220 381
1516230 381
1516240 382
1516250 382
1516260 382
1516270 383
1516280 383
1516290 383
1516300 384
1516310 384
1516320 384
1516330 385
1516340 385
1516350 385
1516360 386
1516370 386
1516380 386
1516390 386
1516400 386
1516410 386
1516420 386
1516430 386
1516440 386
1516450 386
1516460 386
1516470 385
1516480 385
1516490 385
1516500 384
1516510 384
1516520 384
1516530 384
1516540 384
1516550 384
1516560 384
1516570 383
1516580 383
1516590 379
1516600 375
1516610 375
1516620 372
1516630 370
1516640 370
1516650 371
1516660 374
1516670 374
1516680 377
1516690 382
1516700 382
1516710 385
1516720 386
1516730 386
1516740 387
1516750 388
1516760 388
1516770 389
1516780 390
1516790 390
1516800 391
1516810 392
1516820 392
1516830 393
1516840 394
1516850 394
1516860 394
1516870 395
1516880 395
1516890 396
1516900 397
1516910 397
1516920 397
1516930 398
1516940 398
1516950 399
1516960 399
1516970 399
1516980 400
1516990 400
1517000 400
1517010 400
1517020 400
1517030 400
1517040 400
1517050 399
1517060 399
1517070 398
1517080 398
1517090 398
1517100 397
1517110 397
1517120 397
1517130 396
1517140 395
1517150 395
1517160 395
1517170 395
1517180 395
1517190 395
1517200 396
1517210 396
1517220 396
1517230 396
1517240 396
1517250 396
1517260 396
1517270 396
1517280 396
1517290 396
1517300 396
1517310 396
1517320 397
1517330 397
1517340 398
1517350 398
1517360 398
1517370 399
1517380 400
1517390 400
1517400 400
1517410 401
1517420 401
1517430 401
1517440 402
1517450 402
1517460 402
1517470 403
1517480 403
1517490 403
1517500 403
1517510 403
1517520 404
1517530 404
1517540 404
1517550 404
1517560 405
1517570 405
1517580 405
1517590 405
1517600 405
1517610 405
1517620 406
1517630 406
1517640 406
1517650 406
1517660 406
1517670 406
1517680 406
1517690 406
1517700 406
1517710 406
1517720 406
1517730 406
1517740 406
1517750 406
1517760 406
1517770 405
1517780 405
1517790 405
1517800 405
1517810 405
1517820 405
1517830 404
1517840 404
1517850 404
1517860 403
1517870 403
1517880 403
1517890 402
1517900 402
1517910 401
1517920 401
1517930 401
1517940 402
1517950 403
1517960 403
1517970 404
1517980 405
1517990 405
1518000 406
1518010 408
1518020 408
1518030 409
1518040 410
1518050 410
1518060 411
1518070 412
1518080 412
1518090 413
1518100 414
1518110 414
1518120 415
1518130 415
1518140 415
1518150 416
1518160 417
1518170 417
1518180 418
1518190 419
1518200 419
1518210 420
1518220 421
1518230 421
1518240 422
1518250 422
1518260 422
1518270 423
1518280 424
1518290 424
1518300 424
1518310 425
1518320 425
1518330 426
1518340 427
1518350 427
1518360 427
1518370 428
1518380 428
1518390 429
1518400 429
1518410 429
1518420 430
1518430 430
1518440 430
1518450 431
1518460 431
1518470 431
1518480 431
1518490 432
1518500 432
1518510 432
1518520 433
1518530 433
1518540 433
1518550 434
1518560 434
1518570 434
1518580 435
1518590 435
1518600 435
1518610 436
1518620 436
1518630 436
1518640 437
1518650 437
1518660 437
1518670 438
1518680 438
1518690 438
1518700 438
1518710 438
1518720 439
1518730 439
1518740 439
1518750 440
1518760 440
1518770 440
1518780 440
1518790 440
1518800 441
1518810 441
1518820 441
1518830 441
1518840 441
1518850 441
1518860 442
1518870 442
1518880 442
1518890 442
1518900 442
1518910 442
1518920 442
1518930 442
1518940 442
1518950 442
1518960 442
1518970 442
1518980 442
1518990 442
1519000 442
1519010 441
1519020 441
1519030 441
1519040 440
1519050 439
1519060 439
1519070 438
1519080 437
1519090 437
1519100 436
1519110 435
1519120 435
1519130 433
1519140 432
1519150 432
1519160 431
1519170 430
1519180 430
1519190 429
1519200 428
1519210 428
1519220 426
1519230 425
1519240 425
1519250 424
1519260 423
1519270 423
1519280 423
1519290 422
1519300 422
1519310 421
1519320 421
1519330 421
1519340 421
1519350 421
1519360 421
1519370 421
1519380 421
1519390 421
1519400 421
1519410 421
1519420 421
1519430 422
1519440 422
1519450 422
1519460 422
1519470 423
1519480 423
1519490 423
1519500 423
1519510 423
1519520 423
1519530 423
1519540 423
1519550 423
1519560 424
1519570 424
1519580 425
1519590 425
1519600 425
1519610 426
1519620 427
1519630 427
1519640 428
1519650 428
1519660 428
1519670 429
1519680 430
1519690 431
1519700 432
1519710 432
1519720 432
1519730 433
1519740 434
1519750 434
1519760 435
1519770 435
1519780 435
1519790 436
1519800 437
1519810 437
1519820 438
1519830 438
1519840 438
1519850 439
1519860 440
1519870 440
1519880 440
1519890 441
1519900 441
1519910 442
1519920 442
1519930 442
1519940 443
1519950 444
1519960 444
1519970 444
1519980 445
1519990 445
