1500000 374
1500010 374
1500020 374
1500030 374
1500040 375
1500050 375
1500060 375
1500070 375
1500080 375
1500090 375
1500100 375
1500110 375
1500120 375
1500130 375
1500140 375
1500150 376
1500160 376
1500170 376
1500180 376
1500190 376
1500200 376
1500210 376
1500220 376
1500230 376
1500240 376
1500250 376
1500260 376
1500270 377
1500280 377
1500290 377
1500300 377
1500310 377
1500320 377
1500330 377
1500340 378
1500350 378
1500360 378
1500370 378
1500380 378
1500390 379
1500400 379
1500410 379
1500420 380
1500430 380
1500440 380
1500450 381
1500460 381
1500470 381
1500480 382
1500490 382
1500500 382
1500510 383
1500520 383
1500530 383
1500540 383
1500550 382
1500560 382
1500570 382
1500580 383
1500590 383
1500600 384
1500610 384
1500620 384
1500630 385
1500640 385
1500650 385
1500660 385
1500670 385
1500680 385
1500690 385
1500700 386
1500710 386
1500720 386
1500730 386
1500740 386
1500750 386
1500760 386
1500770 386
1500780 387
1500790 387
1500800 387
1500810 387
1500820 388
1500830 388
1500840 388
1500850 389
1500860 389
1500870 389
1500880 389
1500890 389
1500900 390
1500910 390
1500920 390
1500930 391
1500940 391
1500950 391
1500960 392
1500970 392
1500980 392
1500990 393
1501000 393
1501010 393
1501020 394
1501030 394
1501040 394
1501050 395
1501060 395
1501070 395
1501080 395
1501090 396
1501100 396
1501110 396
1501120 396
1501130 396
1501140 397
1501150 397
1501160 397
1501170 397
1501180 397
1501190 397
1501200 398
1501210 398
1501220 398
1501230 398
1501240 398
1501250 398
1501260 398
1501270 399
1501280 399
1501290 399
1501300 399
1501310 399
1501320 399
1501330 399
1501340 399
1501350 399
1501360 399
1501370 399
1501380 399
1501390 399
1501400 399
1501410 399
1501420 398
1501430 398
1501440 393
1501450 392
1501460 392
1501470 392
1501480 391
1501490 391
1501500 391
1501510 391
1501520 391
1501530 391
1501540 392
1501550 392
1501560 393
1501570 395
1501580 395
1501590 397
1501600 399
1501610 399
1501620 401
1501630 403
1501640 403
1501650 405
1501660 406
1501670 406
1501680 407
1501690 408
1501700 408
1501710 408
1501720 408
1501730 408
1501740 409
1501750 410
1501760 410
1501770 410
1501780 410
1501790 410
1501800 410
1501810 411
1501820 411
1501830 412
1501840 413
1501850 413
1501860 415
1501870 416
1501880 416
1501890 418
1501900 420
1501910 420
1501920 420
1501930 420
1501940 420
1501950 420
1501960 421
1501970 421
1501980 422
1501990 422
1502000 422
1502010 423
1502020 423
1502030 423
1502040 423
1502050 423
1502060 423
1502070 424
1502080 425
1502090 425
1502100 426
1502110 427
1502120 427
1502130 428
1502140 428
1502150 428
1502160 429
1502170 429
1502180 429
1502190 430
1502200 430
1502210 430
1502220 430
1502230 431
1502240 431
1502250 431
1502260 431
1502270 431
1502280 431
1502290 431
1502300 431
1502310 431
1502320 431
1502330 431
1502340 431
1502350 431
1502360 431
1502370 431
1502380 430
1502390 430
1502400 430
1502410 430
1502420 430
1502430 429
1502440 429
1502450 429
1502460 428
1502470 428
1502480 428
1502490 427
1502500 427
1502510 427
1502520 426
1502530 425
1502540 425
1502550 424
1502560 423
1502570 423
1502580 422
1502590 421
1502600 421
1502610 419
1502620 416
1502630 416
1502640 413
1502650 411
1502660 411
1502670 410
1502680 410
1502690 410
1502700 409
1502710 409
1502720 410
1502730 412
1502740 412
1502750 413
1502760 414
1502770 414
1502780 415
1502790 415
1502800 415
1502810 415
1502820 415
1502830 415
1502840 415
1502850 415
1502860 415
1502870 416
1502880 416
1502890 416
1502900 416
1502910 415
1502920 415
1502930 415
1502940 415
1502950 415
1502960 415
1502970 415
1502980 415
1502990 416
1503000 416
1503010 416
1503020 417
1503030 418
1503040 418
1503050 419
1503060 421
1503070 421
1503080 422
1503090 423
1503100 423
1503110 425
1503120 428
1503130 428
1503140 430
1503150 431
1503160 431
1503170 433
1503180 435
1503190 435
1503200 437
1503210 439
1503220 439
1503230 440
1503240 442
1503250 442
1503260 444
1503270 446
1503280 446
1503290 447
1503300 448
1503310 448
1503320 450
1503330 451
1503340 451
1503350 452
1503360 453
1503370 453
1503380 453
1503390 454
1503400 454
1503410 454
1503420 454
1503430 454
1503440 454
1503450 454
1503460 454
1503470 454
1503480 454
1503490 454
1503500 454
1503510 454
1503520 454
1503530 453
1503540 453
1503550 453
1503560 452
1503570 452
1503580 452
1503590 451
1503600 451
1503610 451
1503620 450
1503630 450
1503640 450
1503650 450
1503660 450
1503670 450
1503680 450
1503690 450
1503700 450
1503710 450
1503720 450
1503730 450
1503740 450
1503750 451
1503760 451
1503770 451
1503780 451
1503790 451
1503800 451
1503810 450
1503820 450
1503830 450
1503840 450
1503850 450
1503860 449
1503870 449
1503880 449
1503890 448
1503900 448
1503910 448
1503920 447
1503930 447
1503940 447
1503950 446
1503960 446
1503970 446
1503980 446
1503990 445
1504000 445
1504010 444
1504020 443
1504030 443
1504040 443
1504050 442
1504060 442
1504070 440
1504080 440
1504090 440
1504100 439
1504110 438
1504120 438
1504130 437
1504140 436
1504150 436
1504160 436
1504170 435
1504180 435
1504190 434
1504200 434
1504210 434
1504220 433
1504230 433
1504240 433
1504250 433
1504260 432
1504270 432
1504280 432
1504290 431
1504300 431
1504310 431
1504320 430
1504330 430
1504340 430
1504350 429
1504360 429
1504370 429
1504380 428
1504390 428
1504400 427
1504410 427
1504420 427
1504430 426
1504440 425
1504450 425
1504460 424
1504470 423
1504480 423
1504490 422
1504500 420
1504510 420
1504520 419
1504530 418
1504540 418
1504550 417
1504560 416
1504570 416
1504580 415
1504590 415
1504600 415
1504610 414
1504620 413
1504630 413
1504640 412
1504650 411
1504660 411
1504670 410
1504680 410
1504690 410
1504700 409
1504710 408
1504720 408
1504730 407
1504740 407
1504750 407
1504760 406
1504770 406
1504780 406
1504790 405
1504800 405
1504810 405
1504820 404
1504830 403
1504840 403
1504850 403
1504860 402
1504870 402
1504880 400
1504890 397
1504900 397
1504910 395
1504920 395
1504930 395
1504940 395
1504950 396
1504960 396
1504970 396
1504980 396
1504990 396
1505000 395
1505010 394
1505020 394
1505030 392
1505040 392
1505050 392
1505060 392
1505070 392
1505080 392
1505090 393
1505100 394
1505110 394
1505120 395
1505130 395
1505140 395
1505150 395
1505160 395
1505170 395
1505180 395
1505190 394
1505200 394
1505210 394
1505220 394
1505230 394
1505240 393
1505250 393
1505260 393
1505270 393
1505280 392
1505290 392
1505300 392
1505310 392
1505320 392
1505330 391
1505340 392
1505350 392
1505360 392
1505370 392
1505380 392
1505390 392
1505400 391
1505410 391
1505420 391
1505430 391
1505440 391
1505450 390
1505460 390
1505470 390
1505480 389
1505490 389
1505500 389
1505510 389
1505520 388
1505530 388
1505540 387
1505550 387
1505560 387
1505570 386
1505580 386
1505590 386
1505600 386
1505610 386
1505620 386
1505630 385
1505640 385
1505650 385
1505660 385
1505670 385
1505680 385
1505690 384
1505700 384
1505710 384
1505720 383
1505730 383
1505740 383
1505750 383
1505760 383
1505770 383
1505780 382
1505790 382
1505800 382
1505810 381
1505820 381
1505830 381
1505840 380
1505850 380
1505860 380
1505870 379
1505880 379
1505890 379
1505900 379
1505910 379
1505920 379
1505930 378
1505940 378
1505950 378
1505960 376
1505970 376
1505980 375
1505990 376
1506000 376
1506010 377
1506020 377
1506030 377
1506040 377
1506050 376
1506060 376
1506070 376
1506080 376
1506090 376
1506100 376
1506110 376
1506120 376
1506130 377
1506140 376
1506150 376
1506160 376
1506170 376
1506180 376
1506190 376
1506200 376
1506210 376
1506220 375
1506230 375
1506240 375
1506250 375
1506260 375
1506270 375
1506280 375
1506290 374
1506300 374
1506310 374
1506320 374
1506330 374
1506340 374
1506350 373
1506360 373
1506370 373
1506380 373
1506390 373
1506400 372
1506410 372
1506420 372
1506430 372
1506440 372
1506450 372
1506460 371
1506470 371
1506480 371
1506490 371
1506500 371
1506510 371
1506520 371
1506530 371
1506540 371
1506550 370
1506560 370
1506570 370
1506580 370
1506590 370
1506600 370
1506610 370
1506620 369
1506630 369
1506640 369
1506650 369
1506660 369
1506670 368
1506680 368
1506690 368
1506700 368
1506710 367
1506720 367
1506730 367
1506740 367
1506750 367
1506760 367
1506770 366
1506780 366
1506790 366
1506800 366
1506810 366
1506820 366
1506830 366
1506840 366
1506850 365
1506860 365
1506870 365
1506880 365
1506890 364
1506900 364
1506910 364
1506920 363
1506930 363
1506940 363
1506950 362
1506960 362
1506970 362
1506980 362
1506990 362
1507000 361
1507010 361
1507020 361
1507030 361
1507040 361
1507050 361
1507060 360
1507070 360
1507080 360
1507090 360
1507100 360
1507110 360
1507120 360
1507130 360
1507140 360
1507150 360
1507160 360
1507170 360
1507180 360
1507190 360
1507200 360
1507210 360
1507220 360
1507230 360
1507240 360
1507250 360
1507260 360
1507270 359
1507280 359
1507290 359
1507300 359
1507310 358
1507320 358
1507330 358
1507340 358
1507350 358
1507360 358
1507370 358
1507380 358
1507390 358
1507400 357
1507410 357
1507420 357
1507430 357
1507440 357
1507450 357
1507460 356
1507470 356
1507480 357
1507490 357
1507500 357
1507510 359
1507520 361
1507530 361
1507540 364
1507550 366
1507560 366
1507570 366
1507580 366
1507590 366
1507600 367
1507610 368
1507620 368
1507630 369
1507640 370
1507650 370
1507660 370
1507670 370
1507680 370
1507690 370
1507700 370
1507710 370
1507720 371
1507730 370
1507740 370
1507750 370
1507760 370
1507770 370
1507780 370
1507790 370
1507800 370
1507810 370
1507820 370
1507830 370
1507840 370
1507850 370
1507860 370
1507870 370
1507880 370
1507890 370
1507900 370
1507910 370
1507920 370
1507930 370
1507940 370
1507950 370
1507960 369
1507970 369
1507980 369
1507990 369
1508000 369
1508010 369
1508020 369
1508030 369
1508040 369
1508050 369
1508060 369
1508070 369
1508080 369
1508090 369
1508100 369
1508110 369
1508120 368
1508130 368
1508140 368
1508150 368
1508160 368
1508170 368
1508180 368
1508190 368
1508200 368
1508210 368
1508220 368
1508230 367
1508240 367
1508250 367
1508260 367
1508270 366
1508280 366
1508290 366
1508300 365
1508310 365
1508320 365
1508330 364
1508340 364
1508350 365
1508360 366
1508370 366
1508380 366
1508390 366
1508400 366
1508410 366
1508420 366
1508430 366
1508440 366
1508450 366
1508460 366
1508470 365
1508480 364
1508490 364
1508500 364
1508510 364
1508520 364
1508530 364
1508540 365
1508550 365
1508560 365
1508570 366
1508580 366
1508590 366
1508600 366
1508610 366
1508620 366
1508630 366
1508640 366
1508650 366
1508660 366
1508670 366
1508680 366
1508690 367
1508700 367
1508710 367
1508720 367
1508730 367
1508740 367
1508750 368
1508760 368
1508770 368
1508780 368
1508790 368
1508800 368
1508810 368
1508820 368
1508830 368
1508840 369
1508850 369
1508860 369
1508870 369
1508880 369
1508890 369
1508900 370
1508910 370
1508920 370
1508930 370
1508940 370
1508950 370
1508960 369
1508970 369
1508980 369
1508990 369
1509000 369
1509010 369
1509020 370
1509030 370
1509040 370
1509050 370
1509060 370
1509070 370
1509080 371
1509090 371
1509100 371
1509110 371
1509120 371
1509130 371
1509140 371
1509150 371
1509160 371
1509170 371
1509180 371
1509190 371
1509200 371
1509210 371
1509220 371
1509230 371
1509240 371
1509250 371
1509260 371
1509270 371
1509280 371
1509290 371
1509300 371
1509310 371
1509320 371
1509330 371
1509340 371
1509350 371
1509360 372
1509370 372
1509380 372
1509390 372
1509400 372
1509410 372
1509420 372
1509430 372
1509440 372
1509450 372
1509460 372
1509470 372
1509480 372
1509490 372
1509500 372
1509510 372
1509520 372
1509530 372
1509540 372
1509550 372
1509560 372
1509570 372
1509580 372
1509590 372
1509600 372
1509610 372
1509620 372
1509630 372
1509640 372
1509650 372
1509660 372
1509670 372
1509680 372
1509690 371
1509700 371
1509710 371
1509720 371
1509730 371
1509740 371
1509750 371
1509760 371
1509770 371
1509780 371
1509790 371
1509800 371
1509810 371
1509820 372
1509830 372
1509840 373
1509850 373
1509860 373
1509870 373
1509880 373
1509890 373
1509900 372
1509910 372
1509920 372
1509930 372
1509940 372
1509950 372
1509960 373
1509970 373
1509980 373
1509990 373
1510000 373
1510010 373
1510020 373
1510030 373
1510040 373
1510050 374
1510060 374
1510070 374
1510080 374
1510090 375
1510100 375
1510110 375
1510120 375
1510130 375
1510140 375
1510150 375
1510160 375
1510170 375
1510180 375
1510190 375
1510200 375
1510210 375
1510220 375
1510230 375
1510240 375
1510250 375
1510260 374
1510270 374
1510280 374
1510290 374
1510300 374
1510310 374
1510320 373
1510330 373
1510340 373
1510350 373
1510360 373
1510370 373
1510380 372
1510390 372
1510400 372
1510410 371
1510420 371
1510430 371
1510440 371
1510450 371
1510460 371
1510470 371
1510480 370
1510490 370
1510500 370
1510510 370
1510520 370
1510530 369
1510540 369
1510550 369
1510560 369
1510570 368
1510580 368
1510590 368
1510600 368
1510610 368
1510620 368
1510630 367
1510640 367
1510650 367
1510660 367
1510670 367
1510680 367
1510690 366
1510700 366
1510710 366
1510720 366
1510730 366
1510740 365
1510750 365
1510760 365
1510770 365
1510780 364
1510790 364
1510800 364
1510810 363
1510820 363
1510830 363
1510840 362
1510850 362
1510860 362
1510870 362
1510880 362
1510890 362
1510900 362
1510910 362
1510920 362
1510930 360
1510940 360
1510950 359
1510960 359
1510970 359
1510980 360
1510990 359
1511000 359
1511010 359
1511020 358
1511030 358
1511040 358
1511050 357
1511060 357
1511070 357
1511080 357
1511090 357
1511100 357
1511110 357
1511120 357
1511130 357
1511140 357
1511150 357
1511160 357
1511170 357
1511180 357
1511190 357
1511200 357
1511210 357
1511220 357
1511230 357
1511240 357
1511250 357
1511260 356
1511270 356
1511280 356
1511290 355
1511300 355
1511310 355
1511320 354
1511330 354
1511340 354
1511350 354
1511360 354
1511370 354
1511380 354
1511390 354
1511400 354
1511410 353
1511420 353
1511430 353
1511440 352
1511450 352
1511460 352
1511470 351
1511480 351
1511490 351
1511500 350
1511510 350
1511520 350
1511530 349
1511540 349
1511550 350
1511560 350
1511570 350
1511580 350
1511590 350
1511600 350
1511610 350
1511620 350
1511630 350
1511640 350
1511650 350
1511660 350
1511670 350
1511680 350
1511690 350
1511700 350
1511710 350
1511720 350
1511730 350
1511740 350
1511750 350
1511760 349
1511770 349
1511780 349
1511790 348
1511800 349
1511810 349
1511820 349
1511830 349
1511840 349
1511850 349
1511860 349
1511870 349
1511880 348
1511890 348
1511900 348
1511910 347
1511920 347
1511930 347
1511940 347
1511950 347
1511960 347
1511970 347
1511980 347
1511990 347
1512000 347
1512010 347
1512020 347
1512030 347
1512040 347
1512050 347
1512060 347
1512070 346
1512080 346
1512090 346
1512100 347
1512110 347
1512120 347
1512130 347
1512140 347
1512150 347
1512160 347
1512170 347
1512180 347
1512190 347
1512200 347
1512210 347
1512220 347
1512230 347
1512240 347
1512250 347
1512260 347
1512270 347
1512280 347
1512290 347
1512300 348
1512310 349
1512320 349
1512330 350
1512340 352
1512350 352
1512360 355
1512370 357
1512380 357
1512390 358
1512400 359
1512410 359
1512420 359
1512430 359
1512440 359
1512450 359
1512460 359
1512470 359
1512480 358
1512490 358
1512500 358
1512510 357
1512520 357
1512530 357
1512540 357
1512550 357
1512560 357
1512570 358
1512580 358
1512590 358
1512600 358
1512610 358
1512620 358
1512630 357
1512640 357
1512650 357
1512660 357
1512670 357
1512680 357
1512690 357
1512700 357
1512710 357
1512720 357
1512730 357
1512740 357
1512750 357
1512760 357
1512770 357
1512780 357
1512790 357
1512800 357
1512810 357
1512820 357
1512830 356
1512840 356
1512850 356
1512860 356
1512870 356
1512880 356
1512890 356
1512900 356
1512910 356
1512920 356
1512930 357
1512940 357
1512950 357
1512960 357
1512970 357
1512980 357
1512990 357
1513000 357
1513010 357
1513020 357
1513030 357
1513040 358
1513050 358
1513060 358
1513070 358
1513080 358
1513090 358
1513100 358
1513110 358
1513120 358
1513130 358
1513140 358
1513150 358
1513160 358
1513170 359
1513180 359
1513190 359
1513200 359
1513210 359
1513220 359
1513230 359
1513240 359
1513250 358
1513260 358
1513270 358
1513280 358
1513290 358
1513300 358
1513310 358
1513320 358
1513330 358
1513340 357
1513350 357
1513360 357
1513370 357
1513380 357
1513390 357
1513400 357
1513410 357
1513420 357
1513430 357
1513440 357
1513450 357
1513460 357
1513470 357
1513480 357
1513490 357
1513500 357
1513510 357
1513520 357
1513530 357
1513540 357
1513550 357
1513560 357
1513570 357
1513580 357
1513590 357
1513600 357
1513610 357
1513620 357
1513630 357
1513640 357
1513650 357
1513660 357
1513670 357
1513680 357
1513690 357
1513700 357
1513710 358
1513720 358
1513730 358
1513740 358
1513750 358
1513760 358
1513770 358
1513780 358
1513790 357
1513800 357
1513810 357
1513820 357
1513830 357
1513840 357
1513850 357
1513860 358
1513870 358
1513880 358
1513890 358
1513900 358
1513910 358
1513920 358
1513930 358
1513940 359
1513950 359
1513960 359
1513970 359
1513980 358
1513990 358
1514000 358
1514010 357
1514020 357
1514030 357
1514040 358
1514050 358
1514060 358
1514070 358
1514080 358
1514090 359
1514100 359
1514110 359
1514120 359
1514130 359
1514140 359
1514150 359
1514160 360
1514170 360
1514180 361
1514190 363
1514200 363
1514210 364
1514220 365
1514230 365
1514240 366
1514250 368
1514260 368
1514270 368
1514280 369
1514290 369
1514300 370
1514310 370
1514320 370
1514330 370
1514340 370
1514350 370
1514360 370
1514370 370
1514380 370
1514390 371
1514400 371
1514410 371
1514420 371
1514430 371
1514440 371
1514450 371
1514460 371
1514470 371
1514480 370
1514490 370
1514500 370
1514510 370
1514520 370
1514530 370
1514540 370
1514550 370
1514560 370
1514570 370
1514580 370
1514590 370
1514600 370
1514610 370
1514620 370
1514630 369
1514640 369
1514650 369
1514660 369
1514670 369
1514680 369
1514690 369
1514700 369
1514710 369
1514720 370
1514730 370
1514740 370
1514750 370
1514760 370
1514770 370
1514780 370
1514790 369
1514800 369
1514810 369
1514820 369
1514830 369
1514840 369
1514850 368
1514860 368
1514870 368
1514880 368
1514890 368
1514900 368
1514910 368
1514920 368
1514930 368
1514940 367
1514950 367
1514960 367
1514970 367
1514980 367
1514990 367
1515000 367
1515010 367
1515020 367
1515030 367
1515040 367
1515050 367
1515060 367
1515070 367
1515080 368
1515090 368
1515100 368
1515110 368
1515120 369
1515130 369
1515140 369
1515150 369
1515160 369
1515170 370
1515180 370
1515190 370
1515200 370
1515210 371
1515220 371
1515230 371
1515240 372
1515250 372
1515260 372
1515270 373
1515280 373
1515290 374
1515300 375
1515310 375
1515320 376
1515330 377
1515340 377
1515350 378
1515360 378
1515370 378
1515380 379
1515390 380
1515400 380
1515410 381
1515420 382
1515430 382
1515440 383
1515450 383
1515460 383
1515470 384
1515480 385
1515490 385
1515500 386
1515510 387
1515520 387
1515530 387
1515540 388
1515550 388
1515560 389
1515570 389
1515580 389
1515590 390
1515600 390
1515610 390
1515620 391
1515630 392
1515640 392
1515650 392
1515660 392
1515670 392
1515680 392
1515690 392
1515700 392
1515710 391
1515720 391
1515730 389
1515740 387
1515750 387
1515760 386
1515770 385
1515780 385
1515790 386
1515800 387
1515810 387
1515820 388
1515830 389
1515840 389
1515850 390
1515860 391
1515870 391
1515880 392
1515890 394
1515900 394
1515910 395
1515920 397
1515930 397
1515940 398
1515950 399
1515960 399
1515970 399
1515980 399
1515990 399
1516000 398
1516010 397
1516020 397
1516030 396
1516040 395
1516050 395
1516060 395
1516070 396
1516080 396
1516090 396
1516100 397
1516110 397
1516120 397
1516130 398
1516140 398
1516150 398
1516160 399
1516170 399
1516180 399
1516190 399
1516200 399
1516210 399
1516220 399
1516230 399
1516240 398
1516250 397
1516260 397
1516270 396
1516280 395
1516290 395
1516300 395
1516310 394
1516320 394
1516330 393
1516340 393
1516350 393
1516360 393
1516370 392
1516380 392
1516390 392
1516400 391
1516410 391
1516420 390
1516430 389
1516440 389
1516450 388
1516460 387
1516470 387
1516480 385
1516490 384
1516500 384
1516510 382
1516520 381
1516530 381
1516540 381
1516550 381
1516560 381
1516570 382
1516580 383
1516590 383
1516600 384
1516610 385
1516620 385
1516630 387
1516640 388
1516650 388
1516660 389
1516670 390
1516680 390
1516690 390
1516700 391
1516710 391
1516720 391
1516730 391
1516740 391
1516750 390
1516760 388
1516770 388
1516780 387
1516790 385
1516800 385
1516810 383
1516820 381
1516830 381
1516840 379
1516850 378
1516860 378
1516870 377
1516880 377
1516890 377
1516900 377
1516910 376
1516920 376
1516930 376
1516940 376
1516950 376
1516960 377
1516970 377
1516980 377
1516990 377
1517000 378
1517010 378
1517020 378
1517030 378
1517040 378
1517050 379
1517060 380
1517070 380
1517080 380
1517090 381
1517100 381
1517110 382
1517120 383
1517130 383
1517140 384
1517150 385
1517160 385
1517170 386
1517180 387
1517190 387
1517200 388
1517210 389
1517220 389
1517230 389
1517240 390
1517250 390
1517260 390
1517270 390
1517280 390
1517290 390
1517300 388
1517310 388
1517320 386
1517330 384
1517340 384
1517350 380
1517360 378
1517370 378
1517380 380
1517390 382
1517400 382
1517410 381
1517420 381
1517430 381
1517440 381
1517450 381
1517460 381
1517470 381
1517480 382
1517490 382
1517500 382
1517510 382
1517520 382
1517530 381
1517540 381
1517550 381
1517560 380
1517570 380
1517580 380
1517590 379
1517600 379
1517610 379
1517620 378
1517630 378
1517640 378
1517650 378
1517660 378
1517670 378
1517680 377
1517690 377
1517700 377
1517710 376
1517720 376
1517730 376
1517740 375
1517750 375
1517760 375
1517770 375
1517780 375
1517790 375
1517800 375
1517810 375
1517820 375
1517830 375
1517840 374
1517850 374
1517860 373
1517870 372
1517880 372
1517890 370
1517900 369
1517910 369
1517920 369
1517930 369
1517940 369
1517950 369
1517960 369
1517970 369
1517980 369
1517990 370
1518000 370
1518010 371
1518020 371
1518030 371
1518040 371
1518050 372
1518060 372
1518070 372
1518080 372
1518090 372
1518100 373
1518110 374
1518120 374
1518130 374
1518140 375
1518150 375
1518160 375
1518170 375
1518180 375
1518190 376
1518200 376
1518210 376
1518220 376
1518230 377
1518240 377
1518250 377
1518260 377
1518270 377
1518280 378
1518290 378
1518300 378
1518310 379
1518320 379
1518330 379
1518340 379
1518350 380
1518360 380
1518370 380
1518380 381
1518390 381
1518400 381
1518410 381
1518420 381
1518430 381
1518440 381
1518450 381
1518460 381
1518470 381
1518480 381
1518490 381
1518500 380
1518510 380
1518520 380
1518530 380
1518540 380
1518550 379
1518560 378
1518570 378
1518580 378
1518590 377
1518600 377
1518610 377
1518620 376
1518630 376
1518640 375
1518650 375
1518660 375
1518670 375
1518680 375
1518690 375
1518700 374
1518710 373
1518720 373
1518730 373
1518740 373
1518750 373
1518760 373
1518770 373
1518780 373
1518790 372
1518800 372
1518810 372
1518820 372
1518830 372
1518840 372
1518850 372
1518860 372
1518870 372
1518880 372
1518890 372
1518900 372
1518910 372
1518920 372
1518930 372
1518940 372
1518950 372
1518960 372
1518970 372
1518980 372
1518990 372
1519000 372
1519010 372
1519020 372
1519030 372
1519040 372
1519050 372
1519060 372
1519070 372
1519080 373
1519090 373
1519100 373
1519110 373
1519120 373
1519130 373
1519140 373
1519150 372
1519160 372
1519170 373
1519180 373
1519190 373
1519200 373
1519210 373
1519220 373
1519230 374
1519240 374
1519250 374
1519260 374
1519270 375
1519280 375
1519290 376
1519300 378
1519310 378
1519320 379
1519330 379
1519340 379
1519350 379
1519360 379
1519370 379
1519380 380
1519390 379
1519400 379
1519410 379
1519420 380
1519430 380
1519440 380
1519450 380
1519460 380
1519470 381
1519480 382
1519490 382
1519500 382
1519510 382
1519520 382
1519530 382
1519540 382
1519550 382
1519560 382
1519570 382
1519580 382
1519590 382
1519600 382
1519610 382
1519620 382
1519630 383
1519640 383
1519650 383
1519660 383
1519670 383
1519680 383
1519690 384
1519700 384
1519710 384
1519720 384
1519730 384
1519740 385
1519750 386
1519760 386
1519770 386
1519780 386
1519790 386
1519800 386
1519810 386
1519820 386
1519830 387
1519840 387
1519850 387
1519860 388
1519870 389
1519880 389
1519890 391
1519900 392
1519910 392
1519920 393
1519930 395
1519940 395
1519950 395
1519960 396
1519970 396
1519980 397
1519990 397
