1500000 375
1500010 375
1500020 375
1500030 376
1500040 376
1500050 376
1500060 376
1500070 376
1500080 376
1500090 376
1500100 376
1500110 376
1500120 377
1500130 377
1500140 377
1500150 378
1500160 378
1500170 378
1500180 379
1500190 379
1500200 379
1500210 379
1500220 380
1500230 380
1500240 380
1500250 381
1500260 381
1500270 381
1500280 382
1500290 382
1500300 383
1500310 383
1500320 383
1500330 384
1500340 384
1500350 384
1500360 385
1500370 386
1500380 386
1500390 386
1500400 386
1500410 386
1500420 387
1500430 387
1500440 387
1500450 388
1500460 388
1500470 388
1500480 389
1500490 391
1500500 391
1500510 392
1500520 393
1500530 393
1500540 394
1500550 395
1500560 395
1500570 397
1500580 398
1500590 398
1500600 399
1500610 400
1500620 400
1500630 401
1500640 402
1500650 402
1500660 402
1500670 404
1500680 404
1500690 405
1500700 406
1500710 406
1500720 407
1500730 407
1500740 407
1500750 407
1500760 407
1500770 407
1500780 407
1500790 407
1500800 407
1500810 407
1500820 408
1500830 408
1500840 408
1500850 408
1500860 408
1500870 408
1500880 408
1500890 408
1500900 408
1500910 408
1500920 408
1500930 408
1500940 408
1500950 408
1500960 408
1500970 408
1500980 408
1500990 408
1501000 408
1501010 408
1501020 408
1501030 408
1501040 408
1501050 408
1501060 408
1501070 408
1501080 408
1501090 407
1501100 407
1501110 407
1501120 406
1501130 406
1501140 406
1501150 406
1501160 406
1501170 406
1501180 406
1501190 406
1501200 406
1501210 406
1501220 406
1501230 405
1501240 404
1501250 404
1501260 403
1501270 402
1501280 402
1501290 400
1501300 399
1501310 399
1501320 398
1501330 397
1501340 397
1501350 397
1501360 397
1501370 398
1501380 399
1501390 399
1501400 400
1501410 401
1501420 401
1501430 401
1501440 401
1501450 401
1501460 401
1501470 402
1501480 402
1501490 403
1501500 403
1501510 403
1501520 402
1501530 401
1501540 401
1501550 400
1501560 400
1501570 400
1501580 400
1501590 400
1501600 400
1501610 401
1501620 402
1501630 402
1501640 402
1501650 403
1501660 403
1501670 403
1501680 403
1501690 403
1501700 404
1501710 404
1501720 404
1501730 404
1501740 404
1501750 404
1501760 404
1501770 404
1501780 404
1501790 404
1501800 404
1501810 404
1501820 404
1501830 404
1501840 404
1501850 404
1501860 404
1501870 404
1501880 404
1501890 404
1501900 404
1501910 403
1501920 403
1501930 403
1501940 403
1501950 403
1501960 403
1501970 402
1501980 402
1501990 402
1502000 401
1502010 401
1502020 401
1502030 401
1502040 401
1502050 401
1502060 401
1502070 401
1502080 401
1502090 400
1502100 400
1502110 400
1502120 400
1502130 399
1502140 399
1502150 399
1502160 399
1502170 399
1502180 398
1502190 398
1502200 398
1502210 398
1502220 398
1502230 398
1502240 397
1502250 397
1502260 397
1502270 396
1502280 396
1502290 396
1502300 396
1502310 396
1502320 396
1502330 395
1502340 395
1502350 395
1502360 394
1502370 394
1502380 394
1502390 393
1502400 392
1502410 392
1502420 391
1502430 390
1502440 390
1502450 390
1502460 390
1502470 390
1502480 389
1502490 389
1502500 389
1502510 389
1502520 389
1502530 389
1502540 388
1502550 389
1502560 389
1502570 389
1502580 389
1502590 389
1502600 389
1502610 389
1502620 389
1502630 388
1502640 388
1502650 388
1502660 387
1502670 388
1502680 388
1502690 388
1502700 388
1502710 388
1502720 389
1502730 389
1502740 389
1502750 390
1502760 392
1502770 392
1502780 393
1502790 394
1502800 394
1502810 395
1502820 396
1502830 396
1502840 397
1502850 398
1502860 398
1502870 398
1502880 399
1502890 399
1502900 400
1502910 401
1502920 401
1502930 401
1502940 402
1502950 402
1502960 402
1502970 402
1502980 402
1502990 403
1503000 403
1503010 403
1503020 403
1503030 404
1503040 404
1503050 404
1503060 404
1503070 404
1503080 404
1503090 404
1503100 404
1503110 404
1503120 404
1503130 404
1503140 404
1503150 404
1503160 404
1503170 403
1503180 403
1503190 403
1503200 403
1503210 403
1503220 403
1503230 402
1503240 401
1503250 401
1503260 401
1503270 400
1503280 400
1503290 399
1503300 398
1503310 398
1503320 397
1503330 396
1503340 396
1503350 395
1503360 394
1503370 394
1503380 392
1503390 390
1503400 390
1503410 388
1503420 387
1503430 387
1503440 387
1503450 387
1503460 387
1503470 387
1503480 388
1503490 388
1503500 391
1503510 393
1503520 393
1503530 394
1503540 395
1503550 395
1503560 396
1503570 397
1503580 397
1503590 398
1503600 399
1503610 399
1503620 400
1503630 400
1503640 400
1503650 401
1503660 402
1503670 402
1503680 402
1503690 403
1503700 403
1503710 404
1503720 404
1503730 404
1503740 404
1503750 404
1503760 404
1503770 404
1503780 404
1503790 404
1503800 404
1503810 405
1503820 405
1503830 405
1503840 406
1503850 406
1503860 406
1503870 406
1503880 406
1503890 406
1503900 406
1503910 406
1503920 406
1503930 406
1503940 406
1503950 406
1503960 406
1503970 406
1503980 406
1503990 406
1504000 406
1504010 406
1504020 407
1504030 407
1504040 407
1504050 407
1504060 407
1504070 407
1504080 407
1504090 407
1504100 407
1504110 407
1504120 407
1504130 407
1504140 408
1504150 408
1504160 408
1504170 408
1504180 408
1504190 408
1504200 409
1504210 409
1504220 409
1504230 409
1504240 409
1504250 408
1504260 408
1504270 408
1504280 408
1504290 407
1504300 407
1504310 407
1504320 406
1504330 406
1504340 406
1504350 406
1504360 406
1504370 405
1504380 405
1504390 405
1504400 404
1504410 404
1504420 404
1504430 404
1504440 404
1504450 404
1504460 403
1504470 403
1504480 403
1504490 403
1504500 403
1504510 402
1504520 401
1504530 401
1504540 401
1504550 400
1504560 400
1504570 395
1504580 393
1504590 393
1504600 393
1504610 392
1504620 392
1504630 392
1504640 391
1504650 391
1504660 391
1504670 392
1504680 392
1504690 392
1504700 392
1504710 392
1504720 392
1504730 392
1504740 392
1504750 395
1504760 397
1504770 397
1504780 398
1504790 398
1504800 398
1504810 398
1504820 398
1504830 398
1504840 398
1504850 398
1504860 398
1504870 399
1504880 399
1504890 399
1504900 398
1504910 397
1504920 397
1504930 396
1504940 397
1504950 397
1504960 398
1504970 398
1504980 398
1504990 398
1505000 398
1505010 398
1505020 398
1505030 397
1505040 397
1505050 396
1505060 396
1505070 396
1505080 397
1505090 397
1505100 397
1505110 397
1505120 396
1505130 396
1505140 395
1505150 395
1505160 395
1505170 395
1505180 395
1505190 395
1505200 394
1505210 394
1505220 394
1505230 394
1505240 394
1505250 394
1505260 393
1505270 393
1505280 393
1505290 393
1505300 393
1505310 393
1505320 393
1505330 392
1505340 392
1505350 391
1505360 391
1505370 391
1505380 390
1505390 390
1505400 390
1505410 390
1505420 390
1505430 390
1505440 390
1505450 390
1505460 390
1505470 390
1505480 390
1505490 390
1505500 389
1505510 389
1505520 389
1505530 389
1505540 388
1505550 388
1505560 387
1505570 387
1505580 387
1505590 387
1505600 386
1505610 386
1505620 386
1505630 385
1505640 385
1505650 385
1505660 385
1505670 385
1505680 385
1505690 384
1505700 384
1505710 384
1505720 383
1505730 383
1505740 383
1505750 383
1505760 383
1505770 382
1505780 382
1505790 382
1505800 381
1505810 381
1505820 381
1505830 380
1505840 379
1505850 379
1505860 380
1505870 380
1505880 380
1505890 380
1505900 380
1505910 380
1505920 380
1505930 379
1505940 379
1505950 379
1505960 378
1505970 378
1505980 378
1505990 377
1506000 377
1506010 377
1506020 376
1506030 376
1506040 375
1506050 376
1506060 376
1506070 376
1506080 376
1506090 376
1506100 377
1506110 377
1506120 377
1506130 377
1506140 377
1506150 377
1506160 376
1506170 376
1506180 376
1506190 375
1506200 375
1506210 375
1506220 375
1506230 374
1506240 374
1506250 374
1506260 374
1506270 374
1506280 374
1506290 374
1506300 374
1506310 374
1506320 373
1506330 373
1506340 373
1506350 373
1506360 373
1506370 373
1506380 373
1506390 373
1506400 373
1506410 373
1506420 373
1506430 373
1506440 373
1506450 373
1506460 373
1506470 372
1506480 372
1506490 372
1506500 372
1506510 372
1506520 372
1506530 371
1506540 371
1506550 371
1506560 371
1506570 371
1506580 371
1506590 370
1506600 370
1506610 370
1506620 370
1506630 370
1506640 370
1506650 370
1506660 370
1506670 370
1506680 370
1506690 370
1506700 370
1506710 369
1506720 369
1506730 369
1506740 369
1506750 369
1506760 369
1506770 369
1506780 369
1506790 369
1506800 369
1506810 369
1506820 368
1506830 368
1506840 368
1506850 368
1506860 368
1506870 368
1506880 368
1506890 368
1506900 368
1506910 367
1506920 367
1506930 367
1506940 367
1506950 367
1506960 367
1506970 366
1506980 366
1506990 366
1507000 366
1507010 366
1507020 366
1507030 365
1507040 365
1507050 365
1507060 366
1507070 366
1507080 366
1507090 365
1507100 365
1507110 365
1507120 365
1507130 365
1507140 365
1507150 364
1507160 364
1507170 364
1507180 364
1507190 363
1507200 363
1507210 363
1507220 363
1507230 363
1507240 363
1507250 363
1507260 363
1507270 363
1507280 362
1507290 362
1507300 362
1507310 362
1507320 362
1507330 362
1507340 362
1507350 362
1507360 362
1507370 362
1507380 361
1507390 361
1507400 361
1507410 361
1507420 360
1507430 360
1507440 360
1507450 360
1507460 360
1507470 360
1507480 359
1507490 359
1507500 359
1507510 359
1507520 359
1507530 359
1507540 359
1507550 359
1507560 359
1507570 358
1507580 358
1507590 357
1507600 357
1507610 357
1507620 356
1507630 356
1507640 356
1507650 355
1507660 355
1507670 355
1507680 355
1507690 354
1507700 354
1507710 354
1507720 354
1507730 354
1507740 354
1507750 354
1507760 354
1507770 354
1507780 354
1507790 354
1507800 354
1507810 354
1507820 354
1507830 354
1507840 355
1507850 355
1507860 358
1507870 361
1507880 361
1507890 362
1507900 361
1507910 361
1507920 358
1507930 355
1507940 354
1507950 353
1507960 353
1507970 353
1507980 353
1507990 353
1508000 353
1508010 353
1508020 353
1508030 353
1508040 353
1508050 353
1508060 353
1508070 353
1508080 353
1508090 353
1508100 353
1508110 353
1508120 353
1508130 353
1508140 353
1508150 353
1508160 353
1508170 353
1508180 353
1508190 354
1508200 354
1508210 354
1508220 355
1508230 355
1508240 355
1508250 356
1508260 358
1508270 358
1508280 359
1508290 362
1508300 362
1508310 366
1508320 369
1508330 369
1508340 373
1508350 376
1508360 376
1508370 379
1508380 380
1508390 380
1508400 382
1508410 385
1508420 385
1508430 388
1508440 389
1508450 389
1508460 391
1508470 392
1508480 392
1508490 393
1508500 394
1508510 394
1508520 395
1508530 396
1508540 396
1508550 397
1508560 398
1508570 398
1508580 399
1508590 399
1508600 399
1508610 400
1508620 401
1508630 401
1508640 402
1508650 402
1508660 402
1508670 403
1508680 403
1508690 403
1508700 404
1508710 404
1508720 404
1508730 405
1508740 406
1508750 406
1508760 407
1508770 408
1508780 408
1508790 409
1508800 409
1508810 409
1508820 409
1508830 409
1508840 409
1508850 409
1508860 409
1508870 409
1508880 408
1508890 408
1508900 408
1508910 407
1508920 407
1508930 407
1508940 406
1508950 405
1508960 405
1508970 404
1508980 403
1508990 403
1509000 402
1509010 401
1509020 401
1509030 399
1509040 398
1509050 398
1509060 397
1509070 395
1509080 395
1509090 394
1509100 392
1509110 392
1509120 391
1509130 390
1509140 390
1509150 389
1509160 388
1509170 388
1509180 386
1509190 385
1509200 385
1509210 383
1509220 380
1509230 380
1509240 378
1509250 377
1509260 377
1509270 376
1509280 376
1509290 376
1509300 375
1509310 374
1509320 374
1509330 374
1509340 375
1509350 375
1509360 375
1509370 375
1509380 375
1509390 375
1509400 374
1509410 374
1509420 374
1509430 374
1509440 374
1509450 374
1509460 375
1509470 375
1509480 375
1509490 374
1509500 374
1509510 374
1509520 374
1509530 374
1509540 374
1509550 374
1509560 374
1509570 374
1509580 374
1509590 374
1509600 374
1509610 373
1509620 373
1509630 373
1509640 373
1509650 373
1509660 372
1509670 372
1509680 372
1509690 371
1509700 371
1509710 371
1509720 370
1509730 370
1509740 370
1509750 369
1509760 369
1509770 369
1509780 368
1509790 367
1509800 367
1509810 367
1509820 366
1509830 366
1509840 365
1509850 364
1509860 364
1509870 364
1509880 363
1509890 363
1509900 362
1509910 362
1509920 362
1509930 361
1509940 360
1509950 360
1509960 360
1509970 360
1509980 360
1509990 359
1510000 359
1510010 359
1510020 359
1510030 358
1510040 358
1510050 358
1510060 357
1510070 357
1510080 357
1510090 356
1510100 356
1510110 356
1510120 355
1510130 355
1510140 355
1510150 355
1510160 355
1510170 354
1510180 354
1510190 354
1510200 353
1510210 352
1510220 352
1510230 352
1510240 351
1510250 351
1510260 351
1510270 350
1510280 350
1510290 350
1510300 350
1510310 350
1510320 349
1510330 349
1510340 349
1510350 349
1510360 349
1510370 348
1510380 348
1510390 348
1510400 348
1510410 348
1510420 348
1510430 347
1510440 347
1510450 347
1510460 347
1510470 347
1510480 347
1510490 347
1510500 347
1510510 347
1510520 347
1510530 346
1510540 346
1510550 345
1510560 345
1510570 345
1510580 345
1510590 345
1510600 345
1510610 345
1510620 345
1510630 345
1510640 345
1510650 345
1510660 345
1510670 345
1510680 345
1510690 345
1510700 345
1510710 345
1510720 345
1510730 345
1510740 345
1510750 345
1510760 344
1510770 344
1510780 344
1510790 345
1510800 345
1510810 345
1510820 345
1510830 345
1510840 345
1510850 345
1510860 345
1510870 345
1510880 345
1510890 345
1510900 345
1510910 345
1510920 345
1510930 345
1510940 345
1510950 345
1510960 345
1510970 345
1510980 345
1510990 345
1511000 345
1511010 345
1511020 345
1511030 345
1511040 346
1511050 346
1511060 348
1511070 350
1511080 350
1511090 352
1511100 352
1511110 352
1511120 353
1511130 354
1511140 354
1511150 355
1511160 356
1511170 356
1511180 356
1511190 357
1511200 357
1511210 358
1511220 358
1511230 358
1511240 359
1511250 360
1511260 360
1511270 360
1511280 361
1511290 361
1511300 362
1511310 362
1511320 362
1511330 363
1511340 363
1511350 363
1511360 364
1511370 364
1511380 364
1511390 365
1511400 365
1511410 365
1511420 366
1511430 366
1511440 366
1511450 366
1511460 367
1511470 367
1511480 367
1511490 367
1511500 367
1511510 368
1511520 368
1511530 368
1511540 368
1511550 368
1511560 368
1511570 369
1511580 369
1511590 369
1511600 369
1511610 369
1511620 369
1511630 369
1511640 369
1511650 369
1511660 369
1511670 369
1511680 369
1511690 369
1511700 369
1511710 369
1511720 369
1511730 369
1511740 369
1511750 368
1511760 368
1511770 368
1511780 368
1511790 368
1511800 368
1511810 368
1511820 367
1511830 367
1511840 367
1511850 367
1511860 367
1511870 366
1511880 366
1511890 366
1511900 367
1511910 367
1511920 367
1511930 366
1511940 366
1511950 366
1511960 365
1511970 365
1511980 365
1511990 364
1512000 363
1512010 363
1512020 362
1512030 361
1512040 361
1512050 361
1512060 361
1512070 361
1512080 361
1512090 360
1512100 360
1512110 360
1512120 360
1512130 360
1512140 359
1512150 359
1512160 359
1512170 359
1512180 358
1512190 358
1512200 358
1512210 357
1512220 357
1512230 357
1512240 356
1512250 356
1512260 355
1512270 354
1512280 354
1512290 354
1512300 354
1512310 354
1512320 354
1512330 354
1512340 354
1512350 354
1512360 354
1512370 354
1512380 355
1512390 354
1512400 354
1512410 354
1512420 353
1512430 353
1512440 353
1512450 353
1512460 353
1512470 353
1512480 353
1512490 353
1512500 352
1512510 352
1512520 352
1512530 351
1512540 351
1512550 351
1512560 352
1512570 352
1512580 352
1512590 352
1512600 352
1512610 352
1512620 351
1512630 351
1512640 351
1512650 351
1512660 350
1512670 350
1512680 349
1512690 349
1512700 349
1512710 349
1512720 349
1512730 349
1512740 349
1512750 349
1512760 349
1512770 349
1512780 349
1512790 349
1512800 349
1512810 349
1512820 349
1512830 349
1512840 349
1512850 349
1512860 349
1512870 349
1512880 349
1512890 349
1512900 349
1512910 349
1512920 349
1512930 349
1512940 349
1512950 349
1512960 349
1512970 349
1512980 349
1512990 349
1513000 349
1513010 349
1513020 349
1513030 349
1513040 349
1513050 349
1513060 349
1513070 349
1513080 350
1513090 350
1513100 350
1513110 352
1513120 352
1513130 355
1513140 356
1513150 356
1513160 356
1513170 357
1513180 357
1513190 358
1513200 358
1513210 358
1513220 359
1513230 359
1513240 359
1513250 360
1513260 360
1513270 360
1513280 360
1513290 361
1513300 361
1513310 361
1513320 362
1513330 362
1513340 362
1513350 362
1513360 362
1513370 363
1513380 363
1513390 363
1513400 363
1513410 363
1513420 363
1513430 364
1513440 364
1513450 364
1513460 364
1513470 364
1513480 364
1513490 365
1513500 365
1513510 365
1513520 366
1513530 366
1513540 366
1513550 367
1513560 367
1513570 367
1513580 367
1513590 367
1513600 367
1513610 368
1513620 368
1513630 368
1513640 368
1513650 368
1513660 368
1513670 367
1513680 367
1513690 367
1513700 366
1513710 366
1513720 366
1513730 365
1513740 365
1513750 365
1513760 364
1513770 364
1513780 364
1513790 363
1513800 363
1513810 363
1513820 362
1513830 362
1513840 362
1513850 361
1513860 361
1513870 361
1513880 361
1513890 361
1513900 361
1513910 360
1513920 360
1513930 360
1513940 360
1513950 360
1513960 359
1513970 359
1513980 359
1513990 359
1514000 359
1514010 359
1514020 358
1514030 358
1514040 358
1514050 358
1514060 358
1514070 358
1514080 358
1514090 357
1514100 357
1514110 357
1514120 357
1514130 357
1514140 356
1514150 356
1514160 356
1514170 356
1514180 356
1514190 356
1514200 356
1514210 356
1514220 356
1514230 355
1514240 355
1514250 355
1514260 355
1514270 355
1514280 355
1514290 355
1514300 355
1514310 355
1514320 355
1514330 355
1514340 355
1514350 355
1514360 355
1514370 355
1514380 355
1514390 355
1514400 355
1514410 356
1514420 356
1514430 356
1514440 356
1514450 356
1514460 356
1514470 356
1514480 356
1514490 356
1514500 355
1514510 355
1514520 355
1514530 355
1514540 355
1514550 355
1514560 355
1514570 355
1514580 355
1514590 355
1514600 355
1514610 355
1514620 355
1514630 355
1514640 355
1514650 355
1514660 355
1514670 355
1514680 355
1514690 355
1514700 355
1514710 355
1514720 354
1514730 354
1514740 353
1514750 354
1514760 354
1514770 354
1514780 354
1514790 354
1514800 355
1514810 355
1514820 355
1514830 355
1514840 355
1514850 355
1514860 355
1514870 355
1514880 355
1514890 355
1514900 356
1514910 356
1514920 356
1514930 356
1514940 356
1514950 356
1514960 357
1514970 357
1514980 357
1514990 357
1515000 357
1515010 358
1515020 361
1515030 361
1515040 365
1515050 367
1515060 367
1515070 368
1515080 369
1515090 369
1515100 370
1515110 370
1515120 370
1515130 371
1515140 371
1515150 371
1515160 372
1515170 372
1515180 372
1515190 372
1515200 373
1515210 373
1515220 373
1515230 373
1515240 373
1515250 373
1515260 373
1515270 373
1515280 373
1515290 373
1515300 373
1515310 374
1515320 374
1515330 374
1515340 374
1515350 374
1515360 374
1515370 374
1515380 374
1515390 374
1515400 375
1515410 375
1515420 375
1515430 374
1515440 374
1515450 374
1515460 374
1515470 374
1515480 374
1515490 374
1515500 374
1515510 374
1515520 374
1515530 373
1515540 373
1515550 373
1515560 373
1515570 373
1515580 373
1515590 373
1515600 373
1515610 372
1515620 372
1515630 372
1515640 372
1515650 371
1515660 371
1515670 371
1515680 370
1515690 370
1515700 369
1515710 369
1515720 369
1515730 368
1515740 367
1515750 367
1515760 366
1515770 365
1515780 365
1515790 365
1515800 364
1515810 364
1515820 363
1515830 362
1515840 362
1515850 362
1515860 361
1515870 361
1515880 360
1515890 359
1515900 359
1515910 359
1515920 359
1515930 359
1515940 360
1515950 362
1515960 362
1515970 366
1515980 370
1515990 370
1516000 371
1516010 372
1516020 372
1516030 372
1516040 373
1516050 373
1516060 373
1516070 373
1516080 373
1516090 374
1516100 374
1516110 374
1516120 374
1516130 374
1516140 374
1516150 374
1516160 374
1516170 374
1516180 374
1516190 374
1516200 374
1516210 373
1516220 373
1516230 373
1516240 373
1516250 373
1516260 373
1516270 373
1516280 372
1516290 372
1516300 372
1516310 371
1516320 371
1516330 370
1516340 368
1516350 368
1516360 366
1516370 367
1516380 367
1516390 369
1516400 370
1516410 370
1516420 371
1516430 371
1516440 371
1516450 372
1516460 372
1516470 372
1516480 372
1516490 372
1516500 372
1516510 372
1516520 372
1516530 372
1516540 372
1516550 372
1516560 372
1516570 373
1516580 373
1516590 373
1516600 373
1516610 373
1516620 373
1516630 374
1516640 374
1516650 374
1516660 374
1516670 374
1516680 374
1516690 374
1516700 374
1516710 374
1516720 374
1516730 374
1516740 373
1516750 372
1516760 372
1516770 372
1516780 371
1516790 371
1516800 369
1516810 369
1516820 369
1516830 368
1516840 369
1516850 369
1516860 370
1516870 372
1516880 372
1516890 374
1516900 375
1516910 375
1516920 377
1516930 378
1516940 378
1516950 378
1516960 378
1516970 378
1516980 378
1516990 379
1517000 379
1517010 379
1517020 379
1517030 379
1517040 379
1517050 379
1517060 379
1517070 380
1517080 380
1517090 380
1517100 380
1517110 380
1517120 380
1517130 380
1517140 380
1517150 380
1517160 381
1517170 381
1517180 381
1517190 381
1517200 381
1517210 381
1517220 381
1517230 380
1517240 380
1517250 380
1517260 380
1517270 380
1517280 381
1517290 380
1517300 380
1517310 380
1517320 379
1517330 379
1517340 378
1517350 375
1517360 375
1517370 372
1517380 370
1517390 370
1517400 368
1517410 368
1517420 368
1517430 368
1517440 369
1517450 369
1517460 370
1517470 370
1517480 370
1517490 371
1517500 372
1517510 372
1517520 373
1517530 374
1517540 374
1517550 375
1517560 376
1517570 376
1517580 377
1517590 378
1517600 378
1517610 379
1517620 379
1517630 379
1517640 380
1517650 381
1517660 381
1517670 382
1517680 382
1517690 382
1517700 382
1517710 383
1517720 383
1517730 383
1517740 383
1517750 383
1517760 383
1517770 383
1517780 383
1517790 383
1517800 383
1517810 383
1517820 383
1517830 384
1517840 384
1517850 384
1517860 383
1517870 383
1517880 383
1517890 383
1517900 383
1517910 383
1517920 383
1517930 383
1517940 383
1517950 383
1517960 383
1517970 383
1517980 383
1517990 383
1518000 382
1518010 382
1518020 382
1518030 382
1518040 382
1518050 382
1518060 381
1518070 381
1518080 381
1518090 381
1518100 381
1518110 381
1518120 380
1518130 380
1518140 380
1518150 379
1518160 379
1518170 379
1518180 379
1518190 378
1518200 378
1518210 378
1518220 377
1518230 377
1518240 376
1518250 376
1518260 376
1518270 374
1518280 373
1518290 373
1518300 372
1518310 372
1518320 372
1518330 372
1518340 372
1518350 372
1518360 371
1518370 371
1518380 371
1518390 371
1518400 371
1518410 371
1518420 370
1518430 369
1518440 369
1518450 369
1518460 370
1518470 370
1518480 370
1518490 370
1518500 370
1518510 370
1518520 371
1518530 371
1518540 371
1518550 371
1518560 371
1518570 371
1518580 372
1518590 372
1518600 372
1518610 373
1518620 373
1518630 377
1518640 381
1518650 381
1518660 384
1518670 386
1518680 386
1518690 387
1518700 388
1518710 388
1518720 390
1518730 390
1518740 390
1518750 391
1518760 392
1518770 392
1518780 393
1518790 394
1518800 394
1518810 395
1518820 396
1518830 396
1518840 396
1518850 396
1518860 396
1518870 396
1518880 396
1518890 396
1518900 396
1518910 396
1518920 396
1518930 397
1518940 396
1518950 396
1518960 396
1518970 396
1518980 396
1518990 396
1519000 396
1519010 396
1519020 396
1519030 395
1519040 395
1519050 395
1519060 394
1519070 394
1519080 394
1519090 394
1519100 394
1519110 394
1519120 393
1519130 393
1519140 392
1519150 392
1519160 392
1519170 391
1519180 390
1519190 390
1519200 389
1519210 387
1519220 387
1519230 386
1519240 385
1519250 385
1519260 384
1519270 383
1519280 383
1519290 380
1519300 377
1519310 377
1519320 377
1519330 381
1519340 381
1519350 383
1519360 384
1519370 384
1519380 385
1519390 385
1519400 385
1519410 386
1519420 386
1519430 387
1519440 388
1519450 388
1519460 390
1519470 393
1519480 393
1519490 395
1519500 397
1519510 397
1519520 398
1519530 400
1519540 400
1519550 401
1519560 402
1519570 402
1519580 403
1519590 403
1519600 403
1519610 404
1519620 404
1519630 404
1519640 404
1519650 403
1519660 403
1519670 403
1519680 402
1519690 402
1519700 402
1519710 402
1519720 402
1519730 401
1519740 401
1519750 401
1519760 400
1519770 400
1519780 400
1519790 400
1519800 399
1519810 399
1519820 398
1519830 397
1519840 397
1519850 395
1519860 393
1519870 393
1519880 391
1519890 390
1519900 390
1519910 389
1519920 388
1519930 388
1519940 389
1519950 390
1519960 390
1519970 391
1519980 393
1519990 393
