1500000 376
1500010 376
1500020 376
1500030 375
1500040 375
1500050 375
1500060 375
1500070 375
1500080 375
1500090 375
1500100 375
1500110 375
1500120 376
1500130 376
1500140 376
1500150 376
1500160 376
1500170 376
1500180 377
1500190 377
1500200 377
1500210 378
1500220 378
1500230 378
1500240 379
1500250 379
1500260 379
1500270 380
1500280 381
1500290 381
1500300 381
1500310 382
1500320 382
1500330 382
1500340 382
1500350 382
1500360 383
1500370 383
1500380 383
1500390 384
1500400 385
1500410 385
1500420 385
1500430 386
1500440 386
1500450 387
1500460 388
1500470 388
1500480 389
1500490 390
1500500 390
1500510 391
1500520 392
1500530 392
1500540 392
1500550 393
1500560 393
1500570 394
1500580 395
1500590 395
1500600 396
1500610 397
1500620 397
1500630 398
1500640 399
1500650 399
1500660 400
1500670 401
1500680 401
1500690 402
1500700 403
1500710 403
1500720 404
1500730 404
1500740 404
1500750 405
1500760 405
1500770 405
1500780 406
1500790 406
1500800 406
1500810 406
1500820 407
1500830 407
1500840 407
1500850 407
1500860 407
1500870 407
1500880 407
1500890 407
1500900 408
1500910 408
1500920 408
1500930 408
1500940 408
1500950 408
1500960 408
1500970 408
1500980 408
1500990 408
1501000 408
1501010 408
1501020 409
1501030 409
1501040 409
1501050 408
1501060 408
1501070 408
1501080 408
1501090 408
1501100 408
1501110 407
1501120 407
1501130 407
1501140 407
1501150 407
1501160 407
1501170 407
1501180 406
1501190 406
1501200 405
1501210 405
1501220 405
1501230 405
1501240 404
1501250 404
1501260 403
1501270 402
1501280 402
1501290 401
1501300 400
1501310 400
1501320 399
1501330 399
1501340 399
1501350 399
1501360 399
1501370 399
1501380 399
1501390 400
1501400 400
1501410 401
1501420 401
1501430 402
1501440 402
1501450 402
1501460 403
1501470 404
1501480 404
1501490 404
1501500 404
1501510 404
1501520 404
1501530 404
1501540 404
1501550 403
1501560 403
1501570 403
1501580 403
1501590 403
1501600 403
1501610 403
1501620 403
1501630 403
1501640 403
1501650 403
1501660 403
1501670 403
1501680 403
1501690 403
1501700 404
1501710 404
1501720 404
1501730 404
1501740 404
1501750 404
1501760 404
1501770 404
1501780 404
1501790 404
1501800 404
1501810 404
1501820 404
1501830 403
1501840 403
1501850 403
1501860 403
1501870 403
1501880 403
1501890 403
1501900 403
1501910 402
1501920 402
1501930 402
1501940 402
1501950 401
1501960 401
1501970 401
1501980 401
1501990 401
1502000 400
1502010 400
1502020 400
1502030 399
1502040 399
1502050 399
1502060 399
1502070 398
1502080 398
1502090 398
1502100 398
1502110 398
1502120 398
1502130 398
1502140 398
1502150 398
1502160 398
1502170 398
1502180 398
1502190 397
1502200 397
1502210 397
1502220 396
1502230 396
1502240 395
1502250 395
1502260 395
1502270 395
1502280 394
1502290 394
1502300 394
1502310 394
1502320 394
1502330 393
1502340 393
1502350 393
1502360 392
1502370 391
1502380 391
1502390 391
1502400 391
1502410 391
1502420 391
1502430 391
1502440 391
1502450 392
1502460 392
1502470 392
1502480 391
1502490 391
1502500 391
1502510 391
1502520 391
1502530 391
1502540 391
1502550 391
1502560 391
1502570 391
1502580 391
1502590 391
1502600 391
1502610 391
1502620 391
1502630 391
1502640 390
1502650 390
1502660 389
1502670 389
1502680 389
1502690 389
1502700 389
1502710 389
1502720 389
1502730 390
1502740 390
1502750 390
1502760 391
1502770 391
1502780 393
1502790 394
1502800 394
1502810 395
1502820 397
1502830 397
1502840 398
1502850 399
1502860 399
1502870 399
1502880 400
1502890 400
1502900 401
1502910 402
1502920 402
1502930 403
1502940 403
1502950 403
1502960 404
1502970 404
1502980 404
1502990 405
1503000 405
1503010 405
1503020 405
1503030 405
1503040 405
1503050 405
1503060 405
1503070 405
1503080 406
1503090 406
1503100 406
1503110 406
1503120 406
1503130 406
1503140 406
1503150 406
1503160 406
1503170 405
1503180 405
1503190 405
1503200 404
1503210 404
1503220 404
1503230 403
1503240 401
1503250 401
1503260 400
1503270 400
1503280 400
1503290 399
1503300 398
1503310 398
1503320 397
1503330 396
1503340 396
1503350 395
1503360 395
1503370 395
1503380 393
1503390 391
1503400 391
1503410 389
1503420 388
1503430 388
1503440 388
1503450 387
1503460 387
1503470 388
1503480 391
1503490 391
1503500 393
1503510 395
1503520 395
1503530 396
1503540 398
1503550 398
1503560 400
1503570 401
1503580 401
1503590 401
1503600 402
1503610 402
1503620 403
1503630 403
1503640 403
1503650 404
1503660 405
1503670 405
1503680 406
1503690 406
1503700 406
1503710 406
1503720 406
1503730 406
1503740 406
1503750 406
1503760 406
1503770 406
1503780 406
1503790 406
1503800 406
1503810 407
1503820 407
1503830 407
1503840 407
1503850 407
1503860 408
1503870 408
1503880 408
1503890 408
1503900 408
1503910 408
1503920 408
1503930 408
1503940 408
1503950 408
1503960 408
1503970 408
1503980 408
1503990 408
1504000 408
1504010 408
1504020 408
1504030 408
1504040 408
1504050 409
1504060 409
1504070 409
1504080 409
1504090 409
1504100 409
1504110 409
1504120 409
1504130 409
1504140 409
1504150 409
1504160 410
1504170 410
1504180 410
1504190 410
1504200 410
1504210 410
1504220 409
1504230 409
1504240 409
1504250 409
1504260 409
1504270 409
1504280 409
1504290 408
1504300 408
1504310 408
1504320 408
1504330 408
1504340 408
1504350 408
1504360 408
1504370 407
1504380 407
1504390 407
1504400 406
1504410 406
1504420 406
1504430 406
1504440 406
1504450 405
1504460 405
1504470 405
1504480 404
1504490 404
1504500 404
1504510 404
1504520 403
1504530 403
1504540 401
1504550 398
1504560 398
1504570 397
1504580 400
1504590 400
1504600 401
1504610 401
1504620 401
1504630 400
1504640 398
1504650 398
1504660 398
1504670 397
1504680 397
1504690 396
1504700 393
1504710 393
1504720 391
1504730 391
1504740 391
1504750 390
1504760 389
1504770 389
1504780 389
1504790 390
1504800 390
1504810 389
1504820 389
1504830 389
1504840 390
1504850 392
1504860 392
1504870 393
1504880 395
1504890 395
1504900 396
1504910 396
1504920 396
1504930 394
1504940 392
1504950 392
1504960 394
1504970 395
1504980 395
1504990 396
1505000 396
1505010 396
1505020 396
1505030 395
1505040 395
1505050 394
1505060 394
1505070 394
1505080 395
1505090 395
1505100 395
1505110 394
1505120 393
1505130 393
1505140 393
1505150 392
1505160 392
1505170 393
1505180 393
1505190 393
1505200 393
1505210 392
1505220 392
1505230 392
1505240 392
1505250 392
1505260 392
1505270 391
1505280 391
1505290 391
1505300 391
1505310 391
1505320 391
1505330 390
1505340 390
1505350 389
1505360 388
1505370 388
1505380 388
1505390 389
1505400 389
1505410 389
1505420 389
1505430 389
1505440 389
1505450 389
1505460 389
1505470 389
1505480 388
1505490 388
1505500 388
1505510 388
1505520 388
1505530 387
1505540 387
1505550 387
1505560 386
1505570 386
1505580 386
1505590 385
1505600 385
1505610 385
1505620 384
1505630 384
1505640 384
1505650 384
1505660 383
1505670 383
1505680 382
1505690 382
1505700 382
1505710 382
1505720 382
1505730 382
1505740 382
1505750 381
1505760 381
1505770 381
1505780 381
1505790 381
1505800 380
1505810 380
1505820 380
1505830 379
1505840 379
1505850 379
1505860 378
1505870 378
1505880 378
1505890 379
1505900 379
1505910 379
1505920 379
1505930 378
1505940 378
1505950 378
1505960 377
1505970 377
1505980 377
1505990 376
1506000 376
1506010 376
1506020 375
1506030 375
1506040 375
1506050 375
1506060 375
1506070 376
1506080 376
1506090 376
1506100 376
1506110 376
1506120 376
1506130 376
1506140 376
1506150 376
1506160 376
1506170 376
1506180 376
1506190 375
1506200 375
1506210 375
1506220 375
1506230 374
1506240 374
1506250 374
1506260 374
1506270 374
1506280 374
1506290 374
1506300 374
1506310 373
1506320 373
1506330 373
1506340 373
1506350 373
1506360 373
1506370 374
1506380 374
1506390 374
1506400 373
1506410 373
1506420 373
1506430 373
1506440 373
1506450 373
1506460 372
1506470 372
1506480 372
1506490 372
1506500 372
1506510 372
1506520 371
1506530 371
1506540 371
1506550 371
1506560 371
1506570 371
1506580 371
1506590 370
1506600 370
1506610 370
1506620 370
1506630 370
1506640 370
1506650 370
1506660 370
1506670 370
1506680 370
1506690 370
1506700 370
1506710 370
1506720 370
1506730 370
1506740 369
1506750 369
1506760 369
1506770 369
1506780 369
1506790 369
1506800 368
1506810 368
1506820 368
1506830 368
1506840 368
1506850 368
1506860 368
1506870 368
1506880 368
1506890 367
1506900 367
1506910 367
1506920 366
1506930 366
1506940 366
1506950 367
1506960 367
1506970 367
1506980 366
1506990 366
1507000 366
1507010 366
1507020 366
1507030 365
1507040 365
1507050 365
1507060 365
1507070 365
1507080 365
1507090 365
1507100 364
1507110 364
1507120 364
1507130 364
1507140 364
1507150 364
1507160 363
1507170 363
1507180 363
1507190 363
1507200 363
1507210 363
1507220 363
1507230 363
1507240 362
1507250 362
1507260 362
1507270 362
1507280 362
1507290 362
1507300 361
1507310 361
1507320 361
1507330 361
1507340 361
1507350 361
1507360 361
1507370 360
1507380 360
1507390 360
1507400 360
1507410 360
1507420 359
1507430 359
1507440 359
1507450 359
1507460 359
1507470 358
1507480 358
1507490 358
1507500 358
1507510 358
1507520 358
1507530 358
1507540 358
1507550 358
1507560 358
1507570 357
1507580 357
1507590 357
1507600 356
1507610 356
1507620 355
1507630 355
1507640 355
1507650 355
1507660 354
1507670 354
1507680 354
1507690 354
1507700 354
1507710 354
1507720 354
1507730 354
1507740 354
1507750 354
1507760 354
1507770 354
1507780 354
1507790 354
1507800 354
1507810 354
1507820 354
1507830 353
1507840 353
1507850 353
1507860 354
1507870 355
1507880 355
1507890 357
1507900 361
1507910 361
1507920 363
1507930 362
1507940 362
1507950 360
1507960 357
1507970 357
1507980 355
1507990 355
1508000 355
1508010 355
1508020 355
1508030 355
1508040 355
1508050 355
1508060 355
1508070 355
1508080 355
1508090 355
1508100 355
1508110 355
1508120 355
1508130 356
1508140 357
1508150 357
1508160 358
1508170 358
1508180 358
1508190 358
1508200 358
1508210 358
1508220 359
1508230 360
1508240 360
1508250 363
1508260 364
1508270 364
1508280 367
1508290 370
1508300 370
1508310 373
1508320 376
1508330 376
1508340 377
1508350 380
1508360 380
1508370 383
1508380 384
1508390 384
1508400 385
1508410 386
1508420 386
1508430 387
1508440 388
1508450 388
1508460 389
1508470 390
1508480 390
1508490 391
1508500 392
1508510 392
1508520 393
1508530 394
1508540 394
1508550 395
1508560 396
1508570 396
1508580 397
1508590 398
1508600 398
1508610 399
1508620 400
1508630 400
1508640 400
1508650 401
1508660 401
1508670 402
1508680 403
1508690 403
1508700 403
1508710 404
1508720 404
1508730 405
1508740 405
1508750 405
1508760 406
1508770 406
1508780 406
1508790 407
1508800 407
1508810 407
1508820 408
1508830 408
1508840 408
1508850 408
1508860 408
1508870 408
1508880 408
1508890 408
1508900 408
1508910 407
1508920 407
1508930 407
1508940 406
1508950 405
1508960 405
1508970 404
1508980 403
1508990 403
1509000 402
1509010 400
1509020 400
1509030 399
1509040 398
1509050 398
1509060 396
1509070 394
1509080 394
1509090 393
1509100 392
1509110 392
1509120 391
1509130 390
1509140 390
1509150 389
1509160 388
1509170 388
1509180 387
1509190 386
1509200 386
1509210 384
1509220 383
1509230 383
1509240 382
1509250 381
1509260 381
1509270 380
1509280 380
1509290 380
1509300 380
1509310 380
1509320 380
1509330 380
1509340 380
1509350 380
1509360 380
1509370 380
1509380 380
1509390 380
1509400 379
1509410 379
1509420 379
1509430 378
1509440 378
1509450 378
1509460 377
1509470 377
1509480 377
1509490 377
1509500 377
1509510 377
1509520 377
1509530 377
1509540 377
1509550 377
1509560 377
1509570 377
1509580 377
1509590 377
1509600 376
1509610 376
1509620 376
1509630 376
1509640 375
1509650 375
1509660 374
1509670 374
1509680 374
1509690 373
1509700 372
1509710 372
1509720 372
1509730 371
1509740 371
1509750 370
1509760 370
1509770 370
1509780 369
1509790 368
1509800 368
1509810 368
1509820 367
1509830 367
1509840 366
1509850 365
1509860 365
1509870 365
1509880 364
1509890 364
1509900 363
1509910 362
1509920 362
1509930 362
1509940 361
1509950 361
1509960 361
1509970 360
1509980 360
1509990 360
1510000 359
1510010 359
1510020 359
1510030 359
1510040 359
1510050 358
1510060 358
1510070 358
1510080 357
1510090 357
1510100 357
1510110 357
1510120 356
1510130 356
1510140 356
1510150 355
1510160 355
1510170 355
1510180 354
1510190 354
1510200 353
1510210 353
1510220 353
1510230 352
1510240 351
1510250 351
1510260 351
1510270 351
1510280 351
1510290 350
1510300 350
1510310 350
1510320 349
1510330 349
1510340 349
1510350 349
1510360 349
1510370 349
1510380 349
1510390 349
1510400 349
1510410 348
1510420 348
1510430 348
1510440 348
1510450 348
1510460 348
1510470 348
1510480 348
1510490 348
1510500 347
1510510 347
1510520 347
1510530 346
1510540 346
1510550 346
1510560 346
1510570 346
1510580 346
1510590 346
1510600 346
1510610 346
1510620 346
1510630 346
1510640 346
1510650 346
1510660 346
1510670 346
1510680 346
1510690 346
1510700 346
1510710 346
1510720 346
1510730 345
1510740 345
1510750 345
1510760 345
1510770 345
1510780 345
1510790 345
1510800 346
1510810 346
1510820 346
1510830 346
1510840 346
1510850 346
1510860 346
1510870 346
1510880 345
1510890 345
1510900 345
1510910 345
1510920 345
1510930 345
1510940 345
1510950 345
1510960 345
1510970 345
1510980 345
1510990 345
1511000 345
1511010 345
1511020 345
1511030 345
1511040 345
1511050 345
1511060 345
1511070 344
1511080 344
1511090 344
1511100 345
1511110 345
1511120 346
1511130 349
1511140 349
1511150 352
1511160 354
1511170 354
1511180 355
1511190 356
1511200 356
1511210 356
1511220 357
1511230 357
1511240 358
1511250 358
1511260 358
1511270 359
1511280 360
1511290 360
1511300 360
1511310 360
1511320 360
1511330 361
1511340 361
1511350 361
1511360 362
1511370 362
1511380 362
1511390 363
1511400 363
1511410 363
1511420 364
1511430 364
1511440 364
1511450 364
1511460 365
1511470 365
1511480 365
1511490 365
1511500 365
1511510 365
1511520 366
1511530 366
1511540 366
1511550 366
1511560 366
1511570 366
1511580 366
1511590 366
1511600 366
1511610 366
1511620 366
1511630 367
1511640 367
1511650 367
1511660 367
1511670 367
1511680 367
1511690 367
1511700 367
1511710 367
1511720 367
1511730 367
1511740 367
1511750 366
1511760 366
1511770 366
1511780 366
1511790 365
1511800 365
1511810 365
1511820 365
1511830 365
1511840 364
1511850 364
1511860 364
1511870 364
1511880 363
1511890 363
1511900 363
1511910 364
1511920 364
1511930 364
1511940 363
1511950 363
1511960 363
1511970 362
1511980 362
1511990 361
1512000 361
1512010 361
1512020 360
1512030 359
1512040 359
1512050 359
1512060 358
1512070 358
1512080 358
1512090 358
1512100 358
1512110 358
1512120 358
1512130 358
1512140 358
1512150 357
1512160 357
1512170 357
1512180 357
1512190 357
1512200 357
1512210 356
1512220 356
1512230 356
1512240 355
1512250 355
1512260 354
1512270 353
1512280 353
1512290 352
1512300 352
1512310 352
1512320 352
1512330 352
1512340 352
1512350 352
1512360 352
1512370 352
1512380 352
1512390 352
1512400 352
1512410 352
1512420 352
1512430 352
1512440 352
1512450 352
1512460 352
1512470 352
1512480 351
1512490 351
1512500 351
1512510 351
1512520 351
1512530 350
1512540 350
1512550 350
1512560 350
1512570 350
1512580 350
1512590 350
1512600 350
1512610 350
1512620 349
1512630 349
1512640 349
1512650 349
1512660 349
1512670 349
1512680 349
1512690 349
1512700 349
1512710 349
1512720 349
1512730 349
1512740 349
1512750 349
1512760 349
1512770 349
1512780 349
1512790 349
1512800 349
1512810 349
1512820 349
1512830 349
1512840 349
1512850 349
1512860 349
1512870 349
1512880 349
1512890 349
1512900 349
1512910 349
1512920 349
1512930 349
1512940 349
1512950 349
1512960 350
1512970 350
1512980 349
1512990 349
1513000 349
1513010 350
1513020 350
1513030 350
1513040 350
1513050 350
1513060 350
1513070 352
1513080 355
1513090 355
1513100 357
1513110 357
1513120 357
1513130 358
1513140 359
1513150 359
1513160 360
1513170 361
1513180 361
1513190 361
1513200 362
1513210 362
1513220 363
1513230 363
1513240 363
1513250 364
1513260 364
1513270 364
1513280 365
1513290 365
1513300 365
1513310 365
1513320 366
1513330 366
1513340 366
1513350 366
1513360 366
1513370 367
1513380 367
1513390 367
1513400 367
1513410 368
1513420 368
1513430 368
1513440 368
1513450 368
1513460 368
1513470 368
1513480 368
1513490 369
1513500 369
1513510 369
1513520 369
1513530 369
1513540 370
1513550 370
1513560 370
1513570 370
1513580 371
1513590 371
1513600 371
1513610 371
1513620 371
1513630 371
1513640 371
1513650 371
1513660 371
1513670 371
1513680 371
1513690 371
1513700 370
1513710 370
1513720 370
1513730 369
1513740 369
1513750 369
1513760 368
1513770 368
1513780 368
1513790 368
1513800 368
1513810 367
1513820 367
1513830 367
1513840 366
1513850 366
1513860 366
1513870 365
1513880 365
1513890 365
1513900 364
1513910 364
1513920 364
1513930 364
1513940 364
1513950 364
1513960 363
1513970 363
1513980 363
1513990 363
1514000 362
1514010 362
1514020 362
1514030 362
1514040 362
1514050 361
1514060 361
1514070 361
1514080 360
1514090 359
1514100 359
1514110 359
1514120 359
1514130 359
1514140 359
1514150 359
1514160 359
1514170 359
1514180 359
1514190 359
1514200 359
1514210 359
1514220 359
1514230 359
1514240 359
1514250 359
1514260 359
1514270 359
1514280 359
1514290 359
1514300 359
1514310 359
1514320 359
1514330 358
1514340 358
1514350 358
1514360 358
1514370 358
1514380 358
1514390 358
1514400 358
1514410 358
1514420 357
1514430 357
1514440 357
1514450 358
1514460 358
1514470 357
1514480 357
1514490 357
1514500 356
1514510 356
1514520 356
1514530 356
1514540 356
1514550 356
1514560 356
1514570 356
1514580 356
1514590 356
1514600 356
1514610 356
1514620 356
1514630 355
1514640 355
1514650 355
1514660 355
1514670 355
1514680 355
1514690 355
1514700 355
1514710 355
1514720 355
1514730 355
1514740 355
1514750 356
1514760 356
1514770 356
1514780 356
1514790 356
1514800 355
1514810 354
1514820 354
1514830 354
1514840 354
1514850 354
1514860 354
1514870 355
1514880 355
1514890 355
1514900 356
1514910 356
1514920 356
1514930 356
1514940 356
1514950 356
1514960 356
1514970 356
1514980 356
1514990 356
1515000 356
1515010 357
1515020 358
1515030 358
1515040 359
1515050 361
1515060 361
1515070 364
1515080 366
1515090 366
1515100 367
1515110 367
1515120 367
1515130 368
1515140 368
1515150 368
1515160 369
1515170 369
1515180 369
1515190 370
1515200 370
1515210 370
1515220 371
1515230 371
1515240 371
1515250 371
1515260 371
1515270 371
1515280 371
1515290 371
1515300 371
1515310 371
1515320 372
1515330 372
1515340 372
1515350 372
1515360 372
1515370 372
1515380 373
1515390 373
1515400 373
1515410 374
1515420 374
1515430 373
1515440 373
1515450 373
1515460 373
1515470 373
1515480 373
1515490 372
1515500 372
1515510 372
1515520 372
1515530 372
1515540 372
1515550 372
1515560 372
1515570 372
1515580 372
1515590 372
1515600 372
1515610 372
1515620 371
1515630 371
1515640 371
1515650 371
1515660 371
1515670 370
1515680 370
1515690 370
1515700 369
1515710 368
1515720 368
1515730 367
1515740 366
1515750 366
1515760 365
1515770 365
1515780 365
1515790 364
1515800 363
1515810 363
1515820 362
1515830 361
1515840 361
1515850 361
1515860 360
1515870 360
1515880 359
1515890 359
1515900 359
1515910 359
1515920 360
1515930 360
1515940 363
1515950 368
1515960 368
1515970 371
1515980 371
1515990 371
1516000 371
1516010 371
1516020 371
1516030 372
1516040 372
1516050 372
1516060 372
1516070 372
1516080 372
1516090 372
1516100 372
1516110 372
1516120 372
1516130 372
1516140 372
1516150 372
1516160 372
1516170 372
1516180 372
1516190 372
1516200 372
1516210 372
1516220 372
1516230 372
1516240 371
1516250 371
1516260 371
1516270 371
1516280 371
1516290 371
1516300 371
1516310 370
1516320 370
1516330 370
1516340 369
1516350 369
1516360 367
1516370 365
1516380 365
1516390 367
1516400 368
1516410 368
1516420 369
1516430 369
1516440 369
1516450 370
1516460 370
1516470 370
1516480 370
1516490 370
1516500 370
1516510 370
1516520 370
1516530 370
1516540 370
1516550 370
1516560 371
1516570 371
1516580 371
1516590 371
1516600 371
1516610 371
1516620 371
1516630 370
1516640 370
1516650 370
1516660 370
1516670 370
1516680 370
1516690 370
1516700 370
1516710 370
1516720 370
1516730 370
1516740 370
1516750 369
1516760 369
1516770 369
1516780 369
1516790 369
1516800 369
1516810 368
1516820 368
1516830 367
1516840 367
1516850 367
1516860 369
1516870 371
1516880 371
1516890 372
1516900 373
1516910 373
1516920 374
1516930 374
1516940 374
1516950 375
1516960 375
1516970 375
1516980 376
1516990 376
1517000 376
1517010 376
1517020 376
1517030 376
1517040 377
1517050 377
1517060 377
1517070 377
1517080 377
1517090 377
1517100 377
1517110 377
1517120 377
1517130 377
1517140 378
1517150 378
1517160 378
1517170 378
1517180 378
1517190 378
1517200 378
1517210 378
1517220 378
1517230 378
1517240 378
1517250 378
1517260 378
1517270 378
1517280 378
1517290 378
1517300 378
1517310 378
1517320 378
1517330 378
1517340 377
1517350 376
1517360 376
1517370 373
1517380 370
1517390 370
1517400 368
1517410 367
1517420 367
1517430 367
1517440 367
1517450 367
1517460 368
1517470 369
1517480 369
1517490 369
1517500 370
1517510 370
1517520 371
1517530 372
1517540 372
1517550 373
1517560 374
1517570 374
1517580 375
1517590 376
1517600 376
1517610 377
1517620 378
1517630 378
1517640 379
1517650 379
1517660 379
1517670 380
1517680 380
1517690 380
1517700 380
1517710 381
1517720 381
1517730 382
1517740 382
1517750 382
1517760 382
1517770 382
1517780 382
1517790 382
1517800 382
1517810 382
1517820 382
1517830 382
1517840 382
1517850 382
1517860 382
1517870 382
1517880 382
1517890 382
1517900 382
1517910 382
1517920 382
1517930 382
1517940 382
1517950 382
1517960 382
1517970 382
1517980 381
1517990 381
1518000 381
1518010 381
1518020 381
1518030 381
1518040 380
1518050 380
1518060 380
1518070 380
1518080 380
1518090 380
1518100 379
1518110 379
1518120 378
1518130 378
1518140 378
1518150 378
1518160 378
1518170 378
1518180 378
1518190 377
1518200 377
1518210 377
1518220 376
1518230 376
1518240 375
1518250 375
1518260 375
1518270 375
1518280 374
1518290 374
1518300 374
1518310 373
1518320 373
1518330 372
1518340 372
1518350 372
1518360 371
1518370 371
1518380 371
1518390 370
1518400 369
1518410 369
1518420 369
1518430 369
1518440 369
1518450 369
1518460 369
1518470 369
1518480 369
1518490 369
1518500 369
1518510 369
1518520 370
1518530 371
1518540 372
1518550 372
1518560 372
1518570 372
1518580 372
1518590 372
1518600 373
1518610 373
1518620 373
1518630 373
1518640 375
1518650 375
1518660 380
1518670 386
1518680 386
1518690 389
1518700 389
1518710 389
1518720 390
1518730 391
1518740 391
1518750 392
1518760 392
1518770 392
1518780 394
1518790 394
1518800 394
1518810 395
1518820 396
1518830 396
1518840 397
1518850 397
1518860 397
1518870 397
1518880 398
1518890 398
1518900 398
1518910 399
1518920 399
1518930 398
1518940 398
1518950 398
1518960 398
1518970 399
1518980 399
1518990 399
1519000 398
1519010 398
1519020 398
1519030 397
1519040 397
1519050 397
1519060 396
1519070 396
1519080 396
1519090 396
1519100 396
1519110 396
1519120 395
1519130 395
1519140 395
1519150 394
1519160 394
1519170 393
1519180 391
1519190 391
1519200 391
1519210 389
1519220 389
1519230 388
1519240 386
1519250 386
1519260 385
1519270 383
1519280 383
1519290 380
1519300 378
1519310 378
1519320 380
1519330 383
1519340 383
1519350 385
1519360 386
1519370 386
1519380 387
1519390 388
1519400 388
1519410 389
1519420 390
1519430 390
1519440 391
1519450 392
1519460 392
1519470 394
1519480 395
1519490 395
1519500 397
1519510 398
1519520 398
1519530 400
1519540 401
1519550 401
1519560 402
1519570 402
1519580 403
1519590 404
1519600 404
1519610 405
1519620 406
1519630 406
1519640 407
1519650 408
1519660 408
1519670 408
1519680 407
1519690 407
1519700 406
1519710 406
1519720 406
1519730 405
1519740 405
1519750 405
1519760 404
1519770 404
1519780 404
1519790 403
1519800 402
1519810 402
1519820 401
1519830 400
1519840 400
1519850 399
1519860 397
1519870 397
1519880 396
1519890 395
1519900 395
1519910 394
1519920 394
1519930 394
1519940 394
1519950 395
1519960 395
1519970 396
1519980 397
1519990 397
