1500000 413
1500010 413
1500020 413
1500030 413
1500040 414
1500050 414
1500060 414
1500070 414
1500080 414
1500090 414
1500100 414
1500110 414
1500120 414
1500130 414
1500140 414
1500150 414
1500160 414
1500170 414
1500180 414
1500190 414
1500200 414
1500210 413
1500220 413
1500230 413
1500240 413
1500250 412
1500260 412
1500270 412
1500280 411
1500290 411
1500300 410
1500310 410
1500320 410
1500330 409
1500340 409
1500350 408
1500360 408
1500370 408
1500380 407
1500390 406
1500400 406
1500410 405
1500420 404
1500430 404
1500440 404
1500450 402
1500460 402
1500470 399
1500480 395
1500490 395
1500500 392
1500510 391
1500520 391
1500530 395
1500540 398
1500550 398
1500560 399
1500570 400
1500580 400
1500590 401
1500600 402
1500610 402
1500620 403
1500630 404
1500640 404
1500650 405
1500660 405
1500670 405
1500680 406
1500690 406
1500700 406
1500710 407
1500720 407
1500730 407
1500740 407
1500750 407
1500760 407
1500770 407
1500780 407
1500790 407
1500800 407
1500810 406
1500820 406
1500830 406
1500840 406
1500850 406
1500860 406
1500870 406
1500880 406
1500890 406
1500900 406
1500910 406
1500920 406
1500930 406
1500940 406
1500950 406
1500960 406
1500970 406
1500980 406
1500990 406
1501000 406
1501010 406
1501020 406
1501030 406
1501040 406
1501050 405
1501060 405
1501070 405
1501080 405
1501090 405
1501100 405
1501110 405
1501120 405
1501130 405
1501140 405
1501150 405
1501160 405
1501170 405
1501180 405
1501190 404
1501200 404
1501210 404
1501220 404
1501230 404
1501240 404
1501250 404
1501260 404
1501270 404
1501280 404
1501290 404
1501300 404
1501310 403
1501320 403
1501330 403
1501340 403
1501350 403
1501360 403
1501370 403
1501380 403
1501390 403
1501400 403
1501410 402
1501420 402
1501430 402
1501440 402
1501450 402
1501460 402
1501470 402
1501480 402
1501490 402
1501500 402
1501510 402
1501520 402
1501530 401
1501540 401
1501550 401
1501560 401
1501570 401
1501580 400
1501590 400
1501600 400
1501610 400
1501620 400
1501630 400
1501640 399
1501650 399
1501660 399
1501670 399
1501680 399
1501690 399
1501700 398
1501710 398
1501720 398
1501730 398
1501740 397
1501750 397
1501760 397
1501770 396
1501780 396
1501790 395
1501800 395
1501810 395
1501820 394
1501830 394
1501840 394
1501850 393
1501860 392
1501870 392
1501880 391
1501890 390
1501900 390
1501910 389
1501920 389
1501930 389
1501940 388
1501950 388
1501960 388
1501970 387
1501980 388
1501990 388
1502000 388
1502010 388
1502020 388
1502030 387
1502040 387
1502050 387
1502060 386
1502070 386
1502080 386
1502090 386
1502100 386
1502110 386
1502120 385
1502130 385
1502140 385
1502150 385
1502160 384
1502170 384
1502180 384
1502190 383
1502200 383
1502210 383
1502220 382
1502230 382
1502240 382
1502250 382
1502260 382
1502270 382
1502280 381
1502290 381
1502300 381
1502310 380
1502320 380
1502330 380
1502340 380
1502350 380
1502360 379
1502370 379
1502380 379
1502390 379
1502400 379
1502410 379
1502420 379
1502430 378
1502440 378
1502450 378
1502460 378
1502470 378
1502480 378
1502490 378
1502500 378
1502510 377
1502520 377
1502530 377
1502540 377
1502550 377
1502560 377
1502570 377
1502580 377
1502590 377
1502600 377
1502610 378
1502620 378
1502630 378
1502640 379
1502650 379
1502660 379
1502670 379
1502680 379
1502690 378
1502700 378
1502710 378
1502720 378
1502730 377
1502740 377
1502750 377
1502760 377
1502770 377
1502780 377
1502790 377
1502800 377
1502810 377
1502820 377
1502830 377
1502840 377
1502850 376
1502860 376
1502870 376
1502880 375
1502890 375
1502900 375
1502910 375
1502920 375
1502930 375
1502940 376
1502950 376
1502960 377
1502970 378
1502980 378
1502990 379
1503000 380
1503010 380
1503020 381
1503030 382
1503040 382
1503050 383
1503060 384
1503070 384
1503080 385
1503090 386
1503100 386
1503110 387
1503120 388
1503130 388
1503140 389
1503150 390
1503160 390
1503170 390
1503180 390
1503190 391
1503200 391
1503210 391
1503220 392
1503230 392
1503240 392
1503250 393
1503260 393
1503270 393
1503280 394
1503290 394
1503300 394
1503310 395
1503320 395
1503330 395
1503340 395
1503350 397
1503360 397
1503370 398
1503380 397
1503390 397
1503400 399
1503410 398
1503420 398
1503430 398
1503440 399
1503450 399
1503460 399
1503470 399
1503480 399
1503490 399
1503500 399
1503510 399
1503520 400
1503530 400
1503540 400
1503550 400
1503560 401
1503570 401
1503580 402
1503590 401
1503600 401
1503610 401
1503620 402
1503630 402
1503640 402
1503650 402
1503660 402
1503670 401
1503680 401
1503690 401
1503700 400
1503710 400
1503720 400
1503730 399
1503740 398
1503750 398
1503760 398
1503770 399
1503780 399
1503790 399
1503800 400
1503810 400
1503820 402
1503830 403
1503840 403
1503850 404
1503860 404
1503870 404
1503880 405
1503890 405
1503900 405
1503910 405
1503920 405
1503930 405
1503940 405
1503950 405
1503960 405
1503970 404
1503980 404
1503990 404
1504000 404
1504010 404
1504020 404
1504030 403
1504040 402
1504050 402
1504060 401
1504070 400
1504080 400
1504090 400
1504100 400
1504110 400
1504120 399
1504130 399
1504140 399
1504150 398
1504160 395
1504170 395
1504180 393
1504190 393
1504200 393
1504210 394
1504220 396
1504230 396
1504240 399
1504250 402
1504260 402
1504270 403
1504280 404
1504290 404
1504300 405
1504310 407
1504320 407
1504330 408
1504340 408
1504350 408
1504360 409
1504370 409
1504380 409
1504390 410
1504400 410
1504410 410
1504420 410
1504430 411
1504440 411
1504450 411
1504460 412
1504470 412
1504480 412
1504490 412
1504500 412
1504510 413
1504520 413
1504530 413
1504540 414
1504550 414
1504560 414
1504570 414
1504580 415
1504590 415
1504600 415
1504610 415
1504620 415
1504630 415
1504640 415
1504650 415
1504660 416
1504670 415
1504680 415
1504690 415
1504700 415
1504710 415
1504720 415
1504730 415
1504740 415
1504750 415
1504760 415
1504770 415
1504780 415
1504790 414
1504800 414
1504810 414
1504820 414
1504830 414
1504840 413
1504850 413
1504860 413
1504870 413
1504880 412
1504890 412
1504900 412
1504910 411
1504920 411
1504930 411
1504940 410
1504950 410
1504960 410
1504970 409
1504980 409
1504990 408
1505000 408
1505010 408
1505020 407
1505030 406
1505040 406
1505050 406
1505060 405
1505070 405
1505080 405
1505090 404
1505100 404
1505110 404
1505120 403
1505130 403
1505140 402
1505150 402
1505160 402
1505170 401
1505180 400
1505190 400
1505200 400
1505210 399
1505220 399
1505230 399
1505240 398
1505250 398
1505260 397
1505270 396
1505280 396
1505290 396
1505300 396
1505310 396
1505320 396
1505330 395
1505340 395
1505350 395
1505360 394
1505370 394
1505380 394
1505390 393
1505400 393
1505410 392
1505420 389
1505430 389
1505440 388
1505450 389
1505460 389
1505470 390
1505480 390
1505490 390
1505500 389
1505510 389
1505520 389
1505530 388
1505540 387
1505550 387
1505560 386
1505570 386
1505580 386
1505590 386
1505600 385
1505610 385
1505620 384
1505630 384
1505640 384
1505650 384
1505660 385
1505670 385
1505680 385
1505690 385
1505700 385
1505710 385
1505720 384
1505730 384
1505740 383
1505750 381
1505760 381
1505770 381
1505780 381
1505790 381
1505800 381
1505810 380
1505820 380
1505830 380
1505840 380
1505850 380
1505860 380
1505870 379
1505880 379
1505890 379
1505900 379
1505910 379
1505920 379
1505930 380
1505940 380
1505950 379
1505960 379
1505970 379
1505980 379
1505990 379
1506000 379
1506010 379
1506020 379
1506030 379
1506040 378
1506050 378
1506060 378
1506070 378
1506080 378
1506090 377
1506100 377
1506110 377
1506120 377
1506130 377
1506140 377
1506150 376
1506160 376
1506170 376
1506180 375
1506190 375
1506200 375
1506210 374
1506220 375
1506230 375
1506240 375
1506250 375
1506260 375
1506270 374
1506280 373
1506290 373
1506300 373
1506310 373
1506320 373
1506330 374
1506340 374
1506350 374
1506360 374
1506370 374
1506380 374
1506390 374
1506400 373
1506410 373
1506420 373
1506430 372
1506440 372
1506450 372
1506460 372
1506470 372
1506480 371
1506490 371
1506500 371
1506510 371
1506520 371
1506530 371
1506540 371
1506550 371
1506560 371
1506570 370
1506580 370
1506590 370
1506600 370
1506610 370
1506620 370
1506630 370
1506640 369
1506650 369
1506660 369
1506670 369
1506680 369
1506690 369
1506700 369
1506710 369
1506720 368
1506730 368
1506740 368
1506750 368
1506760 368
1506770 368
1506780 368
1506790 368
1506800 368
1506810 368
1506820 367
1506830 367
1506840 367
1506850 367
1506860 367
1506870 367
1506880 366
1506890 366
1506900 366
1506910 366
1506920 366
1506930 366
1506940 366
1506950 366
1506960 366
1506970 366
1506980 366
1506990 366
1507000 366
1507010 366
1507020 366
1507030 366
1507040 366
1507050 366
1507060 366
1507070 366
1507080 366
1507090 365
1507100 365
1507110 365
1507120 366
1507130 366
1507140 366
1507150 366
1507160 366
1507170 365
1507180 365
1507190 365
1507200 365
1507210 365
1507220 365
1507230 365
1507240 365
1507250 365
1507260 365
1507270 365
1507280 365
1507290 365
1507300 364
1507310 364
1507320 364
1507330 364
1507340 364
1507350 364
1507360 364
1507370 364
1507380 365
1507390 365
1507400 365
1507410 365
1507420 364
1507430 364
1507440 364
1507450 363
1507460 363
1507470 363
1507480 363
1507490 363
1507500 363
1507510 363
1507520 363
1507530 363
1507540 363
1507550 363
1507560 363
1507570 363
1507580 363
1507590 363
1507600 362
1507610 362
1507620 362
1507630 362
1507640 362
1507650 361
1507660 361
1507670 361
1507680 361
1507690 361
1507700 361
1507710 361
1507720 361
1507730 361
1507740 361
1507750 361
1507760 361
1507770 360
1507780 360
1507790 360
1507800 360
1507810 359
1507820 359
1507830 359
1507840 359
1507850 359
1507860 358
1507870 358
1507880 358
1507890 358
1507900 358
1507910 358
1507920 357
1507930 357
1507940 357
1507950 357
1507960 356
1507970 356
1507980 355
1507990 355
1508000 355
1508010 355
1508020 355
1508030 355
1508040 355
1508050 355
1508060 355
1508070 355
1508080 354
1508090 354
1508100 354
1508110 353
1508120 353
1508130 353
1508140 353
1508150 353
1508160 352
1508170 351
1508180 351
1508190 350
1508200 350
1508210 350
1508220 350
1508230 350
1508240 350
1508250 349
1508260 349
1508270 349
1508280 350
1508290 349
1508300 349
1508310 349
1508320 350
1508330 350
1508340 350
1508350 350
1508360 350
1508370 350
1508380 350
1508390 350
1508400 350
1508410 351
1508420 351
1508430 352
1508440 353
1508450 353
1508460 354
1508470 355
1508480 355
1508490 358
1508500 360
1508510 360
1508520 362
1508530 364
1508540 364
1508550 366
1508560 368
1508570 368
1508580 369
1508590 371
1508600 371
1508610 372
1508620 373
1508630 373
1508640 376
1508650 378
1508660 378
1508670 379
1508680 380
1508690 380
1508700 382
1508710 383
1508720 383
1508730 384
1508740 385
1508750 385
1508760 386
1508770 386
1508780 386
1508790 387
1508800 387
1508810 387
1508820 388
1508830 388
1508840 389
1508850 389
1508860 389
1508870 390
1508880 390
1508890 390
1508900 390
1508910 390
1508920 390
1508930 390
1508940 389
1508950 389
1508960 389
1508970 389
1508980 389
1508990 388
1509000 388
1509010 388
1509020 387
1509030 387
1509040 387
1509050 386
1509060 385
1509070 385
1509080 385
1509090 384
1509100 384
1509110 383
1509120 383
1509130 383
1509140 382
1509150 381
1509160 381
1509170 379
1509180 378
1509190 378
1509200 378
1509210 377
1509220 377
1509230 377
1509240 377
1509250 377
1509260 375
1509270 372
1509280 372
1509290 371
1509300 374
1509310 374
1509320 375
1509330 376
1509340 376
1509350 376
1509360 376
1509370 376
1509380 376
1509390 375
1509400 375
1509410 375
1509420 375
1509430 375
1509440 374
1509450 374
1509460 374
1509470 374
1509480 373
1509490 373
1509500 372
1509510 369
1509520 369
1509530 369
1509540 368
1509550 368
1509560 368
1509570 365
1509580 365
1509590 362
1509600 362
1509610 362
1509620 361
1509630 361
1509640 361
1509650 360
1509660 360
1509670 360
1509680 359
1509690 359
1509700 359
1509710 358
1509720 358
1509730 358
1509740 358
1509750 359
1509760 359
1509770 360
1509780 360
1509790 360
1509800 359
1509810 359
1509820 359
1509830 358
1509840 358
1509850 358
1509860 357
1509870 357
1509880 357
1509890 356
1509900 356
1509910 356
1509920 355
1509930 355
1509940 355
1509950 355
1509960 355
1509970 355
1509980 355
1509990 355
1510000 355
1510010 355
1510020 354
1510030 354
1510040 354
1510050 353
1510060 353
1510070 352
1510080 352
1510090 352
1510100 353
1510110 351
1510120 351
1510130 350
1510140 349
1510150 349
1510160 349
1510170 348
1510180 348
1510190 348
1510200 347
1510210 347
1510220 347
1510230 346
1510240 346
1510250 345
1510260 345
1510270 345
1510280 345
1510290 344
1510300 344
1510310 344
1510320 343
1510330 343
1510340 343
1510350 343
1510360 343
1510370 343
1510380 343
1510390 343
1510400 343
1510410 343
1510420 343
1510430 343
1510440 342
1510450 342
1510460 343
1510470 343
1510480 343
1510490 343
1510500 343
1510510 343
1510520 343
1510530 343
1510540 343
1510550 343
1510560 343
1510570 343
1510580 343
1510590 343
1510600 343
1510610 344
1510620 344
1510630 344
1510640 346
1510650 347
1510660 347
1510670 348
1510680 348
1510690 348
1510700 348
1510710 348
1510720 348
1510730 348
1510740 349
1510750 349
1510760 349
1510770 350
1510780 350
1510790 350
1510800 351
1510810 351
1510820 352
1510830 352
1510840 352
1510850 353
1510860 353
1510870 353
1510880 354
1510890 355
1510900 355
1510910 355
1510920 356
1510930 356
1510940 357
1510950 358
1510960 358
1510970 359
1510980 360
1510990 360
1511000 361
1511010 362
1511020 362
1511030 363
1511040 364
1511050 364
1511060 365
1511070 366
1511080 366
1511090 368
1511100 369
1511110 369
1511120 371
1511130 373
1511140 373
1511150 374
1511160 376
1511170 376
1511180 377
1511190 378
1511200 378
1511210 379
1511220 380
1511230 380
1511240 381
1511250 382
1511260 382
1511270 382
1511280 383
1511290 383
1511300 384
1511310 384
1511320 384
1511330 384
1511340 384
1511350 384
1511360 384
1511370 385
1511380 385
1511390 386
1511400 387
1511410 387
1511420 388
1511430 390
1511440 390
1511450 391
1511460 392
1511470 392
1511480 392
1511490 393
1511500 393
1511510 393
1511520 394
1511530 394
1511540 394
1511550 395
1511560 395
1511570 395
1511580 396
1511590 396
1511600 396
1511610 396
1511620 396
1511630 396
1511640 396
1511650 396
1511660 397
1511670 397
1511680 397
1511690 397
1511700 397
1511710 396
1511720 397
1511730 397
1511740 397
1511750 397
1511760 397
1511770 397
1511780 396
1511790 396
1511800 396
1511810 396
1511820 396
1511830 396
1511840 396
1511850 396
1511860 397
1511870 398
1511880 398
1511890 399
1511900 399
1511910 399
1511920 400
1511930 400
1511940 400
1511950 400
1511960 400
1511970 400
1511980 400
1511990 400
1512000 400
1512010 400
1512020 400
1512030 400
1512040 399
1512050 398
1512060 398
1512070 398
1512080 397
1512090 397
1512100 395
1512110 394
1512120 394
1512130 393
1512140 392
1512150 392
1512160 391
1512170 390
1512180 390
1512190 390
1512200 389
1512210 389
1512220 389
1512230 388
1512240 388
1512250 389
1512260 389
1512270 389
1512280 389
1512290 389
1512300 389
1512310 390
1512320 390
1512330 390
1512340 391
1512350 391
1512360 391
1512370 391
1512380 392
1512390 392
1512400 392
1512410 392
1512420 392
1512430 392
1512440 392
1512450 392
1512460 393
1512470 393
1512480 393
1512490 393
1512500 393
1512510 393
1512520 393
1512530 393
1512540 393
1512550 393
1512560 393
1512570 393
1512580 393
1512590 393
1512600 393
1512610 392
1512620 392
1512630 392
1512640 391
1512650 391
1512660 391
1512670 390
1512680 389
1512690 389
1512700 388
1512710 388
1512720 388
1512730 387
1512740 386
1512750 386
1512760 384
1512770 382
1512780 382
1512790 380
1512800 379
1512810 379
1512820 377
1512830 375
1512840 375
1512850 373
1512860 372
1512870 372
1512880 370
1512890 369
1512900 369
1512910 367
1512920 366
1512930 366
1512940 365
1512950 365
1512960 365
1512970 365
1512980 365
1512990 365
1513000 365
1513010 366
1513020 366
1513030 367
1513040 367
1513050 367
1513060 368
1513070 369
1513080 369
1513090 369
1513100 370
1513110 370
1513120 371
1513130 371
1513140 371
1513150 372
1513160 372
1513170 372
1513180 372
1513190 372
1513200 372
1513210 372
1513220 371
1513230 371
1513240 370
1513250 369
1513260 369
1513270 369
1513280 368
1513290 368
1513300 368
1513310 367
1513320 367
1513330 367
1513340 366
1513350 366
1513360 365
1513370 365
1513380 365
1513390 365
1513400 365
1513410 365
1513420 364
1513430 362
1513440 362
1513450 361
1513460 362
1513470 362
1513480 363
1513490 364
1513500 364
1513510 365
1513520 367
1513530 367
1513540 368
1513550 369
1513560 369
1513570 370
1513580 370
1513590 370
1513600 370
1513610 370
1513620 370
1513630 371
1513640 371
1513650 371
1513660 371
1513670 372
1513680 372
1513690 373
1513700 373
1513710 373
1513720 374
1513730 374
1513740 374
1513750 375
1513760 376
1513770 376
1513780 378
1513790 379
1513800 379
1513810 381
1513820 382
1513830 382
1513840 384
1513850 386
1513860 386
1513870 388
1513880 390
1513890 390
1513900 390
1513910 390
1513920 390
1513930 391
1513940 391
1513950 391
1513960 391
1513970 392
1513980 392
1513990 392
1514000 392
1514010 392
1514020 391
1514030 391
1514040 391
1514050 390
1514060 390
1514070 390
1514080 391
1514090 391
1514100 391
1514110 392
1514120 393
1514130 393
1514140 393
1514150 393
1514160 393
1514170 393
1514180 392
1514190 392
1514200 390
1514210 386
1514220 386
1514230 382
1514240 380
1514250 380
1514260 383
1514270 387
1514280 387
1514290 388
1514300 391
1514310 391
1514320 391
1514330 392
1514340 392
1514350 394
1514360 394
1514370 394
1514380 395
1514390 395
1514400 395
1514410 396
1514420 396
1514430 396
1514440 397
1514450 397
1514460 397
1514470 397
1514480 397
1514490 398
1514500 398
1514510 398
1514520 398
1514530 398
1514540 398
1514550 397
1514560 396
1514570 396
1514580 395
1514590 394
1514600 394
1514610 392
1514620 391
1514630 391
1514640 388
1514650 387
1514660 387
1514670 385
1514680 384
1514690 384
1514700 382
1514710 378
1514720 378
1514730 375
1514740 374
1514750 374
1514760 376
1514770 380
1514780 380
1514790 382
1514800 383
1514810 383
1514820 384
1514830 384
1514840 384
1514850 383
1514860 381
1514870 381
1514880 380
1514890 383
1514900 383
1514910 385
1514920 387
1514930 387
1514940 389
1514950 390
1514960 390
1514970 391
1514980 392
1514990 392
1515000 395
1515010 397
1515020 397
1515030 399
1515040 401
1515050 401
1515060 404
1515070 406
1515080 406
1515090 407
1515100 408
1515110 408
1515120 408
1515130 409
1515140 409
1515150 409
1515160 409
1515170 409
1515180 409
1515190 409
1515200 409
1515210 410
1515220 410
1515230 410
1515240 410
1515250 409
1515260 409
1515270 409
1515280 409
1515290 409
1515300 409
1515310 409
1515320 409
1515330 408
1515340 408
1515350 408
1515360 408
1515370 407
1515380 407
1515390 406
1515400 405
1515410 405
1515420 405
1515430 404
1515440 404
1515450 403
1515460 402
1515470 402
1515480 401
1515490 400
1515500 400
1515510 400
1515520 399
1515530 399
1515540 398
1515550 397
1515560 397
1515570 396
1515580 395
1515590 395
1515600 393
1515610 392
1515620 392
1515630 391
1515640 390
1515650 390
1515660 390
1515670 389
1515680 389
1515690 388
1515700 387
1515710 387
1515720 386
1515730 385
1515740 385
1515750 383
1515760 382
1515770 382
1515780 381
1515790 381
1515800 381
1515810 380
1515820 379
1515830 379
1515840 378
1515850 377
1515860 377
1515870 376
1515880 376
1515890 376
1515900 375
1515910 374
1515920 374
1515930 373
1515940 371
1515950 371
1515960 370
1515970 370
1515980 370
1515990 370
1516000 368
1516010 368
1516020 366
1516030 366
1516040 366
1516050 367
1516060 367
1516070 367
1516080 367
1516090 368
1516100 368
1516110 370
1516120 373
1516130 373
1516140 377
1516150 379
1516160 379
1516170 380
1516180 380
1516190 380
1516200 380
1516210 381
1516220 381
1516230 381
1516240 382
1516250 382
1516260 383
1516270 383
1516280 383
1516290 384
1516300 385
1516310 385
1516320 386
1516330 388
1516340 388
1516350 390
1516360 392
1516370 392
1516380 394
1516390 395
1516400 395
1516410 396
1516420 398
1516430 398
1516440 399
1516450 399
1516460 399
1516470 400
1516480 400
1516490 400
1516500 401
1516510 402
1516520 402
1516530 402
1516540 403
1516550 403
1516560 403
1516570 403
1516580 403
1516590 403
1516600 404
1516610 404
1516620 406
1516630 408
1516640 408
1516650 409
1516660 410
1516670 410
1516680 412
1516690 413
1516700 413
1516710 414
1516720 415
1516730 415
1516740 416
1516750 417
1516760 417
1516770 418
1516780 418
1516790 418
1516800 418
1516810 418
1516820 418
1516830 418
1516840 418
1516850 418
1516860 418
1516870 418
1516880 418
1516890 417
1516900 417
1516910 417
1516920 416
1516930 415
1516940 415
1516950 415
1516960 414
1516970 414
1516980 413
1516990 412
1517000 412
1517010 411
1517020 410
1517030 410
1517040 409
1517050 408
1517060 408
1517070 407
1517080 405
1517090 405
1517100 404
1517110 402
1517120 402
1517130 401
1517140 400
1517150 400
1517160 399
1517170 398
1517180 398
1517190 397
1517200 396
1517210 396
1517220 396
1517230 395
1517240 395
1517250 394
1517260 393
1517270 393
1517280 392
1517290 391
1517300 391
1517310 390
1517320 390
1517330 389
1517340 388
1517350 388
1517360 387
1517370 387
1517380 387
1517390 388
1517400 390
1517410 390
1517420 392
1517430 393
1517440 393
1517450 394
1517460 394
1517470 394
1517480 395
1517490 395
1517500 395
1517510 395
1517520 396
1517530 396
1517540 396
1517550 397
1517560 397
1517570 398
1517580 398
1517590 398
1517600 399
1517610 400
1517620 400
1517630 400
1517640 401
1517650 401
1517660 402
1517670 403
1517680 403
1517690 404
1517700 405
1517710 405
1517720 406
1517730 407
1517740 407
1517750 408
1517760 409
1517770 409
1517780 409
1517790 409
1517800 409
1517810 409
1517820 410
1517830 410
1517840 410
1517850 409
1517860 409
1517870 409
1517880 409
1517890 409
1517900 408
1517910 407
1517920 407
1517930 407
1517940 406
1517950 406
1517960 406
1517970 405
1517980 405
1517990 404
1518000 404
1518010 404
1518020 403
1518030 402
1518040 402
1518050 401
1518060 400
1518070 400
1518080 399
1518090 398
1518100 398
1518110 397
1518120 397
1518130 397
1518140 396
1518150 396
1518160 396
1518170 396
1518180 397
1518190 397
1518200 397
1518210 398
1518220 398
1518230 398
1518240 398
1518250 398
1518260 398
1518270 398
1518280 398
1518290 398
1518300 397
1518310 397
1518320 397
1518330 397
1518340 397
1518350 397
1518360 396
1518370 396
1518380 396
1518390 396
1518400 396
1518410 395
1518420 394
1518430 394
1518440 394
1518450 393
1518460 393
1518470 392
1518480 391
1518490 391
1518500 391
1518510 390
1518520 390
1518530 390
1518540 390
1518550 390
1518560 390
1518570 391
1518580 391
1518590 392
1518600 392
1518610 392
1518620 392
1518630 393
1518640 393
1518650 393
1518660 392
1518670 392
1518680 392
1518690 392
1518700 392
1518710 391
1518720 391
1518730 391
1518740 390
1518750 390
1518760 390
1518770 389
1518780 389
1518790 389
1518800 388
1518810 388
1518820 388
1518830 387
1518840 385
1518850 385
1518860 384
1518870 383
1518880 383
1518890 383
1518900 383
1518910 383
1518920 383
1518930 383
1518940 383
1518950 383
1518960 383
1518970 383
1518980 383
1518990 383
1519000 383
1519010 382
1519020 382
1519030 382
1519040 381
1519050 381
1519060 381
1519070 380
1519080 380
1519090 380
1519100 380
1519110 379
1519120 379
1519130 379
1519140 379
1519150 379
1519160 379
1519170 380
1519180 380
1519190 381
1519200 382
1519210 382
1519220 383
1519230 383
1519240 383
1519250 384
1519260 384
1519270 384
1519280 385
1519290 385
1519300 385
1519310 385
1519320 386
1519330 386
1519340 386
1519350 387
1519360 387
1519370 388
1519380 388
1519390 388
1519400 389
1519410 390
1519420 390
1519430 390
1519440 391
1519450 391
1519460 391
1519470 392
1519480 392
1519490 393
1519500 394
1519510 394
1519520 394
1519530 395
1519540 395
1519550 395
1519560 396
1519570 396
1519580 397
1519590 398
1519600 398
1519610 398
1519620 398
1519630 398
1519640 399
1519650 399
1519660 399
1519670 399
1519680 398
1519690 398
1519700 398
1519710 397
1519720 397
1519730 396
1519740 395
1519750 395
1519760 392
1519770 390
1519780 390
1519790 391
1519800 393
1519810 393
1519820 395
1519830 397
1519840 397
1519850 399
1519860 400
1519870 400
1519880 401
1519890 402
1519900 402
1519910 404
1519920 405
1519930 405
1519940 407
1519950 408
1519960 408
1519970 410
1519980 411
1519990 411
