1500000 374
1500010 374
1500020 374
1500030 373
1500040 373
1500050 373
1500060 373
1500070 373
1500080 373
1500090 372
1500100 372
1500110 372
1500120 371
1500130 371
1500140 370
1500150 370
1500160 370
1500170 370
1500180 370
1500190 370
1500200 369
1500210 369
1500220 369
1500230 368
1500240 368
1500250 368
1500260 367
1500270 367
1500280 367
1500290 366
1500300 365
1500310 365
1500320 366
1500330 365
1500340 365
1500350 365
1500360 364
1500370 364
1500380 364
1500390 364
1500400 364
1500410 363
1500420 363
1500430 363
1500440 363
1500450 362
1500460 362
1500470 362
1500480 362
1500490 362
1500500 362
1500510 363
1500520 363
1500530 362
1500540 362
1500550 362
1500560 364
1500570 369
1500580 369
1500590 370
1500600 371
1500610 371
1500620 372
1500630 373
1500640 373
1500650 374
1500660 374
1500670 374
1500680 375
1500690 375
1500700 375
1500710 376
1500720 376
1500730 376
1500740 377
1500750 377
1500760 377
1500770 378
1500780 378
1500790 378
1500800 379
1500810 379
1500820 379
1500830 380
1500840 380
1500850 380
1500860 380
1500870 381
1500880 381
1500890 381
1500900 382
1500910 382
1500920 382
1500930 382
1500940 383
1500950 383
1500960 383
1500970 384
1500980 384
1500990 384
1501000 385
1501010 385
1501020 385
1501030 386
1501040 386
1501050 386
1501060 386
1501070 387
1501080 387
1501090 387
1501100 387
1501110 387
1501120 386
1501130 386
1501140 386
1501150 386
1501160 385
1501170 385
1501180 385
1501190 385
1501200 385
1501210 384
1501220 383
1501230 383
1501240 382
1501250 382
1501260 382
1501270 381
1501280 380
1501290 380
1501300 380
1501310 380
1501320 380
1501330 379
1501340 379
1501350 379
1501360 378
1501370 377
1501380 377
1501390 376
1501400 375
1501410 375
1501420 374
1501430 372
1501440 372
1501450 370
1501460 370
1501470 370
1501480 370
1501490 370
1501500 370
1501510 370
1501520 371
1501530 371
1501540 372
1501550 373
1501560 373
1501570 374
1501580 376
1501590 376
1501600 378
1501610 380
1501620 380
1501630 382
1501640 383
1501650 383
1501660 384
1501670 385
1501680 385
1501690 386
1501700 387
1501710 387
1501720 387
1501730 388
1501740 388
1501750 389
1501760 389
1501770 389
1501780 390
1501790 391
1501800 391
1501810 391
1501820 392
1501830 392
1501840 392
1501850 393
1501860 393
1501870 393
1501880 394
1501890 394
1501900 394
1501910 394
1501920 394
1501930 395
1501940 395
1501950 395
1501960 395
1501970 395
1501980 395
1501990 396
1502000 396
1502010 396
1502020 396
1502030 396
1502040 396
1502050 396
1502060 396
1502070 396
1502080 396
1502090 396
1502100 396
1502110 396
1502120 396
1502130 396
1502140 396
1502150 396
1502160 396
1502170 396
1502180 396
1502190 396
1502200 397
1502210 397
1502220 397
1502230 397
1502240 397
1502250 397
1502260 397
1502270 397
1502280 397
1502290 398
1502300 398
1502310 398
1502320 398
1502330 398
1502340 398
1502350 397
1502360 397
1502370 397
1502380 397
1502390 397
1502400 397
1502410 396
1502420 396
1502430 396
1502440 396
1502450 396
1502460 396
1502470 396
1502480 397
1502490 397
1502500 397
1502510 397
1502520 397
1502530 397
1502540 397
1502550 397
1502560 397
1502570 398
1502580 398
1502590 398
1502600 398
1502610 398
1502620 397
1502630 398
1502640 398
1502650 398
1502660 397
1502670 397
1502680 397
1502690 397
1502700 397
1502710 397
1502720 397
1502730 397
1502740 396
1502750 396
1502760 396
1502770 396
1502780 396
1502790 396
1502800 396
1502810 396
1502820 396
1502830 396
1502840 396
1502850 396
1502860 395
1502870 395
1502880 395
1502890 394
1502900 394
1502910 394
1502920 394
1502930 394
1502940 394
1502950 394
1502960 394
1502970 394
1502980 394
1502990 394
1503000 394
1503010 395
1503020 395
1503030 395
1503040 395
1503050 395
1503060 395
1503070 396
1503080 396
1503090 396
1503100 397
1503110 398
1503120 398
1503130 398
1503140 399
1503150 399
1503160 400
1503170 400
1503180 400
1503190 400
1503200 401
1503210 401
1503220 401
1503230 401
1503240 401
1503250 401
1503260 401
1503270 401
1503280 400
1503290 400
1503300 400
1503310 400
1503320 400
1503330 400
1503340 400
1503350 399
1503360 399
1503370 399
1503380 399
1503390 399
1503400 398
1503410 398
1503420 398
1503430 398
1503440 398
1503450 398
1503460 398
1503470 398
1503480 397
1503490 397
1503500 397
1503510 397
1503520 397
1503530 397
1503540 398
1503550 397
1503560 397
1503570 397
1503580 397
1503590 397
1503600 396
1503610 397
1503620 397
1503630 398
1503640 398
1503650 398
1503660 398
1503670 398
1503680 398
1503690 398
1503700 398
1503710 398
1503720 398
1503730 398
1503740 398
1503750 398
1503760 398
1503770 398
1503780 398
1503790 399
1503800 399
1503810 399
1503820 398
1503830 398
1503840 398
1503850 398
1503860 398
1503870 398
1503880 398
1503890 398
1503900 398
1503910 398
1503920 398
1503930 397
1503940 397
1503950 397
1503960 397
1503970 396
1503980 396
1503990 396
1504000 396
1504010 396
1504020 396
1504030 395
1504040 395
1504050 395
1504060 395
1504070 395
1504080 394
1504090 394
1504100 394
1504110 394
1504120 393
1504130 393
1504140 393
1504150 393
1504160 393
1504170 393
1504180 392
1504190 392
1504200 392
1504210 392
1504220 392
1504230 392
1504240 391
1504250 391
1504260 391
1504270 391
1504280 391
1504290 391
1504300 390
1504310 390
1504320 390
1504330 390
1504340 390
1504350 390
1504360 389
1504370 389
1504380 389
1504390 389
1504400 389
1504410 389
1504420 389
1504430 389
1504440 389
1504450 388
1504460 388
1504470 388
1504480 388
1504490 388
1504500 388
1504510 387
1504520 387
1504530 387
1504540 387
1504550 387
1504560 386
1504570 386
1504580 386
1504590 385
1504600 384
1504610 384
1504620 384
1504630 383
1504640 383
1504650 382
1504660 382
1504670 382
1504680 381
1504690 380
1504700 380
1504710 380
1504720 379
1504730 379
1504740 378
1504750 377
1504760 377
1504770 377
1504780 376
1504790 376
1504800 376
1504810 375
1504820 375
1504830 374
1504840 373
1504850 373
1504860 372
1504870 371
1504880 371
1504890 371
1504900 370
1504910 370
1504920 370
1504930 370
1504940 370
1504950 370
1504960 368
1504970 368
1504980 368
1504990 368
1505000 368
1505010 368
1505020 367
1505030 367
1505040 367
1505050 367
1505060 367
1505070 366
1505080 365
1505090 365
1505100 365
1505110 365
1505120 365
1505130 364
1505140 363
1505150 363
1505160 362
1505170 362
1505180 362
1505190 361
1505200 360
1505210 360
1505220 360
1505230 359
1505240 359
1505250 359
1505260 359
1505270 359
1505280 359
1505290 359
1505300 359
1505310 358
1505320 357
1505330 357
1505340 356
1505350 355
1505360 355
1505370 355
1505380 355
1505390 355
1505400 354
1505410 355
1505420 355
1505430 355
1505440 355
1505450 355
1505460 355
1505470 355
1505480 355
1505490 355
1505500 355
1505510 355
1505520 356
1505530 357
1505540 357
1505550 358
1505560 360
1505570 360
1505580 361
1505590 362
1505600 362
1505610 363
1505620 363
1505630 363
1505640 363
1505650 364
1505660 364
1505670 364
1505680 365
1505690 365
1505700 366
1505710 366
1505720 366
1505730 366
1505740 367
1505750 367
1505760 367
1505770 367
1505780 367
1505790 367
1505800 366
1505810 366
1505820 366
1505830 366
1505840 366
1505850 366
1505860 366
1505870 366
1505880 366
1505890 366
1505900 366
1505910 367
1505920 367
1505930 367
1505940 367
1505950 367
1505960 366
1505970 366
1505980 366
1505990 365
1506000 364
1506010 364
1506020 364
1506030 364
1506040 364
1506050 365
1506060 366
1506070 366
1506080 366
1506090 366
1506100 366
1506110 366
1506120 366
1506130 366
1506140 366
1506150 365
1506160 365
1506170 366
1506180 366
1506190 366
1506200 366
1506210 366
1506220 366
1506230 365
1506240 365
1506250 365
1506260 365
1506270 364
1506280 364
1506290 364
1506300 364
1506310 364
1506320 364
1506330 364
1506340 364
1506350 364
1506360 364
1506370 364
1506380 364
1506390 364
1506400 364
1506410 364
1506420 364
1506430 364
1506440 364
1506450 364
1506460 364
1506470 364
1506480 364
1506490 364
1506500 365
1506510 365
1506520 365
1506530 365
1506540 365
1506550 365
1506560 364
1506570 364
1506580 364
1506590 364
1506600 364
1506610 364
1506620 364
1506630 364
1506640 364
1506650 364
1506660 364
1506670 364
1506680 364
1506690 364
1506700 364
1506710 364
1506720 364
1506730 364
1506740 363
1506750 363
1506760 363
1506770 364
1506780 364
1506790 364
1506800 363
1506810 363
1506820 363
1506830 363
1506840 363
1506850 363
1506860 363
1506870 363
1506880 363
1506890 363
1506900 363
1506910 363
1506920 362
1506930 362
1506940 362
1506950 362
1506960 362
1506970 362
1506980 362
1506990 361
1507000 361
1507010 361
1507020 361
1507030 361
1507040 361
1507050 361
1507060 361
1507070 362
1507080 362
1507090 362
1507100 362
1507110 362
1507120 362
1507130 362
1507140 362
1507150 362
1507160 362
1507170 362
1507180 362
1507190 362
1507200 361
1507210 361
1507220 362
1507230 362
1507240 362
1507250 362
1507260 362
1507270 362
1507280 362
1507290 362
1507300 362
1507310 362
1507320 362
1507330 362
1507340 362
1507350 362
1507360 362
1507370 362
1507380 362
1507390 362
1507400 362
1507410 362
1507420 362
1507430 362
1507440 362
1507450 362
1507460 362
1507470 361
1507480 361
1507490 361
1507500 361
1507510 361
1507520 361
1507530 361
1507540 361
1507550 361
1507560 361
1507570 361
1507580 361
1507590 361
1507600 361
1507610 361
1507620 362
1507630 362
1507640 362
1507650 362
1507660 362
1507670 362
1507680 361
1507690 361
1507700 361
1507710 361
1507720 361
1507730 361
1507740 361
1507750 361
1507760 361
1507770 361
1507780 361
1507790 361
1507800 361
1507810 361
1507820 361
1507830 360
1507840 360
1507850 360
1507860 360
1507870 360
1507880 360
1507890 360
1507900 360
1507910 360
1507920 360
1507930 360
1507940 360
1507950 360
1507960 360
1507970 360
1507980 359
1507990 359
1508000 359
1508010 360
1508020 360
1508030 360
1508040 360
1508050 360
1508060 360
1508070 360
1508080 360
1508090 359
1508100 359
1508110 359
1508120 359
1508130 359
1508140 359
1508150 358
1508160 358
1508170 358
1508180 358
1508190 358
1508200 358
1508210 358
1508220 358
1508230 358
1508240 358
1508250 358
1508260 358
1508270 358
1508280 358
1508290 358
1508300 358
1508310 357
1508320 357
1508330 357
1508340 357
1508350 357
1508360 357
1508370 357
1508380 357
1508390 357
1508400 357
1508410 357
1508420 357
1508430 357
1508440 357
1508450 357
1508460 357
1508470 357
1508480 357
1508490 357
1508500 357
1508510 357
1508520 357
1508530 356
1508540 356
1508550 356
1508560 356
1508570 356
1508580 356
1508590 356
1508600 356
1508610 356
1508620 356
1508630 356
1508640 356
1508650 356
1508660 356
1508670 356
1508680 356
1508690 355
1508700 355
1508710 355
1508720 355
1508730 355
1508740 355
1508750 355
1508760 355
1508770 354
1508780 354
1508790 354
1508800 354
1508810 355
1508820 355
1508830 354
1508840 354
1508850 354
1508860 354
1508870 354
1508880 354
1508890 354
1508900 354
1508910 354
1508920 353
1508930 353
1508940 353
1508950 353
1508960 353
1508970 353
1508980 353
1508990 353
1509000 353
1509010 353
1509020 353
1509030 353
1509040 353
1509050 353
1509060 353
1509070 353
1509080 353
1509090 353
1509100 353
1509110 352
1509120 352
1509130 352
1509140 352
1509150 352
1509160 352
1509170 352
1509180 352
1509190 351
1509200 351
1509210 351
1509220 351
1509230 351
1509240 351
1509250 351
1509260 351
1509270 351
1509280 350
1509290 350
1509300 350
1509310 350
1509320 350
1509330 350
1509340 349
1509350 349
1509360 349
1509370 350
1509380 349
1509390 349
1509400 349
1509410 350
1509420 350
1509430 349
1509440 349
1509450 349
1509460 349
1509470 349
1509480 349
1509490 349
1509500 349
1509510 349
1509520 349
1509530 349
1509540 349
1509550 348
1509560 348
1509570 348
1509580 348
1509590 348
1509600 348
1509610 347
1509620 347
1509630 347
1509640 347
1509650 347
1509660 347
1509670 347
1509680 347
1509690 347
1509700 347
1509710 347
1509720 347
1509730 347
1509740 347
1509750 347
1509760 347
1509770 347
1509780 347
1509790 347
1509800 347
1509810 347
1509820 346
1509830 346
1509840 346
1509850 346
1509860 346
1509870 346
1509880 346
1509890 345
1509900 345
1509910 345
1509920 345
1509930 345
1509940 344
1509950 344
1509960 344
1509970 345
1509980 345
1509990 345
1510000 345
1510010 345
1510020 345
1510030 344
1510040 344
1510050 344
1510060 344
1510070 344
1510080 344
1510090 344
1510100 344
1510110 344
1510120 344
1510130 343
1510140 343
1510150 343
1510160 345
1510170 345
1510180 346
1510190 344
1510200 344
1510210 342
1510220 343
1510230 343
1510240 343
1510250 343
1510260 343
1510270 343
1510280 343
1510290 343
1510300 343
1510310 343
1510320 343
1510330 343
1510340 343
1510350 343
1510360 343
1510370 343
1510380 343
1510390 343
1510400 343
1510410 343
1510420 342
1510430 342
1510440 342
1510450 342
1510460 342
1510470 342
1510480 342
1510490 342
1510500 342
1510510 342
1510520 341
1510530 341
1510540 341
1510550 341
1510560 341
1510570 341
1510580 341
1510590 341
1510600 341
1510610 341
1510620 341
1510630 341
1510640 341
1510650 341
1510660 341
1510670 341
1510680 341
1510690 340
1510700 340
1510710 340
1510720 339
1510730 339
1510740 339
1510750 339
1510760 340
1510770 340
1510780 340
1510790 340
1510800 340
1510810 340
1510820 340
1510830 340
1510840 340
1510850 340
1510860 340
1510870 340
1510880 340
1510890 340
1510900 340
1510910 340
1510920 340
1510930 340
1510940 340
1510950 340
1510960 340
1510970 340
1510980 340
1510990 340
1511000 340
1511010 341
1511020 341
1511030 341
1511040 341
1511050 341
1511060 341
1511070 341
1511080 340
1511090 340
1511100 340
1511110 340
1511120 340
1511130 340
1511140 340
1511150 340
1511160 340
1511170 340
1511180 340
1511190 340
1511200 340
1511210 340
1511220 340
1511230 340
1511240 340
1511250 340
1511260 340
1511270 340
1511280 339
1511290 340
1511300 340
1511310 340
1511320 340
1511330 340
1511340 340
1511350 340
1511360 340
1511370 340
1511380 340
1511390 340
1511400 340
1511410 340
1511420 340
1511430 340
1511440 339
1511450 339
1511460 337
1511470 338
1511480 338
1511490 339
1511500 339
1511510 339
1511520 340
1511530 340
1511540 340
1511550 340
1511560 340
1511570 340
1511580 340
1511590 340
1511600 340
1511610 341
1511620 341
1511630 341
1511640 341
1511650 342
1511660 342
1511670 343
1511680 344
1511690 344
1511700 345
1511710 346
1511720 346
1511730 348
1511740 349
1511750 349
1511760 351
1511770 355
1511780 355
1511790 358
1511800 362
1511810 362
1511820 365
1511830 368
1511840 368
1511850 368
1511860 369
1511870 369
1511880 370
1511890 371
1511900 371
1511910 372
1511920 373
1511930 373
1511940 374
1511950 375
1511960 375
1511970 376
1511980 377
1511990 377
1512000 378
1512010 378
1512020 378
1512030 379
1512040 380
1512050 380
1512060 381
1512070 381
1512080 381
1512090 382
1512100 383
1512110 383
1512120 383
1512130 384
1512140 384
1512150 384
1512160 384
1512170 384
1512180 383
1512190 383
1512200 383
1512210 382
1512220 381
1512230 381
1512240 380
1512250 380
1512260 380
1512270 380
1512280 380
1512290 380
1512300 379
1512310 378
1512320 378
1512330 376
1512340 375
1512350 375
1512360 373
1512370 371
1512380 371
1512390 369
1512400 367
1512410 367
1512420 365
1512430 362
1512440 362
1512450 361
1512460 361
1512470 361
1512480 360
1512490 359
1512500 359
1512510 359
1512520 359
1512530 359
1512540 360
1512550 361
1512560 361
1512570 362
1512580 364
1512590 364
1512600 365
1512610 365
1512620 365
1512630 365
1512640 364
1512650 364
1512660 362
1512670 361
1512680 361
1512690 359
1512700 358
1512710 358
1512720 357
1512730 357
1512740 357
1512750 356
1512760 356
1512770 356
1512780 356
1512790 356
1512800 356
1512810 357
1512820 358
1512830 358
1512840 360
1512850 363
1512860 363
1512870 365
1512880 366
1512890 366
1512900 367
1512910 369
1512920 369
1512930 370
1512940 372
1512950 372
1512960 373
1512970 374
1512980 374
1512990 375
1513000 376
1513010 376
1513020 375
1513030 373
1513040 373
1513050 373
1513060 374
1513070 374
1513080 373
1513090 372
1513100 372
1513110 371
1513120 370
1513130 370
1513140 369
1513150 370
1513160 370
1513170 370
1513180 371
1513190 371
1513200 372
1513210 374
1513220 374
1513230 375
1513240 377
1513250 377
1513260 378
1513270 379
1513280 379
1513290 379
1513300 379
1513310 379
1513320 379
1513330 378
1513340 378
1513350 378
1513360 378
1513370 378
1513380 377
1513390 377
1513400 377
1513410 377
1513420 377
1513430 378
1513440 378
1513450 378
1513460 378
1513470 379
1513480 379
1513490 379
1513500 379
1513510 379
1513520 379
1513530 379
1513540 379
1513550 380
1513560 380
1513570 380
1513580 380
1513590 380
1513600 380
1513610 380
1513620 380
1513630 380
1513640 380
1513650 379
1513660 379
1513670 379
1513680 378
1513690 378
1513700 377
1513710 376
1513720 376
1513730 374
1513740 371
1513750 371
1513760 369
1513770 367
1513780 367
1513790 366
1513800 366
1513810 366
1513820 367
1513830 367
1513840 367
1513850 367
1513860 367
1513870 367
1513880 368
1513890 369
1513900 369
1513910 371
1513920 372
1513930 372
1513940 373
1513950 374
1513960 374
1513970 375
1513980 376
1513990 376
1514000 377
1514010 378
1514020 378
1514030 378
1514040 379
1514050 379
1514060 380
1514070 380
1514080 380
1514090 380
1514100 380
1514110 380
1514120 379
1514130 378
1514140 378
1514150 378
1514160 377
1514170 377
1514180 376
1514190 375
1514200 375
1514210 374
1514220 373
1514230 373
1514240 373
1514250 372
1514260 372
1514270 372
1514280 371
1514290 371
1514300 371
1514310 371
1514320 371
1514330 371
1514340 371
1514350 371
1514360 371
1514370 371
1514380 371
1514390 371
1514400 371
1514410 371
1514420 372
1514430 373
1514440 373
1514450 374
1514460 374
1514470 374
1514480 375
1514490 376
1514500 376
1514510 376
1514520 377
1514530 377
1514540 378
1514550 379
1514560 379
1514570 381
1514580 382
1514590 382
1514600 383
1514610 384
1514620 384
1514630 386
1514640 387
1514650 387
1514660 388
1514670 389
1514680 389
1514690 391
1514700 392
1514710 392
1514720 393
1514730 394
1514740 394
1514750 395
1514760 396
1514770 396
1514780 397
1514790 398
1514800 398
1514810 399
1514820 400
1514830 400
1514840 401
1514850 402
1514860 402
1514870 403
1514880 404
1514890 404
1514900 405
1514910 406
1514920 406
1514930 407
1514940 408
1514950 408
1514960 409
1514970 409
1514980 409
1514990 410
1515000 411
1515010 411
1515020 412
1515030 413
1515040 413
1515050 413
1515060 414
1515070 414
1515080 414
1515090 415
1515100 415
1515110 415
1515120 416
1515130 416
1515140 416
1515150 416
1515160 416
1515170 417
1515180 417
1515190 417
1515200 417
1515210 417
1515220 417
1515230 417
1515240 418
1515250 418
1515260 418
1515270 418
1515280 418
1515290 419
1515300 419
1515310 419
1515320 420
1515330 420
1515340 420
1515350 421
1515360 421
1515370 421
1515380 422
1515390 422
1515400 422
1515410 422
1515420 422
1515430 422
1515440 422
1515450 422
1515460 422
1515470 422
1515480 422
1515490 422
1515500 422
1515510 421
1515520 421
1515530 421
1515540 420
1515550 420
1515560 419
1515570 418
1515580 418
1515590 417
1515600 416
1515610 416
1515620 415
1515630 414
1515640 414
1515650 413
1515660 412
1515670 412
1515680 411
1515690 410
1515700 410
1515710 409
1515720 409
1515730 409
1515740 408
1515750 407
1515760 407
1515770 406
1515780 405
1515790 405
1515800 404
1515810 403
1515820 403
1515830 403
1515840 403
1515850 405
1515860 406
1515870 406
1515880 409
1515890 411
1515900 411
1515910 412
1515920 414
1515930 414
1515940 415
1515950 417
1515960 417
1515970 418
1515980 419
1515990 419
1516000 420
1516010 420
1516020 420
1516030 421
1516040 421
1516050 421
1516060 422
1516070 422
1516080 422
1516090 422
1516100 422
1516110 422
1516120 422
1516130 423
1516140 423
1516150 422
1516160 422
1516170 422
1516180 422
1516190 422
1516200 422
1516210 422
1516220 422
1516230 422
1516240 422
1516250 422
1516260 422
1516270 421
1516280 421
1516290 421
1516300 421
1516310 421
1516320 421
1516330 420
1516340 420
1516350 420
1516360 420
1516370 420
1516380 420
1516390 420
1516400 420
1516410 420
1516420 420
1516430 420
1516440 420
1516450 419
1516460 419
1516470 419
1516480 419
1516490 419
1516500 419
1516510 419
1516520 418
1516530 418
1516540 417
1516550 417
1516560 417
1516570 416
1516580 414
1516590 414
1516600 413
1516610 412
1516620 412
1516630 411
1516640 409
1516650 409
1516660 408
1516670 406
1516680 406
1516690 404
1516700 402
1516710 402
1516720 401
1516730 400
1516740 400
1516750 399
1516760 398
1516770 398
1516780 398
1516790 398
1516800 398
1516810 397
1516820 397
1516830 397
1516840 397
1516850 397
1516860 397
1516870 397
1516880 397
1516890 397
1516900 398
1516910 399
1516920 399
1516930 400
1516940 401
1516950 401
1516960 401
1516970 402
1516980 402
1516990 403
1517000 403
1517010 403
1517020 403
1517030 403
1517040 403
1517050 403
1517060 402
1517070 402
1517080 401
1517090 401
1517100 401
1517110 401
1517120 400
1517130 400
1517140 400
1517150 400
1517160 399
1517170 399
1517180 398
1517190 398
1517200 397
1517210 395
1517220 395
1517230 394
1517240 393
1517250 393
1517260 392
1517270 392
1517280 392
1517290 391
1517300 390
1517310 390
1517320 389
1517330 389
1517340 389
1517350 388
1517360 388
1517370 388
1517380 387
1517390 387
1517400 387
1517410 386
1517420 386
1517430 386
1517440 385
1517450 385
1517460 385
1517470 385
1517480 384
1517490 384
1517500 383
1517510 383
1517520 383
1517530 383
1517540 382
1517550 382
1517560 381
1517570 381
1517580 381
1517590 380
1517600 379
1517610 379
1517620 379
1517630 379
1517640 379
1517650 379
1517660 380
1517670 380
1517680 381
1517690 382
1517700 382
1517710 382
1517720 381
1517730 381
1517740 381
1517750 380
1517760 380
1517770 380
1517780 379
1517790 379
1517800 379
1517810 378
1517820 378
1517830 378
1517840 377
1517850 377
1517860 377
1517870 377
1517880 377
1517890 377
1517900 378
1517910 378
1517920 379
1517930 380
1517940 380
1517950 381
1517960 381
1517970 381
1517980 381
1517990 381
1518000 381
1518010 380
1518020 380
1518030 380
1518040 380
1518050 381
1518060 381
1518070 381
1518080 382
1518090 382
1518100 383
1518110 384
1518120 384
1518130 384
1518140 385
1518150 385
1518160 385
1518170 384
1518180 384
1518190 384
1518200 384
1518210 384
1518220 384
1518230 385
1518240 385
1518250 386
1518260 386
1518270 386
1518280 387
1518290 389
1518300 389
1518310 390
1518320 390
1518330 390
1518340 391
1518350 391
1518360 391
1518370 391
1518380 391
1518390 390
1518400 390
1518410 390
1518420 389
1518430 389
1518440 389
1518450 388
1518460 387
1518470 387
1518480 387
1518490 386
1518500 386
1518510 386
1518520 385
1518530 385
1518540 385
1518550 384
1518560 384
1518570 384
1518580 384
1518590 384
1518600 383
1518610 383
1518620 383
1518630 383
1518640 383
1518650 383
1518660 383
1518670 383
1518680 383
1518690 383
1518700 383
1518710 383
1518720 384
1518730 384
1518740 384
1518750 383
1518760 383
1518770 383
1518780 383
1518790 383
1518800 383
1518810 383
1518820 382
1518830 382
1518840 382
1518850 382
1518860 382
1518870 382
1518880 382
1518890 382
1518900 381
1518910 381
1518920 381
1518930 381
1518940 381
1518950 381
1518960 380
1518970 380
1518980 380
1518990 380
1519000 379
1519010 379
1519020 379
1519030 378
1519040 378
1519050 378
1519060 377
1519070 377
1519080 377
1519090 376
1519100 376
1519110 375
1519120 374
1519130 374
1519140 374
1519150 373
1519160 373
1519170 372
1519180 371
1519190 371
1519200 370
1519210 370
1519220 370
1519230 369
1519240 369
1519250 369
1519260 368
1519270 368
1519280 368
1519290 367
1519300 367
1519310 367
1519320 367
1519330 367
1519340 367
1519350 368
1519360 368
1519370 368
1519380 368
1519390 368
1519400 368
1519410 368
1519420 368
1519430 368
1519440 368
1519450 368
1519460 368
1519470 368
1519480 369
1519490 369
1519500 369
1519510 369
1519520 369
1519530 368
1519540 369
1519550 369
1519560 369
1519570 369
1519580 369
1519590 369
1519600 369
1519610 369
1519620 369
1519630 369
1519640 369
1519650 370
1519660 370
1519670 370
1519680 370
1519690 370
1519700 370
1519710 370
1519720 370
1519730 370
1519740 370
1519750 370
1519760 370
1519770 370
1519780 370
1519790 370
1519800 370
1519810 371
1519820 371
1519830 371
1519840 372
1519850 372
1519860 373
1519870 373
1519880 373
1519890 375
1519900 376
1519910 376
1519920 376
1519930 377
1519940 377
1519950 377
1519960 379
1519970 379
1519980 380
1519990 383
