1500000 355
1500010 355
1500020 355
1500030 356
1500040 356
1500050 356
1500060 357
1500070 357
1500080 357
1500090 357
1500100 357
1500110 358
1500120 358
1500130 358
1500140 359
1500150 360
1500160 360
1500170 362
1500180 363
1500190 363
1500200 364
1500210 366
1500220 366
1500230 367
1500240 369
1500250 369
1500260 371
1500270 372
1500280 372
1500290 374
1500300 374
1500310 375
1500320 377
1500330 377
1500340 378
1500350 379
1500360 379
1500370 380
1500380 381
1500390 381
1500400 382
1500410 384
1500420 384
1500430 385
1500440 387
1500450 387
1500460 387
1500470 387
1500480 387
1500490 387
1500500 388
1500510 388
1500520 389
1500530 390
1500540 390
1500550 392
1500560 394
1500570 394
1500580 396
1500590 397
1500600 397
1500610 398
1500620 399
1500630 399
1500640 400
1500650 401
1500660 401
1500670 402
1500680 403
1500690 403
1500700 403
1500710 403
1500720 403
1500730 403
1500740 403
1500750 403
1500760 403
1500770 403
1500780 403
1500790 403
1500800 402
1500810 402
1500820 402
1500830 401
1500840 401
1500850 401
1500860 400
1500870 400
1500880 399
1500890 399
1500900 399
1500910 398
1500920 397
1500930 397
1500940 397
1500950 396
1500960 396
1500970 395
1500980 394
1500990 394
1501000 393
1501010 392
1501020 392
1501030 391
1501040 389
1501050 389
1501060 389
1501070 388
1501080 388
1501090 386
1501100 385
1501110 385
1501120 383
1501130 382
1501140 382
1501150 381
1501160 380
1501170 380
1501180 379
1501190 379
1501200 379
1501210 379
1501220 379
1501230 379
1501240 379
1501250 379
1501260 379
1501270 378
1501280 378
1501290 378
1501300 377
1501310 377
1501320 377
1501330 376
1501340 375
1501350 375
1501360 375
1501370 374
1501380 374
1501390 373
1501400 373
1501410 373
1501420 373
1501430 373
1501440 373
1501450 372
1501460 371
1501470 371
1501480 370
1501490 369
1501500 369
1501510 367
1501520 366
1501530 366
1501540 365
1501550 364
1501560 364
1501570 364
1501580 363
1501590 363
1501600 362
1501610 361
1501620 361
1501630 361
1501640 360
1501650 360
1501660 359
1501670 359
1501680 359
1501690 359
1501700 360
1501710 360
1501720 361
1501730 362
1501740 362
1501750 363
1501760 363
1501770 363
1501780 363
1501790 363
1501800 363
1501810 363
1501820 361
1501830 361
1501840 360
1501850 359
1501860 359
1501870 359
1501880 359
1501890 359
1501900 359
1501910 360
1501920 360
1501930 361
1501940 362
1501950 362
1501960 363
1501970 363
1501980 363
1501990 363
1502000 363
1502010 363
1502020 364
1502030 366
1502040 366
1502050 368
1502060 370
1502070 370
1502080 371
1502090 372
1502100 372
1502110 372
1502120 373
1502130 373
1502140 374
1502150 374
1502160 374
1502170 375
1502180 375
1502190 375
1502200 375
1502210 376
1502220 376
1502230 376
1502240 377
1502250 377
1502260 377
1502270 378
1502280 378
1502290 378
1502300 379
1502310 379
1502320 380
1502330 380
1502340 380
1502350 381
1502360 381
1502370 381
1502380 381
1502390 381
1502400 381
1502410 381
1502420 381
1502430 381
1502440 381
1502450 381
1502460 381
1502470 382
1502480 382
1502490 382
1502500 383
1502510 383
1502520 383
1502530 384
1502540 384
1502550 384
1502560 384
1502570 385
1502580 385
1502590 385
1502600 385
1502610 385
1502620 385
1502630 385
1502640 385
1502650 385
1502660 384
1502670 384
1502680 383
1502690 382
1502700 382
1502710 382
1502720 382
1502730 381
1502740 381
1502750 381
1502760 382
1502770 384
1502780 384
1502790 386
1502800 387
1502810 387
1502820 389
1502830 390
1502840 390
1502850 392
1502860 392
1502870 392
1502880 393
1502890 394
1502900 394
1502910 395
1502920 395
1502930 395
1502940 396
1502950 396
1502960 396
1502970 397
1502980 397
1502990 397
1503000 397
1503010 398
1503020 398
1503030 398
1503040 398
1503050 398
1503060 399
1503070 399
1503080 399
1503090 399
1503100 399
1503110 399
1503120 399
1503130 399
1503140 399
1503150 400
1503160 400
1503170 400
1503180 400
1503190 400
1503200 400
1503210 399
1503220 399
1503230 399
1503240 399
1503250 399
1503260 399
1503270 399
1503280 399
1503290 399
1503300 399
1503310 398
1503320 398
1503330 398
1503340 398
1503350 398
1503360 398
1503370 397
1503380 397
1503390 397
1503400 397
1503410 397
1503420 397
1503430 396
1503440 396
1503450 396
1503460 396
1503470 396
1503480 395
1503490 395
1503500 395
1503510 394
1503520 394
1503530 394
1503540 393
1503550 393
1503560 393
1503570 392
1503580 392
1503590 392
1503600 391
1503610 391
1503620 391
1503630 390
1503640 389
1503650 389
1503660 390
1503670 391
1503680 391
1503690 391
1503700 391
1503710 391
1503720 391
1503730 391
1503740 391
1503750 391
1503760 391
1503770 391
1503780 391
1503790 391
1503800 391
1503810 391
1503820 391
1503830 391
1503840 391
1503850 391
1503860 391
1503870 391
1503880 390
1503890 390
1503900 390
1503910 390
1503920 390
1503930 390
1503940 389
1503950 389
1503960 389
1503970 389
1503980 389
1503990 389
1504000 388
1504010 388
1504020 388
1504030 388
1504040 388
1504050 387
1504060 386
1504070 386
1504080 386
1504090 387
1504100 387
1504110 387
1504120 387
1504130 387
1504140 387
1504150 387
1504160 387
1504170 387
1504180 387
1504190 387
1504200 387
1504210 387
1504220 387
1504230 387
1504240 387
1504250 387
1504260 386
1504270 386
1504280 386
1504290 386
1504300 386
1504310 386
1504320 386
1504330 386
1504340 386
1504350 386
1504360 386
1504370 386
1504380 386
1504390 386
1504400 386
1504410 386
1504420 385
1504430 385
1504440 385
1504450 385
1504460 385
1504470 385
1504480 385
1504490 385
1504500 384
1504510 384
1504520 384
1504530 383
1504540 383
1504550 383
1504560 383
1504570 382
1504580 382
1504590 382
1504600 382
1504610 382
1504620 382
1504630 382
1504640 382
1504650 381
1504660 381
1504670 381
1504680 380
1504690 380
1504700 380
1504710 379
1504720 379
1504730 379
1504740 379
1504750 378
1504760 378
1504770 378
1504780 378
1504790 378
1504800 377
1504810 376
1504820 376
1504830 375
1504840 375
1504850 375
1504860 375
1504870 375
1504880 375
1504890 374
1504900 374
1504910 374
1504920 373
1504930 373
1504940 373
1504950 372
1504960 371
1504970 371
1504980 370
1504990 371
1505000 371
1505010 371
1505020 370
1505030 370
1505040 370
1505050 369
1505060 369
1505070 369
1505080 369
1505090 369
1505100 368
1505110 368
1505120 368
1505130 368
1505140 368
1505150 367
1505160 367
1505170 367
1505180 367
1505190 366
1505200 366
1505210 365
1505220 365
1505230 365
1505240 365
1505250 364
1505260 364
1505270 363
1505280 362
1505290 362
1505300 362
1505310 361
1505320 361
1505330 360
1505340 360
1505350 360
1505360 359
1505370 358
1505380 358
1505390 358
1505400 357
1505410 357
1505420 357
1505430 358
1505440 358
1505450 358
1505460 358
1505470 358
1505480 358
1505490 358
1505500 358
1505510 358
1505520 358
1505530 358
1505540 358
1505550 357
1505560 357
1505570 357
1505580 357
1505590 357
1505600 356
1505610 356
1505620 356
1505630 356
1505640 356
1505650 356
1505660 355
1505670 354
1505680 354
1505690 354
1505700 354
1505710 354
1505720 353
1505730 353
1505740 353
1505750 352
1505760 351
1505770 351
1505780 351
1505790 351
1505800 351
1505810 351
1505820 351
1505830 351
1505840 350
1505850 350
1505860 350
1505870 350
1505880 350
1505890 350
1505900 350
1505910 350
1505920 350
1505930 350
1505940 350
1505950 350
1505960 350
1505970 350
1505980 350
1505990 350
1506000 350
1506010 350
1506020 351
1506030 351
1506040 351
1506050 351
1506060 351
1506070 351
1506080 351
1506090 351
1506100 351
1506110 352
1506120 352
1506130 352
1506140 354
1506150 356
1506160 356
1506170 355
1506180 353
1506190 353
1506200 352
1506210 353
1506220 353
1506230 353
1506240 353
1506250 353
1506260 353
1506270 353
1506280 353
1506290 353
1506300 353
1506310 353
1506320 353
1506330 353
1506340 353
1506350 352
1506360 352
1506370 352
1506380 353
1506390 354
1506400 354
1506410 354
1506420 355
1506430 355
1506440 355
1506450 356
1506460 356
1506470 356
1506480 356
1506490 356
1506500 356
1506510 356
1506520 356
1506530 357
1506540 357
1506550 357
1506560 357
1506570 357
1506580 357
1506590 357
1506600 357
1506610 357
1506620 357
1506630 357
1506640 357
1506650 357
1506660 357
1506670 357
1506680 357
1506690 357
1506700 357
1506710 355
1506720 354
1506730 354
1506740 354
1506750 356
1506760 356
1506770 356
1506780 357
1506790 357
1506800 357
1506810 357
1506820 357
1506830 357
1506840 357
1506850 357
1506860 357
1506870 356
1506880 356
1506890 356
1506900 356
1506910 356
1506920 357
1506930 357
1506940 357
1506950 357
1506960 357
1506970 357
1506980 357
1506990 358
1507000 358
1507010 358
1507020 358
1507030 358
1507040 358
1507050 358
1507060 358
1507070 358
1507080 358
1507090 358
1507100 358
1507110 358
1507120 358
1507130 359
1507140 359
1507150 359
1507160 359
1507170 359
1507180 359
1507190 359
1507200 359
1507210 359
1507220 359
1507230 358
1507240 358
1507250 358
1507260 358
1507270 358
1507280 357
1507290 357
1507300 357
1507310 357
1507320 356
1507330 356
1507340 356
1507350 355
1507360 355
1507370 354
1507380 352
1507390 352
1507400 351
1507410 352
1507420 352
1507430 353
1507440 354
1507450 354
1507460 355
1507470 355
1507480 356
1507490 356
1507500 356
1507510 356
1507520 356
1507530 356
1507540 356
1507550 357
1507560 357
1507570 357
1507580 358
1507590 358
1507600 358
1507610 358
1507620 358
1507630 358
1507640 359
1507650 359
1507660 359
1507670 359
1507680 359
1507690 359
1507700 359
1507710 359
1507720 359
1507730 359
1507740 359
1507750 359
1507760 359
1507770 359
1507780 359
1507790 359
1507800 359
1507810 359
1507820 359
1507830 359
1507840 359
1507850 359
1507860 359
1507870 358
1507880 358
1507890 358
1507900 358
1507910 358
1507920 358
1507930 358
1507940 358
1507950 358
1507960 358
1507970 358
1507980 358
1507990 358
1508000 358
1508010 358
1508020 358
1508030 358
1508040 358
1508050 358
1508060 358
1508070 358
1508080 358
1508090 358
1508100 358
1508110 358
1508120 358
1508130 358
1508140 358
1508150 358
1508160 358
1508170 357
1508180 357
1508190 357
1508200 357
1508210 357
1508220 357
1508230 357
1508240 357
1508250 357
1508260 356
1508270 357
1508280 357
1508290 357
1508300 357
1508310 357
1508320 357
1508330 357
1508340 357
1508350 356
1508360 356
1508370 356
1508380 356
1508390 356
1508400 356
1508410 356
1508420 356
1508430 356
1508440 356
1508450 356
1508460 356
1508470 356
1508480 356
1508490 356
1508500 356
1508510 356
1508520 356
1508530 356
1508540 356
1508550 356
1508560 356
1508570 356
1508580 356
1508590 356
1508600 356
1508610 356
1508620 356
1508630 355
1508640 355
1508650 355
1508660 356
1508670 356
1508680 356
1508690 355
1508700 355
1508710 355
1508720 355
1508730 355
1508740 355
1508750 355
1508760 355
1508770 355
1508780 355
1508790 355
1508800 355
1508810 355
1508820 355
1508830 355
1508840 355
1508850 355
1508860 355
1508870 354
1508880 354
1508890 354
1508900 354
1508910 354
1508920 354
1508930 355
1508940 355
1508950 355
1508960 354
1508970 354
1508980 354
1508990 354
1509000 354
1509010 354
1509020 354
1509030 354
1509040 354
1509050 354
1509060 354
1509070 354
1509080 354
1509090 354
1509100 354
1509110 354
1509120 354
1509130 354
1509140 353
1509150 353
1509160 353
1509170 353
1509180 353
1509190 353
1509200 353
1509210 353
1509220 353
1509230 353
1509240 353
1509250 353
1509260 353
1509270 353
1509280 352
1509290 352
1509300 352
1509310 352
1509320 352
1509330 352
1509340 352
1509350 351
1509360 351
1509370 351
1509380 351
1509390 351
1509400 351
1509410 351
1509420 351
1509430 351
1509440 351
1509450 351
1509460 351
1509470 350
1509480 350
1509490 350
1509500 350
1509510 350
1509520 350
1509530 350
1509540 350
1509550 350
1509560 350
1509570 350
1509580 350
1509590 350
1509600 350
1509610 350
1509620 350
1509630 350
1509640 350
1509650 349
1509660 349
1509670 349
1509680 349
1509690 349
1509700 349
1509710 349
1509720 349
1509730 349
1509740 349
1509750 349
1509760 349
1509770 349
1509780 349
1509790 349
1509800 349
1509810 349
1509820 349
1509830 349
1509840 349
1509850 349
1509860 349
1509870 349
1509880 349
1509890 349
1509900 348
1509910 348
1509920 348
1509930 348
1509940 348
1509950 348
1509960 348
1509970 348
1509980 348
1509990 347
1510000 347
1510010 347
1510020 347
1510030 347
1510040 347
1510050 346
1510060 346
1510070 346
1510080 346
1510090 345
1510100 345
1510110 345
1510120 345
1510130 345
1510140 345
1510150 345
1510160 345
1510170 345
1510180 344
1510190 344
1510200 344
1510210 343
1510220 343
1510230 343
1510240 343
1510250 343
1510260 343
1510270 343
1510280 343
1510290 343
1510300 343
1510310 343
1510320 343
1510330 343
1510340 343
1510350 343
1510360 343
1510370 343
1510380 343
1510390 343
1510400 343
1510410 343
1510420 343
1510430 343
1510440 343
1510450 343
1510460 343
1510470 343
1510480 343
1510490 343
1510500 343
1510510 342
1510520 342
1510530 342
1510540 342
1510550 342
1510560 341
1510570 341
1510580 341
1510590 341
1510600 340
1510610 340
1510620 340
1510630 339
1510640 339
1510650 339
1510660 339
1510670 339
1510680 338
1510690 338
1510700 338
1510710 338
1510720 338
1510730 338
1510740 338
1510750 338
1510760 338
1510770 338
1510780 338
1510790 338
1510800 338
1510810 338
1510820 338
1510830 338
1510840 338
1510850 338
1510860 338
1510870 338
1510880 338
1510890 338
1510900 338
1510910 338
1510920 338
1510930 338
1510940 338
1510950 339
1510960 339
1510970 339
1510980 339
1510990 339
1511000 339
1511010 339
1511020 338
1511030 338
1511040 337
1511050 337
1511060 337
1511070 338
1511080 339
1511090 339
1511100 340
1511110 340
1511120 340
1511130 340
1511140 340
1511150 340
1511160 341
1511170 341
1511180 341
1511190 342
1511200 343
1511210 343
1511220 343
1511230 343
1511240 343
1511250 343
1511260 344
1511270 344
1511280 344
1511290 344
1511300 344
1511310 344
1511320 345
1511330 345
1511340 345
1511350 346
1511360 346
1511370 347
1511380 348
1511390 348
1511400 348
1511410 348
1511420 348
1511430 349
1511440 350
1511450 350
1511460 351
1511470 352
1511480 352
1511490 353
1511500 353
1511510 353
1511520 354
1511530 355
1511540 355
1511550 356
1511560 357
1511570 357
1511580 358
1511590 359
1511600 359
1511610 360
1511620 361
1511630 361
1511640 362
1511650 363
1511660 363
1511670 364
1511680 365
1511690 365
1511700 366
1511710 367
1511720 367
1511730 368
1511740 368
1511750 368
1511760 369
1511770 369
1511780 369
1511790 369
1511800 368
1511810 368
1511820 368
1511830 367
1511840 367
1511850 367
1511860 366
1511870 366
1511880 365
1511890 365
1511900 365
1511910 364
1511920 364
1511930 364
1511940 363
1511950 363
1511960 363
1511970 362
1511980 362
1511990 362
1512000 361
1512010 361
1512020 361
1512030 360
1512040 359
1512050 359
1512060 359
1512070 358
1512080 358
1512090 358
1512100 358
1512110 358
1512120 357
1512130 357
1512140 357
1512150 357
1512160 357
1512170 357
1512180 357
1512190 358
1512200 358
1512210 358
1512220 357
1512230 357
1512240 357
1512250 357
1512260 357
1512270 357
1512280 357
1512290 357
1512300 357
1512310 357
1512320 356
1512330 356
1512340 356
1512350 356
1512360 356
1512370 356
1512380 356
1512390 356
1512400 356
1512410 355
1512420 355
1512430 355
1512440 354
1512450 354
1512460 354
1512470 354
1512480 354
1512490 354
1512500 353
1512510 353
1512520 353
1512530 352
1512540 351
1512550 351
1512560 350
1512570 350
1512580 350
1512590 349
1512600 348
1512610 348
1512620 347
1512630 347
1512640 347
1512650 347
1512660 347
1512670 347
1512680 347
1512690 348
1512700 348
1512710 348
1512720 348
1512730 348
1512740 348
1512750 348
1512760 348
1512770 349
1512780 349
1512790 349
1512800 350
1512810 350
1512820 350
1512830 351
1512840 352
1512850 352
1512860 353
1512870 354
1512880 354
1512890 354
1512900 355
1512910 355
1512920 355
1512930 356
1512940 356
1512950 356
1512960 357
1512970 357
1512980 357
1512990 358
1513000 358
1513010 358
1513020 359
1513030 359
1513040 359
1513050 360
1513060 360
1513070 360
1513080 361
1513090 361
1513100 361
1513110 361
1513120 361
1513130 362
1513140 362
1513150 362
1513160 362
1513170 363
1513180 363
1513190 363
1513200 364
1513210 364
1513220 364
1513230 364
1513240 364
1513250 364
1513260 365
1513270 365
1513280 365
1513290 365
1513300 365
1513310 365
1513320 365
1513330 365
1513340 366
1513350 366
1513360 366
1513370 366
1513380 367
1513390 367
1513400 368
1513410 368
1513420 368
1513430 369
1513440 370
1513450 370
1513460 371
1513470 371
1513480 371
1513490 371
1513500 371
1513510 371
1513520 371
1513530 371
1513540 371
1513550 371
1513560 371
1513570 371
1513580 371
1513590 370
1513600 370
1513610 370
1513620 370
1513630 370
1513640 370
1513650 371
1513660 371
1513670 372
1513680 373
1513690 373
1513700 374
1513710 374
1513720 374
1513730 375
1513740 375
1513750 375
1513760 376
1513770 376
1513780 376
1513790 377
1513800 377
1513810 377
1513820 377
1513830 378
1513840 378
1513850 378
1513860 378
1513870 378
1513880 379
1513890 379
1513900 379
1513910 380
1513920 380
1513930 380
1513940 380
1513950 381
1513960 381
1513970 381
1513980 382
1513990 382
1514000 382
1514010 382
1514020 382
1514030 382
1514040 381
1514050 381
1514060 380
1514070 378
1514080 378
1514090 376
1514100 374
1514110 374
1514120 371
1514130 369
1514140 369
1514150 368
1514160 367
1514170 367
1514180 367
1514190 367
1514200 367
1514210 367
1514220 367
1514230 367
1514240 368
1514250 368
1514260 368
1514270 370
1514280 371
1514290 371
1514300 373
1514310 374
1514320 374
1514330 375
1514340 376
1514350 376
1514360 377
1514370 378
1514380 378
1514390 379
1514400 380
1514410 380
1514420 381
1514430 382
1514440 382
1514450 383
1514460 384
1514470 384
1514480 385
1514490 385
1514500 385
1514510 386
1514520 386
1514530 386
1514540 387
1514550 388
1514560 388
1514570 388
1514580 389
1514590 389
1514600 389
1514610 389
1514620 389
1514630 389
1514640 389
1514650 389
1514660 389
1514670 389
1514680 388
1514690 387
1514700 387
1514710 386
1514720 386
1514730 386
1514740 387
1514750 388
1514760 388
1514770 389
1514780 391
1514790 391
1514800 392
1514810 393
1514820 393
1514830 394
1514840 395
1514850 395
1514860 396
1514870 397
1514880 397
1514890 398
1514900 400
1514910 400
1514920 401
1514930 401
1514940 401
1514950 402
1514960 403
1514970 403
1514980 404
1514990 405
1515000 405
1515010 405
1515020 406
1515030 406
1515040 407
1515050 407
1515060 407
1515070 408
1515080 409
1515090 409
1515100 409
1515110 410
1515120 410
1515130 410
1515140 410
1515150 410
1515160 410
1515170 410
1515180 410
1515190 410
1515200 410
1515210 410
1515220 410
1515230 409
1515240 409
1515250 409
1515260 408
1515270 408
1515280 407
1515290 405
1515300 405
1515310 404
1515320 402
1515330 402
1515340 401
1515350 400
1515360 400
1515370 399
1515380 398
1515390 398
1515400 398
1515410 397
1515420 397
1515430 397
1515440 397
1515450 397
1515460 397
1515470 396
1515480 396
1515490 396
1515500 396
1515510 396
1515520 396
1515530 396
1515540 396
1515550 396
1515560 396
1515570 396
1515580 396
1515590 395
1515600 395
1515610 395
1515620 395
1515630 395
1515640 394
1515650 394
1515660 394
1515670 393
1515680 393
1515690 393
1515700 392
1515710 392
1515720 392
1515730 391
1515740 391
1515750 391
1515760 391
1515770 391
1515780 391
1515790 390
1515800 389
1515810 389
1515820 388
1515830 388
1515840 388
1515850 388
1515860 387
1515870 387
1515880 387
1515890 387
1515900 387
1515910 386
1515920 385
1515930 385
1515940 384
1515950 383
1515960 383
1515970 383
1515980 384
1515990 384
1516000 384
1516010 384
1516020 384
1516030 384
1516040 385
1516050 385
1516060 386
1516070 387
1516080 387
1516090 388
1516100 389
1516110 389
1516120 391
1516130 393
1516140 393
1516150 395
1516160 397
1516170 397
1516180 398
1516190 400
1516200 400
1516210 403
1516220 404
1516230 404
1516240 406
1516250 406
1516260 406
1516270 407
1516280 407
1516290 407
1516300 407
1516310 407
1516320 407
1516330 407
1516340 407
1516350 407
1516360 408
1516370 408
1516380 408
1516390 408
1516400 408
1516410 408
1516420 409
1516430 409
1516440 409
1516450 409
1516460 409
1516470 409
1516480 409
1516490 409
1516500 409
1516510 409
1516520 409
1516530 409
1516540 409
1516550 408
1516560 408
1516570 408
1516580 408
1516590 408
1516600 408
1516610 408
1516620 408
1516630 408
1516640 407
1516650 407
1516660 407
1516670 407
1516680 407
1516690 407
1516700 406
1516710 406
1516720 406
1516730 406
1516740 406
1516750 405
1516760 405
1516770 405
1516780 405
1516790 405
1516800 405
1516810 405
1516820 405
1516830 405
1516840 405
1516850 405
1516860 405
1516870 405
1516880 405
1516890 405
1516900 404
1516910 404
1516920 404
1516930 404
1516940 404
1516950 404
1516960 403
1516970 402
1516980 402
1516990 401
1517000 401
1517010 401
1517020 400
1517030 400
1517040 400
1517050 399
1517060 399
1517070 399
1517080 398
1517090 398
1517100 398
1517110 398
1517120 398
1517130 397
1517140 397
1517150 397
1517160 396
1517170 396
1517180 396
1517190 396
1517200 395
1517210 395
1517220 395
1517230 394
1517240 394
1517250 394
1517260 393
1517270 393
1517280 392
1517290 391
1517300 391
1517310 390
1517320 388
1517330 388
1517340 387
1517350 386
1517360 386
1517370 385
1517380 385
1517390 385
1517400 384
1517410 383
1517420 383
1517430 382
1517440 381
1517450 381
1517460 380
1517470 379
1517480 379
1517490 379
1517500 379
1517510 379
1517520 379
1517530 379
1517540 379
1517550 379
1517560 379
1517570 379
1517580 379
1517590 379
1517600 379
1517610 380
1517620 380
1517630 380
1517640 380
1517650 380
1517660 380
1517670 380
1517680 380
1517690 380
1517700 380
1517710 379
1517720 379
1517730 379
1517740 379
1517750 379
1517760 378
1517770 378
1517780 378
1517790 378
1517800 378
1517810 378
1517820 378
1517830 378
1517840 378
1517850 377
1517860 377
1517870 377
1517880 376
1517890 376
1517900 376
1517910 375
1517920 375
1517930 375
1517940 375
1517950 375
1517960 375
1517970 375
1517980 375
1517990 375
1518000 375
1518010 375
1518020 375
1518030 375
1518040 375
1518050 375
1518060 375
1518070 375
1518080 375
1518090 374
1518100 373
1518110 373
1518120 373
1518130 372
1518140 372
1518150 371
1518160 371
1518170 371
1518180 371
1518190 370
1518200 370
1518210 370
1518220 369
1518230 369
1518240 369
1518250 369
1518260 369
1518270 369
1518280 370
1518290 370
1518300 370
1518310 372
1518320 372
1518330 373
1518340 374
1518350 374
1518360 373
1518370 373
1518380 373
1518390 372
1518400 372
1518410 372
1518420 372
1518430 372
1518440 372
1518450 372
1518460 372
1518470 372
1518480 372
1518490 372
1518500 372
1518510 372
1518520 372
1518530 372
1518540 371
1518550 370
1518560 370
1518570 370
1518580 369
1518590 369
1518600 368
1518610 368
1518620 368
1518630 368
1518640 368
1518650 368
1518660 368
1518670 368
1518680 368
1518690 367
1518700 366
1518710 366
1518720 366
1518730 366
1518740 366
1518750 366
1518760 366
1518770 366
1518780 366
1518790 365
1518800 365
1518810 365
1518820 365
1518830 365
1518840 365
1518850 365
1518860 365
1518870 365
1518880 365
1518890 365
1518900 364
1518910 364
1518920 364
1518930 364
1518940 364
1518950 364
1518960 364
1518970 364
1518980 364
1518990 364
1519000 364
1519010 364
1519020 364
1519030 364
1519040 364
1519050 364
1519060 364
1519070 364
1519080 364
1519090 364
1519100 364
1519110 364
1519120 365
1519130 365
1519140 365
1519150 365
1519160 365
1519170 366
1519180 366
1519190 366
1519200 367
1519210 367
1519220 367
1519230 368
1519240 369
1519250 369
1519260 370
1519270 371
1519280 371
1519290 372
1519300 372
1519310 372
1519320 373
1519330 374
1519340 374
1519350 375
1519360 377
1519370 377
1519380 378
1519390 378
1519400 378
1519410 379
1519420 380
1519430 380
1519440 381
1519450 382
1519460 382
1519470 382
1519480 382
1519490 383
1519500 384
1519510 384
1519520 384
1519530 385
1519540 385
1519550 386
1519560 387
1519570 387
1519580 387
1519590 388
1519600 388
1519610 389
1519620 390
1519630 390
1519640 391
1519650 392
1519660 392
1519670 393
1519680 394
1519690 394
1519700 395
1519710 396
1519720 396
1519730 397
1519740 398
1519750 398
1519760 399
1519770 400
1519780 400
1519790 402
1519800 403
1519810 403
1519820 405
1519830 407
1519840 407
1519850 408
1519860 410
1519870 410
1519880 411
1519890 412
1519900 412
1519910 414
1519920 416
1519930 416
1519940 417
1519950 419
1519960 419
1519970 421
1519980 423
1519990 423
