1500000 384
1500010 384
1500020 385
1500030 385
1500040 385
1500050 385
1500060 385
1500070 386
1500080 386
1500090 386
1500100 386
1500110 386
1500120 386
1500130 387
1500140 387
1500150 387
1500160 387
1500170 387
1500180 387
1500190 387
1500200 387
1500210 387
1500220 387
1500230 387
1500240 387
1500250 388
1500260 388
1500270 388
1500280 388
1500290 388
1500300 388
1500310 388
1500320 388
1500330 388
1500340 388
1500350 388
1500360 388
1500370 388
1500380 388
1500390 388
1500400 388
1500410 388
1500420 388
1500430 388
1500440 389
1500450 389
1500460 389
1500470 389
1500480 389
1500490 390
1500500 390
1500510 390
1500520 391
1500530 391
1500540 391
1500550 392
1500560 392
1500570 392
1500580 393
1500590 394
1500600 394
1500610 395
1500620 396
1500630 396
1500640 397
1500650 398
1500660 398
1500670 398
1500680 399
1500690 399
1500700 399
1500710 399
1500720 399
1500730 399
1500740 399
1500750 399
1500760 398
1500770 397
1500780 397
1500790 395
1500800 393
1500810 393
1500820 390
1500830 387
1500840 387
1500850 384
1500860 383
1500870 383
1500880 381
1500890 380
1500900 380
1500910 380
1500920 380
1500930 380
1500940 381
1500950 381
1500960 381
1500970 383
1500980 384
1500990 384
1501000 385
1501010 385
1501020 385
1501030 386
1501040 386
1501050 386
1501060 386
1501070 386
1501080 386
1501090 386
1501100 386
1501110 386
1501120 385
1501130 384
1501140 384
1501150 383
1501160 382
1501170 382
1501180 381
1501190 380
1501200 380
1501210 380
1501220 379
1501230 379
1501240 378
1501250 377
1501260 377
1501270 372
1501280 368
1501290 368
1501300 371
1501310 371
1501320 376
1501330 378
1501340 378
1501350 380
1501360 381
1501370 381
1501380 382
1501390 383
1501400 383
1501410 384
1501420 385
1501430 385
1501440 386
1501450 386
1501460 386
1501470 387
1501480 386
1501490 386
1501500 386
1501510 386
1501520 386
1501530 386
1501540 386
1501550 386
1501560 385
1501570 385
1501580 385
1501590 384
1501600 384
1501610 384
1501620 383
1501630 383
1501640 383
1501650 382
1501660 381
1501670 381
1501680 380
1501690 380
1501700 380
1501710 379
1501720 378
1501730 378
1501740 377
1501750 377
1501760 377
1501770 376
1501780 375
1501790 375
1501800 374
1501810 373
1501820 373
1501830 373
1501840 372
1501850 372
1501860 371
1501870 370
1501880 370
1501890 370
1501900 369
1501910 369
1501920 368
1501930 367
1501940 367
1501950 367
1501960 367
1501970 367
1501980 367
1501990 367
1502000 367
1502010 366
1502020 365
1502030 365
1502040 365
1502050 364
1502060 364
1502070 363
1502080 362
1502090 362
1502100 361
1502110 361
1502120 361
1502130 361
1502140 361
1502150 361
1502160 361
1502170 361
1502180 361
1502190 360
1502200 360
1502210 360
1502220 359
1502230 359
1502240 359
1502250 358
1502260 358
1502270 358
1502280 357
1502290 356
1502300 356
1502310 355
1502320 354
1502330 354
1502340 354
1502350 352
1502360 352
1502370 350
1502380 348
1502390 348
1502400 346
1502410 345
1502420 345
1502430 345
1502440 344
1502450 344
1502460 344
1502470 344
1502480 344
1502490 344
1502500 344
1502510 344
1502520 343
1502530 344
1502540 344
1502550 346
1502560 349
1502570 349
1502580 352
1502590 355
1502600 355
1502610 357
1502620 359
1502630 359
1502640 360
1502650 362
1502660 362
1502670 364
1502680 366
1502690 366
1502700 367
1502710 368
1502720 368
1502730 368
1502740 369
1502750 369
1502760 371
1502770 372
1502780 372
1502790 373
1502800 373
1502810 373
1502820 373
1502830 374
1502840 374
1502850 374
1502860 374
1502870 374
1502880 374
1502890 374
1502900 374
1502910 374
1502920 375
1502930 375
1502940 375
1502950 375
1502960 375
1502970 374
1502980 374
1502990 374
1503000 374
1503010 374
1503020 374
1503030 374
1503040 373
1503050 373
1503060 373
1503070 373
1503080 373
1503090 373
1503100 373
1503110 373
1503120 372
1503130 372
1503140 372
1503150 372
1503160 371
1503170 371
1503180 371
1503190 370
1503200 370
1503210 369
1503220 368
1503230 368
1503240 367
1503250 366
1503260 366
1503270 366
1503280 365
1503290 365
1503300 362
1503310 361
1503320 361
1503330 362
1503340 364
1503350 364
1503360 366
1503370 366
1503380 366
1503390 366
1503400 366
1503410 366
1503420 365
1503430 365
1503440 365
1503450 364
1503460 364
1503470 364
1503480 364
1503490 365
1503500 365
1503510 365
1503520 365
1503530 364
1503540 364
1503550 364
1503560 364
1503570 364
1503580 364
1503590 364
1503600 364
1503610 364
1503620 364
1503630 363
1503640 363
1503650 363
1503660 362
1503670 362
1503680 361
1503690 360
1503700 360
1503710 359
1503720 359
1503730 359
1503740 357
1503750 357
1503760 357
1503770 356
1503780 356
1503790 356
1503800 356
1503810 357
1503820 357
1503830 358
1503840 359
1503850 359
1503860 359
1503870 358
1503880 358
1503890 358
1503900 357
1503910 357
1503920 356
1503930 355
1503940 355
1503950 355
1503960 355
1503970 355
1503980 354
1503990 356
1504000 356
1504010 357
1504020 358
1504030 358
1504040 359
1504050 360
1504060 360
1504070 361
1504080 362
1504090 362
1504100 362
1504110 363
1504120 363
1504130 364
1504140 365
1504150 365
1504160 365
1504170 366
1504180 366
1504190 367
1504200 368
1504210 368
1504220 368
1504230 369
1504240 369
1504250 369
1504260 370
1504270 370
1504280 370
1504290 371
1504300 371
1504310 372
1504320 372
1504330 372
1504340 372
1504350 373
1504360 373
1504370 373
1504380 374
1504390 374
1504400 374
1504410 374
1504420 374
1504430 374
1504440 375
1504450 375
1504460 375
1504470 375
1504480 375
1504490 375
1504500 375
1504510 375
1504520 376
1504530 376
1504540 376
1504550 376
1504560 376
1504570 376
1504580 376
1504590 376
1504600 376
1504610 376
1504620 376
1504630 376
1504640 376
1504650 376
1504660 376
1504670 375
1504680 375
1504690 375
1504700 375
1504710 375
1504720 375
1504730 375
1504740 374
1504750 374
1504760 375
1504770 375
1504780 375
1504790 374
1504800 374
1504810 374
1504820 375
1504830 374
1504840 374
1504850 374
1504860 374
1504870 374
1504880 374
1504890 373
1504900 373
1504910 373
1504920 373
1504930 373
1504940 373
1504950 372
1504960 372
1504970 372
1504980 372
1504990 372
1505000 372
1505010 371
1505020 371
1505030 371
1505040 371
1505050 371
1505060 371
1505070 371
1505080 371
1505090 371
1505100 370
1505110 370
1505120 370
1505130 370
1505140 370
1505150 370
1505160 369
1505170 369
1505180 369
1505190 369
1505200 369
1505210 369
1505220 369
1505230 369
1505240 369
1505250 369
1505260 369
1505270 368
1505280 368
1505290 368
1505300 368
1505310 367
1505320 367
1505330 367
1505340 367
1505350 367
1505360 367
1505370 367
1505380 367
1505390 366
1505400 365
1505410 365
1505420 364
1505430 364
1505440 364
1505450 363
1505460 362
1505470 362
1505480 362
1505490 362
1505500 362
1505510 361
1505520 361
1505530 361
1505540 362
1505550 362
1505560 362
1505570 362
1505580 363
1505590 363
1505600 363
1505610 364
1505620 364
1505630 364
1505640 364
1505650 364
1505660 364
1505670 365
1505680 365
1505690 365
1505700 365
1505710 365
1505720 365
1505730 365
1505740 365
1505750 365
1505760 365
1505770 365
1505780 365
1505790 365
1505800 365
1505810 365
1505820 365
1505830 365
1505840 365
1505850 365
1505860 365
1505870 365
1505880 365
1505890 365
1505900 365
1505910 365
1505920 365
1505930 365
1505940 365
1505950 365
1505960 365
1505970 365
1505980 365
1505990 365
1506000 365
1506010 365
1506020 365
1506030 365
1506040 365
1506050 365
1506060 365
1506070 365
1506080 365
1506090 365
1506100 364
1506110 365
1506120 365
1506130 365
1506140 365
1506150 365
1506160 365
1506170 364
1506180 364
1506190 364
1506200 364
1506210 364
1506220 364
1506230 363
1506240 363
1506250 363
1506260 363
1506270 363
1506280 363
1506290 363
1506300 363
1506310 363
1506320 362
1506330 362
1506340 362
1506350 362
1506360 362
1506370 362
1506380 362
1506390 362
1506400 362
1506410 361
1506420 361
1506430 361
1506440 361
1506450 361
1506460 361
1506470 361
1506480 361
1506490 360
1506500 360
1506510 360
1506520 360
1506530 360
1506540 360
1506550 360
1506560 360
1506570 360
1506580 361
1506590 360
1506600 360
1506610 360
1506620 360
1506630 360
1506640 360
1506650 360
1506660 360
1506670 360
1506680 360
1506690 360
1506700 360
1506710 360
1506720 360
1506730 359
1506740 359
1506750 359
1506760 358
1506770 358
1506780 358
1506790 358
1506800 357
1506810 357
1506820 357
1506830 356
1506840 356
1506850 355
1506860 355
1506870 355
1506880 356
1506890 356
1506900 356
1506910 356
1506920 356
1506930 356
1506940 356
1506950 355
1506960 355
1506970 355
1506980 354
1506990 354
1507000 354
1507010 353
1507020 353
1507030 353
1507040 352
1507050 352
1507060 352
1507070 351
1507080 351
1507090 351
1507100 351
1507110 351
1507120 350
1507130 350
1507140 350
1507150 349
1507160 349
1507170 349
1507180 349
1507190 348
1507200 348
1507210 348
1507220 348
1507230 348
1507240 348
1507250 348
1507260 348
1507270 347
1507280 347
1507290 347
1507300 347
1507310 346
1507320 346
1507330 346
1507340 345
1507350 345
1507360 344
1507370 343
1507380 343
1507390 342
1507400 342
1507410 342
1507420 341
1507430 340
1507440 340
1507450 340
1507460 340
1507470 340
1507480 340
1507490 340
1507500 340
1507510 339
1507520 340
1507530 340
1507540 340
1507550 340
1507560 340
1507570 341
1507580 341
1507590 341
1507600 342
1507610 343
1507620 343
1507630 344
1507640 348
1507650 348
1507660 350
1507670 351
1507680 351
1507690 351
1507700 352
1507710 352
1507720 352
1507730 352
1507740 352
1507750 352
1507760 353
1507770 353
1507780 354
1507790 354
1507800 354
1507810 354
1507820 354
1507830 354
1507840 355
1507850 355
1507860 355
1507870 355
1507880 355
1507890 355
1507900 355
1507910 355
1507920 355
1507930 355
1507940 355
1507950 355
1507960 355
1507970 355
1507980 354
1507990 354
1508000 354
1508010 354
1508020 354
1508030 354
1508040 354
1508050 354
1508060 354
1508070 353
1508080 353
1508090 353
1508100 353
1508110 353
1508120 353
1508130 352
1508140 352
1508150 352
1508160 352
1508170 352
1508180 352
1508190 351
1508200 351
1508210 351
1508220 351
1508230 351
1508240 351
1508250 350
1508260 350
1508270 350
1508280 350
1508290 349
1508300 349
1508310 349
1508320 349
1508330 349
1508340 349
1508350 349
1508360 349
1508370 349
1508380 348
1508390 348
1508400 348
1508410 348
1508420 348
1508430 347
1508440 347
1508450 347
1508460 347
1508470 347
1508480 347
1508490 348
1508500 347
1508510 347
1508520 347
1508530 347
1508540 347
1508550 347
1508560 346
1508570 346
1508580 346
1508590 346
1508600 346
1508610 347
1508620 347
1508630 347
1508640 346
1508650 346
1508660 346
1508670 346
1508680 346
1508690 346
1508700 346
1508710 346
1508720 346
1508730 346
1508740 346
1508750 346
1508760 345
1508770 345
1508780 345
1508790 345
1508800 344
1508810 344
1508820 344
1508830 344
1508840 344
1508850 344
1508860 344
1508870 344
1508880 343
1508890 343
1508900 343
1508910 343
1508920 343
1508930 343
1508940 342
1508950 342
1508960 342
1508970 342
1508980 342
1508990 342
1509000 342
1509010 342
1509020 342
1509030 342
1509040 342
1509050 342
1509060 342
1509070 342
1509080 342
1509090 341
1509100 341
1509110 341
1509120 341
1509130 341
1509140 341
1509150 341
1509160 341
1509170 341
1509180 340
1509190 340
1509200 340
1509210 340
1509220 339
1509230 339
1509240 339
1509250 338
1509260 338
1509270 338
1509280 339
1509290 339
1509300 339
1509310 339
1509320 339
1509330 339
1509340 339
1509350 339
1509360 340
1509370 340
1509380 340
1509390 340
1509400 341
1509410 341
1509420 342
1509430 342
1509440 342
1509450 341
1509460 340
1509470 340
1509480 340
1509490 339
1509500 339
1509510 339
1509520 339
1509530 339
1509540 339
1509550 338
1509560 338
1509570 338
1509580 338
1509590 338
1509600 338
1509610 338
1509620 338
1509630 338
1509640 338
1509650 338
1509660 338
1509670 338
1509680 338
1509690 338
1509700 338
1509710 338
1509720 338
1509730 338
1509740 338
1509750 338
1509760 338
1509770 338
1509780 338
1509790 338
1509800 338
1509810 338
1509820 338
1509830 338
1509840 337
1509850 336
1509860 336
1509870 336
1509880 335
1509890 335
1509900 335
1509910 335
1509920 335
1509930 335
1509940 335
1509950 335
1509960 335
1509970 335
1509980 335
1509990 335
1510000 335
1510010 335
1510020 335
1510030 335
1510040 335
1510050 335
1510060 335
1510070 335
1510080 335
1510090 335
1510100 335
1510110 335
1510120 335
1510130 335
1510140 335
1510150 335
1510160 335
1510170 335
1510180 335
1510190 335
1510200 335
1510210 335
1510220 335
1510230 335
1510240 335
1510250 335
1510260 335
1510270 335
1510280 335
1510290 336
1510300 336
1510310 336
1510320 336
1510330 336
1510340 335
1510350 335
1510360 335
1510370 335
1510380 335
1510390 335
1510400 336
1510410 336
1510420 336
1510430 336
1510440 336
1510450 336
1510460 335
1510470 336
1510480 336
1510490 336
1510500 336
1510510 336
1510520 336
1510530 336
1510540 336
1510550 335
1510560 334
1510570 334
1510580 335
1510590 336
1510600 336
1510610 335
1510620 333
1510630 333
1510640 334
1510650 335
1510660 335
1510670 336
1510680 336
1510690 336
1510700 336
1510710 336
1510720 336
1510730 336
1510740 336
1510750 336
1510760 336
1510770 336
1510780 336
1510790 336
1510800 337
1510810 337
1510820 337
1510830 337
1510840 337
1510850 337
1510860 337
1510870 337
1510880 336
1510890 336
1510900 336
1510910 337
1510920 337
1510930 337
1510940 337
1510950 337
1510960 337
1510970 337
1510980 337
1510990 337
1511000 337
1511010 337
1511020 337
1511030 336
1511040 336
1511050 336
1511060 336
1511070 336
1511080 336
1511090 336
1511100 336
1511110 336
1511120 336
1511130 336
1511140 336
1511150 337
1511160 337
1511170 337
1511180 339
1511190 342
1511200 342
1511210 347
1511220 350
1511230 350
1511240 353
1511250 355
1511260 355
1511270 355
1511280 356
1511290 356
1511300 356
1511310 356
1511320 356
1511330 356
1511340 356
1511350 356
1511360 356
1511370 356
1511380 356
1511390 356
1511400 356
1511410 356
1511420 356
1511430 356
1511440 356
1511450 356
1511460 356
1511470 356
1511480 356
1511490 355
1511500 355
1511510 355
1511520 355
1511530 355
1511540 354
1511550 354
1511560 354
1511570 354
1511580 353
1511590 353
1511600 353
1511610 353
1511620 353
1511630 353
1511640 353
1511650 353
1511660 352
1511670 352
1511680 352
1511690 352
1511700 352
1511710 352
1511720 352
1511730 352
1511740 352
1511750 351
1511760 351
1511770 351
1511780 352
1511790 352
1511800 352
1511810 352
1511820 352
1511830 352
1511840 352
1511850 353
1511860 353
1511870 353
1511880 353
1511890 353
1511900 353
1511910 353
1511920 353
1511930 353
1511940 353
1511950 353
1511960 353
1511970 353
1511980 353
1511990 353
1512000 353
1512010 353
1512020 353
1512030 353
1512040 353
1512050 353
1512060 353
1512070 353
1512080 353
1512090 353
1512100 353
1512110 352
1512120 352
1512130 352
1512140 352
1512150 352
1512160 352
1512170 352
1512180 352
1512190 352
1512200 352
1512210 351
1512220 351
1512230 351
1512240 351
1512250 351
1512260 350
1512270 350
1512280 350
1512290 350
1512300 350
1512310 349
1512320 349
1512330 349
1512340 348
1512350 348
1512360 348
1512370 347
1512380 347
1512390 347
1512400 346
1512410 345
1512420 345
1512430 344
1512440 343
1512450 343
1512460 343
1512470 342
1512480 342
1512490 342
1512500 342
1512510 342
1512520 341
1512530 341
1512540 341
1512550 340
1512560 340
1512570 340
1512580 340
1512590 340
1512600 340
1512610 339
1512620 339
1512630 339
1512640 339
1512650 339
1512660 339
1512670 341
1512680 342
1512690 342
1512700 342
1512710 344
1512720 344
1512730 350
1512740 354
1512750 354
1512760 354
1512770 354
1512780 354
1512790 354
1512800 354
1512810 354
1512820 354
1512830 354
1512840 354
1512850 355
1512860 356
1512870 356
1512880 356
1512890 357
1512900 357
1512910 357
1512920 358
1512930 358
1512940 358
1512950 358
1512960 358
1512970 358
1512980 358
1512990 358
1513000 358
1513010 358
1513020 358
1513030 358
1513040 358
1513050 358
1513060 358
1513070 358
1513080 358
1513090 358
1513100 358
1513110 358
1513120 358
1513130 358
1513140 358
1513150 358
1513160 358
1513170 358
1513180 358
1513190 359
1513200 359
1513210 360
1513220 360
1513230 360
1513240 360
1513250 360
1513260 360
1513270 361
1513280 361
1513290 361
1513300 361
1513310 361
1513320 361
1513330 362
1513340 362
1513350 362
1513360 362
1513370 363
1513380 363
1513390 363
1513400 363
1513410 363
1513420 364
1513430 364
1513440 364
1513450 364
1513460 364
1513470 364
1513480 364
1513490 364
1513500 364
1513510 365
1513520 365
1513530 365
1513540 365
1513550 365
1513560 365
1513570 365
1513580 365
1513590 365
1513600 365
1513610 365
1513620 365
1513630 365
1513640 364
1513650 364
1513660 363
1513670 361
1513680 361
1513690 360
1513700 358
1513710 358
1513720 357
1513730 357
1513740 357
1513750 358
1513760 359
1513770 359
1513780 360
1513790 360
1513800 360
1513810 361
1513820 362
1513830 362
1513840 363
1513850 364
1513860 364
1513870 366
1513880 366
1513890 366
1513900 367
1513910 368
1513920 368
1513930 368
1513940 368
1513950 368
1513960 368
1513970 368
1513980 368
1513990 368
1514000 367
1514010 367
1514020 367
1514030 366
1514040 366
1514050 365
1514060 364
1514070 364
1514080 363
1514090 362
1514100 362
1514110 361
1514120 359
1514130 359
1514140 358
1514150 357
1514160 357
1514170 356
1514180 355
1514190 355
1514200 354
1514210 353
1514220 353
1514230 351
1514240 350
1514250 350
1514260 350
1514270 349
1514280 349
1514290 349
1514300 349
1514310 349
1514320 349
1514330 350
1514340 350
1514350 350
1514360 350
1514370 350
1514380 352
1514390 356
1514400 356
1514410 358
1514420 358
1514430 358
1514440 358
1514450 357
1514460 357
1514470 356
1514480 354
1514490 354
1514500 354
1514510 354
1514520 353
1514530 352
1514540 352
1514550 350
1514560 349
1514570 349
1514580 349
1514590 349
1514600 349
1514610 348
1514620 348
1514630 348
1514640 348
1514650 349
1514660 349
1514670 349
1514680 349
1514690 349
1514700 349
1514710 349
1514720 349
1514730 349
1514740 352
1514750 352
1514760 355
1514770 354
1514780 354
1514790 354
1514800 353
1514810 353
1514820 353
1514830 353
1514840 353
1514850 353
1514860 353
1514870 353
1514880 354
1514890 354
1514900 354
1514910 354
1514920 354
1514930 354
1514940 354
1514950 355
1514960 355
1514970 355
1514980 355
1514990 355
1515000 355
1515010 355
1515020 355
1515030 355
1515040 355
1515050 355
1515060 354
1515070 355
1515080 355
1515090 356
1515100 357
1515110 357
1515120 357
1515130 358
1515140 358
1515150 358
1515160 359
1515170 359
1515180 359
1515190 360
1515200 360
1515210 360
1515220 361
1515230 361
1515240 361
1515250 362
1515260 362
1515270 362
1515280 363
1515290 363
1515300 363
1515310 364
1515320 364
1515330 365
1515340 365
1515350 365
1515360 366
1515370 367
1515380 367
1515390 368
1515400 370
1515410 370
1515420 372
1515430 374
1515440 374
1515450 376
1515460 378
1515470 378
1515480 379
1515490 380
1515500 380
1515510 380
1515520 380
1515530 380
1515540 379
1515550 379
1515560 379
1515570 379
1515580 378
1515590 378
1515600 378
1515610 377
1515620 377
1515630 377
1515640 376
1515650 376
1515660 375
1515670 374
1515680 374
1515690 373
1515700 371
1515710 371
1515720 368
1515730 366
1515740 366
1515750 366
1515760 368
1515770 368
1515780 369
1515790 370
1515800 370
1515810 371
1515820 372
1515830 372
1515840 373
1515850 374
1515860 374
1515870 375
1515880 377
1515890 377
1515900 378
1515910 380
1515920 380
1515930 382
1515940 383
1515950 383
1515960 385
1515970 387
1515980 387
1515990 389
1516000 390
1516010 390
1516020 392
1516030 393
1516040 393
1516050 395
1516060 397
1516070 397
1516080 399
1516090 400
1516100 400
1516110 402
1516120 403
1516130 403
1516140 405
1516150 406
1516160 406
1516170 407
1516180 408
1516190 408
1516200 408
1516210 410
1516220 410
1516230 411
1516240 412
1516250 412
1516260 413
1516270 414
1516280 414
1516290 414
1516300 415
1516310 415
1516320 416
1516330 416
1516340 416
1516350 417
1516360 417
1516370 417
1516380 417
1516390 417
1516400 417
1516410 418
1516420 418
1516430 418
1516440 418
1516450 418
1516460 418
1516470 419
1516480 419
1516490 419
1516500 419
1516510 419
1516520 419
1516530 419
1516540 419
1516550 419
1516560 419
1516570 419
1516580 419
1516590 419
1516600 419
1516610 419
1516620 419
1516630 418
1516640 418
1516650 418
1516660 418
1516670 418
1516680 417
1516690 416
1516700 416
1516710 413
1516720 413
1516730 412
1516740 413
1516750 413
1516760 414
1516770 414
1516780 414
1516790 413
1516800 412
1516810 412
1516820 411
1516830 410
1516840 410
1516850 409
1516860 407
1516870 407
1516880 406
1516890 404
1516900 404
1516910 401
1516920 398
1516930 398
1516940 396
1516950 394
1516960 394
1516970 393
1516980 393
1516990 393
1517000 394
1517010 395
1517020 395
1517030 396
1517040 396
1517050 396
1517060 395
1517070 395
1517080 395
1517090 394
1517100 394
1517110 394
1517120 393
1517130 392
1517140 392
1517150 391
1517160 389
1517170 389
1517180 387
1517190 385
1517200 385
1517210 383
1517220 383
1517230 383
1517240 384
1517250 386
1517260 386
1517270 388
1517280 389
1517290 389
1517300 390
1517310 391
1517320 391
1517330 392
1517340 392
1517350 392
1517360 392
1517370 393
1517380 393
1517390 393
1517400 395
1517410 395
1517420 397
1517430 398
1517440 398
1517450 400
1517460 401
1517470 401
1517480 400
1517490 400
1517500 400
1517510 400
1517520 400
1517530 400
1517540 399
1517550 398
1517560 398
1517570 398
1517580 397
1517590 397
1517600 396
1517610 396
1517620 396
1517630 395
1517640 394
1517650 394
1517660 393
1517670 392
1517680 392
1517690 391
1517700 390
1517710 390
1517720 389
1517730 388
1517740 388
1517750 387
1517760 387
1517770 387
1517780 386
1517790 384
1517800 384
1517810 383
1517820 382
1517830 382
1517840 381
1517850 379
1517860 379
1517870 378
1517880 377
1517890 377
1517900 376
1517910 374
1517920 374
1517930 373
1517940 372
1517950 372
1517960 371
1517970 370
1517980 370
1517990 369
1518000 368
1518010 368
1518020 368
1518030 367
1518040 367
1518050 366
1518060 365
1518070 365
1518080 364
1518090 363
1518100 363
1518110 363
1518120 362
1518130 362
1518140 362
1518150 361
1518160 361
1518170 360
1518180 360
1518190 360
1518200 360
1518210 360
1518220 360
1518230 359
1518240 359
1518250 359
1518260 361
1518270 362
1518280 362
1518290 363
1518300 363
1518310 363
1518320 363
1518330 364
1518340 364
1518350 364
1518360 365
1518370 365
1518380 365
1518390 366
1518400 366
1518410 366
1518420 367
1518430 367
1518440 368
1518450 368
1518460 368
1518470 369
1518480 370
1518490 370
1518500 371
1518510 371
1518520 371
1518530 371
1518540 372
1518550 372
1518560 373
1518570 374
1518580 374
1518590 375
1518600 375
1518610 375
1518620 376
1518630 376
1518640 376
1518650 377
1518660 377
1518670 377
1518680 378
1518690 378
1518700 378
1518710 378
1518720 379
1518730 379
1518740 380
1518750 380
1518760 380
1518770 380
1518780 381
1518790 381
1518800 381
1518810 381
1518820 382
1518830 382
1518840 382
1518850 382
1518860 383
1518870 383
1518880 383
1518890 384
1518900 384
1518910 384
1518920 384
1518930 385
1518940 385
1518950 385
1518960 385
1518970 385
1518980 386
1518990 386
1519000 386
1519010 386
1519020 386
1519030 386
1519040 386
1519050 386
1519060 386
1519070 386
1519080 386
1519090 386
1519100 386
1519110 386
1519120 386
1519130 385
1519140 385
1519150 385
1519160 384
1519170 384
1519180 384
1519190 383
1519200 383
1519210 382
1519220 381
1519230 381
1519240 380
1519250 379
1519260 379
1519270 378
1519280 377
1519290 377
1519300 376
1519310 375
1519320 375
1519330 374
1519340 374
1519350 374
1519360 373
1519370 372
1519380 372
1519390 371
1519400 370
1519410 370
1519420 370
1519430 370
1519440 370
1519450 371
1519460 372
1519470 372
1519480 373
1519490 374
1519500 374
1519510 375
1519520 377
1519530 377
1519540 377
1519550 378
1519560 378
1519570 379
1519580 380
1519590 380
1519600 382
1519610 383
1519620 383
1519630 384
1519640 385
1519650 385
1519660 386
1519670 387
1519680 387
1519690 389
1519700 390
1519710 390
1519720 391
1519730 392
1519740 392
1519750 393
1519760 394
1519770 394
1519780 395
1519790 396
1519800 396
1519810 398
1519820 399
1519830 399
1519840 401
1519850 403
1519860 403
1519870 404
1519880 406
1519890 406
1519900 408
1519910 410
1519920 410
1519930 412
1519940 414
1519950 414
1519960 416
1519970 419
1519980 419
1519990 420
