1500000 374
1500010 373
1500020 373
1500030 372
1500040 370
1500050 370
1500060 369
1500070 368
1500080 368
1500090 367
1500100 366
1500110 366
1500120 365
1500130 365
1500140 365
1500150 364
1500160 364
1500170 364
1500180 364
1500190 364
1500200 364
1500210 364
1500220 364
1500230 364
1500240 364
1500250 365
1500260 365
1500270 365
1500280 365
1500290 365
1500300 366
1500310 366
1500320 366
1500330 366
1500340 367
1500350 367
1500360 367
1500370 367
1500380 367
1500390 368
1500400 368
1500410 368
1500420 368
1500430 369
1500440 369
1500450 369
1500460 368
1500470 368
1500480 368
1500490 367
1500500 367
1500510 366
1500520 365
1500530 365
1500540 364
1500550 364
1500560 364
1500570 363
1500580 361
1500590 361
1500600 360
1500610 359
1500620 359
1500630 357
1500640 356
1500650 356
1500660 356
1500670 355
1500680 355
1500690 354
1500700 353
1500710 353
1500720 352
1500730 351
1500740 351
1500750 349
1500760 348
1500770 348
1500780 347
1500790 345
1500800 345
1500810 344
1500820 343
1500830 343
1500840 341
1500850 338
1500860 338
1500870 336
1500880 334
1500890 334
1500900 332
1500910 329
1500920 329
1500930 327
1500940 327
1500950 327
1500960 328
1500970 328
1500980 328
1500990 329
1501000 331
1501010 331
1501020 332
1501030 332
1501040 332
1501050 333
1501060 333
1501070 333
1501080 334
1501090 334
1501100 334
1501110 334
1501120 334
1501130 334
1501140 334
1501150 334
1501160 334
1501170 334
1501180 334
1501190 334
1501200 334
1501210 334
1501220 334
1501230 334
1501240 334
1501250 334
1501260 334
1501270 334
1501280 334
1501290 334
1501300 334
1501310 334
1501320 334
1501330 334
1501340 334
1501350 334
1501360 334
1501370 334
1501380 335
1501390 335
1501400 335
1501410 335
1501420 335
1501430 335
1501440 335
1501450 335
1501460 335
1501470 336
1501480 336
1501490 336
1501500 337
1501510 337
1501520 337
1501530 338
1501540 339
1501550 339
1501560 340
1501570 340
1501580 340
1501590 341
1501600 342
1501610 342
1501620 343
1501630 344
1501640 344
1501650 344
1501660 344
1501670 344
1501680 344
1501690 344
1501700 344
1501710 343
1501720 341
1501730 341
1501740 340
1501750 338
1501760 338
1501770 337
1501780 336
1501790 336
1501800 335
1501810 335
1501820 335
1501830 335
1501840 334
1501850 334
1501860 334
1501870 334
1501880 334
1501890 334
1501900 335
1501910 335
1501920 334
1501930 331
1501940 331
1501950 329
1501960 329
1501970 329
1501980 329
1501990 329
1502000 328
1502010 328
1502020 328
1502030 327
1502040 327
1502050 327
1502060 326
1502070 325
1502080 325
1502090 325
1502100 326
1502110 326
1502120 327
1502130 328
1502140 328
1502150 328
1502160 329
1502170 329
1502180 330
1502190 331
1502200 331
1502210 333
1502220 335
1502230 335
1502240 337
1502250 338
1502260 338
1502270 340
1502280 342
1502290 342
1502300 343
1502310 343
1502320 343
1502330 344
1502340 345
1502350 345
1502360 345
1502370 346
1502380 346
1502390 346
1502400 347
1502410 347
1502420 348
1502430 349
1502440 349
1502450 350
1502460 352
1502470 352
1502480 353
1502490 353
1502500 353
1502510 354
1502520 354
1502530 354
1502540 355
1502550 355
1502560 355
1502570 356
1502580 356
1502590 356
1502600 356
1502610 357
1502620 357
1502630 357
1502640 358
1502650 358
1502660 357
1502670 356
1502680 356
1502690 354
1502700 354
1502710 354
1502720 356
1502730 360
1502740 360
1502750 364
1502760 364
1502770 364
1502780 365
1502790 366
1502800 366
1502810 367
1502820 368
1502830 368
1502840 369
1502850 369
1502860 369
1502870 370
1502880 371
1502890 371
1502900 372
1502910 372
1502920 372
1502930 373
1502940 373
1502950 373
1502960 374
1502970 374
1502980 374
1502990 375
1503000 375
1503010 375
1503020 376
1503030 376
1503040 376
1503050 377
1503060 377
1503070 377
1503080 377
1503090 378
1503100 378
1503110 378
1503120 378
1503130 378
1503140 379
1503150 379
1503160 379
1503170 379
1503180 379
1503190 379
1503200 379
1503210 379
1503220 379
1503230 379
1503240 379
1503250 379
1503260 379
1503270 379
1503280 379
1503290 379
1503300 378
1503310 378
1503320 378
1503330 378
1503340 378
1503350 377
1503360 377
1503370 377
1503380 376
1503390 375
1503400 375
1503410 375
1503420 374
1503430 374
1503440 374
1503450 373
1503460 373
1503470 372
1503480 371
1503490 371
1503500 370
1503510 370
1503520 370
1503530 369
1503540 368
1503550 368
1503560 367
1503570 367
1503580 367
1503590 366
1503600 366
1503610 366
1503620 366
1503630 365
1503640 365
1503650 365
1503660 365
1503670 365
1503680 365
1503690 364
1503700 364
1503710 364
1503720 363
1503730 363
1503740 363
1503750 363
1503760 363
1503770 363
1503780 362
1503790 362
1503800 362
1503810 362
1503820 362
1503830 362
1503840 362
1503850 362
1503860 362
1503870 362
1503880 362
1503890 361
1503900 361
1503910 361
1503920 361
1503930 361
1503940 361
1503950 360
1503960 360
1503970 360
1503980 360
1503990 360
1504000 360
1504010 360
1504020 360
1504030 358
1504040 357
1504050 357
1504060 358
1504070 358
1504080 358
1504090 359
1504100 360
1504110 360
1504120 360
1504130 360
1504140 360
1504150 360
1504160 360
1504170 360
1504180 359
1504190 359
1504200 359
1504210 359
1504220 359
1504230 359
1504240 358
1504250 358
1504260 358
1504270 358
1504280 358
1504290 358
1504300 358
1504310 358
1504320 358
1504330 358
1504340 358
1504350 358
1504360 358
1504370 357
1504380 357
1504390 357
1504400 357
1504410 357
1504420 357
1504430 357
1504440 357
1504450 357
1504460 356
1504470 356
1504480 356
1504490 355
1504500 355
1504510 355
1504520 355
1504530 355
1504540 355
1504550 355
1504560 355
1504570 355
1504580 355
1504590 355
1504600 355
1504610 354
1504620 354
1504630 354
1504640 353
1504650 353
1504660 353
1504670 353
1504680 353
1504690 352
1504700 352
1504710 352
1504720 351
1504730 351
1504740 351
1504750 351
1504760 351
1504770 351
1504780 350
1504790 349
1504800 349
1504810 348
1504820 347
1504830 347
1504840 347
1504850 347
1504860 347
1504870 347
1504880 347
1504890 347
1504900 348
1504910 350
1504920 350
1504930 350
1504940 350
1504950 350
1504960 349
1504970 349
1504980 349
1504990 350
1505000 351
1505010 351
1505020 351
1505030 351
1505040 351
1505050 351
1505060 351
1505070 351
1505080 350
1505090 350
1505100 350
1505110 351
1505120 351
1505130 351
1505140 351
1505150 351
1505160 351
1505170 351
1505180 350
1505190 350
1505200 350
1505210 350
1505220 350
1505230 350
1505240 350
1505250 350
1505260 350
1505270 350
1505280 350
1505290 350
1505300 350
1505310 350
1505320 350
1505330 350
1505340 350
1505350 350
1505360 350
1505370 350
1505380 350
1505390 350
1505400 350
1505410 350
1505420 350
1505430 350
1505440 350
1505450 350
1505460 350
1505470 350
1505480 349
1505490 349
1505500 349
1505510 349
1505520 349
1505530 349
1505540 349
1505550 349
1505560 349
1505570 348
1505580 348
1505590 348
1505600 348
1505610 348
1505620 348
1505630 348
1505640 348
1505650 347
1505660 347
1505670 347
1505680 346
1505690 346
1505700 346
1505710 345
1505720 346
1505730 346
1505740 345
1505750 344
1505760 344
1505770 344
1505780 344
1505790 344
1505800 344
1505810 345
1505820 345
1505830 346
1505840 346
1505850 346
1505860 346
1505870 346
1505880 346
1505890 346
1505900 346
1505910 346
1505920 346
1505930 346
1505940 346
1505950 346
1505960 346
1505970 346
1505980 346
1505990 346
1506000 347
1506010 347
1506020 347
1506030 347
1506040 347
1506050 347
1506060 347
1506070 347
1506080 347
1506090 347
1506100 347
1506110 347
1506120 346
1506130 346
1506140 346
1506150 346
1506160 346
1506170 346
1506180 345
1506190 345
1506200 345
1506210 345
1506220 345
1506230 345
1506240 345
1506250 344
1506260 344
1506270 344
1506280 344
1506290 344
1506300 344
1506310 344
1506320 344
1506330 344
1506340 343
1506350 343
1506360 343
1506370 343
1506380 343
1506390 343
1506400 342
1506410 342
1506420 342
1506430 342
1506440 342
1506450 342
1506460 342
1506470 342
1506480 342
1506490 342
1506500 342
1506510 342
1506520 341
1506530 341
1506540 341
1506550 341
1506560 341
1506570 340
1506580 340
1506590 340
1506600 339
1506610 339
1506620 339
1506630 339
1506640 338
1506650 338
1506660 338
1506670 338
1506680 338
1506690 338
1506700 337
1506710 337
1506720 336
1506730 336
1506740 336
1506750 336
1506760 336
1506770 336
1506780 337
1506790 337
1506800 337
1506810 337
1506820 337
1506830 337
1506840 337
1506850 338
1506860 338
1506870 338
1506880 338
1506890 338
1506900 338
1506910 338
1506920 338
1506930 338
1506940 338
1506950 338
1506960 338
1506970 337
1506980 337
1506990 337
1507000 337
1507010 337
1507020 337
1507030 337
1507040 337
1507050 337
1507060 337
1507070 337
1507080 337
1507090 337
1507100 337
1507110 337
1507120 337
1507130 337
1507140 337
1507150 337
1507160 337
1507170 337
1507180 336
1507190 336
1507200 336
1507210 337
1507220 337
1507230 337
1507240 337
1507250 337
1507260 336
1507270 336
1507280 336
1507290 336
1507300 336
1507310 336
1507320 335
1507330 335
1507340 335
1507350 335
1507360 335
1507370 335
1507380 335
1507390 335
1507400 335
1507410 335
1507420 334
1507430 334
1507440 334
1507450 334
1507460 334
1507470 334
1507480 334
1507490 334
1507500 334
1507510 334
1507520 334
1507530 334
1507540 334
1507550 334
1507560 334
1507570 334
1507580 334
1507590 334
1507600 334
1507610 334
1507620 333
1507630 333
1507640 333
1507650 333
1507660 333
1507670 333
1507680 333
1507690 333
1507700 333
1507710 332
1507720 332
1507730 332
1507740 333
1507750 333
1507760 333
1507770 333
1507780 333
1507790 333
1507800 332
1507810 332
1507820 332
1507830 332
1507840 332
1507850 332
1507860 332
1507870 332
1507880 332
1507890 332
1507900 332
1507910 332
1507920 332
1507930 332
1507940 332
1507950 331
1507960 331
1507970 331
1507980 331
1507990 331
1508000 331
1508010 331
1508020 331
1508030 331
1508040 331
1508050 331
1508060 331
1508070 331
1508080 331
1508090 331
1508100 331
1508110 331
1508120 331
1508130 331
1508140 331
1508150 331
1508160 331
1508170 331
1508180 331
1508190 331
1508200 331
1508210 330
1508220 330
1508230 330
1508240 330
1508250 330
1508260 330
1508270 331
1508280 331
1508290 331
1508300 331
1508310 331
1508320 331
1508330 331
1508340 331
1508350 331
1508360 331
1508370 331
1508380 331
1508390 331
1508400 331
1508410 331
1508420 331
1508430 331
1508440 331
1508450 331
1508460 331
1508470 331
1508480 331
1508490 331
1508500 331
1508510 331
1508520 331
1508530 331
1508540 331
1508550 330
1508560 330
1508570 330
1508580 330
1508590 330
1508600 331
1508610 331
1508620 331
1508630 331
1508640 331
1508650 331
1508660 332
1508670 331
1508680 331
1508690 331
1508700 331
1508710 331
1508720 331
1508730 331
1508740 331
1508750 331
1508760 331
1508770 331
1508780 331
1508790 331
1508800 331
1508810 331
1508820 331
1508830 331
1508840 331
1508850 331
1508860 331
1508870 331
1508880 331
1508890 331
1508900 331
1508910 330
1508920 330
1508930 330
1508940 330
1508950 330
1508960 330
1508970 330
1508980 330
1508990 331
1509000 332
1509010 332
1509020 332
1509030 332
1509040 332
1509050 334
1509060 335
1509070 335
1509080 336
1509090 337
1509100 337
1509110 338
1509120 339
1509130 339
1509140 340
1509150 340
1509160 340
1509170 341
1509180 341
1509190 341
1509200 342
1509210 343
1509220 343
1509230 343
1509240 343
1509250 343
1509260 343
1509270 344
1509280 344
1509290 344
1509300 344
1509310 344
1509320 344
1509330 344
1509340 344
1509350 344
1509360 344
1509370 344
1509380 344
1509390 344
1509400 344
1509410 344
1509420 344
1509430 344
1509440 345
1509450 345
1509460 345
1509470 345
1509480 345
1509490 345
1509500 345
1509510 345
1509520 345
1509530 345
1509540 345
1509550 345
1509560 345
1509570 345
1509580 345
1509590 345
1509600 345
1509610 345
1509620 345
1509630 345
1509640 345
1509650 345
1509660 345
1509670 345
1509680 345
1509690 345
1509700 345
1509710 345
1509720 345
1509730 345
1509740 345
1509750 345
1509760 345
1509770 345
1509780 345
1509790 345
1509800 345
1509810 345
1509820 345
1509830 345
1509840 345
1509850 345
1509860 346
1509870 346
1509880 346
1509890 346
1509900 346
1509910 346
1509920 346
1509930 346
1509940 346
1509950 346
1509960 346
1509970 346
1509980 346
1509990 346
1510000 346
1510010 346
1510020 346
1510030 346
1510040 346
1510050 346
1510060 346
1510070 346
1510080 346
1510090 346
1510100 346
1510110 346
1510120 346
1510130 346
1510140 346
1510150 346
1510160 347
1510170 347
1510180 347
1510190 347
1510200 347
1510210 347
1510220 347
1510230 347
1510240 347
1510250 347
1510260 347
1510270 347
1510280 347
1510290 347
1510300 347
1510310 347
1510320 347
1510330 347
1510340 347
1510350 347
1510360 347
1510370 347
1510380 347
1510390 347
1510400 347
1510410 347
1510420 347
1510430 347
1510440 347
1510450 347
1510460 347
1510470 347
1510480 347
1510490 347
1510500 347
1510510 347
1510520 347
1510530 347
1510540 347
1510550 347
1510560 347
1510570 347
1510580 347
1510590 347
1510600 347
1510610 347
1510620 347
1510630 347
1510640 347
1510650 347
1510660 347
1510670 347
1510680 347
1510690 347
1510700 347
1510710 347
1510720 347
1510730 347
1510740 347
1510750 346
1510760 346
1510770 346
1510780 346
1510790 345
1510800 345
1510810 345
1510820 345
1510830 345
1510840 345
1510850 344
1510860 344
1510870 344
1510880 344
1510890 344
1510900 343
1510910 342
1510920 342
1510930 342
1510940 341
1510950 341
1510960 341
1510970 340
1510980 340
1510990 340
1511000 339
1511010 339
1511020 339
1511030 338
1511040 338
1511050 338
1511060 337
1511070 337
1511080 336
1511090 336
1511100 336
1511110 335
1511120 335
1511130 335
1511140 335
1511150 334
1511160 334
1511170 333
1511180 332
1511190 332
1511200 333
1511210 333
1511220 333
1511230 332
1511240 333
1511250 333
1511260 333
1511270 332
1511280 332
1511290 333
1511300 333
1511310 333
1511320 333
1511330 333
1511340 333
1511350 333
1511360 333
1511370 333
1511380 333
1511390 333
1511400 333
1511410 333
1511420 334
1511430 334
1511440 334
1511450 334
1511460 334
1511470 334
1511480 334
1511490 334
1511500 333
1511510 334
1511520 334
1511530 334
1511540 334
1511550 334
1511560 334
1511570 334
1511580 334
1511590 334
1511600 334
1511610 334
1511620 334
1511630 334
1511640 334
1511650 335
1511660 336
1511670 336
1511680 336
1511690 337
1511700 337
1511710 337
1511720 338
1511730 338
1511740 338
1511750 340
1511760 340
1511770 341
1511780 342
1511790 342
1511800 343
1511810 344
1511820 344
1511830 345
1511840 346
1511850 346
1511860 347
1511870 349
1511880 349
1511890 350
1511900 351
1511910 351
1511920 352
1511930 351
1511940 351
1511950 349
1511960 350
1511970 350
1511980 352
1511990 354
1512000 354
1512010 356
1512020 358
1512030 358
1512040 360
1512050 360
1512060 361
1512070 362
1512080 362
1512090 363
1512100 364
1512110 364
1512120 365
1512130 365
1512140 365
1512150 365
1512160 366
1512170 366
1512180 366
1512190 367
1512200 367
1512210 367
1512220 367
1512230 367
1512240 367
1512250 367
1512260 367
1512270 367
1512280 366
1512290 366
1512300 365
1512310 364
1512320 364
1512330 364
1512340 363
1512350 363
1512360 362
1512370 361
1512380 361
1512390 359
1512400 355
1512410 355
1512420 356
1512430 360
1512440 360
1512450 362
1512460 362
1512470 362
1512480 363
1512490 363
1512500 363
1512510 364
1512520 364
1512530 364
1512540 364
1512550 365
1512560 365
1512570 365
1512580 366
1512590 366
1512600 366
1512610 366
1512620 366
1512630 367
1512640 367
1512650 367
1512660 368
1512670 368
1512680 368
1512690 368
1512700 368
1512710 368
1512720 368
1512730 369
1512740 369
1512750 369
1512760 369
1512770 369
1512780 369
1512790 369
1512800 369
1512810 369
1512820 369
1512830 369
1512840 369
1512850 369
1512860 369
1512870 369
1512880 368
1512890 368
1512900 368
1512910 367
1512920 367
1512930 367
1512940 367
1512950 367
1512960 367
1512970 366
1512980 366
1512990 365
1513000 364
1513010 364
1513020 362
1513030 360
1513040 360
1513050 360
1513060 359
1513070 359
1513080 358
1513090 357
1513100 357
1513110 356
1513120 356
1513130 356
1513140 355
1513150 354
1513160 354
1513170 354
1513180 353
1513190 353
1513200 353
1513210 352
1513220 352
1513230 352
1513240 351
1513250 351
1513260 351
1513270 351
1513280 351
1513290 350
1513300 350
1513310 350
1513320 349
1513330 349
1513340 349
1513350 349
1513360 349
1513370 349
1513380 348
1513390 348
1513400 348
1513410 347
1513420 347
1513430 347
1513440 347
1513450 346
1513460 346
1513470 346
1513480 345
1513490 345
1513500 344
1513510 343
1513520 343
1513530 342
1513540 341
1513550 341
1513560 341
1513570 340
1513580 340
1513590 340
1513600 339
1513610 339
1513620 339
1513630 339
1513640 339
1513650 339
1513660 340
1513670 340
1513680 340
1513690 340
1513700 340
1513710 340
1513720 340
1513730 340
1513740 340
1513750 342
1513760 342
1513770 345
1513780 347
1513790 347
1513800 349
1513810 350
1513820 350
1513830 351
1513840 352
1513850 352
1513860 353
1513870 354
1513880 354
1513890 355
1513900 356
1513910 356
1513920 356
1513930 357
1513940 357
1513950 358
1513960 359
1513970 359
1513980 360
1513990 361
1514000 361
1514010 362
1514020 363
1514030 363
1514040 364
1514050 364
1514060 365
1514070 366
1514080 366
1514090 367
1514100 368
1514110 368
1514120 369
1514130 370
1514140 370
1514150 370
1514160 371
1514170 371
1514180 372
1514190 373
1514200 373
1514210 374
1514220 374
1514230 374
1514240 375
1514250 376
1514260 376
1514270 376
1514280 376
1514290 376
1514300 377
1514310 377
1514320 377
1514330 378
1514340 378
1514350 378
1514360 377
1514370 376
1514380 376
1514390 374
1514400 372
1514410 372
1514420 370
1514430 368
1514440 368
1514450 366
1514460 364
1514470 364
1514480 364
1514490 364
1514500 364
1514510 364
1514520 365
1514530 365
1514540 366
1514550 367
1514560 367
1514570 368
1514580 368
1514590 368
1514600 369
1514610 370
1514620 370
1514630 371
1514640 372
1514650 372
1514660 372
1514670 372
1514680 372
1514690 372
1514700 372
1514710 372
1514720 372
1514730 371
1514740 371
1514750 371
1514760 371
1514770 371
1514780 370
1514790 370
1514800 370
1514810 369
1514820 368
1514830 368
1514840 368
1514850 367
1514860 367
1514870 366
1514880 364
1514890 364
1514900 363
1514910 362
1514920 362
1514930 363
1514940 363
1514950 363
1514960 364
1514970 364
1514980 364
1514990 363
1515000 362
1515010 362
1515020 361
1515030 360
1515040 360
1515050 362
1515060 365
1515070 365
1515080 366
1515090 365
1515100 365
1515110 365
1515120 365
1515130 365
1515140 364
1515150 364
1515160 364
1515170 364
1515180 364
1515190 364
1515200 364
1515210 364
1515220 364
1515230 363
1515240 363
1515250 363
1515260 363
1515270 363
1515280 363
1515290 363
1515300 364
1515310 364
1515320 365
1515330 365
1515340 365
1515350 365
1515360 365
1515370 365
1515380 365
1515390 366
1515400 366
1515410 366
1515420 367
1515430 367
1515440 368
1515450 368
1515460 368
1515470 368
1515480 368
1515490 368
1515500 368
1515510 368
1515520 368
1515530 368
1515540 368
1515550 368
1515560 368
1515570 368
1515580 368
1515590 369
1515600 370
1515610 370
1515620 370
1515630 371
1515640 371
1515650 372
1515660 373
1515670 373
1515680 373
1515690 374
1515700 374
1515710 375
1515720 376
1515730 376
1515740 376
1515750 377
1515760 377
1515770 377
1515780 378
1515790 378
1515800 378
1515810 379
1515820 379
1515830 380
1515840 380
1515850 380
1515860 381
1515870 381
1515880 381
1515890 382
1515900 382
1515910 382
1515920 383
1515930 383
1515940 383
1515950 382
1515960 382
1515970 382
1515980 383
1515990 385
1516000 385
1516010 386
1516020 387
1516030 387
1516040 388
1516050 389
1516060 389
1516070 390
1516080 390
1516090 391
1516100 392
1516110 392
1516120 393
1516130 394
1516140 394
1516150 395
1516160 396
1516170 396
1516180 397
1516190 398
1516200 398
1516210 398
1516220 399
1516230 399
1516240 400
1516250 401
1516260 401
1516270 402
1516280 402
1516290 402
1516300 403
1516310 403
1516320 403
1516330 404
1516340 404
1516350 404
1516360 405
1516370 405
1516380 405
1516390 406
1516400 406
1516410 406
1516420 406
1516430 407
1516440 407
1516450 407
1516460 407
1516470 407
1516480 407
1516490 407
1516500 407
1516510 406
1516520 406
1516530 406
1516540 406
1516550 405
1516560 405
1516570 405
1516580 404
1516590 404
1516600 403
1516610 401
1516620 401
1516630 400
1516640 398
1516650 398
1516660 396
1516670 394
1516680 394
1516690 392
1516700 390
1516710 390
1516720 387
1516730 385
1516740 385
1516750 382
1516760 380
1516770 380
1516780 377
1516790 376
1516800 376
1516810 374
1516820 373
1516830 373
1516840 373
1516850 372
1516860 372
1516870 371
1516880 370
1516890 370
1516900 370
1516910 369
1516920 369
1516930 368
1516940 368
1516950 368
1516960 367
1516970 367
1516980 367
1516990 367
1517000 366
1517010 366
1517020 365
1517030 365
1517040 365
1517050 364
1517060 363
1517070 363
1517080 361
1517090 361
1517100 361
1517110 360
1517120 359
1517130 359
1517140 358
1517150 357
1517160 357
1517170 355
1517180 354
1517190 354
1517200 353
1517210 354
1517220 354
1517230 353
1517240 354
1517250 354
1517260 356
1517270 358
1517280 358
1517290 358
1517300 360
1517310 360
1517320 362
1517330 363
1517340 363
1517350 364
1517360 365
1517370 365
1517380 366
1517390 367
1517400 367
1517410 368
1517420 369
1517430 369
1517440 370
1517450 371
1517460 371
1517470 372
1517480 373
1517490 373
1517500 374
1517510 375
1517520 375
1517530 376
1517540 377
1517550 377
1517560 378
1517570 379
1517580 379
1517590 380
1517600 381
1517610 381
1517620 382
1517630 383
1517640 383
1517650 384
1517660 385
1517670 385
1517680 387
1517690 388
1517700 388
1517710 389
1517720 390
1517730 390
1517740 392
1517750 393
1517760 393
1517770 394
1517780 395
1517790 395
1517800 396
1517810 398
1517820 398
1517830 400
1517840 402
1517850 402
1517860 403
1517870 405
1517880 405
1517890 406
1517900 408
1517910 408
1517920 409
1517930 411
1517940 411
1517950 412
1517960 413
1517970 413
1517980 415
1517990 417
1518000 417
1518010 418
1518020 420
1518030 420
1518040 421
1518050 422
1518060 422
1518070 423
1518080 424
1518090 424
1518100 425
1518110 426
1518120 426
1518130 427
1518140 427
1518150 427
1518160 428
1518170 428
1518180 428
1518190 428
1518200 428
1518210 429
1518220 429
1518230 429
1518240 430
1518250 430
1518260 430
1518270 430
1518280 430
1518290 430
1518300 431
1518310 431
1518320 431
1518330 431
1518340 432
1518350 432
1518360 432
1518370 433
1518380 433
1518390 433
1518400 434
1518410 434
1518420 435
1518430 435
1518440 435
1518450 436
1518460 437
1518470 437
1518480 438
1518490 438
1518500 438
1518510 439
1518520 440
1518530 440
1518540 441
1518550 442
1518560 442
1518570 443
1518580 443
1518590 443
1518600 444
1518610 445
1518620 445
1518630 446
1518640 447
1518650 447
1518660 448
1518670 449
1518680 449
1518690 450
1518700 451
1518710 451
1518720 451
1518730 452
1518740 452
1518750 453
1518760 454
1518770 454
1518780 454
1518790 455
1518800 455
1518810 455
1518820 456
1518830 456
1518840 457
1518850 458
1518860 458
1518870 460
1518880 461
1518890 461
1518900 462
1518910 463
1518920 463
1518930 464
1518940 465
1518950 465
1518960 466
1518970 466
1518980 466
1518990 467
1519000 468
1519010 468
1519020 468
1519030 468
1519040 468
1519050 469
1519060 469
1519070 469
1519080 470
1519090 471
1519100 471
1519110 471
1519120 471
1519130 471
1519140 471
1519150 472
1519160 472
1519170 472
1519180 472
1519190 472
1519200 473
1519210 473
1519220 473
1519230 474
1519240 474
1519250 474
1519260 475
1519270 476
1519280 476
1519290 476
1519300 477
1519310 477
1519320 477
1519330 478
1519340 478
1519350 478
1519360 479
1519370 479
1519380 479
1519390 480
1519400 480
1519410 480
1519420 480
1519430 480
1519440 481
1519450 481
1519460 481
1519470 481
1519480 481
1519490 481
1519500 481
1519510 482
1519520 482
1519530 482
1519540 483
1519550 483
1519560 484
1519570 484
1519580 484
1519590 485
1519600 486
1519610 486
1519620 487
1519630 488
1519640 488
1519650 489
1519660 490
1519670 490
1519680 491
1519690 492
1519700 492
1519710 493
1519720 493
1519730 493
1519740 494
1519750 495
1519760 495
1519770 495
1519780 496
1519790 496
1519800 496
1519810 497
1519820 497
1519830 497
1519840 497
1519850 497
1519860 498
1519870 498
1519880 498
1519890 498
1519900 499
1519910 499
1519920 499
1519930 499
1519940 499
1519950 500
1519960 501
1519970 501
1519980 502
1519990 502
