1500000 354
1500010 353
1500020 353
1500030 352
1500040 350
1500050 350
1500060 349
1500070 348
1500080 348
1500090 348
1500100 347
1500110 347
1500120 346
1500130 346
1500140 346
1500150 345
1500160 346
1500170 346
1500180 346
1500190 346
1500200 346
1500210 346
1500220 346
1500230 346
1500240 345
1500250 345
1500260 345
1500270 345
1500280 346
1500290 346
1500300 346
1500310 347
1500320 347
1500330 347
1500340 347
1500350 347
1500360 348
1500370 349
1500380 349
1500390 350
1500400 350
1500410 350
1500420 351
1500430 351
1500440 351
1500450 352
1500460 352
1500470 352
1500480 352
1500490 352
1500500 352
1500510 352
1500520 352
1500530 352
1500540 352
1500550 351
1500560 351
1500570 351
1500580 350
1500590 350
1500600 350
1500610 349
1500620 349
1500630 348
1500640 348
1500650 348
1500660 347
1500670 347
1500680 347
1500690 346
1500700 345
1500710 345
1500720 343
1500730 341
1500740 341
1500750 340
1500760 339
1500770 339
1500780 338
1500790 337
1500800 337
1500810 336
1500820 334
1500830 334
1500840 331
1500850 329
1500860 329
1500870 328
1500880 328
1500890 328
1500900 328
1500910 328
1500920 328
1500930 329
1500940 330
1500950 330
1500960 331
1500970 333
1500980 333
1500990 338
1501000 339
1501010 339
1501020 341
1501030 341
1501040 341
1501050 342
1501060 342
1501070 342
1501080 342
1501090 342
1501100 342
1501110 342
1501120 342
1501130 342
1501140 342
1501150 342
1501160 342
1501170 342
1501180 342
1501190 342
1501200 342
1501210 342
1501220 342
1501230 342
1501240 342
1501250 342
1501260 342
1501270 342
1501280 342
1501290 342
1501300 342
1501310 342
1501320 342
1501330 342
1501340 342
1501350 342
1501360 342
1501370 342
1501380 342
1501390 343
1501400 343
1501410 343
1501420 343
1501430 343
1501440 343
1501450 342
1501460 342
1501470 343
1501480 344
1501490 344
1501500 344
1501510 345
1501520 345
1501530 346
1501540 346
1501550 346
1501560 347
1501570 347
1501580 347
1501590 348
1501600 348
1501610 348
1501620 349
1501630 349
1501640 349
1501650 349
1501660 350
1501670 350
1501680 350
1501690 350
1501700 350
1501710 350
1501720 350
1501730 350
1501740 350
1501750 349
1501760 349
1501770 349
1501780 348
1501790 348
1501800 347
1501810 346
1501820 346
1501830 345
1501840 344
1501850 344
1501860 343
1501870 342
1501880 342
1501890 341
1501900 340
1501910 340
1501920 338
1501930 336
1501940 336
1501950 333
1501960 331
1501970 331
1501980 331
1501990 330
1502000 330
1502010 330
1502020 330
1502030 329
1502040 328
1502050 328
1502060 329
1502070 330
1502080 330
1502090 331
1502100 332
1502110 332
1502120 332
1502130 334
1502140 334
1502150 335
1502160 335
1502170 335
1502180 335
1502190 335
1502200 335
1502210 335
1502220 334
1502230 334
1502240 333
1502250 333
1502260 333
1502270 333
1502280 333
1502290 333
1502300 334
1502310 335
1502320 335
1502330 335
1502340 336
1502350 336
1502360 337
1502370 338
1502380 338
1502390 339
1502400 340
1502410 340
1502420 342
1502430 344
1502440 344
1502450 346
1502460 347
1502470 347
1502480 347
1502490 347
1502500 347
1502510 348
1502520 348
1502530 348
1502540 348
1502550 348
1502560 348
1502570 348
1502580 348
1502590 348
1502600 347
1502610 347
1502620 347
1502630 349
1502640 351
1502650 351
1502660 354
1502670 356
1502680 356
1502690 359
1502700 360
1502710 360
1502720 360
1502730 361
1502740 361
1502750 362
1502760 363
1502770 363
1502780 364
1502790 365
1502800 365
1502810 365
1502820 366
1502830 366
1502840 367
1502850 367
1502860 367
1502870 368
1502880 368
1502890 368
1502900 369
1502910 369
1502920 369
1502930 370
1502940 370
1502950 370
1502960 371
1502970 371
1502980 371
1502990 372
1503000 373
1503010 373
1503020 373
1503030 374
1503040 374
1503050 375
1503060 375
1503070 375
1503080 375
1503090 376
1503100 376
1503110 376
1503120 377
1503130 377
1503140 377
1503150 377
1503160 377
1503170 378
1503180 378
1503190 378
1503200 378
1503210 378
1503220 378
1503230 378
1503240 378
1503250 378
1503260 378
1503270 378
1503280 378
1503290 378
1503300 378
1503310 378
1503320 378
1503330 378
1503340 378
1503350 378
1503360 377
1503370 377
1503380 377
1503390 376
1503400 376
1503410 376
1503420 375
1503430 375
1503440 375
1503450 374
1503460 374
1503470 373
1503480 373
1503490 373
1503500 372
1503510 372
1503520 372
1503530 371
1503540 371
1503550 371
1503560 370
1503570 370
1503580 370
1503590 369
1503600 369
1503610 369
1503620 369
1503630 369
1503640 369
1503650 368
1503660 368
1503670 368
1503680 367
1503690 367
1503700 367
1503710 366
1503720 366
1503730 366
1503740 366
1503750 365
1503760 365
1503770 365
1503780 365
1503790 365
1503800 365
1503810 365
1503820 365
1503830 364
1503840 364
1503850 364
1503860 364
1503870 364
1503880 364
1503890 364
1503900 363
1503910 363
1503920 363
1503930 363
1503940 363
1503950 362
1503960 361
1503970 361
1503980 360
1503990 361
1504000 361
1504010 361
1504020 361
1504030 361
1504040 361
1504050 361
1504060 361
1504070 361
1504080 361
1504090 362
1504100 362
1504110 362
1504120 362
1504130 362
1504140 362
1504150 361
1504160 361
1504170 361
1504180 361
1504190 361
1504200 361
1504210 361
1504220 361
1504230 361
1504240 360
1504250 360
1504260 360
1504270 360
1504280 359
1504290 359
1504300 359
1504310 359
1504320 359
1504330 359
1504340 359
1504350 359
1504360 359
1504370 359
1504380 359
1504390 358
1504400 358
1504410 358
1504420 358
1504430 357
1504440 357
1504450 357
1504460 356
1504470 356
1504480 356
1504490 356
1504500 356
1504510 355
1504520 355
1504530 355
1504540 355
1504550 355
1504560 355
1504570 355
1504580 354
1504590 354
1504600 354
1504610 353
1504620 353
1504630 352
1504640 352
1504650 352
1504660 351
1504670 350
1504680 350
1504690 350
1504700 350
1504710 350
1504720 350
1504730 350
1504740 350
1504750 349
1504760 349
1504770 349
1504780 348
1504790 349
1504800 349
1504810 349
1504820 349
1504830 349
1504840 350
1504850 350
1504860 350
1504870 350
1504880 351
1504890 351
1504900 351
1504910 351
1504920 351
1504930 350
1504940 350
1504950 350
1504960 351
1504970 351
1504980 351
1504990 351
1505000 352
1505010 352
1505020 352
1505030 352
1505040 352
1505050 352
1505060 352
1505070 352
1505080 352
1505090 352
1505100 352
1505110 352
1505120 352
1505130 352
1505140 352
1505150 352
1505160 352
1505170 352
1505180 352
1505190 352
1505200 352
1505210 352
1505220 352
1505230 352
1505240 351
1505250 351
1505260 351
1505270 351
1505280 351
1505290 351
1505300 351
1505310 351
1505320 351
1505330 351
1505340 351
1505350 351
1505360 351
1505370 351
1505380 351
1505390 351
1505400 351
1505410 351
1505420 351
1505430 351
1505440 351
1505450 351
1505460 351
1505470 350
1505480 350
1505490 350
1505500 350
1505510 350
1505520 350
1505530 350
1505540 350
1505550 350
1505560 350
1505570 350
1505580 350
1505590 349
1505600 349
1505610 349
1505620 348
1505630 348
1505640 348
1505650 348
1505660 347
1505670 347
1505680 347
1505690 346
1505700 346
1505710 346
1505720 345
1505730 345
1505740 346
1505750 346
1505760 346
1505770 346
1505780 346
1505790 346
1505800 347
1505810 347
1505820 347
1505830 347
1505840 347
1505850 347
1505860 347
1505870 347
1505880 347
1505890 348
1505900 348
1505910 348
1505920 348
1505930 348
1505940 348
1505950 348
1505960 348
1505970 348
1505980 349
1505990 349
1506000 349
1506010 349
1506020 349
1506030 349
1506040 349
1506050 349
1506060 349
1506070 348
1506080 348
1506090 348
1506100 348
1506110 348
1506120 348
1506130 348
1506140 348
1506150 348
1506160 348
1506170 348
1506180 347
1506190 347
1506200 347
1506210 347
1506220 347
1506230 347
1506240 346
1506250 346
1506260 346
1506270 345
1506280 345
1506290 345
1506300 345
1506310 345
1506320 345
1506330 345
1506340 345
1506350 345
1506360 344
1506370 344
1506380 344
1506390 344
1506400 343
1506410 343
1506420 343
1506430 343
1506440 343
1506450 343
1506460 342
1506470 342
1506480 342
1506490 342
1506500 342
1506510 342
1506520 342
1506530 342
1506540 341
1506550 341
1506560 341
1506570 340
1506580 340
1506590 340
1506600 339
1506610 339
1506620 339
1506630 338
1506640 338
1506650 338
1506660 338
1506670 337
1506680 337
1506690 337
1506700 337
1506710 337
1506720 338
1506730 338
1506740 338
1506750 338
1506760 338
1506770 338
1506780 338
1506790 339
1506800 339
1506810 339
1506820 339
1506830 339
1506840 339
1506850 339
1506860 339
1506870 340
1506880 340
1506890 340
1506900 340
1506910 340
1506920 340
1506930 340
1506940 340
1506950 340
1506960 339
1506970 339
1506980 339
1506990 339
1507000 339
1507010 339
1507020 339
1507030 339
1507040 339
1507050 339
1507060 339
1507070 339
1507080 339
1507090 338
1507100 338
1507110 338
1507120 338
1507130 338
1507140 338
1507150 338
1507160 338
1507170 338
1507180 337
1507190 337
1507200 337
1507210 337
1507220 337
1507230 337
1507240 337
1507250 337
1507260 337
1507270 337
1507280 337
1507290 337
1507300 337
1507310 337
1507320 336
1507330 336
1507340 336
1507350 336
1507360 336
1507370 336
1507380 336
1507390 336
1507400 336
1507410 335
1507420 335
1507430 335
1507440 335
1507450 335
1507460 335
1507470 335
1507480 335
1507490 335
1507500 335
1507510 334
1507520 334
1507530 334
1507540 334
1507550 334
1507560 334
1507570 334
1507580 334
1507590 334
1507600 334
1507610 334
1507620 334
1507630 333
1507640 333
1507650 333
1507660 333
1507670 333
1507680 333
1507690 333
1507700 333
1507710 333
1507720 333
1507730 333
1507740 333
1507750 333
1507760 333
1507770 333
1507780 332
1507790 332
1507800 333
1507810 333
1507820 333
1507830 333
1507840 333
1507850 333
1507860 332
1507870 332
1507880 332
1507890 332
1507900 332
1507910 332
1507920 332
1507930 332
1507940 332
1507950 332
1507960 332
1507970 332
1507980 332
1507990 332
1508000 332
1508010 332
1508020 332
1508030 332
1508040 331
1508050 331
1508060 331
1508070 331
1508080 331
1508090 331
1508100 332
1508110 332
1508120 331
1508130 331
1508140 331
1508150 331
1508160 331
1508170 331
1508180 332
1508190 331
1508200 331
1508210 332
1508220 332
1508230 332
1508240 332
1508250 331
1508260 331
1508270 330
1508280 331
1508290 331
1508300 331
1508310 331
1508320 331
1508330 331
1508340 331
1508350 331
1508360 331
1508370 331
1508380 331
1508390 331
1508400 331
1508410 331
1508420 331
1508430 331
1508440 331
1508450 331
1508460 331
1508470 331
1508480 331
1508490 332
1508500 332
1508510 332
1508520 332
1508530 332
1508540 332
1508550 331
1508560 331
1508570 330
1508580 330
1508590 330
1508600 330
1508610 331
1508620 331
1508630 331
1508640 331
1508650 331
1508660 331
1508670 332
1508680 332
1508690 332
1508700 331
1508710 331
1508720 331
1508730 331
1508740 331
1508750 330
1508760 331
1508770 331
1508780 331
1508790 331
1508800 331
1508810 331
1508820 331
1508830 331
1508840 330
1508850 331
1508860 331
1508870 331
1508880 331
1508890 331
1508900 331
1508910 331
1508920 331
1508930 331
1508940 331
1508950 331
1508960 331
1508970 330
1508980 330
1508990 330
1509000 331
1509010 331
1509020 332
1509030 332
1509040 332
1509050 333
1509060 333
1509070 333
1509080 333
1509090 334
1509100 334
1509110 335
1509120 337
1509130 337
1509140 337
1509150 338
1509160 338
1509170 338
1509180 339
1509190 339
1509200 339
1509210 340
1509220 340
1509230 340
1509240 341
1509250 341
1509260 341
1509270 342
1509280 342
1509290 342
1509300 343
1509310 343
1509320 343
1509330 343
1509340 343
1509350 343
1509360 343
1509370 343
1509380 343
1509390 344
1509400 344
1509410 344
1509420 344
1509430 344
1509440 344
1509450 344
1509460 344
1509470 344
1509480 344
1509490 344
1509500 344
1509510 345
1509520 345
1509530 345
1509540 345
1509550 345
1509560 345
1509570 345
1509580 345
1509590 345
1509600 345
1509610 345
1509620 345
1509630 345
1509640 345
1509650 345
1509660 345
1509670 345
1509680 345
1509690 345
1509700 345
1509710 345
1509720 345
1509730 345
1509740 345
1509750 345
1509760 345
1509770 345
1509780 345
1509790 345
1509800 345
1509810 346
1509820 346
1509830 346
1509840 346
1509850 346
1509860 346
1509870 346
1509880 346
1509890 346
1509900 346
1509910 346
1509920 346
1509930 346
1509940 346
1509950 346
1509960 346
1509970 346
1509980 346
1509990 346
1510000 346
1510010 346
1510020 346
1510030 346
1510040 346
1510050 346
1510060 346
1510070 347
1510080 346
1510090 346
1510100 347
1510110 347
1510120 347
1510130 347
1510140 347
1510150 347
1510160 347
1510170 347
1510180 347
1510190 347
1510200 347
1510210 347
1510220 347
1510230 347
1510240 347
1510250 347
1510260 347
1510270 347
1510280 347
1510290 347
1510300 347
1510310 347
1510320 347
1510330 347
1510340 347
1510350 347
1510360 347
1510370 347
1510380 347
1510390 347
1510400 347
1510410 347
1510420 347
1510430 347
1510440 347
1510450 347
1510460 347
1510470 347
1510480 348
1510490 348
1510500 348
1510510 348
1510520 348
1510530 348
1510540 348
1510550 348
1510560 348
1510570 348
1510580 348
1510590 348
1510600 348
1510610 348
1510620 348
1510630 348
1510640 348
1510650 348
1510660 348
1510670 348
1510680 348
1510690 348
1510700 348
1510710 348
1510720 348
1510730 347
1510740 347
1510750 347
1510760 347
1510770 347
1510780 347
1510790 347
1510800 347
1510810 347
1510820 347
1510830 347
1510840 346
1510850 346
1510860 346
1510870 346
1510880 345
1510890 345
1510900 345
1510910 344
1510920 344
1510930 344
1510940 343
1510950 343
1510960 343
1510970 342
1510980 342
1510990 342
1511000 341
1511010 341
1511020 340
1511030 340
1511040 340
1511050 339
1511060 339
1511070 339
1511080 338
1511090 338
1511100 338
1511110 337
1511120 337
1511130 337
1511140 336
1511150 336
1511160 336
1511170 335
1511180 334
1511190 334
1511200 333
1511210 332
1511220 332
1511230 332
1511240 333
1511250 333
1511260 332
1511270 332
1511280 332
1511290 333
1511300 333
1511310 333
1511320 333
1511330 333
1511340 333
1511350 333
1511360 332
1511370 332
1511380 333
1511390 333
1511400 333
1511410 333
1511420 333
1511430 333
1511440 333
1511450 333
1511460 333
1511470 333
1511480 333
1511490 333
1511500 333
1511510 333
1511520 333
1511530 333
1511540 333
1511550 333
1511560 333
1511570 333
1511580 333
1511590 333
1511600 333
1511610 333
1511620 333
1511630 333
1511640 333
1511650 334
1511660 334
1511670 334
1511680 334
1511690 334
1511700 334
1511710 334
1511720 334
1511730 334
1511740 334
1511750 335
1511760 335
1511770 336
1511780 337
1511790 337
1511800 338
1511810 338
1511820 338
1511830 339
1511840 340
1511850 340
1511860 341
1511870 342
1511880 342
1511890 343
1511900 345
1511910 345
1511920 347
1511930 349
1511940 349
1511950 350
1511960 352
1511970 352
1511980 354
1511990 356
1512000 356
1512010 357
1512020 358
1512030 358
1512040 358
1512050 359
1512060 359
1512070 360
1512080 360
1512090 360
1512100 361
1512110 361
1512120 361
1512130 361
1512140 361
1512150 362
1512160 363
1512170 363
1512180 364
1512190 364
1512200 364
1512210 364
1512220 365
1512230 365
1512240 365
1512250 365
1512260 365
1512270 365
1512280 364
1512290 364
1512300 364
1512310 364
1512320 364
1512330 363
1512340 363
1512350 363
1512360 362
1512370 361
1512380 361
1512390 360
1512400 360
1512410 360
1512420 358
1512430 355
1512440 355
1512450 351
1512460 351
1512470 351
1512480 355
1512490 355
1512500 355
1512510 357
1512520 359
1512530 359
1512540 359
1512550 360
1512560 360
1512570 361
1512580 361
1512590 361
1512600 361
1512610 362
1512620 362
1512630 362
1512640 363
1512650 363
1512660 363
1512670 364
1512680 364
1512690 364
1512700 364
1512710 364
1512720 364
1512730 365
1512740 365
1512750 365
1512760 365
1512770 365
1512780 365
1512790 365
1512800 365
1512810 365
1512820 365
1512830 365
1512840 365
1512850 365
1512860 365
1512870 365
1512880 365
1512890 365
1512900 365
1512910 365
1512920 365
1512930 365
1512940 366
1512950 366
1512960 366
1512970 365
1512980 365
1512990 365
1513000 366
1513010 366
1513020 365
1513030 365
1513040 365
1513050 365
1513060 364
1513070 364
1513080 363
1513090 362
1513100 362
1513110 361
1513120 359
1513130 359
1513140 358
1513150 357
1513160 357
1513170 356
1513180 355
1513190 355
1513200 354
1513210 354
1513220 354
1513230 353
1513240 352
1513250 352
1513260 352
1513270 351
1513280 351
1513290 351
1513300 350
1513310 350
1513320 350
1513330 349
1513340 349
1513350 349
1513360 349
1513370 349
1513380 349
1513390 348
1513400 348
1513410 348
1513420 347
1513430 347
1513440 346
1513450 346
1513460 346
1513470 345
1513480 344
1513490 344
1513500 343
1513510 342
1513520 342
1513530 341
1513540 341
1513550 341
1513560 341
1513570 341
1513580 341
1513590 340
1513600 340
1513610 340
1513620 339
1513630 339
1513640 339
1513650 339
1513660 339
1513670 339
1513680 339
1513690 339
1513700 339
1513710 339
1513720 339
1513730 339
1513740 340
1513750 341
1513760 341
1513770 345
1513780 347
1513790 347
1513800 349
1513810 350
1513820 350
1513830 351
1513840 352
1513850 352
1513860 353
1513870 354
1513880 354
1513890 355
1513900 356
1513910 356
1513920 356
1513930 357
1513940 357
1513950 358
1513960 359
1513970 359
1513980 359
1513990 360
1514000 360
1514010 361
1514020 362
1514030 362
1514040 362
1514050 363
1514060 363
1514070 364
1514080 364
1514090 364
1514100 365
1514110 366
1514120 366
1514130 366
1514140 367
1514150 367
1514160 368
1514170 368
1514180 369
1514190 369
1514200 369
1514210 370
1514220 371
1514230 371
1514240 371
1514250 372
1514260 372
1514270 373
1514280 373
1514290 373
1514300 374
1514310 374
1514320 374
1514330 374
1514340 374
1514350 374
1514360 374
1514370 372
1514380 372
1514390 371
1514400 369
1514410 369
1514420 367
1514430 365
1514440 365
1514450 363
1514460 362
1514470 362
1514480 360
1514490 360
1514500 360
1514510 360
1514520 360
1514530 360
1514540 360
1514550 361
1514560 361
1514570 362
1514580 362
1514590 362
1514600 363
1514610 364
1514620 364
1514630 365
1514640 366
1514650 366
1514660 366
1514670 366
1514680 366
1514690 366
1514700 366
1514710 366
1514720 365
1514730 365
1514740 365
1514750 365
1514760 365
1514770 365
1514780 365
1514790 364
1514800 364
1514810 364
1514820 364
1514830 364
1514840 364
1514850 363
1514860 363
1514870 362
1514880 361
1514890 361
1514900 360
1514910 359
1514920 359
1514930 358
1514940 358
1514950 358
1514960 358
1514970 358
1514980 358
1514990 357
1515000 357
1515010 357
1515020 357
1515030 356
1515040 356
1515050 356
1515060 356
1515070 356
1515080 357
1515090 358
1515100 358
1515110 358
1515120 358
1515130 358
1515140 359
1515150 360
1515160 360
1515170 362
1515180 362
1515190 362
1515200 363
1515210 364
1515220 364
1515230 364
1515240 365
1515250 365
1515260 366
1515270 366
1515280 366
1515290 367
1515300 367
1515310 367
1515320 368
1515330 368
1515340 368
1515350 369
1515360 369
1515370 369
1515380 370
1515390 370
1515400 370
1515410 371
1515420 371
1515430 371
1515440 372
1515450 372
1515460 372
1515470 373
1515480 373
1515490 373
1515500 373
1515510 373
1515520 373
1515530 372
1515540 372
1515550 372
1515560 372
1515570 372
1515580 372
1515590 372
1515600 372
1515610 372
1515620 372
1515630 372
1515640 372
1515650 372
1515660 372
1515670 372
1515680 372
1515690 372
1515700 372
1515710 373
1515720 374
1515730 374
1515740 374
1515750 374
1515760 374
1515770 374
1515780 374
1515790 374
1515800 374
1515810 375
1515820 375
1515830 375
1515840 376
1515850 376
1515860 377
1515870 378
1515880 378
1515890 378
1515900 378
1515910 378
1515920 378
1515930 380
1515940 380
1515950 381
1515960 382
1515970 382
1515980 383
1515990 383
1516000 383
1516010 384
1516020 385
1516030 385
1516040 386
1516050 387
1516060 387
1516070 387
1516080 388
1516090 388
1516100 389
1516110 390
1516120 390
1516130 391
1516140 392
1516150 392
1516160 393
1516170 394
1516180 394
1516190 395
1516200 395
1516210 396
1516220 397
1516230 397
1516240 397
1516250 398
1516260 398
1516270 399
1516280 399
1516290 399
1516300 400
1516310 400
1516320 400
1516330 401
1516340 401
1516350 401
1516360 401
1516370 402
1516380 402
1516390 402
1516400 402
1516410 402
1516420 402
1516430 402
1516440 402
1516450 402
1516460 402
1516470 402
1516480 401
1516490 401
1516500 401
1516510 401
1516520 400
1516530 400
1516540 400
1516550 399
1516560 399
1516570 399
1516580 399
1516590 399
1516600 398
1516610 398
1516620 398
1516630 397
1516640 396
1516650 396
1516660 395
1516670 393
1516680 393
1516690 392
1516700 390
1516710 390
1516720 388
1516730 386
1516740 386
1516750 383
1516760 381
1516770 381
1516780 379
1516790 377
1516800 377
1516810 376
1516820 376
1516830 376
1516840 375
1516850 373
1516860 373
1516870 372
1516880 371
1516890 371
1516900 370
1516910 369
1516920 369
1516930 368
1516940 367
1516950 367
1516960 366
1516970 365
1516980 365
1516990 364
1517000 363
1517010 363
1517020 362
1517030 362
1517040 362
1517050 362
1517060 361
1517070 361
1517080 359
1517090 357
1517100 357
1517110 355
1517120 354
1517130 354
1517140 354
1517150 353
1517160 353
1517170 353
1517180 354
1517190 354
1517200 354
1517210 354
1517220 354
1517230 355
1517240 356
1517250 356
1517260 357
1517270 358
1517280 357
1517290 358
1517300 359
1517310 359
1517320 360
1517330 361
1517340 361
1517350 363
1517360 364
1517370 364
1517380 365
1517390 366
1517400 366
1517410 367
1517420 368
1517430 368
1517440 369
1517450 370
1517460 370
1517470 371
1517480 372
1517490 372
1517500 373
1517510 374
1517520 374
1517530 376
1517540 377
1517550 377
1517560 378
1517570 379
1517580 379
1517590 380
1517600 381
1517610 381
1517620 383
1517630 384
1517640 384
1517650 385
1517660 386
1517670 386
1517680 387
1517690 388
1517700 388
1517710 389
1517720 390
1517730 390
1517740 391
1517750 392
1517760 392
1517770 393
1517780 395
1517790 395
1517800 396
1517810 397
1517820 397
1517830 399
1517840 400
1517850 400
1517860 402
1517870 403
1517880 403
1517890 405
1517900 407
1517910 407
1517920 408
1517930 410
1517940 410
1517950 411
1517960 413
1517970 413
1517980 414
1517990 415
1518000 415
1518010 417
1518020 418
1518030 418
1518040 419
1518050 420
1518060 420
1518070 421
1518080 422
1518090 422
1518100 423
1518110 423
1518120 423
1518130 424
1518140 424
1518150 424
1518160 425
1518170 425
1518180 425
1518190 425
1518200 426
1518210 426
1518220 426
1518230 426
1518240 426
1518250 426
1518260 426
1518270 427
1518280 427
1518290 427
1518300 427
1518310 428
1518320 428
1518330 428
1518340 429
1518350 429
1518360 430
1518370 431
1518380 431
1518390 432
1518400 433
1518410 433
1518420 434
1518430 434
1518440 434
1518450 435
1518460 436
1518470 436
1518480 437
1518490 438
1518500 438
1518510 439
1518520 441
1518530 441
1518540 442
1518550 443
1518560 443
1518570 444
1518580 446
1518590 446
1518600 447
1518610 448
1518620 448
1518630 449
1518640 450
1518650 450
1518660 451
1518670 452
1518680 452
1518690 453
1518700 455
1518710 455
1518720 456
1518730 457
1518740 457
1518750 458
1518760 459
1518770 459
1518780 460
1518790 461
1518800 461
1518810 462
1518820 463
1518830 463
1518840 463
1518850 464
1518860 464
1518870 465
1518880 466
1518890 466
1518900 467
1518910 468
1518920 468
1518930 470
1518940 471
1518950 471
1518960 472
1518970 473
1518980 473
1518990 475
1519000 476
1519010 476
1519020 477
1519030 478
1519040 478
1519050 479
1519060 480
1519070 480
1519080 481
1519090 482
1519100 482
1519110 482
1519120 483
1519130 483
1519140 483
1519150 483
1519160 483
1519170 483
1519180 483
1519190 483
1519200 484
1519210 484
1519220 484
1519230 484
1519240 484
1519250 484
1519260 485
1519270 485
1519280 485
1519290 485
1519300 485
1519310 485
1519320 486
1519330 486
1519340 486
1519350 487
1519360 487
1519370 487
1519380 487
1519390 487
1519400 487
1519410 487
1519420 488
1519430 488
1519440 488
1519450 489
1519460 489
1519470 489
1519480 490
1519490 490
1519500 490
1519510 490
1519520 490
1519530 490
1519540 490
1519550 490
1519560 490
1519570 490
1519580 490
1519590 490
1519600 490
1519610 490
1519620 490
1519630 490
1519640 490
1519650 490
1519660 490
1519670 490
1519680 491
1519690 491
1519700 491
1519710 491
1519720 492
1519730 492
1519740 492
1519750 492
1519760 492
1519770 492
1519780 492
1519790 492
1519800 492
1519810 492
1519820 492
1519830 492
1519840 492
1519850 492
1519860 492
1519870 493
1519880 493
1519890 493
1519900 493
1519910 493
1519920 493
1519930 493
1519940 493
1519950 493
1519960 493
1519970 493
1519980 493
1519990 493
