1500000 345
1500010 343
1500020 342
1500030 342
1500040 342
1500050 343
1500060 343
1500070 343
1500080 343
1500090 343
1500100 343
1500110 343
1500120 342
1500130 342
1500140 342
1500150 341
1500160 341
1500170 341
1500180 341
1500190 340
1500200 340
1500210 340
1500220 340
1500230 340
1500240 339
1500250 339
1500260 339
1500270 337
1500280 337
1500290 337
1500300 336
1500310 336
1500320 336
1500330 336
1500340 335
1500350 335
1500360 336
1500370 336
1500380 336
1500390 335
1500400 335
1500410 335
1500420 335
1500430 335
1500440 335
1500450 334
1500460 334
1500470 334
1500480 334
1500490 334
1500500 334
1500510 334
1500520 334
1500530 334
1500540 334
1500550 334
1500560 334
1500570 334
1500580 333
1500590 333
1500600 333
1500610 333
1500620 333
1500630 332
1500640 332
1500650 332
1500660 333
1500670 333
1500680 333
1500690 333
1500700 333
1500710 333
1500720 333
1500730 333
1500740 333
1500750 335
1500760 336
1500770 336
1500780 337
1500790 339
1500800 339
1500810 340
1500820 341
1500830 341
1500840 342
1500850 344
1500860 344
1500870 346
1500880 347
1500890 347
1500900 349
1500910 351
1500920 351
1500930 354
1500940 356
1500950 356
1500960 357
1500970 358
1500980 358
1500990 359
1501000 360
1501010 360
1501020 361
1501030 362
1501040 362
1501050 362
1501060 362
1501070 362
1501080 362
1501090 363
1501100 363
1501110 363
1501120 363
1501130 363
1501140 363
1501150 363
1501160 363
1501170 363
1501180 363
1501190 363
1501200 362
1501210 362
1501220 362
1501230 362
1501240 362
1501250 362
1501260 362
1501270 361
1501280 361
1501290 361
1501300 361
1501310 361
1501320 361
1501330 360
1501340 360
1501350 360
1501360 360
1501370 360
1501380 360
1501390 359
1501400 359
1501410 359
1501420 359
1501430 359
1501440 359
1501450 359
1501460 359
1501470 358
1501480 358
1501490 358
1501500 358
1501510 357
1501520 357
1501530 357
1501540 356
1501550 356
1501560 356
1501570 355
1501580 355
1501590 354
1501600 354
1501610 354
1501620 353
1501630 352
1501640 352
1501650 352
1501660 351
1501670 351
1501680 350
1501690 349
1501700 349
1501710 348
1501720 348
1501730 348
1501740 347
1501750 346
1501760 346
1501770 345
1501780 344
1501790 344
1501800 343
1501810 342
1501820 342
1501830 342
1501840 340
1501850 340
1501860 338
1501870 335
1501880 335
1501890 333
1501900 332
1501910 332
1501920 332
1501930 331
1501940 331
1501950 331
1501960 331
1501970 331
1501980 331
1501990 330
1502000 330
1502010 330
1502020 329
1502030 329
1502040 329
1502050 329
1502060 329
1502070 329
1502080 329
1502090 329
1502100 330
1502110 329
1502120 329
1502130 329
1502140 329
1502150 329
1502160 328
1502170 328
1502180 328
1502190 328
1502200 328
1502210 328
1502220 327
1502230 327
1502240 327
1502250 327
1502260 327
1502270 328
1502280 328
1502290 328
1502300 328
1502310 327
1502320 327
1502330 328
1502340 328
1502350 328
1502360 328
1502370 328
1502380 328
1502390 329
1502400 329
1502410 329
1502420 330
1502430 331
1502440 331
1502450 331
1502460 332
1502470 332
1502480 333
1502490 334
1502500 334
1502510 334
1502520 335
1502530 335
1502540 337
1502550 338
1502560 338
1502570 339
1502580 339
1502590 339
1502600 340
1502610 341
1502620 341
1502630 343
1502640 344
1502650 344
1502660 345
1502670 346
1502680 346
1502690 348
1502700 349
1502710 349
1502720 350
1502730 351
1502740 351
1502750 352
1502760 353
1502770 353
1502780 354
1502790 355
1502800 355
1502810 356
1502820 358
1502830 358
1502840 359
1502850 360
1502860 360
1502870 360
1502880 361
1502890 361
1502900 361
1502910 362
1502920 362
1502930 362
1502940 363
1502950 363
1502960 364
1502970 364
1502980 364
1502990 365
1503000 366
1503010 366
1503020 367
1503030 367
1503040 367
1503050 368
1503060 369
1503070 369
1503080 369
1503090 370
1503100 370
1503110 371
1503120 371
1503130 371
1503140 372
1503150 373
1503160 373
1503170 373
1503180 374
1503190 374
1503200 374
1503210 375
1503220 375
1503230 375
1503240 375
1503250 375
1503260 376
1503270 376
1503280 376
1503290 376
1503300 377
1503310 377
1503320 377
1503330 377
1503340 377
1503350 377
1503360 378
1503370 378
1503380 378
1503390 378
1503400 378
1503410 378
1503420 378
1503430 378
1503440 378
1503450 378
1503460 378
1503470 378
1503480 378
1503490 378
1503500 378
1503510 377
1503520 377
1503530 377
1503540 377
1503550 377
1503560 376
1503570 376
1503580 376
1503590 375
1503600 375
1503610 375
1503620 375
1503630 374
1503640 374
1503650 374
1503660 373
1503670 373
1503680 373
1503690 372
1503700 372
1503710 372
1503720 372
1503730 372
1503740 372
1503750 372
1503760 372
1503770 372
1503780 372
1503790 372
1503800 372
1503810 371
1503820 371
1503830 371
1503840 371
1503850 371
1503860 370
1503870 370
1503880 370
1503890 370
1503900 369
1503910 369
1503920 369
1503930 369
1503940 369
1503950 369
1503960 368
1503970 368
1503980 368
1503990 368
1504000 368
1504010 368
1504020 367
1504030 367
1504040 367
1504050 367
1504060 367
1504070 367
1504080 366
1504090 366
1504100 366
1504110 366
1504120 366
1504130 365
1504140 365
1504150 365
1504160 364
1504170 364
1504180 364
1504190 364
1504200 364
1504210 364
1504220 363
1504230 363
1504240 363
1504250 362
1504260 362
1504270 362
1504280 362
1504290 362
1504300 361
1504310 360
1504320 360
1504330 360
1504340 360
1504350 360
1504360 359
1504370 359
1504380 359
1504390 359
1504400 358
1504410 358
1504420 358
1504430 357
1504440 357
1504450 356
1504460 356
1504470 356
1504480 355
1504490 354
1504500 354
1504510 353
1504520 353
1504530 353
1504540 354
1504550 354
1504560 354
1504570 355
1504580 355
1504590 355
1504600 354
1504610 354
1504620 354
1504630 354
1504640 354
1504650 354
1504660 354
1504670 354
1504680 354
1504690 353
1504700 352
1504710 352
1504720 352
1504730 352
1504740 352
1504750 352
1504760 352
1504770 352
1504780 352
1504790 352
1504800 352
1504810 351
1504820 351
1504830 351
1504840 353
1504850 353
1504860 353
1504870 353
1504880 353
1504890 353
1504900 354
1504910 354
1504920 354
1504930 354
1504940 354
1504950 354
1504960 354
1504970 354
1504980 354
1504990 354
1505000 354
1505010 354
1505020 354
1505030 354
1505040 354
1505050 355
1505060 355
1505070 355
1505080 355
1505090 355
1505100 355
1505110 355
1505120 355
1505130 355
1505140 355
1505150 355
1505160 355
1505170 355
1505180 355
1505190 355
1505200 354
1505210 354
1505220 354
1505230 354
1505240 354
1505250 354
1505260 354
1505270 354
1505280 354
1505290 354
1505300 354
1505310 354
1505320 353
1505330 353
1505340 353
1505350 353
1505360 353
1505370 353
1505380 353
1505390 353
1505400 353
1505410 353
1505420 352
1505430 352
1505440 352
1505450 352
1505460 352
1505470 352
1505480 352
1505490 352
1505500 352
1505510 351
1505520 351
1505530 351
1505540 351
1505550 351
1505560 350
1505570 350
1505580 350
1505590 349
1505600 349
1505610 349
1505620 348
1505630 348
1505640 348
1505650 348
1505660 348
1505670 348
1505680 348
1505690 348
1505700 348
1505710 349
1505720 349
1505730 349
1505740 349
1505750 349
1505760 349
1505770 349
1505780 349
1505790 349
1505800 349
1505810 350
1505820 350
1505830 350
1505840 350
1505850 350
1505860 350
1505870 350
1505880 350
1505890 351
1505900 351
1505910 351
1505920 351
1505930 351
1505940 351
1505950 351
1505960 351
1505970 351
1505980 351
1505990 351
1506000 351
1506010 351
1506020 351
1506030 351
1506040 350
1506050 350
1506060 350
1506070 350
1506080 350
1506090 350
1506100 350
1506110 350
1506120 350
1506130 350
1506140 349
1506150 349
1506160 349
1506170 349
1506180 349
1506190 348
1506200 348
1506210 348
1506220 347
1506230 347
1506240 347
1506250 347
1506260 347
1506270 346
1506280 346
1506290 346
1506300 346
1506310 345
1506320 345
1506330 345
1506340 345
1506350 345
1506360 344
1506370 344
1506380 344
1506390 344
1506400 343
1506410 343
1506420 343
1506430 342
1506440 342
1506450 342
1506460 341
1506470 341
1506480 341
1506490 341
1506500 341
1506510 341
1506520 340
1506530 340
1506540 340
1506550 340
1506560 340
1506570 339
1506580 340
1506590 340
1506600 340
1506610 340
1506620 340
1506630 340
1506640 340
1506650 340
1506660 340
1506670 341
1506680 341
1506690 341
1506700 341
1506710 341
1506720 341
1506730 341
1506740 341
1506750 341
1506760 341
1506770 341
1506780 342
1506790 342
1506800 342
1506810 342
1506820 342
1506830 342
1506840 342
1506850 342
1506860 342
1506870 342
1506880 342
1506890 342
1506900 342
1506910 342
1506920 342
1506930 342
1506940 342
1506950 342
1506960 342
1506970 342
1506980 342
1506990 341
1507000 341
1507010 341
1507020 341
1507030 341
1507040 341
1507050 340
1507060 340
1507070 340
1507080 340
1507090 340
1507100 340
1507110 340
1507120 340
1507130 340
1507140 340
1507150 340
1507160 340
1507170 340
1507180 340
1507190 340
1507200 340
1507210 339
1507220 339
1507230 339
1507240 339
1507250 339
1507260 339
1507270 338
1507280 338
1507290 338
1507300 338
1507310 338
1507320 338
1507330 338
1507340 338
1507350 337
1507360 337
1507370 337
1507380 337
1507390 337
1507400 337
1507410 337
1507420 337
1507430 337
1507440 337
1507450 337
1507460 337
1507470 336
1507480 336
1507490 336
1507500 336
1507510 336
1507520 336
1507530 336
1507540 335
1507550 335
1507560 335
1507570 335
1507580 335
1507590 334
1507600 334
1507610 334
1507620 334
1507630 334
1507640 334
1507650 334
1507660 334
1507670 334
1507680 334
1507690 333
1507700 333
1507710 334
1507720 335
1507730 335
1507740 334
1507750 333
1507760 333
1507770 333
1507780 333
1507790 333
1507800 333
1507810 333
1507820 333
1507830 333
1507840 333
1507850 333
1507860 333
1507870 333
1507880 333
1507890 333
1507900 333
1507910 333
1507920 333
1507930 333
1507940 333
1507950 333
1507960 332
1507970 332
1507980 332
1507990 332
1508000 332
1508010 332
1508020 332
1508030 332
1508040 332
1508050 332
1508060 332
1508070 332
1508080 332
1508090 332
1508100 332
1508110 332
1508120 332
1508130 331
1508140 331
1508150 331
1508160 331
1508170 332
1508180 332
1508190 332
1508200 332
1508210 332
1508220 332
1508230 332
1508240 332
1508250 332
1508260 332
1508270 332
1508280 332
1508290 332
1508300 332
1508310 332
1508320 332
1508330 332
1508340 331
1508350 331
1508360 331
1508370 331
1508380 331
1508390 331
1508400 332
1508410 332
1508420 332
1508430 332
1508440 332
1508450 331
1508460 331
1508470 331
1508480 331
1508490 332
1508500 332
1508510 332
1508520 332
1508530 332
1508540 332
1508550 332
1508560 332
1508570 332
1508580 332
1508590 332
1508600 332
1508610 332
1508620 332
1508630 331
1508640 331
1508650 331
1508660 331
1508670 331
1508680 331
1508690 330
1508700 330
1508710 330
1508720 331
1508730 332
1508740 332
1508750 332
1508760 332
1508770 332
1508780 332
1508790 332
1508800 332
1508810 332
1508820 332
1508830 332
1508840 332
1508850 332
1508860 332
1508870 332
1508880 332
1508890 332
1508900 332
1508910 332
1508920 332
1508930 332
1508940 332
1508950 332
1508960 332
1508970 332
1508980 332
1508990 332
1509000 332
1509010 332
1509020 332
1509030 332
1509040 332
1509050 332
1509060 332
1509070 332
1509080 332
1509090 332
1509100 332
1509110 332
1509120 332
1509130 332
1509140 332
1509150 332
1509160 332
1509170 332
1509180 333
1509190 333
1509200 333
1509210 333
1509220 333
1509230 334
1509240 335
1509250 335
1509260 335
1509270 336
1509280 336
1509290 337
1509300 338
1509310 338
1509320 339
1509330 339
1509340 339
1509350 340
1509360 340
1509370 340
1509380 341
1509390 341
1509400 341
1509410 341
1509420 341
1509430 342
1509440 342
1509450 342
1509460 342
1509470 342
1509480 343
1509490 343
1509500 343
1509510 343
1509520 343
1509530 343
1509540 344
1509550 344
1509560 344
1509570 344
1509580 344
1509590 344
1509600 344
1509610 344
1509620 344
1509630 343
1509640 343
1509650 343
1509660 344
1509670 344
1509680 344
1509690 344
1509700 344
1509710 344
1509720 345
1509730 345
1509740 345
1509750 345
1509760 345
1509770 345
1509780 346
1509790 346
1509800 346
1509810 346
1509820 346
1509830 346
1509840 346
1509850 346
1509860 346
1509870 346
1509880 346
1509890 346
1509900 346
1509910 346
1509920 346
1509930 346
1509940 346
1509950 346
1509960 346
1509970 346
1509980 346
1509990 346
1510000 346
1510010 346
1510020 346
1510030 346
1510040 347
1510050 346
1510060 346
1510070 346
1510080 346
1510090 346
1510100 346
1510110 346
1510120 346
1510130 346
1510140 347
1510150 347
1510160 347
1510170 347
1510180 347
1510190 347
1510200 347
1510210 347
1510220 347
1510230 347
1510240 347
1510250 347
1510260 347
1510270 347
1510280 347
1510290 347
1510300 347
1510310 347
1510320 347
1510330 347
1510340 347
1510350 347
1510360 347
1510370 347
1510380 347
1510390 347
1510400 347
1510410 347
1510420 347
1510430 347
1510440 347
1510450 348
1510460 348
1510470 348
1510480 348
1510490 348
1510500 348
1510510 348
1510520 348
1510530 348
1510540 348
1510550 348
1510560 348
1510570 348
1510580 348
1510590 348
1510600 348
1510610 348
1510620 348
1510630 348
1510640 348
1510650 348
1510660 348
1510670 348
1510680 348
1510690 349
1510700 349
1510710 349
1510720 349
1510730 349
1510740 349
1510750 348
1510760 349
1510770 349
1510780 349
1510790 349
1510800 349
1510810 348
1510820 348
1510830 348
1510840 348
1510850 348
1510860 348
1510870 348
1510880 348
1510890 348
1510900 347
1510910 347
1510920 347
1510930 347
1510940 347
1510950 347
1510960 346
1510970 346
1510980 346
1510990 346
1511000 345
1511010 345
1511020 345
1511030 344
1511040 344
1511050 343
1511060 342
1511070 342
1511080 341
1511090 341
1511100 341
1511110 340
1511120 339
1511130 339
1511140 339
1511150 339
1511160 339
1511170 340
1511180 340
1511190 340
1511200 339
1511210 339
1511220 339
1511230 339
1511240 339
1511250 339
1511260 339
1511270 339
1511280 339
1511290 339
1511300 339
1511310 339
1511320 339
1511330 339
1511340 339
1511350 339
1511360 339
1511370 339
1511380 338
1511390 338
1511400 338
1511410 338
1511420 338
1511430 338
1511440 338
1511450 338
1511460 338
1511470 337
1511480 337
1511490 337
1511500 337
1511510 337
1511520 337
1511530 337
1511540 336
1511550 336
1511560 336
1511570 336
1511580 336
1511590 337
1511600 337
1511610 337
1511620 336
1511630 336
1511640 336
1511650 335
1511660 335
1511670 335
1511680 335
1511690 334
1511700 334
1511710 334
1511720 333
1511730 333
1511740 333
1511750 333
1511760 333
1511770 333
1511780 333
1511790 333
1511800 333
1511810 334
1511820 334
1511830 334
1511840 334
1511850 334
1511860 334
1511870 335
1511880 335
1511890 335
1511900 336
1511910 336
1511920 337
1511930 338
1511940 338
1511950 338
1511960 340
1511970 340
1511980 341
1511990 342
1512000 342
1512010 343
1512020 345
1512030 345
1512040 347
1512050 350
1512060 350
1512070 352
1512080 354
1512090 354
1512100 355
1512110 357
1512120 357
1512130 357
1512140 358
1512150 358
1512160 359
1512170 359
1512180 359
1512190 360
1512200 360
1512210 360
1512220 361
1512230 361
1512240 361
1512250 361
1512260 362
1512270 362
1512280 362
1512290 362
1512300 362
1512310 361
1512320 361
1512330 361
1512340 361
1512350 361
1512360 361
1512370 360
1512380 360
1512390 359
1512400 358
1512410 358
1512420 357
1512430 356
1512440 356
1512450 355
1512460 354
1512470 354
1512480 353
1512490 352
1512500 352
1512510 350
1512520 347
1512530 347
1512540 344
1512550 343
1512560 343
1512570 345
1512580 347
1512590 347
1512600 349
1512610 351
1512620 351
1512630 351
1512640 351
1512650 351
1512660 350
1512670 352
1512680 352
1512690 354
1512700 355
1512710 355
1512720 356
1512730 356
1512740 356
1512750 356
1512760 357
1512770 357
1512780 357
1512790 357
1512800 357
1512810 356
1512820 355
1512830 355
1512840 356
1512850 356
1512860 356
1512870 356
1512880 357
1512890 357
1512900 358
1512910 358
1512920 358
1512930 359
1512940 359
1512950 359
1512960 359
1512970 359
1512980 359
1512990 358
1513000 358
1513010 358
1513020 358
1513030 358
1513040 358
1513050 358
1513060 358
1513070 358
1513080 357
1513090 357
1513100 357
1513110 356
1513120 356
1513130 356
1513140 355
1513150 354
1513160 354
1513170 353
1513180 352
1513190 352
1513200 352
1513210 351
1513220 351
1513230 350
1513240 349
1513250 349
1513260 348
1513270 348
1513280 348
1513290 347
1513300 347
1513310 347
1513320 347
1513330 346
1513340 346
1513350 345
1513360 345
1513370 345
1513380 345
1513390 345
1513400 345
1513410 344
1513420 344
1513430 344
1513440 344
1513450 344
1513460 344
1513470 344
1513480 343
1513490 343
1513500 343
1513510 343
1513520 343
1513530 342
1513540 342
1513550 342
1513560 342
1513570 341
1513580 341
1513590 340
1513600 340
1513610 340
1513620 340
1513630 339
1513640 339
1513650 339
1513660 339
1513670 339
1513680 339
1513690 339
1513700 339
1513710 339
1513720 339
1513730 339
1513740 339
1513750 339
1513760 339
1513770 339
1513780 339
1513790 339
1513800 339
1513810 339
1513820 339
1513830 340
1513840 341
1513850 341
1513860 343
1513870 345
1513880 345
1513890 345
1513900 346
1513910 346
1513920 347
1513930 348
1513940 348
1513950 349
1513960 349
1513970 349
1513980 349
1513990 350
1514000 350
1514010 352
1514020 353
1514030 353
1514040 354
1514050 355
1514060 355
1514070 355
1514080 356
1514090 356
1514100 357
1514110 357
1514120 357
1514130 358
1514140 359
1514150 359
1514160 360
1514170 360
1514180 360
1514190 361
1514200 362
1514210 362
1514220 362
1514230 363
1514240 363
1514250 364
1514260 365
1514270 365
1514280 365
1514290 366
1514300 366
1514310 366
1514320 366
1514330 366
1514340 367
1514350 367
1514360 367
1514370 367
1514380 367
1514390 367
1514400 367
1514410 367
1514420 366
1514430 365
1514440 365
1514450 364
1514460 362
1514470 362
1514480 360
1514490 358
1514500 358
1514510 356
1514520 354
1514530 354
1514540 353
1514550 351
1514560 351
1514570 351
1514580 351
1514590 351
1514600 351
1514610 351
1514620 351
1514630 351
1514640 351
1514650 351
1514660 351
1514670 352
1514680 352
1514690 351
1514700 351
1514710 351
1514720 350
1514730 350
1514740 350
1514750 350
1514760 350
1514770 350
1514780 351
1514790 351
1514800 351
1514810 352
1514820 354
1514830 354
1514840 356
1514850 357
1514860 357
1514870 358
1514880 358
1514890 358
1514900 359
1514910 360
1514920 360
1514930 361
1514940 361
1514950 361
1514960 362
1514970 363
1514980 363
1514990 363
1515000 364
1515010 364
1515020 365
1515030 365
1515040 365
1515050 366
1515060 367
1515070 367
1515080 368
1515090 368
1515100 368
1515110 369
1515120 370
1515130 370
1515140 371
1515150 371
1515160 371
1515170 372
1515180 373
1515190 373
1515200 373
1515210 374
1515220 374
1515230 374
1515240 375
1515250 375
1515260 375
1515270 376
1515280 376
1515290 377
1515300 377
1515310 377
1515320 378
1515330 378
1515340 378
1515350 379
1515360 379
1515370 379
1515380 380
1515390 380
1515400 380
1515410 381
1515420 381
1515430 381
1515440 382
1515450 382
1515460 382
1515470 383
1515480 383
1515490 383
1515500 383
1515510 383
1515520 383
1515530 384
1515540 384
1515550 384
1515560 384
1515570 384
1515580 384
1515590 383
1515600 383
1515610 383
1515620 383
1515630 383
1515640 383
1515650 383
1515660 383
1515670 383
1515680 383
1515690 383
1515700 383
1515710 382
1515720 382
1515730 382
1515740 382
1515750 382
1515760 382
1515770 383
1515780 383
1515790 383
1515800 383
1515810 384
1515820 384
1515830 385
1515840 385
1515850 385
1515860 385
1515870 385
1515880 385
1515890 386
1515900 387
1515910 387
1515920 386
1515930 386
1515940 386
1515950 385
1515960 385
1515970 385
1515980 386
1515990 387
1516000 387
1516010 387
1516020 388
1516030 388
1516040 388
1516050 389
1516060 389
1516070 389
1516080 390
1516090 390
1516100 390
1516110 390
1516120 390
1516130 391
1516140 391
1516150 391
1516160 392
1516170 392
1516180 392
1516190 393
1516200 394
1516210 394
1516220 395
1516230 395
1516240 395
1516250 396
1516260 397
1516270 397
1516280 397
1516290 398
1516300 398
1516310 398
1516320 398
1516330 398
1516340 398
1516350 398
1516360 398
1516370 398
1516380 398
1516390 398
1516400 398
1516410 397
1516420 397
1516430 397
1516440 396
1516450 396
1516460 395
1516470 395
1516480 395
1516490 394
1516500 394
1516510 393
1516520 392
1516530 392
1516540 391
1516550 390
1516560 390
1516570 389
1516580 388
1516590 388
1516600 387
1516610 385
1516620 385
1516630 384
1516640 383
1516650 383
1516660 382
1516670 383
1516680 383
1516690 383
1516700 384
1516710 384
1516720 384
1516730 384
1516740 384
1516750 385
1516760 385
1516770 385
1516780 385
1516790 385
1516800 385
1516810 384
1516820 383
1516830 383
1516840 382
1516850 381
1516860 381
1516870 379
1516880 377
1516890 377
1516900 375
1516910 373
1516920 373
1516930 371
1516940 370
1516950 370
1516960 368
1516970 366
1516980 366
1516990 365
1517000 363
1517010 363
1517020 362
1517030 360
1517040 360
1517050 359
1517060 358
1517070 358
1517080 357
1517090 355
1517100 355
1517110 354
1517120 354
1517130 354
1517140 354
1517150 354
1517160 354
1517170 354
1517180 354
1517190 354
1517200 355
1517210 356
1517220 356
1517230 358
1517240 359
1517250 359
1517260 360
1517270 360
1517280 360
1517290 361
1517300 362
1517310 362
1517320 363
1517330 364
1517340 364
1517350 364
1517360 365
1517370 365
1517380 366
1517390 367
1517400 367
1517410 367
1517420 367
1517430 367
1517440 368
1517450 370
1517460 370
1517470 371
1517480 371
1517490 371
1517500 372
1517510 374
1517520 374
1517530 375
1517540 376
1517550 376
1517560 378
1517570 379
1517580 379
1517590 380
1517600 381
1517610 381
1517620 381
1517630 382
1517640 382
1517650 383
1517660 384
1517670 384
1517680 385
1517690 386
1517700 386
1517710 387
1517720 388
1517730 388
1517740 389
1517750 390
1517760 390
1517770 392
1517780 394
1517790 394
1517800 396
1517810 398
1517820 398
1517830 401
1517840 404
1517850 404
1517860 405
1517870 404
1517880 404
1517890 404
1517900 403
1517910 403
1517920 403
1517930 404
1517940 404
1517950 404
1517960 405
1517970 405
1517980 405
1517990 406
1518000 406
1518010 406
1518020 407
1518030 407
1518040 407
1518050 408
1518060 408
1518070 408
1518080 408
1518090 408
1518100 408
1518110 408
1518120 408
1518130 408
1518140 409
1518150 409
1518160 409
1518170 410
1518180 410
1518190 410
1518200 410
1518210 410
1518220 412
1518230 413
1518240 413
1518250 414
1518260 416
1518270 416
1518280 417
1518290 418
1518300 418
1518310 419
1518320 420
1518330 420
1518340 421
1518350 423
1518360 423
1518370 425
1518380 426
1518390 426
1518400 427
1518410 428
1518420 428
1518430 429
1518440 430
1518450 430
1518460 431
1518470 432
1518480 432
1518490 434
1518500 435
1518510 435
1518520 437
1518530 437
1518540 438
1518550 439
1518560 439
1518570 440
1518580 442
1518590 442
1518600 443
1518610 444
1518620 444
1518630 446
1518640 447
1518650 447
1518660 448
1518670 450
1518680 450
1518690 451
1518700 453
1518710 453
1518720 454
1518730 455
1518740 455
1518750 457
1518760 458
1518770 458
1518780 459
1518790 460
1518800 460
1518810 461
1518820 462
1518830 462
1518840 464
1518850 465
1518860 465
1518870 466
1518880 468
1518890 468
1518900 469
1518910 470
1518920 470
1518930 472
1518940 473
1518950 473
1518960 475
1518970 476
1518980 476
1518990 477
1519000 478
1519010 478
1519020 479
1519030 481
1519040 481
1519050 482
1519060 483
1519070 483
1519080 484
1519090 485
1519100 485
1519110 486
1519120 488
1519130 488
1519140 489
1519150 490
1519160 490
1519170 490
1519180 490
1519190 490
1519200 491
1519210 491
1519220 491
1519230 492
1519240 492
1519250 492
1519260 491
1519270 491
1519280 491
1519290 491
1519300 491
1519310 491
1519320 491
1519330 490
1519340 490
1519350 491
1519360 491
1519370 491
1519380 491
1519390 491
1519400 491
1519410 491
1519420 490
1519430 490
1519440 490
1519450 490
1519460 490
1519470 490
1519480 490
1519490 490
1519500 489
1519510 490
1519520 490
1519530 490
1519540 489
1519550 489
1519560 488
1519570 487
1519580 487
1519590 487
1519600 486
1519610 486
1519620 485
1519630 484
1519640 484
1519650 484
1519660 483
1519670 483
1519680 483
1519690 482
1519700 482
1519710 481
1519720 481
1519730 481
1519740 481
1519750 481
1519760 481
1519770 481
1519780 481
1519790 481
1519800 480
1519810 480
1519820 480
1519830 479
1519840 478
1519850 478
1519860 477
1519870 476
1519880 476
1519890 474
1519900 473
1519910 473
1519920 472
1519930 472
1519940 472
1519950 471
1519960 471
1519970 471
1519980 470
1519990 468
