1500000 321
1500010 320
1500020 320
1500030 320
1500040 320
1500050 320
1500060 320
1500070 319
1500080 319
1500090 319
1500100 317
1500110 317
1500120 317
1500130 316
1500140 316
1500150 316
1500160 316
1500170 316
1500180 317
1500190 317
1500200 317
1500210 317
1500220 316
1500230 316
1500240 316
1500250 316
1500260 316
1500270 316
1500280 315
1500290 315
1500300 314
1500310 314
1500320 314
1500330 315
1500340 316
1500350 316
1500360 316
1500370 316
1500380 316
1500390 316
1500400 316
1500410 316
1500420 316
1500430 316
1500440 316
1500450 316
1500460 316
1500470 316
1500480 316
1500490 316
1500500 316
1500510 317
1500520 317
1500530 317
1500540 317
1500550 317
1500560 317
1500570 317
1500580 317
1500590 317
1500600 317
1500610 317
1500620 317
1500630 317
1500640 317
1500650 317
1500660 317
1500670 317
1500680 317
1500690 317
1500700 317
1500710 317
1500720 317
1500730 317
1500740 317
1500750 318
1500760 318
1500770 318
1500780 318
1500790 318
1500800 318
1500810 318
1500820 318
1500830 318
1500840 318
1500850 318
1500860 319
1500870 319
1500880 319
1500890 319
1500900 320
1500910 320
1500920 321
1500930 323
1500940 323
1500950 325
1500960 326
1500970 326
1500980 327
1500990 327
1501000 327
1501010 328
1501020 330
1501030 330
1501040 330
1501050 332
1501060 332
1501070 334
1501080 334
1501090 334
1501100 334
1501110 333
1501120 333
1501130 332
1501140 331
1501150 331
1501160 330
1501170 330
1501180 330
1501190 330
1501200 329
1501210 329
1501220 329
1501230 329
1501240 329
1501250 329
1501260 329
1501270 329
1501280 329
1501290 329
1501300 329
1501310 329
1501320 329
1501330 329
1501340 329
1501350 329
1501360 329
1501370 330
1501380 330
1501390 330
1501400 330
1501410 330
1501420 330
1501430 330
1501440 330
1501450 330
1501460 330
1501470 330
1501480 330
1501490 330
1501500 331
1501510 331
1501520 330
1501530 328
1501540 328
1501550 327
1501560 326
1501570 326
1501580 325
1501590 324
1501600 324
1501610 323
1501620 321
1501630 321
1501640 321
1501650 320
1501660 320
1501670 319
1501680 319
1501690 319
1501700 319
1501710 319
1501720 319
1501730 319
1501740 318
1501750 318
1501760 318
1501770 318
1501780 318
1501790 318
1501800 319
1501810 319
1501820 320
1501830 321
1501840 321
1501850 322
1501860 323
1501870 323
1501880 323
1501890 324
1501900 324
1501910 325
1501920 328
1501930 328
1501940 329
1501950 330
1501960 330
1501970 331
1501980 332
1501990 332
1502000 335
1502010 337
1502020 337
1502030 338
1502040 340
1502050 340
1502060 343
1502070 348
1502080 348
1502090 348
1502100 348
1502110 348
1502120 349
1502130 349
1502140 349
1502150 349
1502160 350
1502170 350
1502180 350
1502190 350
1502200 350
1502210 350
1502220 351
1502230 351
1502240 350
1502250 350
1502260 350
1502270 350
1502280 350
1502290 350
1502300 349
1502310 349
1502320 349
1502330 348
1502340 347
1502350 347
1502360 347
1502370 346
1502380 346
1502390 345
1502400 344
1502410 344
1502420 343
1502430 342
1502440 342
1502450 341
1502460 340
1502470 340
1502480 339
1502490 339
1502500 337
1502510 336
1502520 336
1502530 335
1502540 333
1502550 333
1502560 332
1502570 330
1502580 330
1502590 329
1502600 327
1502610 327
1502620 326
1502630 326
1502640 326
1502650 325
1502660 324
1502670 324
1502680 324
1502690 324
1502700 324
1502710 324
1502720 324
1502730 324
1502740 324
1502750 323
1502760 323
1502770 323
1502780 323
1502790 323
1502800 323
1502810 323
1502820 323
1502830 323
1502840 323
1502850 323
1502860 323
1502870 323
1502880 323
1502890 323
1502900 323
1502910 323
1502920 323
1502930 323
1502940 323
1502950 324
1502960 324
1502970 324
1502980 324
1502990 324
1503000 324
1503010 324
1503020 324
1503030 324
1503040 325
1503050 325
1503060 325
1503070 325
1503080 325
1503090 325
1503100 325
1503110 325
1503120 325
1503130 325
1503140 325
1503150 325
1503160 325
1503170 325
1503180 325
1503190 324
1503200 324
1503210 324
1503220 324
1503230 324
1503240 324
1503250 324
1503260 324
1503270 324
1503280 324
1503290 325
1503300 325
1503310 325
1503320 324
1503330 324
1503340 324
1503350 324
1503360 324
1503370 324
1503380 324
1503390 324
1503400 324
1503410 324
1503420 324
1503430 325
1503440 325
1503450 325
1503460 326
1503470 327
1503480 327
1503490 327
1503500 328
1503510 328
1503520 329
1503530 329
1503540 329
1503550 330
1503560 330
1503570 330
1503580 330
1503590 330
1503600 330
1503610 330
1503620 330
1503630 330
1503640 331
1503650 331
1503660 331
1503670 331
1503680 330
1503690 330
1503700 330
1503710 330
1503720 330
1503730 331
1503740 331
1503750 331
1503760 331
1503770 331
1503780 331
1503790 331
1503800 332
1503810 332
1503820 334
1503830 333
1503840 333
1503850 331
1503860 331
1503870 331
1503880 331
1503890 332
1503900 332
1503910 333
1503920 333
1503930 333
1503940 333
1503950 333
1503960 333
1503970 333
1503980 333
1503990 333
1504000 333
1504010 333
1504020 333
1504030 333
1504040 333
1504050 333
1504060 333
1504070 332
1504080 332
1504090 332
1504100 332
1504110 332
1504120 332
1504130 332
1504140 332
1504150 332
1504160 332
1504170 332
1504180 331
1504190 331
1504200 331
1504210 331
1504220 331
1504230 331
1504240 331
1504250 331
1504260 331
1504270 331
1504280 331
1504290 331
1504300 331
1504310 331
1504320 331
1504330 331
1504340 331
1504350 331
1504360 330
1504370 330
1504380 330
1504390 330
1504400 330
1504410 330
1504420 329
1504430 329
1504440 329
1504450 329
1504460 329
1504470 328
1504480 328
1504490 328
1504500 328
1504510 328
1504520 328
1504530 327
1504540 327
1504550 327
1504560 327
1504570 327
1504580 327
1504590 327
1504600 326
1504610 326
1504620 326
1504630 326
1504640 326
1504650 326
1504660 326
1504670 326
1504680 326
1504690 325
1504700 325
1504710 325
1504720 325
1504730 325
1504740 325
1504750 325
1504760 325
1504770 325
1504780 325
1504790 325
1504800 325
1504810 325
1504820 325
1504830 325
1504840 326
1504850 326
1504860 326
1504870 326
1504880 326
1504890 326
1504900 326
1504910 326
1504920 326
1504930 326
1504940 326
1504950 326
1504960 326
1504970 326
1504980 326
1504990 326
1505000 326
1505010 326
1505020 325
1505030 325
1505040 325
1505050 325
1505060 325
1505070 326
1505080 326
1505090 326
1505100 326
1505110 326
1505120 326
1505130 326
1505140 326
1505150 326
1505160 326
1505170 326
1505180 326
1505190 326
1505200 326
1505210 326
1505220 326
1505230 326
1505240 326
1505250 326
1505260 326
1505270 326
1505280 326
1505290 326
1505300 326
1505310 327
1505320 327
1505330 327
1505340 327
1505350 327
1505360 327
1505370 327
1505380 326
1505390 326
1505400 326
1505410 326
1505420 326
1505430 326
1505440 326
1505450 326
1505460 326
1505470 326
1505480 326
1505490 326
1505500 325
1505510 325
1505520 325
1505530 325
1505540 325
1505550 325
1505560 325
1505570 325
1505580 325
1505590 325
1505600 325
1505610 325
1505620 325
1505630 325
1505640 325
1505650 325
1505660 325
1505670 325
1505680 325
1505690 325
1505700 325
1505710 325
1505720 325
1505730 325
1505740 324
1505750 324
1505760 323
1505770 323
1505780 323
1505790 323
1505800 323
1505810 323
1505820 323
1505830 324
1505840 324
1505850 325
1505860 325
1505870 325
1505880 325
1505890 326
1505900 326
1505910 326
1505920 326
1505930 326
1505940 326
1505950 326
1505960 326
1505970 326
1505980 326
1505990 326
1506000 327
1506010 327
1506020 327
1506030 328
1506040 328
1506050 328
1506060 329
1506070 329
1506080 329
1506090 330
1506100 331
1506110 331
1506120 332
1506130 334
1506140 334
1506150 335
1506160 337
1506170 337
1506180 338
1506190 338
1506200 339
1506210 340
1506220 340
1506230 340
1506240 341
1506250 341
1506260 341
1506270 342
1506280 342
1506290 343
1506300 345
1506310 345
1506320 345
1506330 345
1506340 345
1506350 346
1506360 346
1506370 346
1506380 346
1506390 346
1506400 346
1506410 346
1506420 346
1506430 346
1506440 346
1506450 346
1506460 346
1506470 346
1506480 345
1506490 345
1506500 345
1506510 345
1506520 345
1506530 344
1506540 344
1506550 344
1506560 344
1506570 343
1506580 343
1506590 343
1506600 342
1506610 342
1506620 342
1506630 342
1506640 342
1506650 342
1506660 342
1506670 342
1506680 341
1506690 340
1506700 340
1506710 340
1506720 341
1506730 341
1506740 342
1506750 342
1506760 342
1506770 342
1506780 342
1506790 342
1506800 342
1506810 342
1506820 342
1506830 341
1506840 340
1506850 340
1506860 339
1506870 338
1506880 338
1506890 339
1506900 341
1506910 341
1506920 341
1506930 342
1506940 342
1506950 343
1506960 343
1506970 343
1506980 343
1506990 344
1507000 344
1507010 344
1507020 344
1507030 344
1507040 344
1507050 344
1507060 344
1507070 344
1507080 344
1507090 344
1507100 344
1507110 345
1507120 345
1507130 345
1507140 345
1507150 345
1507160 345
1507170 345
1507180 345
1507190 344
1507200 342
1507210 342
1507220 341
1507230 341
1507240 341
1507250 341
1507260 342
1507270 342
1507280 342
1507290 342
1507300 342
1507310 341
1507320 341
1507330 341
1507340 340
1507350 339
1507360 339
1507370 338
1507380 337
1507390 337
1507400 336
1507410 336
1507420 336
1507430 335
1507440 335
1507450 335
1507460 334
1507470 334
1507480 334
1507490 333
1507500 333
1507510 333
1507520 333
1507530 333
1507540 333
1507550 332
1507560 332
1507570 332
1507580 332
1507590 332
1507600 332
1507610 332
1507620 332
1507630 332
1507640 332
1507650 332
1507660 332
1507670 332
1507680 332
1507690 332
1507700 331
1507710 331
1507720 331
1507730 331
1507740 332
1507750 332
1507760 332
1507770 332
1507780 332
1507790 332
1507800 332
1507810 332
1507820 331
1507830 331
1507840 331
1507850 331
1507860 331
1507870 331
1507880 331
1507890 331
1507900 331
1507910 331
1507920 330
1507930 330
1507940 330
1507950 330
1507960 330
1507970 330
1507980 330
1507990 330
1508000 329
1508010 329
1508020 329
1508030 329
1508040 329
1508050 329
1508060 329
1508070 329
1508080 329
1508090 329
1508100 329
1508110 329
1508120 328
1508130 328
1508140 329
1508150 330
1508160 330
1508170 331
1508180 332
1508190 332
1508200 333
1508210 333
1508220 333
1508230 334
1508240 335
1508250 335
1508260 335
1508270 336
1508280 336
1508290 337
1508300 338
1508310 338
1508320 340
1508330 341
1508340 341
1508350 342
1508360 344
1508370 344
1508380 346
1508390 347
1508400 347
1508410 350
1508420 351
1508430 351
1508440 353
1508450 355
1508460 355
1508470 357
1508480 359
1508490 359
1508500 359
1508510 360
1508520 360
1508530 361
1508540 361
1508550 361
1508560 362
1508570 362
1508580 362
1508590 362
1508600 362
1508610 362
1508620 363
1508630 364
1508640 364
1508650 364
1508660 365
1508670 365
1508680 365
1508690 365
1508700 365
1508710 365
1508720 365
1508730 365
1508740 365
1508750 365
1508760 365
1508770 365
1508780 365
1508790 365
1508800 365
1508810 365
1508820 365
1508830 365
1508840 364
1508850 364
1508860 364
1508870 364
1508880 364
1508890 363
1508900 363
1508910 363
1508920 362
1508930 361
1508940 361
1508950 361
1508960 360
1508970 360
1508980 359
1508990 358
1509000 358
1509010 357
1509020 357
1509030 357
1509040 356
1509050 355
1509060 355
1509070 353
1509080 352
1509090 352
1509100 351
1509110 349
1509120 349
1509130 348
1509140 348
1509150 348
1509160 349
1509170 350
1509180 350
1509190 351
1509200 351
1509210 351
1509220 352
1509230 353
1509240 353
1509250 353
1509260 355
1509270 355
1509280 356
1509290 357
1509300 357
1509310 358
1509320 358
1509330 358
1509340 359
1509350 359
1509360 359
1509370 359
1509380 359
1509390 359
1509400 359
1509410 359
1509420 359
1509430 359
1509440 359
1509450 359
1509460 359
1509470 359
1509480 359
1509490 359
1509500 358
1509510 358
1509520 358
1509530 358
1509540 358
1509550 357
1509560 357
1509570 357
1509580 356
1509590 356
1509600 356
1509610 355
1509620 355
1509630 355
1509640 354
1509650 354
1509660 354
1509670 353
1509680 352
1509690 352
1509700 352
1509710 351
1509720 351
1509730 351
1509740 350
1509750 350
1509760 350
1509770 349
1509780 349
1509790 349
1509800 348
1509810 348
1509820 347
1509830 347
1509840 347
1509850 346
1509860 345
1509870 345
1509880 345
1509890 345
1509900 345
1509910 344
1509920 344
1509930 343
1509940 343
1509950 343
1509960 342
1509970 342
1509980 342
1509990 341
1510000 340
1510010 340
1510020 340
1510030 339
1510040 339
1510050 338
1510060 338
1510070 338
1510080 337
1510090 337
1510100 337
1510110 336
1510120 336
1510130 336
1510140 336
1510150 335
1510160 335
1510170 334
1510180 334
1510190 334
1510200 334
1510210 333
1510220 333
1510230 334
1510240 334
1510250 334
1510260 334
1510270 334
1510280 334
1510290 334
1510300 336
1510310 336
1510320 342
1510330 346
1510340 346
1510350 347
1510360 347
1510370 347
1510380 347
1510390 347
1510400 347
1510410 347
1510420 348
1510430 348
1510440 348
1510450 348
1510460 348
1510470 348
1510480 347
1510490 347
1510500 346
1510510 345
1510520 345
1510530 347
1510540 349
1510550 349
1510560 351
1510570 353
1510580 353
1510590 354
1510600 356
1510610 356
1510620 357
1510630 358
1510640 358
1510650 359
1510660 359
1510670 359
1510680 359
1510690 359
1510700 359
1510710 359
1510720 360
1510730 360
1510740 362
1510750 364
1510760 364
1510770 365
1510780 366
1510790 366
1510800 366
1510810 367
1510820 367
1510830 367
1510840 368
1510850 368
1510860 368
1510870 369
1510880 369
1510890 369
1510900 369
1510910 369
1510920 370
1510930 370
1510940 370
1510950 370
1510960 371
1510970 371
1510980 371
1510990 371
1511000 371
1511010 372
1511020 373
1511030 373
1511040 374
1511050 374
1511060 374
1511070 375
1511080 376
1511090 376
1511100 377
1511110 378
1511120 378
1511130 380
1511140 381
1511150 381
1511160 382
1511170 383
1511180 383
1511190 383
1511200 383
1511210 383
1511220 383
1511230 382
1511240 382
1511250 381
1511260 381
1511270 381
1511280 380
1511290 381
1511300 381
1511310 381
1511320 381
1511330 381
1511340 382
1511350 383
1511360 383
1511370 385
1511380 386
1511390 386
1511400 387
1511410 388
1511420 388
1511430 389
1511440 390
1511450 390
1511460 391
1511470 392
1511480 392
1511490 392
1511500 393
1511510 393
1511520 393
1511530 394
1511540 394
1511550 394
1511560 395
1511570 395
1511580 396
1511590 396
1511600 396
1511610 397
1511620 398
1511630 398
1511640 398
1511650 399
1511660 399
1511670 400
1511680 400
1511690 400
1511700 401
1511710 401
1511720 401
1511730 401
1511740 402
1511750 402
1511760 401
1511770 401
1511780 400
1511790 398
1511800 398
1511810 397
1511820 397
1511830 397
1511840 397
1511850 397
1511860 397
1511870 397
1511880 397
1511890 397
1511900 396
1511910 396
1511920 396
1511930 396
1511940 396
1511950 396
1511960 396
1511970 396
1511980 396
1511990 395
1512000 395
1512010 395
1512020 395
1512030 394
1512040 394
1512050 394
1512060 394
1512070 394
1512080 394
1512090 394
1512100 394
1512110 394
1512120 394
1512130 394
1512140 394
1512150 395
1512160 395
1512170 395
1512180 395
1512190 395
1512200 395
1512210 395
1512220 395
1512230 396
1512240 396
1512250 396
1512260 397
1512270 397
1512280 397
1512290 397
1512300 398
1512310 398
1512320 398
1512330 398
1512340 398
1512350 398
1512360 398
1512370 398
1512380 399
1512390 399
1512400 399
1512410 399
1512420 398
1512430 398
1512440 398
1512450 397
1512460 397
1512470 396
1512480 395
1512490 395
1512500 394
1512510 393
1512520 393
1512530 391
1512540 390
1512550 390
1512560 388
1512570 387
1512580 387
1512590 385
1512600 383
1512610 383
1512620 381
1512630 379
1512640 379
1512650 377
1512660 375
1512670 375
1512680 373
1512690 371
1512700 371
1512710 368
1512720 366
1512730 366
1512740 363
1512750 362
1512760 362
1512770 361
1512780 360
1512790 360
1512800 359
1512810 358
1512820 358
1512830 357
1512840 358
1512850 358
1512860 360
1512870 361
1512880 361
1512890 362
1512900 362
1512910 362
1512920 362
1512930 363
1512940 363
1512950 363
1512960 363
1512970 363
1512980 364
1512990 364
1513000 364
1513010 364
1513020 364
1513030 364
1513040 364
1513050 364
1513060 364
1513070 364
1513080 364
1513090 364
1513100 363
1513110 363
1513120 363
1513130 363
1513140 364
1513150 364
1513160 364
1513170 363
1513180 363
1513190 362
1513200 361
1513210 361
1513220 360
1513230 358
1513240 358
1513250 357
1513260 354
1513270 354
1513280 351
1513290 349
1513300 349
1513310 347
1513320 345
1513330 345
1513340 344
1513350 344
1513360 344
1513370 344
1513380 344
1513390 344
1513400 344
1513410 344
1513420 344
1513430 344
1513440 344
1513450 344
1513460 344
1513470 344
1513480 344
1513490 344
1513500 344
1513510 344
1513520 344
1513530 344
1513540 344
1513550 343
1513560 343
1513570 343
1513580 343
1513590 343
1513600 343
1513610 342
1513620 343
1513630 343
1513640 343
1513650 343
1513660 343
1513670 343
1513680 343
1513690 344
1513700 344
1513710 344
1513720 344
1513730 344
1513740 344
1513750 344
1513760 344
1513770 344
1513780 344
1513790 344
1513800 344
1513810 344
1513820 344
1513830 344
1513840 345
1513850 345
1513860 345
1513870 345
1513880 345
1513890 345
1513900 345
1513910 346
1513920 346
1513930 346
1513940 346
1513950 346
1513960 346
1513970 345
1513980 345
1513990 345
1514000 345
1514010 345
1514020 345
1514030 345
1514040 345
1514050 345
1514060 345
1514070 345
1514080 345
1514090 345
1514100 345
1514110 345
1514120 345
1514130 345
1514140 344
1514150 344
1514160 344
1514170 344
1514180 344
1514190 344
1514200 343
1514210 343
1514220 343
1514230 343
1514240 343
1514250 343
1514260 343
1514270 343
1514280 343
1514290 344
1514300 347
1514310 347
1514320 351
1514330 353
1514340 353
1514350 354
1514360 355
1514370 355
1514380 355
1514390 356
1514400 356
1514410 356
1514420 357
1514430 357
1514440 357
1514450 358
1514460 358
1514470 358
1514480 358
1514490 358
1514500 359
1514510 359
1514520 359
1514530 360
1514540 360
1514550 360
1514560 361
1514570 361
1514580 361
1514590 361
1514600 362
1514610 362
1514620 362
1514630 362
1514640 362
1514650 363
1514660 363
1514670 363
1514680 363
1514690 364
1514700 364
1514710 364
1514720 364
1514730 364
1514740 364
1514750 365
1514760 365
1514770 365
1514780 365
1514790 365
1514800 365
1514810 365
1514820 365
1514830 364
1514840 363
1514850 363
1514860 361
1514870 360
1514880 360
1514890 359
1514900 358
1514910 358
1514920 356
1514930 356
1514940 356
1514950 356
1514960 357
1514970 357
1514980 359
1514990 360
1515000 360
1515010 361
1515020 362
1515030 362
1515040 363
1515050 364
1515060 364
1515070 365
1515080 366
1515090 366
1515100 367
1515110 367
1515120 367
1515130 368
1515140 368
1515150 368
1515160 369
1515170 369
1515180 369
1515190 369
1515200 369
1515210 369
1515220 369
1515230 368
1515240 368
1515250 368
1515260 367
1515270 367
1515280 365
1515290 364
1515300 364
1515310 362
1515320 360
1515330 360
1515340 358
1515350 356
1515360 356
1515370 354
1515380 352
1515390 352
1515400 351
1515410 351
1515420 351
1515430 352
1515440 354
1515450 354
1515460 355
1515470 353
1515480 353
1515490 350
1515500 350
1515510 350
1515520 353
1515530 353
1515540 358
1515550 361
1515560 361
1515570 361
1515580 361
1515590 361
1515600 361
1515610 361
1515620 361
1515630 362
1515640 361
1515650 361
1515660 361
1515670 361
1515680 361
1515690 361
1515700 362
1515710 362
1515720 362
1515730 364
1515740 364
1515750 365
1515760 366
1515770 366
1515780 366
1515790 367
1515800 367
1515810 367
1515820 367
1515830 367
1515840 367
1515850 367
1515860 367
1515870 366
1515880 366
1515890 366
1515900 365
1515910 364
1515920 364
1515930 363
1515940 362
1515950 362
1515960 361
1515970 360
1515980 360
1515990 359
1516000 358
1516010 358
1516020 357
1516030 355
1516040 355
1516050 354
1516060 353
1516070 353
1516080 352
1516090 351
1516100 351
1516110 350
1516120 349
1516130 349
1516140 349
1516150 348
1516160 348
1516170 347
1516180 347
1516190 347
1516200 347
1516210 347
1516220 347
1516230 347
1516240 347
1516250 347
1516260 347
1516270 347
1516280 347
1516290 347
1516300 347
1516310 347
1516320 347
1516330 348
1516340 348
1516350 348
1516360 348
1516370 348
1516380 348
1516390 349
1516400 349
1516410 350
1516420 350
1516430 350
1516440 351
1516450 351
1516460 351
1516470 351
1516480 351
1516490 351
1516500 350
1516510 350
1516520 350
1516530 350
1516540 350
1516550 350
1516560 351
1516570 351
1516580 351
1516590 352
1516600 352
1516610 352
1516620 351
1516630 351
1516640 351
1516650 350
1516660 350
1516670 350
1516680 350
1516690 351
1516700 351
1516710 351
1516720 352
1516730 352
1516740 353
1516750 353
1516760 353
1516770 353
1516780 353
1516790 353
1516800 353
1516810 354
1516820 354
1516830 354
1516840 354
1516850 354
1516860 354
1516870 352
1516880 352
1516890 350
1516900 350
1516910 350
1516920 350
1516930 350
1516940 350
1516950 350
1516960 350
1516970 350
1516980 350
1516990 350
1517000 350
1517010 350
1517020 350
1517030 350
1517040 350
1517050 349
1517060 349
1517070 349
1517080 349
1517090 349
1517100 349
1517110 350
1517120 350
1517130 350
1517140 350
1517150 350
1517160 350
1517170 350
1517180 350
1517190 350
1517200 350
1517210 350
1517220 350
1517230 350
1517240 350
1517250 351
1517260 351
1517270 351
1517280 351
1517290 352
1517300 352
1517310 352
1517320 353
1517330 353
1517340 353
1517350 354
1517360 354
1517370 354
1517380 354
1517390 355
1517400 356
1517410 356
1517420 356
1517430 357
1517440 357
1517450 357
1517460 358
1517470 358
1517480 358
1517490 359
1517500 359
1517510 359
1517520 360
1517530 360
1517540 361
1517550 361
1517560 361
1517570 362
1517580 363
1517590 363
1517600 363
1517610 364
1517620 364
1517630 364
1517640 365
1517650 365
1517660 365
1517670 366
1517680 366
1517690 366
1517700 367
1517710 367
1517720 367
1517730 367
1517740 367
1517750 367
1517760 367
1517770 367
1517780 367
1517790 367
1517800 367
1517810 368
1517820 368
1517830 368
1517840 368
1517850 368
1517860 368
1517870 368
1517880 367
1517890 367
1517900 367
1517910 366
1517920 366
1517930 363
1517940 359
1517950 359
1517960 358
1517970 360
1517980 360
1517990 364
1518000 366
1518010 366
1518020 367
1518030 367
1518040 367
1518050 368
1518060 369
1518070 369
1518080 371
1518090 371
1518100 371
1518110 372
1518120 373
1518130 373
1518140 373
1518150 374
1518160 374
1518170 374
1518180 374
1518190 374
1518200 375
1518210 375
1518220 375
1518230 376
1518240 376
1518250 376
1518260 376
1518270 377
1518280 377
1518290 377
1518300 377
1518310 377
1518320 378
1518330 378
1518340 378
1518350 378
1518360 378
1518370 378
1518380 379
1518390 379
1518400 379
1518410 379
1518420 379
1518430 379
1518440 379
1518450 379
1518460 379
1518470 378
1518480 378
1518490 378
1518500 378
1518510 378
1518520 378
1518530 377
1518540 376
1518550 376
1518560 376
1518570 377
1518580 377
1518590 377
1518600 378
1518610 378
1518620 378
1518630 378
1518640 378
1518650 378
1518660 379
1518670 379
1518680 379
1518690 378
1518700 378
1518710 377
1518720 378
1518730 378
1518740 379
1518750 381
1518760 381
1518770 383
1518780 384
1518790 384
1518800 385
1518810 386
1518820 386
1518830 387
1518840 388
1518850 388
1518860 389
1518870 390
1518880 390
1518890 391
1518900 392
1518910 392
1518920 392
1518930 392
1518940 392
1518950 393
1518960 395
1518970 395
1518980 396
1518990 397
1519000 397
1519010 397
1519020 398
1519030 398
1519040 399
1519050 400
1519060 400
1519070 402
1519080 403
1519090 403
1519100 405
1519110 406
1519120 406
1519130 407
1519140 409
1519150 409
1519160 411
1519170 412
1519180 412
1519190 414
1519200 416
1519210 416
1519220 417
1519230 419
1519240 419
1519250 420
1519260 421
1519270 421
1519280 423
1519290 423
1519300 424
1519310 426
1519320 426
1519330 427
1519340 429
1519350 429
1519360 430
1519370 431
1519380 431
1519390 431
1519400 432
1519410 432
1519420 433
1519430 432
1519440 432
1519450 432
1519460 433
1519470 433
1519480 433
1519490 434
1519500 434
1519510 434
1519520 435
1519530 435
1519540 435
1519550 435
1519560 435
1519570 435
1519580 435
1519590 435
1519600 435
1519610 435
1519620 435
1519630 435
1519640 434
1519650 434
1519660 433
1519670 433
1519680 433
1519690 434
1519700 434
1519710 434
1519720 434
1519730 435
1519740 435
1519750 435
1519760 435
1519770 435
1519780 434
1519790 434
1519800 434
1519810 434
1519820 434
1519830 434
1519840 434
1519850 434
1519860 434
1519870 434
1519880 434
1519890 434
1519900 434
1519910 435
1519920 435
1519930 435
1519940 435
1519950 435
1519960 436
1519970 435
1519980 435
1519990 435
