1500000 316
1500010 316
1500020 316
1500030 316
1500040 316
1500050 316
1500060 317
1500070 317
1500080 317
1500090 317
1500100 316
1500110 316
1500120 315
1500130 314
1500140 314
1500150 313
1500160 315
1500170 315
1500180 316
1500190 316
1500200 316
1500210 316
1500220 316
1500230 316
1500240 316
1500250 316
1500260 316
1500270 316
1500280 316
1500290 316
1500300 316
1500310 316
1500320 316
1500330 316
1500340 316
1500350 316
1500360 316
1500370 316
1500380 316
1500390 316
1500400 316
1500410 316
1500420 317
1500430 317
1500440 317
1500450 317
1500460 317
1500470 317
1500480 317
1500490 317
1500500 317
1500510 317
1500520 317
1500530 317
1500540 317
1500550 317
1500560 317
1500570 317
1500580 317
1500590 317
1500600 317
1500610 317
1500620 317
1500630 318
1500640 318
1500650 318
1500660 318
1500670 318
1500680 319
1500690 320
1500700 320
1500710 322
1500720 324
1500730 324
1500740 326
1500750 327
1500760 327
1500770 327
1500780 326
1500790 326
1500800 326
1500810 325
1500820 325
1500830 326
1500840 329
1500850 329
1500860 331
1500870 334
1500880 334
1500890 335
1500900 337
1500910 337
1500920 338
1500930 340
1500940 340
1500950 341
1500960 343
1500970 343
1500980 344
1500990 346
1501000 346
1501010 348
1501020 349
1501030 349
1501040 350
1501050 350
1501060 350
1501070 351
1501080 352
1501090 352
1501100 353
1501110 353
1501120 353
1501130 354
1501140 354
1501150 354
1501160 354
1501170 354
1501180 354
1501190 355
1501200 355
1501210 355
1501220 355
1501230 355
1501240 355
1501250 355
1501260 355
1501270 355
1501280 355
1501290 355
1501300 355
1501310 356
1501320 356
1501330 356
1501340 356
1501350 355
1501360 355
1501370 355
1501380 354
1501390 354
1501400 354
1501410 353
1501420 353
1501430 352
1501440 351
1501450 351
1501460 350
1501470 348
1501480 348
1501490 347
1501500 345
1501510 345
1501520 344
1501530 343
1501540 343
1501550 342
1501560 341
1501570 341
1501580 340
1501590 339
1501600 339
1501610 338
1501620 337
1501630 337
1501640 336
1501650 333
1501660 333
1501670 331
1501680 330
1501690 330
1501700 328
1501710 325
1501720 325
1501730 323
1501740 321
1501750 321
1501760 320
1501770 320
1501780 320
1501790 319
1501800 318
1501810 318
1501820 318
1501830 319
1501840 319
1501850 319
1501860 320
1501870 320
1501880 322
1501890 324
1501900 324
1501910 327
1501920 328
1501930 328
1501940 328
1501950 328
1501960 328
1501970 327
1501980 328
1501990 328
1502000 330
1502010 331
1502020 331
1502030 333
1502040 334
1502050 334
1502060 335
1502070 337
1502080 337
1502090 338
1502100 339
1502110 339
1502120 340
1502130 341
1502140 341
1502150 342
1502160 343
1502170 343
1502180 343
1502190 344
1502200 344
1502210 344
1502220 345
1502230 345
1502240 345
1502250 345
1502260 345
1502270 345
1502280 345
1502290 345
1502300 344
1502310 344
1502320 344
1502330 343
1502340 343
1502350 343
1502360 342
1502370 342
1502380 341
1502390 341
1502400 341
1502410 340
1502420 339
1502430 339
1502440 339
1502450 338
1502460 338
1502470 337
1502480 335
1502490 335
1502500 334
1502510 333
1502520 333
1502530 332
1502540 331
1502550 331
1502560 330
1502570 327
1502580 327
1502590 325
1502600 324
1502610 324
1502620 323
1502630 323
1502640 323
1502650 322
1502660 322
1502670 322
1502680 322
1502690 322
1502700 322
1502710 322
1502720 322
1502730 322
1502740 322
1502750 322
1502760 322
1502770 322
1502780 322
1502790 322
1502800 322
1502810 322
1502820 322
1502830 322
1502840 321
1502850 321
1502860 321
1502870 321
1502880 321
1502890 321
1502900 321
1502910 321
1502920 321
1502930 321
1502940 321
1502950 322
1502960 322
1502970 322
1502980 322
1502990 322
1503000 322
1503010 322
1503020 322
1503030 322
1503040 322
1503050 322
1503060 322
1503070 323
1503080 323
1503090 323
1503100 323
1503110 323
1503120 323
1503130 323
1503140 322
1503150 322
1503160 322
1503170 322
1503180 322
1503190 322
1503200 322
1503210 322
1503220 322
1503230 322
1503240 322
1503250 321
1503260 321
1503270 321
1503280 321
1503290 321
1503300 321
1503310 321
1503320 321
1503330 321
1503340 321
1503350 321
1503360 321
1503370 321
1503380 322
1503390 322
1503400 324
1503410 325
1503420 325
1503430 327
1503440 328
1503450 328
1503460 329
1503470 329
1503480 329
1503490 328
1503500 326
1503510 326
1503520 324
1503530 323
1503540 323
1503550 323
1503560 323
1503570 323
1503580 323
1503590 323
1503600 323
1503610 323
1503620 323
1503630 323
1503640 323
1503650 323
1503660 323
1503670 324
1503680 324
1503690 324
1503700 324
1503710 325
1503720 325
1503730 325
1503740 325
1503750 325
1503760 325
1503770 325
1503780 325
1503790 325
1503800 326
1503810 326
1503820 326
1503830 326
1503840 326
1503850 326
1503860 325
1503870 325
1503880 325
1503890 325
1503900 325
1503910 326
1503920 326
1503930 326
1503940 327
1503950 328
1503960 328
1503970 329
1503980 329
1503990 329
1504000 330
1504010 331
1504020 331
1504030 331
1504040 331
1504050 331
1504060 331
1504070 332
1504080 332
1504090 332
1504100 332
1504110 332
1504120 332
1504130 332
1504140 332
1504150 332
1504160 332
1504170 332
1504180 332
1504190 332
1504200 332
1504210 331
1504220 331
1504230 331
1504240 331
1504250 331
1504260 331
1504270 331
1504280 331
1504290 330
1504300 330
1504310 330
1504320 330
1504330 330
1504340 330
1504350 329
1504360 329
1504370 329
1504380 328
1504390 328
1504400 328
1504410 328
1504420 327
1504430 327
1504440 327
1504450 327
1504460 327
1504470 327
1504480 326
1504490 326
1504500 326
1504510 326
1504520 326
1504530 326
1504540 326
1504550 326
1504560 326
1504570 326
1504580 326
1504590 326
1504600 326
1504610 326
1504620 326
1504630 326
1504640 326
1504650 326
1504660 326
1504670 326
1504680 325
1504690 325
1504700 325
1504710 325
1504720 325
1504730 325
1504740 325
1504750 325
1504760 325
1504770 325
1504780 325
1504790 325
1504800 325
1504810 324
1504820 324
1504830 324
1504840 324
1504850 324
1504860 325
1504870 325
1504880 325
1504890 325
1504900 325
1504910 325
1504920 325
1504930 325
1504940 325
1504950 325
1504960 325
1504970 325
1504980 325
1504990 325
1505000 325
1505010 325
1505020 326
1505030 326
1505040 325
1505050 325
1505060 325
1505070 325
1505080 325
1505090 325
1505100 325
1505110 325
1505120 325
1505130 325
1505140 325
1505150 325
1505160 325
1505170 325
1505180 325
1505190 325
1505200 325
1505210 325
1505220 324
1505230 324
1505240 324
1505250 324
1505260 324
1505270 324
1505280 324
1505290 324
1505300 324
1505310 325
1505320 325
1505330 325
1505340 325
1505350 325
1505360 325
1505370 325
1505380 325
1505390 325
1505400 325
1505410 325
1505420 325
1505430 325
1505440 325
1505450 325
1505460 325
1505470 324
1505480 324
1505490 323
1505500 322
1505510 322
1505520 322
1505530 323
1505540 323
1505550 323
1505560 324
1505570 324
1505580 325
1505590 325
1505600 325
1505610 325
1505620 325
1505630 325
1505640 325
1505650 325
1505660 325
1505670 325
1505680 325
1505690 325
1505700 325
1505710 325
1505720 325
1505730 325
1505740 325
1505750 325
1505760 325
1505770 325
1505780 325
1505790 325
1505800 326
1505810 326
1505820 326
1505830 326
1505840 326
1505850 327
1505860 327
1505870 327
1505880 327
1505890 328
1505900 328
1505910 330
1505920 332
1505930 332
1505940 334
1505950 336
1505960 336
1505970 337
1505980 338
1505990 338
1506000 339
1506010 339
1506020 340
1506030 341
1506040 341
1506050 342
1506060 343
1506070 343
1506080 344
1506090 346
1506100 346
1506110 347
1506120 348
1506130 348
1506140 349
1506150 350
1506160 350
1506170 351
1506180 352
1506190 352
1506200 354
1506210 355
1506220 355
1506230 355
1506240 356
1506250 356
1506260 357
1506270 358
1506280 358
1506290 359
1506300 359
1506310 359
1506320 360
1506330 360
1506340 360
1506350 361
1506360 361
1506370 361
1506380 361
1506390 362
1506400 362
1506410 362
1506420 362
1506430 362
1506440 362
1506450 362
1506460 362
1506470 361
1506480 361
1506490 361
1506500 360
1506510 359
1506520 359
1506530 358
1506540 358
1506550 358
1506560 357
1506570 356
1506580 356
1506590 355
1506600 354
1506610 354
1506620 352
1506630 351
1506640 351
1506650 349
1506660 348
1506670 348
1506680 349
1506690 349
1506700 349
1506710 350
1506720 352
1506730 352
1506740 354
1506750 354
1506760 354
1506770 354
1506780 354
1506790 354
1506800 354
1506810 354
1506820 354
1506830 354
1506840 354
1506850 354
1506860 354
1506870 355
1506880 355
1506890 355
1506900 355
1506910 355
1506920 355
1506930 355
1506940 355
1506950 355
1506960 355
1506970 355
1506980 355
1506990 355
1507000 355
1507010 355
1507020 355
1507030 355
1507040 356
1507050 356
1507060 356
1507070 356
1507080 357
1507090 357
1507100 356
1507110 356
1507120 356
1507130 356
1507140 356
1507150 356
1507160 356
1507170 356
1507180 356
1507190 355
1507200 355
1507210 355
1507220 355
1507230 355
1507240 355
1507250 354
1507260 354
1507270 354
1507280 354
1507290 353
1507300 353
1507310 353
1507320 353
1507330 353
1507340 352
1507350 350
1507360 350
1507370 350
1507380 349
1507390 349
1507400 348
1507410 347
1507420 347
1507430 346
1507440 345
1507450 345
1507460 344
1507470 343
1507480 343
1507490 343
1507500 342
1507510 342
1507520 341
1507530 340
1507540 340
1507550 339
1507560 338
1507570 338
1507580 338
1507590 337
1507600 337
1507610 337
1507620 337
1507630 337
1507640 336
1507650 336
1507660 336
1507670 336
1507680 336
1507690 336
1507700 335
1507710 335
1507720 335
1507730 335
1507740 335
1507750 335
1507760 335
1507770 335
1507780 335
1507790 335
1507800 335
1507810 335
1507820 335
1507830 334
1507840 334
1507850 334
1507860 334
1507870 334
1507880 333
1507890 333
1507900 333
1507910 333
1507920 333
1507930 333
1507940 333
1507950 333
1507960 333
1507970 333
1507980 333
1507990 332
1508000 332
1508010 332
1508020 332
1508030 331
1508040 331
1508050 331
1508060 331
1508070 331
1508080 331
1508090 330
1508100 330
1508110 330
1508120 330
1508130 330
1508140 330
1508150 330
1508160 330
1508170 330
1508180 330
1508190 330
1508200 330
1508210 330
1508220 330
1508230 330
1508240 330
1508250 330
1508260 330
1508270 331
1508280 331
1508290 332
1508300 333
1508310 333
1508320 336
1508330 338
1508340 338
1508350 341
1508360 345
1508370 345
1508380 347
1508390 348
1508400 348
1508410 349
1508420 350
1508430 350
1508440 351
1508450 352
1508460 352
1508470 353
1508480 355
1508490 355
1508500 356
1508510 358
1508520 358
1508530 359
1508540 360
1508550 360
1508560 362
1508570 363
1508580 363
1508590 364
1508600 365
1508610 365
1508620 367
1508630 368
1508640 368
1508650 368
1508660 369
1508670 369
1508680 370
1508690 370
1508700 370
1508710 370
1508720 371
1508730 371
1508740 371
1508750 371
1508760 371
1508770 371
1508780 371
1508790 371
1508800 370
1508810 370
1508820 370
1508830 369
1508840 369
1508850 369
1508860 368
1508870 367
1508880 367
1508890 366
1508900 365
1508910 365
1508920 365
1508930 364
1508940 364
1508950 363
1508960 362
1508970 362
1508980 359
1508990 356
1509000 356
1509010 356
1509020 358
1509030 358
1509040 360
1509050 361
1509060 361
1509070 361
1509080 362
1509090 362
1509100 362
1509110 362
1509120 362
1509130 363
1509140 363
1509150 363
1509160 363
1509170 364
1509180 364
1509190 364
1509200 364
1509210 364
1509220 364
1509230 364
1509240 364
1509250 364
1509260 364
1509270 364
1509280 364
1509290 364
1509300 364
1509310 364
1509320 364
1509330 364
1509340 364
1509350 364
1509360 364
1509370 364
1509380 364
1509390 364
1509400 364
1509410 364
1509420 364
1509430 363
1509440 363
1509450 363
1509460 362
1509470 362
1509480 362
1509490 362
1509500 361
1509510 361
1509520 361
1509530 361
1509540 361
1509550 360
1509560 360
1509570 360
1509580 359
1509590 359
1509600 359
1509610 358
1509620 358
1509630 358
1509640 357
1509650 357
1509660 357
1509670 357
1509680 356
1509690 356
1509700 356
1509710 356
1509720 355
1509730 354
1509740 354
1509750 354
1509760 353
1509770 353
1509780 353
1509790 352
1509800 352
1509810 351
1509820 351
1509830 351
1509840 350
1509850 350
1509860 350
1509870 349
1509880 349
1509890 349
1509900 348
1509910 347
1509920 347
1509930 347
1509940 346
1509950 346
1509960 345
1509970 345
1509980 345
1509990 344
1510000 343
1510010 343
1510020 343
1510030 342
1510040 342
1510050 341
1510060 340
1510070 340
1510080 339
1510090 338
1510100 338
1510110 337
1510120 337
1510130 337
1510140 336
1510150 335
1510160 335
1510170 335
1510180 335
1510190 335
1510200 335
1510210 334
1510220 334
1510230 334
1510240 334
1510250 334
1510260 334
1510270 334
1510280 334
1510290 334
1510300 334
1510310 334
1510320 334
1510330 335
1510340 335
1510350 335
1510360 335
1510370 335
1510380 335
1510390 335
1510400 335
1510410 335
1510420 336
1510430 336
1510440 336
1510450 336
1510460 336
1510470 338
1510480 343
1510490 343
1510500 347
1510510 347
1510520 347
1510530 347
1510540 346
1510550 346
1510560 345
1510570 343
1510580 343
1510590 343
1510600 343
1510610 343
1510620 346
1510630 349
1510640 349
1510650 350
1510660 351
1510670 351
1510680 353
1510690 354
1510700 354
1510710 355
1510720 356
1510730 356
1510740 357
1510750 358
1510760 358
1510770 358
1510780 359
1510790 359
1510800 360
1510810 360
1510820 360
1510830 361
1510840 362
1510850 362
1510860 362
1510870 363
1510880 363
1510890 364
1510900 365
1510910 365
1510920 366
1510930 367
1510940 367
1510950 368
1510960 369
1510970 369
1510980 368
1510990 367
1511000 367
1511010 367
1511020 367
1511030 367
1511040 369
1511050 371
1511060 371
1511070 372
1511080 372
1511090 372
1511100 373
1511110 374
1511120 374
1511130 374
1511140 374
1511150 374
1511160 374
1511170 373
1511180 373
1511190 373
1511200 372
1511210 372
1511220 370
1511230 367
1511240 367
1511250 365
1511260 366
1511270 366
1511280 368
1511290 368
1511300 368
1511310 369
1511320 369
1511330 369
1511340 370
1511350 371
1511360 371
1511370 372
1511380 374
1511390 374
1511400 375
1511410 376
1511420 376
1511430 377
1511440 379
1511450 379
1511460 380
1511470 381
1511480 381
1511490 382
1511500 384
1511510 384
1511520 385
1511530 386
1511540 386
1511550 388
1511560 388
1511570 391
1511580 393
1511590 393
1511600 394
1511610 394
1511620 394
1511630 395
1511640 396
1511650 396
1511660 398
1511670 398
1511680 398
1511690 398
1511700 398
1511710 398
1511720 398
1511730 398
1511740 398
1511750 398
1511760 396
1511770 396
1511780 393
1511790 391
1511800 391
1511810 389
1511820 388
1511830 388
1511840 387
1511850 387
1511860 387
1511870 387
1511880 387
1511890 387
1511900 388
1511910 388
1511920 388
1511930 387
1511940 388
1511950 388
1511960 388
1511970 389
1511980 389
1511990 390
1512000 391
1512010 391
1512020 392
1512030 393
1512040 393
1512050 394
1512060 395
1512070 395
1512080 396
1512090 397
1512100 397
1512110 398
1512120 399
1512130 399
1512140 399
1512150 400
1512160 400
1512170 400
1512180 400
1512190 400
1512200 401
1512210 401
1512220 401
1512230 402
1512240 403
1512250 403
1512260 404
1512270 406
1512280 406
1512290 407
1512300 408
1512310 408
1512320 408
1512330 407
1512340 407
1512350 407
1512360 406
1512370 406
1512380 405
1512390 404
1512400 404
1512410 403
1512420 401
1512430 401
1512440 399
1512450 398
1512460 398
1512470 397
1512480 395
1512490 395
1512500 394
1512510 393
1512520 393
1512530 392
1512540 392
1512550 392
1512560 391
1512570 389
1512580 389
1512590 389
1512600 388
1512610 388
1512620 387
1512630 387
1512640 387
1512650 386
1512660 385
1512670 385
1512680 384
1512690 383
1512700 383
1512710 383
1512720 382
1512730 382
1512740 381
1512750 380
1512760 380
1512770 378
1512780 377
1512790 377
1512800 376
1512810 375
1512820 375
1512830 375
1512840 375
1512850 375
1512860 375
1512870 376
1512880 376
1512890 377
1512900 378
1512910 378
1512920 380
1512930 381
1512940 381
1512950 381
1512960 382
1512970 382
1512980 382
1512990 382
1513000 382
1513010 381
1513020 381
1513030 381
1513040 381
1513050 380
1513060 380
1513070 379
1513080 379
1513090 379
1513100 378
1513110 377
1513120 377
1513130 376
1513140 375
1513150 375
1513160 374
1513170 373
1513180 373
1513190 372
1513200 371
1513210 371
1513220 370
1513230 369
1513240 369
1513250 367
1513260 366
1513270 366
1513280 365
1513290 365
1513300 365
1513310 364
1513320 362
1513330 362
1513340 361
1513350 360
1513360 360
1513370 358
1513380 358
1513390 357
1513400 355
1513410 355
1513420 354
1513430 352
1513440 352
1513450 350
1513460 349
1513470 349
1513480 349
1513490 349
1513500 349
1513510 349
1513520 350
1513530 350
1513540 351
1513550 352
1513560 352
1513570 352
1513580 353
1513590 353
1513600 356
1513610 357
1513620 357
1513630 358
1513640 357
1513650 357
1513660 357
1513670 357
1513680 357
1513690 357
1513700 356
1513710 356
1513720 356
1513730 356
1513740 356
1513750 355
1513760 355
1513770 355
1513780 355
1513790 354
1513800 354
1513810 354
1513820 354
1513830 354
1513840 353
1513850 353
1513860 353
1513870 353
1513880 352
1513890 352
1513900 352
1513910 352
1513920 352
1513930 351
1513940 351
1513950 351
1513960 350
1513970 349
1513980 349
1513990 349
1514000 349
1514010 349
1514020 349
1514030 349
1514040 349
1514050 348
1514060 348
1514070 348
1514080 347
1514090 347
1514100 347
1514110 347
1514120 346
1514130 346
1514140 346
1514150 346
1514160 346
1514170 346
1514180 345
1514190 345
1514200 345
1514210 345
1514220 345
1514230 345
1514240 345
1514250 345
1514260 345
1514270 345
1514280 345
1514290 344
1514300 344
1514310 344
1514320 343
1514330 344
1514340 344
1514350 344
1514360 344
1514370 344
1514380 344
1514390 344
1514400 344
1514410 344
1514420 344
1514430 344
1514440 344
1514450 344
1514460 344
1514470 344
1514480 345
1514490 345
1514500 344
1514510 344
1514520 344
1514530 344
1514540 345
1514550 345
1514560 347
1514570 350
1514580 350
1514590 351
1514600 352
1514610 352
1514620 352
1514630 353
1514640 353
1514650 353
1514660 353
1514670 353
1514680 354
1514690 354
1514700 354
1514710 354
1514720 354
1514730 354
1514740 354
1514750 354
1514760 354
1514770 355
1514780 355
1514790 355
1514800 355
1514810 355
1514820 355
1514830 355
1514840 354
1514850 354
1514860 354
1514870 354
1514880 354
1514890 353
1514900 353
1514910 353
1514920 352
1514930 349
1514940 349
1514950 346
1514960 346
1514970 346
1514980 347
1514990 348
1515000 348
1515010 351
1515020 352
1515030 352
1515040 353
1515050 353
1515060 353
1515070 353
1515080 354
1515090 354
1515100 354
1515110 354
1515120 354
1515130 354
1515140 354
1515150 354
1515160 354
1515170 354
1515180 354
1515190 354
1515200 354
1515210 354
1515220 354
1515230 354
1515240 353
1515250 353
1515260 353
1515270 352
1515280 350
1515290 350
1515300 347
1515310 345
1515320 345
1515330 345
1515340 344
1515350 344
1515360 345
1515370 345
1515380 345
1515390 345
1515400 345
1515410 345
1515420 345
1515430 346
1515440 346
1515450 346
1515460 345
1515470 345
1515480 345
1515490 346
1515500 346
1515510 346
1515520 346
1515530 346
1515540 346
1515550 346
1515560 346
1515570 346
1515580 345
1515590 345
1515600 345
1515610 346
1515620 346
1515630 346
1515640 346
1515650 346
1515660 346
1515670 346
1515680 346
1515690 346
1515700 346
1515710 346
1515720 346
1515730 346
1515740 346
1515750 346
1515760 346
1515770 346
1515780 346
1515790 346
1515800 346
1515810 346
1515820 346
1515830 346
1515840 347
1515850 347
1515860 347
1515870 349
1515880 351
1515890 351
1515900 354
1515910 356
1515920 356
1515930 356
1515940 355
1515950 355
1515960 353
1515970 349
1515980 349
1515990 347
1516000 347
1516010 347
1516020 347
1516030 347
1516040 347
1516050 347
1516060 346
1516070 346
1516080 346
1516090 346
1516100 346
1516110 347
1516120 347
1516130 347
1516140 347
1516150 347
1516160 347
1516170 347
1516180 347
1516190 347
1516200 347
1516210 347
1516220 347
1516230 347
1516240 348
1516250 348
1516260 348
1516270 349
1516280 349
1516290 350
1516300 351
1516310 351
1516320 352
1516330 352
1516340 352
1516350 353
1516360 354
1516370 354
1516380 354
1516390 355
1516400 355
1516410 356
1516420 357
1516430 357
1516440 357
1516450 357
1516460 357
1516470 358
1516480 358
1516490 358
1516500 358
1516510 359
1516520 359
1516530 359
1516540 359
1516550 359
1516560 358
1516570 359
1516580 359
1516590 359
1516600 359
1516610 359
1516620 359
1516630 360
1516640 360
1516650 360
1516660 360
1516670 360
1516680 360
1516690 360
1516700 360
1516710 360
1516720 360
1516730 360
1516740 360
1516750 360
1516760 360
1516770 360
1516780 360
1516790 360
1516800 360
1516810 360
1516820 360
1516830 360
1516840 360
1516850 360
1516860 360
1516870 360
1516880 360
1516890 359
1516900 359
1516910 359
1516920 357
1516930 355
1516940 355
1516950 353
1516960 352
1516970 352
1516980 350
1516990 350
1517000 350
1517010 350
1517020 351
1517030 351
1517040 351
1517050 350
1517060 350
1517070 350
1517080 350
1517090 350
1517100 350
1517110 350
1517120 351
1517130 351
1517140 351
1517150 351
1517160 351
1517170 351
1517180 351
1517190 351
1517200 351
1517210 351
1517220 351
1517230 351
1517240 351
1517250 351
1517260 351
1517270 351
1517280 351
1517290 351
1517300 351
1517310 352
1517320 352
1517330 352
1517340 352
1517350 352
1517360 352
1517370 352
1517380 352
1517390 352
1517400 352
1517410 352
1517420 352
1517430 352
1517440 352
1517450 352
1517460 353
1517470 353
1517480 353
1517490 353
1517500 353
1517510 353
1517520 353
1517530 353
1517540 353
1517550 353
1517560 353
1517570 353
1517580 353
1517590 353
1517600 353
1517610 353
1517620 353
1517630 354
1517640 356
1517650 356
1517660 355
1517670 354
1517680 354
1517690 354
1517700 354
1517710 354
1517720 354
1517730 354
1517740 354
1517750 354
1517760 354
1517770 354
1517780 355
1517790 355
1517800 355
1517810 355
1517820 356
1517830 356
1517840 356
1517850 356
1517860 356
1517870 356
1517880 356
1517890 356
1517900 357
1517910 357
1517920 357
1517930 357
1517940 356
1517950 356
1517960 356
1517970 357
1517980 357
1517990 357
1518000 357
1518010 357
1518020 357
1518030 357
1518040 357
1518050 357
1518060 358
1518070 358
1518080 358
1518090 357
1518100 357
1518110 357
1518120 357
1518130 357
1518140 358
1518150 358
1518160 358
1518170 359
1518180 360
1518190 360
1518200 361
1518210 362
1518220 362
1518230 363
1518240 363
1518250 363
1518260 364
1518270 365
1518280 365
1518290 365
1518300 366
1518310 366
1518320 367
1518330 367
1518340 367
1518350 368
1518360 368
1518370 368
1518380 368
1518390 368
1518400 368
1518410 369
1518420 369
1518430 369
1518440 369
1518450 369
1518460 369
1518470 369
1518480 369
1518490 369
1518500 369
1518510 368
1518520 368
1518530 367
1518540 367
1518550 367
1518560 367
1518570 367
1518580 367
1518590 368
1518600 369
1518610 369
1518620 371
1518630 372
1518640 372
1518650 372
1518660 373
1518670 373
1518680 374
1518690 375
1518700 375
1518710 376
1518720 377
1518730 377
1518740 377
1518750 378
1518760 378
1518770 380
1518780 381
1518790 381
1518800 381
1518810 382
1518820 382
1518830 383
1518840 384
1518850 384
1518860 385
1518870 386
1518880 386
1518890 386
1518900 387
1518910 387
1518920 388
1518930 389
1518940 389
1518950 390
1518960 391
1518970 391
1518980 391
1518990 391
1519000 392
1519010 393
1519020 393
1519030 394
1519040 394
1519050 394
1519060 395
1519070 395
1519080 395
1519090 396
1519100 396
1519110 396
1519120 397
1519130 397
1519140 397
1519150 398
1519160 398
1519170 398
1519180 399
1519190 399
1519200 399
1519210 400
1519220 401
1519230 401
1519240 401
1519250 402
1519260 402
1519270 403
1519280 403
1519290 403
1519300 404
1519310 404
1519320 404
1519330 404
1519340 404
1519350 404
1519360 404
1519370 404
1519380 404
1519390 405
1519400 405
1519410 405
1519420 404
1519430 405
1519440 405
1519450 405
1519460 405
1519470 405
1519480 404
1519490 404
1519500 404
1519510 404
1519520 404
1519530 404
1519540 405
1519550 405
1519560 405
1519570 402
1519580 399
1519590 399
1519600 397
1519610 398
1519620 398
1519630 399
1519640 399
1519650 399
1519660 400
1519670 401
1519680 401
1519690 402
1519700 404
1519710 404
1519720 405
1519730 407
1519740 407
1519750 409
1519760 411
1519770 411
1519780 413
1519790 415
1519800 415
1519810 416
1519820 418
1519830 418
1519840 421
1519850 423
1519860 423
1519870 425
1519880 428
1519890 428
1519900 430
1519910 432
1519920 432
1519930 432
1519940 431
1519950 431
1519960 429
1519970 426
1519980 426
1519990 424
