1500000 446
1500010 445
1500020 445
1500030 445
1500040 445
1500050 444
1500060 444
1500070 443
1500080 443
1500090 443
1500100 442
1500110 441
1500120 441
1500130 440
1500140 440
1500150 439
1500160 438
1500170 438
1500180 438
1500190 437
1500200 437
1500210 437
1500220 436
1500230 436
1500240 436
1500250 435
1500260 435
1500270 434
1500280 434
1500290 434
1500300 433
1500310 433
1500320 433
1500330 433
1500340 433
1500350 433
1500360 433
1500370 433
1500380 433
1500390 434
1500400 434
1500410 434
1500420 435
1500430 435
1500440 435
1500450 436
1500460 436
1500470 436
1500480 436
1500490 436
1500500 436
1500510 436
1500520 436
1500530 436
1500540 436
1500550 436
1500560 436
1500570 435
1500580 435
1500590 435
1500600 434
1500610 434
1500620 434
1500630 433
1500640 433
1500650 433
1500660 432
1500670 431
1500680 431
1500690 431
1500700 429
1500710 429
1500720 428
1500730 426
1500740 426
1500750 424
1500760 422
1500770 422
1500780 420
1500790 419
1500800 419
1500810 416
1500820 414
1500830 414
1500840 412
1500850 412
1500860 412
1500870 412
1500880 413
1500890 413
1500900 413
1500910 413
1500920 413
1500930 412
1500940 412
1500950 412
1500960 412
1500970 411
1500980 411
1500990 410
1501000 409
1501010 409
1501020 409
1501030 410
1501040 410
1501050 410
1501060 410
1501070 410
1501080 410
1501090 410
1501100 410
1501110 411
1501120 414
1501130 414
1501140 418
1501150 420
1501160 420
1501170 421
1501180 422
1501190 422
1501200 424
1501210 425
1501220 425
1501230 426
1501240 427
1501250 427
1501260 427
1501270 425
1501280 425
1501290 423
1501300 424
1501310 424
1501320 425
1501330 425
1501340 425
1501350 428
1501360 432
1501370 432
1501380 434
1501390 434
1501400 434
1501410 435
1501420 435
1501430 435
1501440 435
1501450 435
1501460 435
1501470 435
1501480 435
1501490 435
1501500 435
1501510 435
1501520 435
1501530 435
1501540 435
1501550 435
1501560 434
1501570 434
1501580 434
1501590 434
1501600 434
1501610 433
1501620 433
1501630 433
1501640 432
1501650 431
1501660 431
1501670 431
1501680 430
1501690 430
1501700 429
1501710 428
1501720 428
1501730 427
1501740 426
1501750 426
1501760 425
1501770 424
1501780 424
1501790 424
1501800 423
1501810 423
1501820 422
1501830 422
1501840 422
1501850 421
1501860 421
1501870 421
1501880 421
1501890 421
1501900 421
1501910 420
1501920 419
1501930 419
1501940 417
1501950 415
1501960 415
1501970 418
1501980 419
1501990 419
1502000 420
1502010 420
1502020 420
1502030 421
1502040 421
1502050 421
1502060 422
1502070 422
1502080 422
1502090 423
1502100 424
1502110 424
1502120 425
1502130 426
1502140 426
1502150 426
1502160 427
1502170 427
1502180 428
1502190 428
1502200 428
1502210 429
1502220 429
1502230 429
1502240 430
1502250 430
1502260 430
1502270 431
1502280 431
1502290 431
1502300 432
1502310 432
1502320 432
1502330 433
1502340 433
1502350 433
1502360 434
1502370 434
1502380 434
1502390 434
1502400 435
1502410 435
1502420 435
1502430 435
1502440 435
1502450 436
1502460 436
1502470 436
1502480 437
1502490 437
1502500 437
1502510 437
1502520 438
1502530 438
1502540 438
1502550 438
1502560 438
1502570 439
1502580 439
1502590 439
1502600 440
1502610 440
1502620 440
1502630 440
1502640 441
1502650 441
1502660 441
1502670 442
1502680 442
1502690 442
1502700 443
1502710 443
1502720 443
1502730 443
1502740 443
1502750 444
1502760 444
1502770 444
1502780 445
1502790 445
1502800 445
1502810 446
1502820 447
1502830 447
1502840 447
1502850 448
1502860 448
1502870 449
1502880 449
1502890 449
1502900 450
1502910 451
1502920 451
1502930 452
1502940 453
1502950 453
1502960 454
1502970 455
1502980 455
1502990 456
1503000 456
1503010 456
1503020 457
1503030 457
1503040 457
1503050 458
1503060 458
1503070 458
1503080 458
1503090 458
1503100 459
1503110 459
1503120 459
1503130 459
1503140 460
1503150 460
1503160 460
1503170 460
1503180 460
1503190 460
1503200 460
1503210 460
1503220 460
1503230 459
1503240 459
1503250 459
1503260 459
1503270 459
1503280 458
1503290 458
1503300 458
1503310 457
1503320 457
1503330 457
1503340 456
1503350 455
1503360 455
1503370 455
1503380 454
1503390 454
1503400 453
1503410 453
1503420 453
1503430 452
1503440 452
1503450 452
1503460 451
1503470 451
1503480 451
1503490 451
1503500 450
1503510 450
1503520 450
1503530 450
1503540 450
1503550 449
1503560 449
1503570 449
1503580 448
1503590 448
1503600 448
1503610 448
1503620 447
1503630 447
1503640 447
1503650 446
1503660 446
1503670 445
1503680 445
1503690 445
1503700 444
1503710 443
1503720 443
1503730 442
1503740 441
1503750 441
1503760 440
1503770 440
1503780 440
1503790 439
1503800 438
1503810 438
1503820 437
1503830 437
1503840 437
1503850 436
1503860 436
1503870 436
1503880 435
1503890 434
1503900 434
1503910 434
1503920 433
1503930 433
1503940 432
1503950 431
1503960 431
1503970 430
1503980 429
1503990 429
1504000 429
1504010 428
1504020 428
1504030 428
1504040 427
1504050 427
1504060 426
1504070 425
1504080 425
1504090 424
1504100 423
1504110 423
1504120 422
1504130 422
1504140 422
1504150 421
1504160 420
1504170 420
1504180 420
1504190 419
1504200 419
1504210 419
1504220 419
1504230 419
1504240 419
1504250 419
1504260 419
1504270 419
1504280 419
1504290 419
1504300 419
1504310 419
1504320 419
1504330 418
1504340 418
1504350 418
1504360 418
1504370 417
1504380 417
1504390 417
1504400 416
1504410 416
1504420 416
1504430 415
1504440 415
1504450 415
1504460 414
1504470 414
1504480 413
1504490 412
1504500 412
1504510 410
1504520 407
1504530 407
1504540 403
1504550 402
1504560 402
1504570 402
1504580 402
1504590 403
1504600 403
1504610 403
1504620 403
1504630 403
1504640 403
1504650 402
1504660 402
1504670 402
1504680 401
1504690 400
1504700 400
1504710 399
1504720 398
1504730 398
1504740 397
1504750 397
1504760 397
1504770 395
1504780 391
1504790 391
1504800 391
1504810 393
1504820 393
1504830 394
1504840 396
1504850 396
1504860 399
1504870 399
1504880 399
1504890 400
1504900 401
1504910 401
1504920 403
1504930 403
1504940 403
1504950 403
1504960 404
1504970 404
1504980 405
1504990 406
1505000 406
1505010 407
1505020 407
1505030 407
1505040 407
1505050 407
1505060 407
1505070 408
1505080 408
1505090 408
1505100 409
1505110 408
1505120 408
1505130 408
1505140 408
1505150 408
1505160 409
1505170 411
1505180 411
1505190 412
1505200 413
1505210 413
1505220 414
1505230 414
1505240 414
1505250 415
1505260 415
1505270 415
1505280 415
1505290 416
1505300 416
1505310 416
1505320 417
1505330 417
1505340 418
1505350 419
1505360 419
1505370 420
1505380 421
1505390 421
1505400 422
1505410 423
1505420 423
1505430 424
1505440 425
1505450 425
1505460 426
1505470 426
1505480 426
1505490 427
1505500 427
1505510 427
1505520 427
1505530 427
1505540 427
1505550 427
1505560 427
1505570 427
1505580 427
1505590 426
1505600 426
1505610 426
1505620 425
1505630 425
1505640 424
1505650 423
1505660 423
1505670 421
1505680 419
1505690 419
1505700 417
1505710 415
1505720 415
1505730 412
1505740 410
1505750 410
1505760 408
1505770 406
1505780 406
1505790 405
1505800 407
1505810 407
1505820 408
1505830 409
1505840 409
1505850 410
1505860 411
1505870 411
1505880 412
1505890 413
1505900 413
1505910 414
1505920 415
1505930 415
1505940 416
1505950 416
1505960 416
1505970 417
1505980 418
1505990 418
1506000 418
1506010 419
1506020 419
1506030 419
1506040 419
1506050 420
1506060 420
1506070 420
1506080 420
1506090 420
1506100 420
1506110 420
1506120 420
1506130 420
1506140 420
1506150 419
1506160 419
1506170 419
1506180 418
1506190 418
1506200 418
1506210 417
1506220 417
1506230 417
1506240 416
1506250 416
1506260 415
1506270 415
1506280 415
1506290 414
1506300 413
1506310 413
1506320 412
1506330 411
1506340 411
1506350 410
1506360 409
1506370 409
1506380 408
1506390 407
1506400 407
1506410 406
1506420 405
1506430 405
1506440 404
1506450 402
1506460 402
1506470 400
1506480 399
1506490 399
1506500 397
1506510 395
1506520 395
1506530 394
1506540 392
1506550 392
1506560 391
1506570 389
1506580 389
1506590 388
1506600 387
1506610 387
1506620 386
1506630 385
1506640 385
1506650 384
1506660 383
1506670 383
1506680 382
1506690 381
1506700 381
1506710 380
1506720 379
1506730 379
1506740 379
1506750 378
1506760 378
1506770 377
1506780 377
1506790 377
1506800 376
1506810 375
1506820 375
1506830 374
1506840 374
1506850 374
1506860 373
1506870 372
1506880 372
1506890 372
1506900 371
1506910 371
1506920 370
1506930 370
1506940 370
1506950 369
1506960 368
1506970 368
1506980 368
1506990 367
1507000 367
1507010 367
1507020 366
1507030 366
1507040 365
1507050 365
1507060 365
1507070 364
1507080 364
1507090 364
1507100 363
1507110 362
1507120 362
1507130 362
1507140 361
1507150 361
1507160 361
1507170 360
1507180 360
1507190 359
1507200 358
1507210 358
1507220 358
1507230 357
1507240 357
1507250 357
1507260 356
1507270 356
1507280 356
1507290 356
1507300 356
1507310 355
1507320 355
1507330 355
1507340 354
1507350 354
1507360 354
1507370 353
1507380 353
1507390 353
1507400 353
1507410 352
1507420 352
1507430 352
1507440 352
1507450 352
1507460 352
1507470 352
1507480 352
1507490 352
1507500 352
1507510 352
1507520 352
1507530 352
1507540 352
1507550 352
1507560 352
1507570 352
1507580 352
1507590 352
1507600 352
1507610 352
1507620 352
1507630 352
1507640 352
1507650 352
1507660 352
1507670 353
1507680 353
1507690 353
1507700 354
1507710 354
1507720 354
1507730 355
1507740 355
1507750 356
1507760 357
1507770 357
1507780 357
1507790 358
1507800 358
1507810 358
1507820 359
1507830 359
1507840 360
1507850 361
1507860 361
1507870 362
1507880 362
1507890 362
1507900 363
1507910 364
1507920 364
1507930 365
1507940 366
1507950 366
1507960 366
1507970 367
1507980 367
1507990 367
1508000 368
1508010 368
1508020 369
1508030 370
1508040 370
1508050 371
1508060 372
1508070 372
1508080 373
1508090 373
1508100 373
1508110 374
1508120 375
1508130 375
1508140 375
1508150 376
1508160 376
1508170 375
1508180 374
1508190 374
1508200 377
1508210 380
1508220 380
1508230 381
1508240 382
1508250 382
1508260 382
1508270 382
1508280 382
1508290 384
1508300 385
1508310 385
1508320 386
1508330 387
1508340 387
1508350 387
1508360 388
1508370 388
1508380 389
1508390 390
1508400 390
1508410 392
1508420 394
1508430 394
1508440 396
1508450 397
1508460 397
1508470 399
1508480 400
1508490 400
1508500 402
1508510 404
1508520 404
1508530 405
1508540 407
1508550 407
1508560 409
1508570 410
1508580 410
1508590 411
1508600 413
1508610 413
1508620 414
1508630 415
1508640 415
1508650 416
1508660 417
1508670 417
1508680 418
1508690 419
1508700 419
1508710 421
1508720 422
1508730 422
1508740 424
1508750 425
1508760 425
1508770 426
1508780 427
1508790 427
1508800 428
1508810 429
1508820 429
1508830 430
1508840 431
1508850 431
1508860 431
1508870 431
1508880 431
1508890 432
1508900 432
1508910 432
1508920 432
1508930 432
1508940 432
1508950 432
1508960 432
1508970 432
1508980 432
1508990 432
1509000 432
1509010 432
1509020 432
1509030 432
1509040 433
1509050 433
1509060 433
1509070 433
1509080 433
1509090 433
1509100 434
1509110 434
1509120 434
1509130 433
1509140 433
1509150 432
1509160 430
1509170 430
1509180 427
1509190 423
1509200 423
1509210 418
1509220 414
1509230 414
1509240 411
1509250 409
1509260 409
1509270 406
1509280 403
1509290 403
1509300 400
1509310 402
1509320 402
1509330 404
1509340 406
1509350 406
1509360 408
1509370 411
1509380 411
1509390 413
1509400 415
1509410 415
1509420 416
1509430 417
1509440 417
1509450 417
1509460 418
1509470 418
1509480 419
1509490 419
1509500 419
1509510 420
1509520 421
1509530 421
1509540 422
1509550 423
1509560 423
1509570 425
1509580 427
1509590 427
1509600 429
1509610 431
1509620 431
1509630 433
1509640 434
1509650 434
1509660 436
1509670 437
1509680 437
1509690 438
1509700 438
1509710 438
1509720 438
1509730 437
1509740 437
1509750 437
1509760 436
1509770 436
1509780 435
1509790 434
1509800 434
1509810 433
1509820 431
1509830 431
1509840 429
1509850 427
1509860 427
1509870 425
1509880 424
1509890 424
1509900 423
1509910 419
1509920 419
1509930 416
1509940 417
1509950 417
1509960 420
1509970 423
1509980 423
1509990 426
1510000 430
1510010 430
1510020 433
1510030 435
1510040 435
1510050 437
1510060 439
1510070 439
1510080 441
1510090 443
1510100 443
1510110 446
1510120 448
1510130 448
1510140 450
1510150 451
1510160 451
1510170 452
1510180 453
1510190 453
1510200 454
1510210 454
1510220 454
1510230 455
1510240 455
1510250 455
1510260 456
1510270 456
1510280 456
1510290 456
1510300 457
1510310 457
1510320 457
1510330 457
1510340 457
1510350 457
1510360 457
1510370 457
1510380 457
1510390 457
1510400 457
1510410 456
1510420 456
1510430 456
1510440 456
1510450 456
1510460 456
1510470 455
1510480 455
1510490 455
1510500 454
1510510 454
1510520 454
1510530 453
1510540 453
1510550 453
1510560 452
1510570 452
1510580 452
1510590 451
1510600 451
1510610 450
1510620 450
1510630 450
1510640 449
1510650 449
1510660 449
1510670 448
1510680 447
1510690 447
1510700 447
1510710 446
1510720 446
1510730 445
1510740 444
1510750 444
1510760 445
1510770 445
1510780 445
1510790 446
1510800 447
1510810 447
1510820 448
1510830 449
1510840 449
1510850 450
1510860 450
1510870 450
1510880 449
1510890 448
1510900 448
1510910 445
1510920 443
1510930 443
1510940 442
1510950 442
1510960 442
1510970 443
1510980 444
1510990 444
1511000 446
1511010 448
1511020 448
1511030 450
1511040 452
1511050 452
1511060 454
1511070 456
1511080 456
1511090 457
1511100 458
1511110 458
1511120 459
1511130 460
1511140 460
1511150 461
1511160 462
1511170 462
1511180 463
1511190 464
1511200 464
1511210 465
1511220 466
1511230 466
1511240 467
1511250 468
1511260 468
1511270 470
1511280 471
1511290 471
1511300 472
1511310 473
1511320 473
1511330 473
1511340 474
1511350 474
1511360 475
1511370 476
1511380 476
1511390 477
1511400 477
1511410 477
1511420 478
1511430 479
1511440 479
1511450 480
1511460 481
1511470 481
1511480 482
1511490 483
1511500 483
1511510 484
1511520 485
1511530 485
1511540 485
1511550 486
1511560 486
1511570 486
1511580 486
1511590 486
1511600 487
1511610 487
1511620 487
1511630 487
1511640 486
1511650 486
1511660 487
1511670 489
1511680 489
1511690 490
1511700 491
1511710 491
1511720 492
1511730 493
1511740 493
1511750 494
1511760 493
1511770 493
1511780 494
1511790 495
1511800 495
1511810 497
1511820 500
1511830 500
1511840 502
1511850 503
1511860 503
1511870 504
1511880 506
1511890 506
1511900 508
1511910 508
1511920 510
1511930 512
1511940 512
1511950 514
1511960 516
1511970 516
1511980 517
1511990 519
1512000 519
1512010 521
1512020 523
1512030 523
1512040 524
1512050 526
1512060 526
1512070 527
1512080 529
1512090 529
1512100 530
1512110 531
1512120 531
1512130 533
1512140 534
1512150 534
1512160 536
1512170 537
1512180 537
1512190 539
1512200 540
1512210 540
1512220 541
1512230 543
1512240 543
1512250 545
1512260 547
1512270 547
1512280 549
1512290 551
1512300 551
1512310 554
1512320 556
1512330 556
1512340 558
1512350 559
1512360 559
1512370 561
1512380 563
1512390 563
1512400 565
1512410 566
1512420 566
1512430 567
1512440 569
1512450 569
1512460 570
1512470 571
1512480 571
1512490 572
1512500 572
1512510 572
1512520 572
1512530 572
1512540 572
1512550 572
1512560 572
1512570 572
1512580 571
1512590 571
1512600 571
1512610 570
1512620 569
1512630 569
1512640 567
1512650 565
1512660 565
1512670 563
1512680 562
1512690 562
1512700 560
1512710 558
1512720 558
1512730 556
1512740 555
1512750 555
1512760 553
1512770 553
1512780 553
1512790 552
1512800 550
1512810 550
1512820 549
1512830 549
1512840 549
1512850 549
1512860 549
1512870 549
1512880 549
1512890 549
1512900 549
1512910 549
1512920 549
1512930 549
1512940 548
1512950 548
1512960 548
1512970 548
1512980 548
1512990 548
1513000 548
1513010 548
1513020 548
1513030 548
1513040 547
1513050 547
1513060 546
1513070 546
1513080 546
1513090 545
1513100 544
1513110 544
1513120 543
1513130 543
1513140 543
1513150 542
1513160 541
1513170 541
1513180 541
1513190 540
1513200 540
1513210 540
1513220 539
1513230 539
1513240 538
1513250 539
1513260 539
1513270 539
1513280 539
1513290 539
1513300 539
1513310 538
1513320 538
1513330 538
1513340 538
1513350 538
1513360 538
1513370 537
1513380 537
1513390 537
1513400 537
1513410 537
1513420 537
1513430 537
1513440 536
1513450 537
1513460 537
1513470 538
1513480 538
1513490 538
1513500 539
1513510 540
1513520 540
1513530 540
1513540 541
1513550 541
1513560 541
1513570 541
1513580 541
1513590 540
1513600 540
1513610 540
1513620 541
1513630 541
1513640 541
1513650 540
1513660 539
1513670 539
1513680 538
1513690 537
1513700 537
1513710 536
1513720 534
1513730 534
1513740 532
1513750 530
1513760 530
1513770 528
1513780 527
1513790 527
1513800 525
1513810 524
1513820 524
1513830 522
1513840 520
1513850 520
1513860 519
1513870 518
1513880 518
1513890 517
1513900 516
1513910 516
1513920 515
1513930 514
1513940 515
1513950 515
1513960 514
1513970 514
1513980 513
1513990 512
1514000 512
1514010 511
1514020 510
1514030 510
1514040 510
1514050 510
1514060 510
1514070 510
1514080 510
1514090 510
1514100 511
1514110 511
1514120 511
1514130 512
1514140 512
1514150 512
1514160 513
1514170 513
1514180 513
1514190 513
1514200 513
1514210 513
1514220 513
1514230 513
1514240 513
1514250 512
1514260 512
1514270 512
1514280 511
1514290 510
1514300 510
1514310 509
1514320 508
1514330 508
1514340 507
1514350 507
1514360 507
1514370 506
1514380 506
1514390 506
1514400 505
1514410 505
1514420 505
1514430 504
1514440 503
1514450 503
1514460 503
1514470 502
1514480 502
1514490 502
1514500 501
1514510 501
1514520 500
1514530 499
1514540 499
1514550 499
1514560 499
1514570 499
1514580 500
1514590 501
1514600 501
1514610 501
1514620 502
1514630 502
1514640 502
1514650 501
1514660 501
1514670 501
1514680 500
1514690 500
1514700 500
1514710 500
1514720 500
1514730 499
1514740 499
1514750 499
1514760 499
1514770 499
1514780 499
1514790 500
1514800 500
1514810 500
1514820 501
1514830 501
1514840 501
1514850 502
1514860 502
1514870 502
1514880 503
1514890 503
1514900 503
1514910 503
1514920 503
1514930 503
1514940 503
1514950 503
1514960 503
1514970 503
1514980 503
1514990 502
1515000 502
1515010 502
1515020 501
1515030 500
1515040 500
1515050 499
1515060 499
1515070 499
1515080 498
1515090 497
1515100 497
1515110 496
1515120 496
1515130 496
1515140 495
1515150 495
1515160 495
1515170 494
1515180 493
1515190 493
1515200 491
1515210 490
1515220 490
1515230 489
1515240 488
1515250 488
1515260 487
1515270 486
1515280 486
1515290 485
1515300 484
1515310 484
1515320 483
1515330 483
1515340 483
1515350 483
1515360 482
1515370 482
1515380 482
1515390 481
1515400 481
1515410 481
1515420 481
1515430 481
1515440 480
1515450 480
1515460 480
1515470 479
1515480 478
1515490 478
1515500 477
1515510 476
1515520 476
1515530 475
1515540 474
1515550 474
1515560 472
1515570 470
1515580 470
1515590 468
1515600 466
1515610 466
1515620 463
1515630 460
1515640 460
1515650 457
1515660 454
1515670 454
1515680 452
1515690 450
1515700 450
1515710 449
1515720 448
1515730 448
1515740 447
1515750 447
1515760 447
1515770 446
1515780 446
1515790 446
1515800 448
1515810 450
1515820 450
1515830 451
1515840 451
1515850 451
1515860 451
1515870 451
1515880 451
1515890 453
1515900 458
1515910 458
1515920 462
1515930 464
1515940 464
1515950 465
1515960 466
1515970 466
1515980 466
1515990 466
1516000 466
1516010 466
1516020 466
1516030 466
1516040 466
1516050 466
1516060 466
1516070 466
1516080 467
1516090 467
1516100 468
1516110 469
1516120 469
1516130 470
1516140 471
1516150 471
1516160 471
1516170 471
1516180 471
1516190 471
1516200 470
1516210 470
1516220 469
1516230 469
1516240 469
1516250 469
1516260 468
1516270 468
1516280 468
1516290 468
1516300 468
1516310 469
1516320 470
1516330 470
1516340 471
1516350 471
1516360 473
1516370 474
1516380 474
1516390 475
1516400 477
1516410 477
1516420 478
1516430 478
1516440 478
1516450 480
1516460 481
1516470 481
1516480 482
1516490 483
1516500 483
1516510 484
1516520 485
1516530 485
1516540 485
1516550 486
1516560 486
1516570 487
1516580 487
1516590 487
1516600 487
1516610 486
1516620 486
1516630 485
1516640 484
1516650 484
1516660 481
1516670 478
1516680 478
1516690 474
1516700 470
1516710 470
1516720 467
1516730 464
1516740 464
1516750 462
1516760 464
1516770 464
1516780 467
1516790 470
1516800 470
1516810 474
1516820 477
1516830 477
1516840 479
1516850 480
1516860 480
1516870 481
1516880 482
1516890 482
1516900 483
1516910 484
1516920 484
1516930 484
1516940 484
1516950 484
1516960 484
1516970 483
1516980 483
1516990 481
1517000 479
1517010 479
1517020 477
1517030 475
1517040 475
1517050 472
1517060 470
1517070 470
1517080 467
1517090 465
1517100 465
1517110 464
1517120 462
1517130 462
1517140 461
1517150 460
1517160 460
1517170 459
1517180 459
1517190 459
1517200 459
1517210 460
1517220 460
1517230 464
1517240 466
1517250 466
1517260 469
1517270 472
1517280 472
1517290 475
1517300 477
1517310 477
1517320 479
1517330 480
1517340 480
1517350 480
1517360 480
1517370 480
1517380 479
1517390 478
1517400 478
1517410 477
1517420 476
1517430 476
1517440 476
1517450 475
1517460 475
1517470 475
1517480 475
1517490 475
1517500 475
1517510 475
1517520 475
1517530 476
1517540 477
1517550 477
1517560 477
1517570 478
1517580 478
1517590 479
1517600 479
1517610 479
1517620 480
1517630 481
1517640 481
1517650 482
1517660 483
1517670 483
1517680 483
1517690 485
1517700 485
1517710 486
1517720 488
1517730 488
1517740 489
1517750 490
1517760 490
1517770 492
1517780 493
1517790 493
1517800 494
1517810 494
1517820 496
1517830 497
1517840 497
1517850 499
1517860 500
1517870 500
1517880 503
1517890 505
1517900 505
1517910 506
1517920 507
1517930 507
1517940 508
1517950 509
1517960 509
1517970 510
1517980 512
1517990 512
1518000 513
1518010 514
1518020 514
1518030 516
1518040 517
1518050 517
1518060 518
1518070 519
1518080 519
1518090 520
1518100 521
1518110 521
1518120 522
1518130 523
1518140 523
1518150 524
1518160 525
1518170 525
1518180 525
1518190 525
1518200 525
1518210 525
1518220 524
1518230 524
1518240 524
1518250 523
1518260 523
1518270 521
1518280 520
1518290 520
1518300 518
1518310 516
1518320 516
1518330 515
1518340 513
1518350 513
1518360 512
1518370 512
1518380 512
1518390 513
1518400 516
1518410 516
1518420 517
1518430 518
1518440 518
1518450 519
1518460 520
1518470 520
1518480 520
1518490 521
1518500 521
1518510 521
1518520 522
1518530 522
1518540 522
1518550 523
1518560 523
1518570 524
1518580 524
1518590 524
1518600 525
1518610 526
1518620 526
1518630 527
1518640 527
1518650 527
1518660 528
1518670 528
1518680 528
1518690 529
1518700 529
1518710 529
1518720 530
1518730 530
1518740 530
1518750 531
1518760 532
1518770 532
1518780 532
1518790 533
1518800 533
1518810 533
1518820 534
1518830 534
1518840 535
1518850 535
1518860 535
1518870 536
1518880 537
1518890 537
1518900 537
1518910 538
1518920 538
1518930 538
1518940 539
1518950 539
1518960 539
1518970 540
1518980 540
1518990 540
1519000 541
1519010 541
1519020 541
1519030 541
1519040 541
1519050 541
1519060 541
1519070 541
1519080 541
1519090 541
1519100 541
1519110 540
1519120 538
1519130 538
1519140 536
1519150 534
1519160 534
1519170 531
1519180 530
1519190 530
1519200 529
1519210 526
1519220 526
1519230 523
1519240 523
1519250 523
1519260 522
1519270 518
1519280 518
1519290 514
1519300 514
1519310 513
1519320 512
1519330 512
1519340 512
1519350 513
1519360 513
1519370 516
1519380 521
1519390 521
1519400 524
1519410 527
1519420 527
1519430 528
1519440 528
1519450 528
1519460 529
1519470 530
1519480 530
1519490 530
1519500 531
1519510 531
1519520 531
1519530 531
1519540 531
1519550 532
1519560 532
1519570 532
1519580 533
1519590 533
1519600 533
1519610 534
1519620 535
1519630 535
1519640 535
1519650 536
1519660 536
1519670 537
1519680 538
1519690 538
1519700 539
1519710 539
1519720 539
1519730 540
1519740 540
1519750 540
1519760 540
1519770 540
1519780 540
1519790 538
1519800 536
1519810 536
1519820 536
1519830 537
1519840 537
1519850 539
1519860 540
1519870 540
1519880 542
1519890 543
1519900 543
1519910 545
1519920 547
1519930 547
1519940 549
1519950 551
1519960 551
1519970 553
1519980 554
1519990 554
