1500000 437
1500010 436
1500020 435
1500030 435
1500040 434
1500050 433
1500060 433
1500070 432
1500080 431
1500090 431
1500100 431
1500110 430
1500120 430
1500130 429
1500140 429
1500150 429
1500160 428
1500170 428
1500180 428
1500190 427
1500200 427
1500210 427
1500220 427
1500230 427
1500240 427
1500250 426
1500260 426
1500270 424
1500280 423
1500290 423
1500300 424
1500310 427
1500320 427
1500330 429
1500340 430
1500350 430
1500360 430
1500370 431
1500380 431
1500390 431
1500400 431
1500410 431
1500420 431
1500430 431
1500440 431
1500450 431
1500460 430
1500470 430
1500480 430
1500490 430
1500500 430
1500510 429
1500520 429
1500530 429
1500540 429
1500550 428
1500560 428
1500570 428
1500580 427
1500590 427
1500600 427
1500610 427
1500620 427
1500630 426
1500640 426
1500650 426
1500660 425
1500670 425
1500680 425
1500690 424
1500700 423
1500710 423
1500720 421
1500730 419
1500740 419
1500750 417
1500760 415
1500770 415
1500780 412
1500790 410
1500800 410
1500810 409
1500820 407
1500830 407
1500840 406
1500850 406
1500860 406
1500870 405
1500880 406
1500890 406
1500900 407
1500910 413
1500920 413
1500930 416
1500940 417
1500950 417
1500960 417
1500970 417
1500980 417
1500990 419
1501000 420
1501010 420
1501020 422
1501030 423
1501040 423
1501050 424
1501060 426
1501070 426
1501080 427
1501090 428
1501100 428
1501110 428
1501120 429
1501130 429
1501140 430
1501150 430
1501160 430
1501170 431
1501180 431
1501190 431
1501200 432
1501210 433
1501220 433
1501230 433
1501240 433
1501250 433
1501260 434
1501270 434
1501280 434
1501290 434
1501300 434
1501310 434
1501320 434
1501330 434
1501340 434
1501350 434
1501360 434
1501370 434
1501380 434
1501390 433
1501400 433
1501410 433
1501420 433
1501430 433
1501440 432
1501450 432
1501460 432
1501470 431
1501480 431
1501490 431
1501500 430
1501510 430
1501520 430
1501530 429
1501540 429
1501550 429
1501560 428
1501570 428
1501580 428
1501590 428
1501600 427
1501610 427
1501620 427
1501630 426
1501640 426
1501650 425
1501660 425
1501670 425
1501680 424
1501690 424
1501700 424
1501710 423
1501720 423
1501730 423
1501740 422
1501750 422
1501760 422
1501770 421
1501780 421
1501790 421
1501800 420
1501810 420
1501820 419
1501830 419
1501840 419
1501850 418
1501860 418
1501870 418
1501880 417
1501890 416
1501900 416
1501910 416
1501920 415
1501930 415
1501940 415
1501950 414
1501960 414
1501970 413
1501980 412
1501990 412
1502000 411
1502010 413
1502020 413
1502030 414
1502040 415
1502050 415
1502060 415
1502070 416
1502080 416
1502090 417
1502100 417
1502110 417
1502120 418
1502130 418
1502140 418
1502150 419
1502160 420
1502170 420
1502180 420
1502190 421
1502200 421
1502210 421
1502220 422
1502230 422
1502240 422
1502250 423
1502260 423
1502270 423
1502280 424
1502290 424
1502300 424
1502310 425
1502320 425
1502330 426
1502340 426
1502350 426
1502360 427
1502370 427
1502380 427
1502390 427
1502400 428
1502410 428
1502420 429
1502430 429
1502440 429
1502450 430
1502460 430
1502470 430
1502480 431
1502490 431
1502500 431
1502510 433
1502520 433
1502530 433
1502540 433
1502550 434
1502560 434
1502570 434
1502580 434
1502590 434
1502600 434
1502610 434
1502620 434
1502630 433
1502640 430
1502650 430
1502660 431
1502670 432
1502680 432
1502690 434
1502700 436
1502710 436
1502720 438
1502730 440
1502740 440
1502750 442
1502760 443
1502770 443
1502780 444
1502790 446
1502800 446
1502810 447
1502820 448
1502830 448
1502840 449
1502850 450
1502860 450
1502870 451
1502880 451
1502890 451
1502900 452
1502910 453
1502920 453
1502930 454
1502940 454
1502950 454
1502960 455
1502970 455
1502980 455
1502990 456
1503000 456
1503010 456
1503020 457
1503030 457
1503040 457
1503050 457
1503060 457
1503070 457
1503080 458
1503090 458
1503100 458
1503110 458
1503120 459
1503130 459
1503140 459
1503150 459
1503160 459
1503170 459
1503180 459
1503190 459
1503200 458
1503210 458
1503220 458
1503230 458
1503240 458
1503250 457
1503260 456
1503270 456
1503280 455
1503290 454
1503300 454
1503310 453
1503320 452
1503330 452
1503340 451
1503350 450
1503360 450
1503370 449
1503380 448
1503390 448
1503400 448
1503410 447
1503420 447
1503430 446
1503440 446
1503450 446
1503460 445
1503470 445
1503480 445
1503490 444
1503500 444
1503510 444
1503520 444
1503530 443
1503540 443
1503550 443
1503560 443
1503570 443
1503580 442
1503590 442
1503600 442
1503610 442
1503620 442
1503630 442
1503640 442
1503650 442
1503660 442
1503670 441
1503680 441
1503690 441
1503700 441
1503710 441
1503720 441
1503730 441
1503740 440
1503750 440
1503760 440
1503770 439
1503780 439
1503790 439
1503800 438
1503810 438
1503820 437
1503830 436
1503840 436
1503850 436
1503860 435
1503870 435
1503880 434
1503890 434
1503900 434
1503910 433
1503920 432
1503930 432
1503940 431
1503950 431
1503960 431
1503970 430
1503980 429
1503990 429
1504000 429
1504010 428
1504020 428
1504030 427
1504040 427
1504050 427
1504060 426
1504070 425
1504080 425
1504090 425
1504100 424
1504110 424
1504120 423
1504130 422
1504140 422
1504150 421
1504160 420
1504170 420
1504180 419
1504190 418
1504200 418
1504210 418
1504220 417
1504230 417
1504240 416
1504250 415
1504260 415
1504270 415
1504280 414
1504290 414
1504300 413
1504310 412
1504320 412
1504330 412
1504340 411
1504350 411
1504360 410
1504370 409
1504380 409
1504390 409
1504400 408
1504410 408
1504420 408
1504430 408
1504440 408
1504450 407
1504460 406
1504470 406
1504480 405
1504490 404
1504500 404
1504510 400
1504520 397
1504530 397
1504540 398
1504550 397
1504560 397
1504570 395
1504580 395
1504590 395
1504600 395
1504610 397
1504620 397
1504630 397
1504640 396
1504650 396
1504660 395
1504670 395
1504680 394
1504690 391
1504700 391
1504710 388
1504720 386
1504730 386
1504740 384
1504750 383
1504760 383
1504770 384
1504780 386
1504790 386
1504800 388
1504810 391
1504820 391
1504830 391
1504840 392
1504850 392
1504860 392
1504870 392
1504880 392
1504890 392
1504900 392
1504910 392
1504920 393
1504930 392
1504940 392
1504950 392
1504960 392
1504970 392
1504980 391
1504990 391
1505000 391
1505010 390
1505020 391
1505030 391
1505040 391
1505050 391
1505060 391
1505070 391
1505080 392
1505090 392
1505100 393
1505110 393
1505120 393
1505130 394
1505140 394
1505150 394
1505160 394
1505170 392
1505180 392
1505190 391
1505200 391
1505210 391
1505220 393
1505230 395
1505240 395
1505250 399
1505260 403
1505270 403
1505280 404
1505290 406
1505300 406
1505310 407
1505320 409
1505330 409
1505340 411
1505350 413
1505360 413
1505370 414
1505380 416
1505390 416
1505400 417
1505410 418
1505420 418
1505430 419
1505440 419
1505450 419
1505460 420
1505470 421
1505480 421
1505490 421
1505500 422
1505510 422
1505520 422
1505530 422
1505540 422
1505550 422
1505560 422
1505570 422
1505580 422
1505590 422
1505600 422
1505610 422
1505620 421
1505630 421
1505640 420
1505650 420
1505660 420
1505670 419
1505680 417
1505690 417
1505700 416
1505710 415
1505720 415
1505730 413
1505740 411
1505750 411
1505760 408
1505770 407
1505780 407
1505790 405
1505800 403
1505810 403
1505820 402
1505830 400
1505840 400
1505850 399
1505860 396
1505870 396
1505880 393
1505890 390
1505900 390
1505910 390
1505920 393
1505930 393
1505940 394
1505950 396
1505960 396
1505970 397
1505980 397
1505990 397
1506000 397
1506010 398
1506020 398
1506030 399
1506040 400
1506050 400
1506060 402
1506070 403
1506080 403
1506090 404
1506100 406
1506110 406
1506120 407
1506130 408
1506140 408
1506150 409
1506160 409
1506170 410
1506180 411
1506190 411
1506200 411
1506210 412
1506220 412
1506230 412
1506240 412
1506250 412
1506260 412
1506270 412
1506280 412
1506290 412
1506300 412
1506310 412
1506320 411
1506330 411
1506340 411
1506350 411
1506360 410
1506370 410
1506380 410
1506390 409
1506400 409
1506410 409
1506420 408
1506430 408
1506440 407
1506450 406
1506460 406
1506470 405
1506480 404
1506490 404
1506500 403
1506510 402
1506520 402
1506530 401
1506540 399
1506550 399
1506560 398
1506570 397
1506580 397
1506590 396
1506600 395
1506610 395
1506620 394
1506630 393
1506640 393
1506650 392
1506660 391
1506670 391
1506680 389
1506690 388
1506700 388
1506710 387
1506720 385
1506730 385
1506740 384
1506750 383
1506760 383
1506770 382
1506780 381
1506790 381
1506800 380
1506810 378
1506820 378
1506830 377
1506840 376
1506850 376
1506860 375
1506870 374
1506880 374
1506890 373
1506900 372
1506910 372
1506920 371
1506930 370
1506940 370
1506950 370
1506960 369
1506970 369
1506980 368
1506990 367
1507000 367
1507010 366
1507020 365
1507030 365
1507040 364
1507050 364
1507060 364
1507070 363
1507080 362
1507090 362
1507100 361
1507110 361
1507120 361
1507130 360
1507140 360
1507150 360
1507160 359
1507170 359
1507180 359
1507190 358
1507200 358
1507210 358
1507220 357
1507230 357
1507240 357
1507250 357
1507260 356
1507270 356
1507280 356
1507290 356
1507300 356
1507310 356
1507320 355
1507330 355
1507340 355
1507350 355
1507360 355
1507370 354
1507380 354
1507390 354
1507400 354
1507410 353
1507420 353
1507430 353
1507440 353
1507450 353
1507460 353
1507470 352
1507480 352
1507490 352
1507500 352
1507510 352
1507520 351
1507530 351
1507540 351
1507550 350
1507560 350
1507570 350
1507580 351
1507590 351
1507600 351
1507610 351
1507620 351
1507630 351
1507640 351
1507650 351
1507660 351
1507670 351
1507680 351
1507690 352
1507700 352
1507710 352
1507720 353
1507730 354
1507740 354
1507750 354
1507760 355
1507770 355
1507780 357
1507790 358
1507800 358
1507810 358
1507820 359
1507830 359
1507840 360
1507850 360
1507860 360
1507870 361
1507880 362
1507890 362
1507900 363
1507910 364
1507920 364
1507930 364
1507940 365
1507950 365
1507960 366
1507970 367
1507980 367
1507990 368
1508000 369
1508010 369
1508020 370
1508030 371
1508040 371
1508050 372
1508060 373
1508070 373
1508080 374
1508090 375
1508100 375
1508110 376
1508120 377
1508130 377
1508140 378
1508150 379
1508160 379
1508170 380
1508180 380
1508190 380
1508200 381
1508210 382
1508220 382
1508230 384
1508240 385
1508250 385
1508260 386
1508270 387
1508280 387
1508290 389
1508300 389
1508310 389
1508320 390
1508330 391
1508340 391
1508350 393
1508360 394
1508370 394
1508380 395
1508390 396
1508400 396
1508410 397
1508420 399
1508430 399
1508440 400
1508450 402
1508460 402
1508470 404
1508480 405
1508490 405
1508500 406
1508510 407
1508520 407
1508530 408
1508540 408
1508550 408
1508560 408
1508570 409
1508580 409
1508590 409
1508600 409
1508610 409
1508620 409
1508630 409
1508640 409
1508650 409
1508660 409
1508670 409
1508680 409
1508690 409
1508700 409
1508710 409
1508720 409
1508730 409
1508740 409
1508750 409
1508760 410
1508770 410
1508780 410
1508790 410
1508800 411
1508810 411
1508820 411
1508830 411
1508840 412
1508850 412
1508860 413
1508870 414
1508880 414
1508890 415
1508900 416
1508910 416
1508920 416
1508930 416
1508940 416
1508950 416
1508960 416
1508970 416
1508980 416
1508990 416
1509000 416
1509010 416
1509020 416
1509030 416
1509040 416
1509050 416
1509060 416
1509070 415
1509080 415
1509090 415
1509100 414
1509110 414
1509120 414
1509130 413
1509140 413
1509150 412
1509160 412
1509170 412
1509180 411
1509190 411
1509200 411
1509210 409
1509220 406
1509230 406
1509240 402
1509250 397
1509260 397
1509270 391
1509280 387
1509290 387
1509300 387
1509310 388
1509320 388
1509330 389
1509340 395
1509350 395
1509360 397
1509370 399
1509380 399
1509390 400
1509400 401
1509410 401
1509420 402
1509430 404
1509440 404
1509450 405
1509460 406
1509470 406
1509480 406
1509490 406
1509500 406
1509510 407
1509520 408
1509530 408
1509540 409
1509550 410
1509560 410
1509570 411
1509580 412
1509590 412
1509600 413
1509610 415
1509620 415
1509630 416
1509640 416
1509650 416
1509660 417
1509670 417
1509680 417
1509690 418
1509700 418
1509710 418
1509720 418
1509730 417
1509740 417
1509750 417
1509760 415
1509770 415
1509780 413
1509790 412
1509800 412
1509810 412
1509820 410
1509830 410
1509840 407
1509850 405
1509860 405
1509870 407
1509880 410
1509890 410
1509900 413
1509910 416
1509920 416
1509930 419
1509940 422
1509950 422
1509960 424
1509970 426
1509980 426
1509990 427
1510000 429
1510010 429
1510020 432
1510030 434
1510040 434
1510050 436
1510060 438
1510070 438
1510080 440
1510090 443
1510100 443
1510110 444
1510120 445
1510130 445
1510140 447
1510150 448
1510160 448
1510170 449
1510180 449
1510190 449
1510200 450
1510210 451
1510220 451
1510230 451
1510240 452
1510250 452
1510260 452
1510270 453
1510280 453
1510290 453
1510300 453
1510310 453
1510320 454
1510330 454
1510340 454
1510350 454
1510360 454
1510370 454
1510380 454
1510390 454
1510400 454
1510410 453
1510420 453
1510430 453
1510440 453
1510450 452
1510460 452
1510470 451
1510480 451
1510490 451
1510500 451
1510510 450
1510520 450
1510530 450
1510540 449
1510550 449
1510560 449
1510570 449
1510580 448
1510590 448
1510600 448
1510610 447
1510620 447
1510630 447
1510640 446
1510650 446
1510660 446
1510670 445
1510680 444
1510690 444
1510700 444
1510710 443
1510720 443
1510730 442
1510740 441
1510750 441
1510760 440
1510770 438
1510780 438
1510790 438
1510800 439
1510810 439
1510820 439
1510830 438
1510840 438
1510850 437
1510860 437
1510870 437
1510880 438
1510890 440
1510900 440
1510910 442
1510920 445
1510930 445
1510940 447
1510950 449
1510960 449
1510970 451
1510980 452
1510990 452
1511000 454
1511010 455
1511020 455
1511030 457
1511040 458
1511050 458
1511060 459
1511070 459
1511080 459
1511090 460
1511100 461
1511110 461
1511120 462
1511130 462
1511140 462
1511150 463
1511160 464
1511170 464
1511180 465
1511190 466
1511200 466
1511210 467
1511220 468
1511230 468
1511240 469
1511250 470
1511260 470
1511270 471
1511280 472
1511290 472
1511300 473
1511310 474
1511320 474
1511330 475
1511340 476
1511350 476
1511360 478
1511370 479
1511380 479
1511390 480
1511400 482
1511410 482
1511420 483
1511430 484
1511440 484
1511450 485
1511460 486
1511470 486
1511480 487
1511490 488
1511500 488
1511510 489
1511520 490
1511530 490
1511540 492
1511550 493
1511560 493
1511570 494
1511580 495
1511590 495
1511600 496
1511610 497
1511620 497
1511630 498
1511640 499
1511650 499
1511660 500
1511670 501
1511680 501
1511690 502
1511700 503
1511710 503
1511720 503
1511730 504
1511740 504
1511750 505
1511760 506
1511770 506
1511780 506
1511790 507
1511800 507
1511810 508
1511820 508
1511830 508
1511840 509
1511850 510
1511860 510
1511870 511
1511880 511
1511890 511
1511900 512
1511910 513
1511920 513
1511930 515
1511940 516
1511950 516
1511960 517
1511970 517
1511980 517
1511990 517
1512000 518
1512010 518
1512020 520
1512030 522
1512040 522
1512050 523
1512060 523
1512070 525
1512080 526
1512090 526
1512100 528
1512110 529
1512120 529
1512130 531
1512140 532
1512150 532
1512160 533
1512170 534
1512180 534
1512190 536
1512200 537
1512210 537
1512220 538
1512230 539
1512240 539
1512250 541
1512260 543
1512270 543
1512280 544
1512290 546
1512300 546
1512310 547
1512320 549
1512330 549
1512340 550
1512350 552
1512360 552
1512370 553
1512380 554
1512390 554
1512400 555
1512410 556
1512420 556
1512430 557
1512440 558
1512450 558
1512460 559
1512470 560
1512480 560
1512490 561
1512500 562
1512510 562
1512520 563
1512530 563
1512540 563
1512550 563
1512560 564
1512570 564
1512580 564
1512590 564
1512600 564
1512610 564
1512620 564
1512630 564
1512640 563
1512650 563
1512660 563
1512670 562
1512680 561
1512690 561
1512700 560
1512710 559
1512720 559
1512730 558
1512740 556
1512750 556
1512760 554
1512770 553
1512780 553
1512790 551
1512800 549
1512810 549
1512820 548
1512830 547
1512840 547
1512850 546
1512860 545
1512870 545
1512880 543
1512890 541
1512900 541
1512910 540
1512920 539
1512930 539
1512940 539
1512950 539
1512960 539
1512970 540
1512980 541
1512990 541
1513000 542
1513010 542
1513020 542
1513030 542
1513040 542
1513050 542
1513060 541
1513070 541
1513080 541
1513090 540
1513100 540
1513110 540
1513120 540
1513130 539
1513140 539
1513150 538
1513160 537
1513170 537
1513180 535
1513190 534
1513200 534
1513210 534
1513220 535
1513230 535
1513240 535
1513250 536
1513260 536
1513270 536
1513280 536
1513290 536
1513300 536
1513310 536
1513320 536
1513330 536
1513340 536
1513350 536
1513360 536
1513370 535
1513380 535
1513390 535
1513400 535
1513410 535
1513420 534
1513430 533
1513440 533
1513450 532
1513460 531
1513470 531
1513480 534
1513490 535
1513500 535
1513510 535
1513520 535
1513530 535
1513540 535
1513550 535
1513560 535
1513570 534
1513580 534
1513590 534
1513600 533
1513610 533
1513620 532
1513630 532
1513640 532
1513650 531
1513660 532
1513670 532
1513680 533
1513690 532
1513700 532
1513710 529
1513720 527
1513730 527
1513740 527
1513750 527
1513760 527
1513770 527
1513780 527
1513790 527
1513800 527
1513810 526
1513820 526
1513830 526
1513840 525
1513850 525
1513860 524
1513870 522
1513880 522
1513890 521
1513900 521
1513910 521
1513920 520
1513930 520
1513940 520
1513950 520
1513960 519
1513970 519
1513980 519
1513990 519
1514000 519
1514010 518
1514020 518
1514030 518
1514040 518
1514050 517
1514060 517
1514070 517
1514080 516
1514090 516
1514100 516
1514110 515
1514120 515
1514130 514
1514140 514
1514150 514
1514160 513
1514170 513
1514180 513
1514190 512
1514200 512
1514210 512
1514220 511
1514230 510
1514240 510
1514250 509
1514260 509
1514270 509
1514280 508
1514290 509
1514300 509
1514310 509
1514320 509
1514330 509
1514340 509
1514350 509
1514360 509
1514370 508
1514380 508
1514390 508
1514400 508
1514410 507
1514420 507
1514430 506
1514440 506
1514450 506
1514460 505
1514470 504
1514480 504
1514490 503
1514500 503
1514510 503
1514520 504
1514530 505
1514540 505
1514550 505
1514560 506
1514570 506
1514580 506
1514590 507
1514600 507
1514610 507
1514620 508
1514630 508
1514640 508
1514650 508
1514660 508
1514670 508
1514680 508
1514690 508
1514700 507
1514710 507
1514720 507
1514730 506
1514740 505
1514750 505
1514760 505
1514770 504
1514780 504
1514790 503
1514800 503
1514810 503
1514820 502
1514830 502
1514840 502
1514850 501
1514860 500
1514870 500
1514880 499
1514890 497
1514900 497
1514910 496
1514920 495
1514930 495
1514940 495
1514950 494
1514960 494
1514970 495
1514980 495
1514990 495
1515000 495
1515010 494
1515020 494
1515030 494
1515040 494
1515050 494
1515060 494
1515070 494
1515080 493
1515090 493
1515100 493
1515110 492
1515120 492
1515130 492
1515140 491
1515150 490
1515160 490
1515170 490
1515180 489
1515190 489
1515200 489
1515210 487
1515220 487
1515230 486
1515240 484
1515250 484
1515260 483
1515270 481
1515280 481
1515290 480
1515300 478
1515310 478
1515320 477
1515330 475
1515340 475
1515350 473
1515360 472
1515370 472
1515380 471
1515390 469
1515400 469
1515410 468
1515420 468
1515430 468
1515440 467
1515450 467
1515460 467
1515470 466
1515480 466
1515490 466
1515500 465
1515510 464
1515520 464
1515530 464
1515540 463
1515550 463
1515560 463
1515570 461
1515580 461
1515590 458
1515600 455
1515610 455
1515620 453
1515630 452
1515640 452
1515650 451
1515660 450
1515670 450
1515680 450
1515690 449
1515700 449
1515710 448
1515720 446
1515730 446
1515740 445
1515750 443
1515760 443
1515770 443
1515780 443
1515790 443
1515800 443
1515810 443
1515820 443
1515830 445
1515840 447
1515850 447
1515860 448
1515870 448
1515880 448
1515890 449
1515900 449
1515910 449
1515920 449
1515930 450
1515940 450
1515950 451
1515960 451
1515970 451
1515980 451
1515990 452
1516000 452
1516010 452
1516020 452
1516030 452
1516040 453
1516050 454
1516060 454
1516070 456
1516080 457
1516090 457
1516100 458
1516110 458
1516120 458
1516130 459
1516140 459
1516150 459
1516160 460
1516170 460
1516180 460
1516190 459
1516200 459
1516210 459
1516220 458
1516230 457
1516240 457
1516250 457
1516260 457
1516270 457
1516280 458
1516290 459
1516300 459
1516310 459
1516320 461
1516330 461
1516340 462
1516350 462
1516360 462
1516370 463
1516380 464
1516390 464
1516400 465
1516410 466
1516420 466
1516430 467
1516440 469
1516450 469
1516460 470
1516470 470
1516480 470
1516490 472
1516500 472
1516510 473
1516520 474
1516530 474
1516540 476
1516550 477
1516560 477
1516570 477
1516580 478
1516590 478
1516600 479
1516610 479
1516620 479
1516630 480
1516640 480
1516650 480
1516660 480
1516670 479
1516680 479
1516690 478
1516700 477
1516710 477
1516720 475
1516730 472
1516740 472
1516750 469
1516760 467
1516770 467
1516780 464
1516790 460
1516800 460
1516810 455
1516820 451
1516830 451
1516840 448
1516850 447
1516860 447
1516870 448
1516880 449
1516890 449
1516900 449
1516910 449
1516920 449
1516930 449
1516940 449
1516950 449
1516960 449
1516970 449
1516980 449
1516990 449
1517000 453
1517010 453
1517020 458
1517030 462
1517040 462
1517050 464
1517060 466
1517070 466
1517080 469
1517090 472
1517100 472
1517110 474
1517120 476
1517130 476
1517140 478
1517150 480
1517160 480
1517170 481
1517180 483
1517190 483
1517200 484
1517210 486
1517220 486
1517230 487
1517240 488
1517250 488
1517260 490
1517270 491
1517280 491
1517290 492
1517300 493
1517310 493
1517320 494
1517330 495
1517340 495
1517350 495
1517360 495
1517370 495
1517380 494
1517390 494
1517400 494
1517410 493
1517420 493
1517430 493
1517440 493
1517450 492
1517460 492
1517470 492
1517480 492
1517490 492
1517500 491
1517510 491
1517520 491
1517530 491
1517540 490
1517550 490
1517560 490
1517570 490
1517580 490
1517590 489
1517600 488
1517610 488
1517620 489
1517630 489
1517640 489
1517650 490
1517660 491
1517670 491
1517680 492
1517690 493
1517700 493
1517710 494
1517720 495
1517730 495
1517740 496
1517750 498
1517760 498
1517770 500
1517780 501
1517790 501
1517800 502
1517810 503
1517820 503
1517830 504
1517840 505
1517850 504
1517860 505
1517870 507
1517880 507
1517890 507
1517900 508
1517910 508
1517920 510
1517930 511
1517940 511
1517950 512
1517960 514
1517970 514
1517980 516
1517990 516
1518000 517
1518010 518
1518020 518
1518030 519
1518040 520
1518050 520
1518060 521
1518070 521
1518080 521
1518090 521
1518100 521
1518110 521
1518120 521
1518130 521
1518140 521
1518150 520
1518160 520
1518170 520
1518180 519
1518190 519
1518200 519
1518210 518
1518220 518
1518230 518
1518240 517
1518250 516
1518260 516
1518270 515
1518280 513
1518290 513
1518300 512
1518310 510
1518320 510
1518330 508
1518340 507
1518350 507
1518360 509
1518370 511
1518380 511
1518390 512
1518400 513
1518410 513
1518420 515
1518430 516
1518440 516
1518450 517
1518460 519
1518470 519
1518480 520
1518490 521
1518500 521
1518510 523
1518520 524
1518530 524
1518540 525
1518550 526
1518560 526
1518570 527
1518580 528
1518590 528
1518600 529
1518610 530
1518620 530
1518630 531
1518640 532
1518650 532
1518660 533
1518670 534
1518680 534
1518690 535
1518700 536
1518710 536
1518720 536
1518730 536
1518740 536
1518750 535
1518760 535
1518770 535
1518780 535
1518790 535
1518800 535
1518810 536
1518820 536
1518830 536
1518840 536
1518850 536
1518860 536
1518870 536
1518880 537
1518890 537
1518900 537
1518910 538
1518920 538
1518930 538
1518940 539
1518950 539
1518960 540
1518970 540
1518980 540
1518990 540
1519000 540
1519010 540
1519020 540
1519030 540
1519040 540
1519050 539
1519060 537
1519070 537
1519080 535
1519090 532
1519100 532
1519110 528
1519120 523
1519130 523
1519140 518
1519150 515
1519160 515
1519170 512
1519180 511
1519190 511
1519200 509
1519210 509
1519220 509
1519230 508
1519240 508
1519250 508
1519260 509
1519270 510
1519280 510
1519290 512
1519300 516
1519310 516
1519320 519
1519330 520
1519340 520
1519350 522
1519360 524
1519370 524
1519380 525
1519390 526
1519400 526
1519410 527
1519420 527
1519430 527
1519440 527
1519450 527
1519460 527
1519470 526
1519480 526
1519490 526
1519500 526
1519510 526
1519520 526
1519530 526
1519540 526
1519550 527
1519560 527
1519570 527
1519580 528
1519590 528
1519600 528
1519610 528
1519620 529
1519630 529
1519640 530
1519650 530
1519660 530
1519670 531
1519680 531
1519690 531
1519700 532
1519710 532
1519720 532
1519730 533
1519740 533
1519750 533
1519760 533
1519770 534
1519780 534
1519790 534
1519800 534
1519810 534
1519820 534
1519830 535
1519840 535
1519850 535
1519860 535
1519870 535
1519880 535
1519890 535
1519900 535
1519910 536
1519920 537
1519930 537
1519940 540
1519950 542
1519960 542
1519970 544
1519980 545
1519990 545
