1500000 454
1500010 455
1500020 455
1500030 455
1500040 456
1500050 456
1500060 456
1500070 456
1500080 456
1500090 456
1500100 456
1500110 456
1500120 456
1500130 456
1500140 456
1500150 455
1500160 455
1500170 455
1500180 454
1500190 453
1500200 453
1500210 452
1500220 451
1500230 451
1500240 450
1500250 448
1500260 448
1500270 447
1500280 446
1500290 446
1500300 445
1500310 444
1500320 444
1500330 443
1500340 441
1500350 441
1500360 440
1500370 438
1500380 438
1500390 436
1500400 434
1500410 434
1500420 433
1500430 431
1500440 431
1500450 429
1500460 428
1500470 428
1500480 426
1500490 425
1500500 425
1500510 424
1500520 423
1500530 423
1500540 424
1500550 427
1500560 427
1500570 430
1500580 433
1500590 433
1500600 433
1500610 434
1500620 434
1500630 435
1500640 435
1500650 435
1500660 435
1500670 435
1500680 435
1500690 435
1500700 434
1500710 434
1500720 433
1500730 432
1500740 432
1500750 431
1500760 430
1500770 430
1500780 430
1500790 432
1500800 432
1500810 433
1500820 435
1500830 435
1500840 435
1500850 435
1500860 435
1500870 436
1500880 436
1500890 436
1500900 436
1500910 435
1500920 435
1500930 435
1500940 435
1500950 435
1500960 435
1500970 435
1500980 435
1500990 434
1501000 434
1501010 434
1501020 434
1501030 434
1501040 433
1501050 433
1501060 433
1501070 433
1501080 432
1501090 432
1501100 432
1501110 432
1501120 432
1501130 432
1501140 431
1501150 431
1501160 431
1501170 431
1501180 431
1501190 430
1501200 429
1501210 429
1501220 429
1501230 428
1501240 428
1501250 428
1501260 427
1501270 427
1501280 426
1501290 425
1501300 425
1501310 425
1501320 424
1501330 424
1501340 424
1501350 423
1501360 423
1501370 422
1501380 421
1501390 421
1501400 421
1501410 420
1501420 420
1501430 420
1501440 419
1501450 419
1501460 418
1501470 417
1501480 417
1501490 417
1501500 416
1501510 416
1501520 415
1501530 415
1501540 415
1501550 414
1501560 413
1501570 413
1501580 412
1501590 412
1501600 412
1501610 411
1501620 411
1501630 411
1501640 410
1501650 410
1501660 410
1501670 409
1501680 409
1501690 409
1501700 409
1501710 408
1501720 408
1501730 407
1501740 406
1501750 406
1501760 405
1501770 405
1501780 405
1501790 404
1501800 404
1501810 404
1501820 404
1501830 404
1501840 404
1501850 405
1501860 406
1501870 406
1501880 406
1501890 406
1501900 406
1501910 406
1501920 407
1501930 407
1501940 407
1501950 408
1501960 408
1501970 410
1501980 412
1501990 412
1502000 414
1502010 416
1502020 416
1502030 417
1502040 419
1502050 419
1502060 420
1502070 421
1502080 421
1502090 422
1502100 422
1502110 422
1502120 423
1502130 423
1502140 423
1502150 423
1502160 424
1502170 424
1502180 424
1502190 423
1502200 423
1502210 423
1502220 422
1502230 422
1502240 423
1502250 423
1502260 423
1502270 424
1502280 424
1502290 424
1502300 425
1502310 425
1502320 425
1502330 425
1502340 426
1502350 426
1502360 426
1502370 426
1502380 426
1502390 426
1502400 426
1502410 427
1502420 427
1502430 427
1502440 427
1502450 427
1502460 427
1502470 427
1502480 428
1502490 428
1502500 428
1502510 428
1502520 428
1502530 429
1502540 429
1502550 429
1502560 430
1502570 430
1502580 430
1502590 430
1502600 430
1502610 430
1502620 430
1502630 430
1502640 430
1502650 430
1502660 429
1502670 429
1502680 429
1502690 429
1502700 429
1502710 429
1502720 428
1502730 428
1502740 428
1502750 428
1502760 428
1502770 428
1502780 427
1502790 427
1502800 426
1502810 425
1502820 425
1502830 426
1502840 428
1502850 428
1502860 430
1502870 431
1502880 431
1502890 432
1502900 433
1502910 433
1502920 434
1502930 435
1502940 435
1502950 436
1502960 437
1502970 437
1502980 437
1502990 438
1503000 438
1503010 439
1503020 439
1503030 439
1503040 440
1503050 441
1503060 441
1503070 442
1503080 442
1503090 442
1503100 443
1503110 444
1503120 444
1503130 445
1503140 446
1503150 446
1503160 446
1503170 447
1503180 447
1503190 447
1503200 447
1503210 447
1503220 447
1503230 447
1503240 447
1503250 447
1503260 448
1503270 448
1503280 449
1503290 450
1503300 450
1503310 451
1503320 451
1503330 451
1503340 451
1503350 452
1503360 452
1503370 452
1503380 452
1503390 452
1503400 454
1503410 455
1503420 455
1503430 456
1503440 456
1503450 456
1503460 456
1503470 457
1503480 457
1503490 457
1503500 457
1503510 457
1503520 457
1503530 458
1503540 458
1503550 458
1503560 458
1503570 458
1503580 458
1503590 458
1503600 458
1503610 457
1503620 457
1503630 457
1503640 457
1503650 457
1503660 457
1503670 457
1503680 456
1503690 456
1503700 456
1503710 455
1503720 455
1503730 454
1503740 453
1503750 453
1503760 452
1503770 452
1503780 450
1503790 448
1503800 448
1503810 445
1503820 443
1503830 443
1503840 440
1503850 437
1503860 437
1503870 436
1503880 436
1503890 436
1503900 435
1503910 433
1503920 433
1503930 430
1503940 434
1503950 434
1503960 437
1503970 439
1503980 439
1503990 438
1504000 437
1504010 437
1504020 435
1504030 433
1504040 433
1504050 432
1504060 430
1504070 430
1504080 428
1504090 425
1504100 425
1504110 423
1504120 420
1504130 420
1504140 418
1504150 416
1504160 416
1504170 413
1504180 411
1504190 411
1504200 410
1504210 408
1504220 408
1504230 407
1504240 405
1504250 405
1504260 404
1504270 405
1504280 405
1504290 404
1504300 403
1504310 403
1504320 402
1504330 401
1504340 401
1504350 400
1504360 398
1504370 398
1504380 397
1504390 396
1504400 396
1504410 395
1504420 394
1504430 394
1504440 393
1504450 391
1504460 391
1504470 390
1504480 389
1504490 389
1504500 389
1504510 390
1504520 390
1504530 391
1504540 392
1504550 392
1504560 392
1504570 394
1504580 394
1504590 395
1504600 395
1504610 395
1504620 396
1504630 396
1504640 396
1504650 397
1504660 398
1504670 398
1504680 399
1504690 399
1504700 399
1504710 400
1504720 400
1504730 400
1504740 401
1504750 401
1504760 401
1504770 401
1504780 401
1504790 401
1504800 401
1504810 401
1504820 401
1504830 401
1504840 400
1504850 400
1504860 400
1504870 399
1504880 399
1504890 399
1504900 398
1504910 398
1504920 397
1504930 396
1504940 396
1504950 394
1504960 393
1504970 393
1504980 392
1504990 390
1505000 390
1505010 387
1505020 385
1505030 385
1505040 383
1505050 382
1505060 382
1505070 381
1505080 381
1505090 381
1505100 380
1505110 380
1505120 380
1505130 380
1505140 379
1505150 379
1505160 379
1505170 379
1505180 379
1505190 379
1505200 379
1505210 378
1505220 378
1505230 378
1505240 378
1505250 378
1505260 378
1505270 378
1505280 378
1505290 378
1505300 378
1505310 378
1505320 378
1505330 377
1505340 377
1505350 377
1505360 377
1505370 377
1505380 377
1505390 378
1505400 378
1505410 378
1505420 378
1505430 379
1505440 379
1505450 381
1505460 382
1505470 382
1505480 383
1505490 384
1505500 384
1505510 385
1505520 386
1505530 386
1505540 388
1505550 388
1505560 388
1505570 389
1505580 389
1505590 389
1505600 390
1505610 390
1505620 390
1505630 391
1505640 391
1505650 391
1505660 391
1505670 391
1505680 391
1505690 391
1505700 390
1505710 390
1505720 389
1505730 388
1505740 388
1505750 387
1505760 386
1505770 386
1505780 385
1505790 383
1505800 383
1505810 381
1505820 380
1505830 380
1505840 379
1505850 377
1505860 377
1505870 376
1505880 375
1505890 375
1505900 373
1505910 373
1505920 373
1505930 373
1505940 372
1505950 372
1505960 372
1505970 372
1505980 372
1505990 373
1506000 373
1506010 373
1506020 373
1506030 374
1506040 374
1506050 374
1506060 374
1506070 374
1506080 373
1506090 373
1506100 373
1506110 373
1506120 373
1506130 373
1506140 372
1506150 373
1506160 373
1506170 374
1506180 374
1506190 374
1506200 374
1506210 374
1506220 374
1506230 374
1506240 375
1506250 375
1506260 375
1506270 375
1506280 375
1506290 375
1506300 376
1506310 376
1506320 376
1506330 376
1506340 378
1506350 378
1506360 378
1506370 378
1506380 378
1506390 378
1506400 378
1506410 378
1506420 378
1506430 378
1506440 378
1506450 378
1506460 378
1506470 378
1506480 378
1506490 378
1506500 377
1506510 374
1506520 374
1506530 374
1506540 373
1506550 373
1506560 373
1506570 372
1506580 372
1506590 371
1506600 371
1506610 371
1506620 371
1506630 371
1506640 371
1506650 370
1506660 370
1506670 368
1506680 366
1506690 366
1506700 364
1506710 364
1506720 364
1506730 364
1506740 363
1506750 363
1506760 363
1506770 363
1506780 363
1506790 362
1506800 361
1506810 361
1506820 361
1506830 361
1506840 361
1506850 361
1506860 361
1506870 361
1506880 360
1506890 361
1506900 361
1506910 361
1506920 360
1506930 360
1506940 360
1506950 360
1506960 360
1506970 360
1506980 360
1506990 360
1507000 360
1507010 360
1507020 360
1507030 360
1507040 360
1507050 360
1507060 360
1507070 360
1507080 360
1507090 359
1507100 359
1507110 359
1507120 359
1507130 359
1507140 359
1507150 359
1507160 359
1507170 359
1507180 359
1507190 358
1507200 358
1507210 358
1507220 359
1507230 359
1507240 359
1507250 361
1507260 361
1507270 362
1507280 363
1507290 363
1507300 365
1507310 367
1507320 367
1507330 368
1507340 370
1507350 370
1507360 372
1507370 374
1507380 374
1507390 376
1507400 377
1507410 377
1507420 377
1507430 378
1507440 378
1507450 378
1507460 378
1507470 378
1507480 377
1507490 377
1507500 377
1507510 377
1507520 379
1507530 379
1507540 381
1507550 383
1507560 383
1507570 385
1507580 387
1507590 387
1507600 389
1507610 391
1507620 391
1507630 393
1507640 395
1507650 395
1507660 397
1507670 398
1507680 398
1507690 399
1507700 401
1507710 401
1507720 402
1507730 403
1507740 403
1507750 404
1507760 404
1507770 404
1507780 405
1507790 405
1507800 405
1507810 406
1507820 406
1507830 406
1507840 406
1507850 405
1507860 405
1507870 404
1507880 403
1507890 403
1507900 406
1507910 409
1507920 409
1507930 412
1507940 414
1507950 414
1507960 416
1507970 418
1507980 418
1507990 419
1508000 419
1508010 419
1508020 420
1508030 420
1508040 420
1508050 421
1508060 421
1508070 421
1508080 422
1508090 422
1508100 423
1508110 423
1508120 423
1508130 423
1508140 424
1508150 424
1508160 425
1508170 426
1508180 426
1508190 426
1508200 429
1508210 429
1508220 431
1508230 432
1508240 432
1508250 433
1508260 434
1508270 434
1508280 435
1508290 436
1508300 436
1508310 437
1508320 437
1508330 437
1508340 438
1508350 438
1508360 438
1508370 439
1508380 440
1508390 440
1508400 441
1508410 442
1508420 442
1508430 443
1508440 444
1508450 444
1508460 445
1508470 446
1508480 446
1508490 446
1508500 447
1508510 447
1508520 447
1508530 448
1508540 448
1508550 449
1508560 449
1508570 449
1508580 450
1508590 450
1508600 450
1508610 451
1508620 451
1508630 451
1508640 452
1508650 453
1508660 453
1508670 453
1508680 454
1508690 454
1508700 455
1508710 456
1508720 456
1508730 457
1508740 458
1508750 458
1508760 459
1508770 461
1508780 461
1508790 462
1508800 463
1508810 463
1508820 464
1508830 465
1508840 465
1508850 466
1508860 467
1508870 467
1508880 468
1508890 469
1508900 469
1508910 470
1508920 471
1508930 471
1508940 472
1508950 473
1508960 473
1508970 474
1508980 475
1508990 475
1509000 476
1509010 477
1509020 477
1509030 477
1509040 478
1509050 478
1509060 479
1509070 479
1509080 479
1509090 480
1509100 480
1509110 480
1509120 481
1509130 482
1509140 482
1509150 483
1509160 483
1509170 483
1509180 484
1509190 484
1509200 484
1509210 485
1509220 485
1509230 485
1509240 486
1509250 487
1509260 487
1509270 487
1509280 488
1509290 488
1509300 489
1509310 489
1509320 489
1509330 489
1509340 490
1509350 490
1509360 490
1509370 490
1509380 490
1509390 491
1509400 491
1509410 491
1509420 492
1509430 492
1509440 492
1509450 493
1509460 493
1509470 493
1509480 494
1509490 494
1509500 494
1509510 494
1509520 494
1509530 495
1509540 496
1509550 496
1509560 496
1509570 497
1509580 497
1509590 497
1509600 498
1509610 498
1509620 498
1509630 498
1509640 498
1509650 498
1509660 499
1509670 499
1509680 499
1509690 499
1509700 499
1509710 499
1509720 499
1509730 499
1509740 499
1509750 500
1509760 500
1509770 500
1509780 500
1509790 500
1509800 500
1509810 500
1509820 500
1509830 501
1509840 501
1509850 501
1509860 502
1509870 502
1509880 502
1509890 502
1509900 503
1509910 503
1509920 503
1509930 503
1509940 503
1509950 503
1509960 503
1509970 503
1509980 503
1509990 503
1510000 503
1510010 504
1510020 504
1510030 504
1510040 504
1510050 504
1510060 504
1510070 504
1510080 504
1510090 504
1510100 504
1510110 503
1510120 503
1510130 503
1510140 502
1510150 502
1510160 502
1510170 501
1510180 501
1510190 500
1510200 500
1510210 500
1510220 499
1510230 499
1510240 499
1510250 498
1510260 497
1510270 497
1510280 496
1510290 495
1510300 495
1510310 494
1510320 494
1510330 494
1510340 493
1510350 492
1510360 492
1510370 491
1510380 490
1510390 490
1510400 490
1510410 489
1510420 489
1510430 488
1510440 487
1510450 487
1510460 485
1510470 484
1510480 484
1510490 483
1510500 482
1510510 482
1510520 481
1510530 480
1510540 480
1510550 479
1510560 479
1510570 479
1510580 479
1510590 479
1510600 479
1510610 480
1510620 480
1510630 480
1510640 480
1510650 480
1510660 480
1510670 480
1510680 480
1510690 480
1510700 480
1510710 481
1510720 481
1510730 481
1510740 482
1510750 482
1510760 483
1510770 484
1510780 484
1510790 484
1510800 484
1510810 484
1510820 485
1510830 485
1510840 485
1510850 485
1510860 485
1510870 485
1510880 485
1510890 485
1510900 485
1510910 485
1510920 485
1510930 486
1510940 486
1510950 486
1510960 487
1510970 487
1510980 487
1510990 488
1511000 488
1511010 488
1511020 488
1511030 488
1511040 488
1511050 487
1511060 486
1511070 486
1511080 485
1511090 481
1511100 481
1511110 478
1511120 475
1511130 475
1511140 474
1511150 474
1511160 474
1511170 474
1511180 476
1511190 476
1511200 478
1511210 479
1511220 479
1511230 480
1511240 480
1511250 480
1511260 479
1511270 478
1511280 478
1511290 477
1511300 478
1511310 478
1511320 479
1511330 481
1511340 481
1511350 483
1511360 485
1511370 485
1511380 486
1511390 488
1511400 488
1511410 490
1511420 491
1511430 491
1511440 492
1511450 494
1511460 494
1511470 495
1511480 496
1511490 496
1511500 496
1511510 498
1511520 498
1511530 499
1511540 501
1511550 501
1511560 502
1511570 504
1511580 504
1511590 505
1511600 507
1511610 507
1511620 509
1511630 511
1511640 511
1511650 513
1511660 515
1511670 515
1511680 517
1511690 518
1511700 518
1511710 520
1511720 521
1511730 521
1511740 523
1511750 525
1511760 525
1511770 526
1511780 528
1511790 528
1511800 530
1511810 531
1511820 531
1511830 533
1511840 535
1511850 535
1511860 537
1511870 538
1511880 538
1511890 540
1511900 541
1511910 541
1511920 543
1511930 544
1511940 544
1511950 545
1511960 545
1511970 545
1511980 546
1511990 547
1512000 547
1512010 548
1512020 549
1512030 549
1512040 550
1512050 550
1512060 550
1512070 551
1512080 551
1512090 551
1512100 552
1512110 552
1512120 552
1512130 553
1512140 553
1512150 553
1512160 554
1512170 554
1512180 554
1512190 554
1512200 555
1512210 555
1512220 555
1512230 556
1512240 556
1512250 556
1512260 556
1512270 556
1512280 556
1512290 556
1512300 557
1512310 557
1512320 557
1512330 557
1512340 557
1512350 557
1512360 557
1512370 557
1512380 557
1512390 557
1512400 557
1512410 557
1512420 557
1512430 557
1512440 557
1512450 557
1512460 557
1512470 557
1512480 557
1512490 557
1512500 557
1512510 557
1512520 557
1512530 557
1512540 557
1512550 557
1512560 557
1512570 557
1512580 557
1512590 557
1512600 557
1512610 558
1512620 558
1512630 558
1512640 558
1512650 558
1512660 558
1512670 558
1512680 558
1512690 558
1512700 558
1512710 558
1512720 558
1512730 559
1512740 559
1512750 559
1512760 559
1512770 559
1512780 559
1512790 559
1512800 559
1512810 559
1512820 558
1512830 558
1512840 559
1512850 559
1512860 559
1512870 559
1512880 559
1512890 559
1512900 560
1512910 560
1512920 560
1512930 560
1512940 561
1512950 561
1512960 561
1512970 562
1512980 562
1512990 562
1513000 563
1513010 563
1513020 564
1513030 565
1513040 565
1513050 565
1513060 565
1513070 565
1513080 565
1513090 566
1513100 566
1513110 566
1513120 566
1513130 566
1513140 567
1513150 568
1513160 568
1513170 568
1513180 568
1513190 568
1513200 568
1513210 568
1513220 568
1513230 568
1513240 568
1513250 568
1513260 567
1513270 567
1513280 567
1513290 567
1513300 566
1513310 566
1513320 566
1513330 565
1513340 565
1513350 565
1513360 564
1513370 564
1513380 564
1513390 563
1513400 563
1513410 562
1513420 561
1513430 561
1513440 559
1513450 558
1513460 558
1513470 557
1513480 557
1513490 557
1513500 556
1513510 556
1513520 556
1513530 556
1513540 556
1513550 556
1513560 556
1513570 555
1513580 555
1513590 555
1513600 554
1513610 554
1513620 554
1513630 553
1513640 553
1513650 552
1513660 551
1513670 551
1513680 550
1513690 550
1513700 549
1513710 548
1513720 548
1513730 547
1513740 545
1513750 545
1513760 543
1513770 541
1513780 541
1513790 538
1513800 536
1513810 536
1513820 534
1513830 532
1513840 532
1513850 530
1513860 529
1513870 529
1513880 528
1513890 527
1513900 527
1513910 527
1513920 526
1513930 526
1513940 526
1513950 525
1513960 525
1513970 525
1513980 524
1513990 524
1514000 523
1514010 522
1514020 522
1514030 522
1514040 521
1514050 521
1514060 520
1514070 519
1514080 519
1514090 518
1514100 517
1514110 517
1514120 516
1514130 514
1514140 514
1514150 512
1514160 507
1514170 507
1514180 503
1514190 501
1514200 501
1514210 500
1514220 499
1514230 499
1514240 498
1514250 497
1514260 497
1514270 496
1514280 496
1514290 496
1514300 495
1514310 494
1514320 494
1514330 493
1514340 493
1514350 493
1514360 493
1514370 491
1514380 491
1514390 491
1514400 493
1514410 493
1514420 495
1514430 497
1514440 497
1514450 498
1514460 500
1514470 500
1514480 500
1514490 500
1514500 500
1514510 500
1514520 500
1514530 500
1514540 500
1514550 500
1514560 500
1514570 500
1514580 499
1514590 499
1514600 498
1514610 498
1514620 498
1514630 497
1514640 496
1514650 496
1514660 495
1514670 494
1514680 494
1514690 493
1514700 491
1514710 491
1514720 489
1514730 487
1514740 487
1514750 484
1514760 481
1514770 481
1514780 479
1514790 478
1514800 478
1514810 478
1514820 477
1514830 477
1514840 477
1514850 477
1514860 477
1514870 477
1514880 477
1514890 477
1514900 478
1514910 480
1514920 480
1514930 483
1514940 486
1514950 486
1514960 488
1514970 490
1514980 490
1514990 492
1515000 493
1515010 493
1515020 494
1515030 495
1515040 495
1515050 496
1515060 497
1515070 497
1515080 498
1515090 499
1515100 499
1515110 499
1515120 499
1515130 500
1515140 500
1515150 500
1515160 500
1515170 500
1515180 500
1515190 499
1515200 498
1515210 498
1515220 498
1515230 499
1515240 499
1515250 499
1515260 500
1515270 500
1515280 500
1515290 501
1515300 501
1515310 502
1515320 503
1515330 503
1515340 504
1515350 504
1515360 504
1515370 504
1515380 504
1515390 504
1515400 504
1515410 505
1515420 505
1515430 506
1515440 507
1515450 507
1515460 508
1515470 508
1515480 508
1515490 509
1515500 510
1515510 510
1515520 511
1515530 511
1515540 511
1515550 512
1515560 512
1515570 512
1515580 513
1515590 513
1515600 513
1515610 514
1515620 514
1515630 514
1515640 515
1515650 516
1515660 516
1515670 517
1515680 518
1515690 518
1515700 519
1515710 520
1515720 520
1515730 521
1515740 522
1515750 522
1515760 522
1515770 523
1515780 523
1515790 524
1515800 525
1515810 525
1515820 526
1515830 527
1515840 527
1515850 528
1515860 528
1515870 528
1515880 529
1515890 529
1515900 529
1515910 529
1515920 529
1515930 529
1515940 530
1515950 530
1515960 530
1515970 530
1515980 530
1515990 530
1516000 531
1516010 531
1516020 531
1516030 531
1516040 531
1516050 531
1516060 531
1516070 531
1516080 531
1516090 530
1516100 530
1516110 530
1516120 530
1516130 530
1516140 529
1516150 528
1516160 526
1516170 526
1516180 524
1516190 523
1516200 523
1516210 523
1516220 523
1516230 523
1516240 524
1516250 525
1516260 525
1516270 525
1516280 526
1516290 526
1516300 527
1516310 528
1516320 528
1516330 529
1516340 530
1516350 530
1516360 531
1516370 532
1516380 532
1516390 534
1516400 535
1516410 535
1516420 536
1516430 538
1516440 538
1516450 538
1516460 539
1516470 539
1516480 540
1516490 540
1516500 540
1516510 541
1516520 541
1516530 542
1516540 543
1516550 543
1516560 543
1516570 544
1516580 544
1516590 544
1516600 545
1516610 545
1516620 545
1516630 545
1516640 545
1516650 546
1516660 546
1516670 546
1516680 546
1516690 546
1516700 546
1516710 545
1516720 545
1516730 545
1516740 545
1516750 544
1516760 544
1516770 544
1516780 543
1516790 543
1516800 542
1516810 542
1516820 542
1516830 542
1516840 542
1516850 542
1516860 542
1516870 542
1516880 542
1516890 543
1516900 543
1516910 543
1516920 544
1516930 544
1516940 544
1516950 545
1516960 545
1516970 545
1516980 545
1516990 545
1517000 545
1517010 545
1517020 545
1517030 545
1517040 545
1517050 545
1517060 545
1517070 544
1517080 544
1517090 544
1517100 543
1517110 543
1517120 543
1517130 542
1517140 541
1517150 541
1517160 540
1517170 538
1517180 538
1517190 537
1517200 537
1517210 537
1517220 536
1517230 536
1517240 536
1517250 535
1517260 535
1517270 535
1517280 534
1517290 534
1517300 534
1517310 533
1517320 532
1517330 532
1517340 532
1517350 533
1517360 533
1517370 535
1517380 537
1517390 537
1517400 539
1517410 542
1517420 542
1517430 543
1517440 544
1517450 544
1517460 545
1517470 546
1517480 546
1517490 547
1517500 547
1517510 547
1517520 548
1517530 548
1517540 548
1517550 547
1517560 546
1517570 546
1517580 546
1517590 545
1517600 545
1517610 544
1517620 543
1517630 543
1517640 542
1517650 542
1517660 542
1517670 541
1517680 540
1517690 540
1517700 540
1517710 539
1517720 539
1517730 538
1517740 538
1517750 538
1517760 537
1517770 536
1517780 536
1517790 534
1517800 531
1517810 531
1517820 528
1517830 525
1517840 525
1517850 522
1517860 519
1517870 519
1517880 517
1517890 517
1517900 517
1517910 518
1517920 518
1517930 518
1517940 518
1517950 518
1517960 519
1517970 518
1517980 518
1517990 518
1518000 517
1518010 517
1518020 516
1518030 516
1518040 516
1518050 515
1518060 515
1518070 515
1518080 515
1518090 515
1518100 515
1518110 516
1518120 517
1518130 517
1518140 518
1518150 519
1518160 519
1518170 521
1518180 524
1518190 524
1518200 525
1518210 526
1518220 526
1518230 527
1518240 528
1518250 528
1518260 531
1518270 533
1518280 533
1518290 535
1518300 537
1518310 537
1518320 538
1518330 539
1518340 539
1518350 540
1518360 541
1518370 541
1518380 542
1518390 544
1518400 544
1518410 545
1518420 546
1518430 546
1518440 547
1518450 548
1518460 548
1518470 549
1518480 551
1518490 551
1518500 552
1518510 553
1518520 553
1518530 555
1518540 556
1518550 556
1518560 557
1518570 559
1518580 559
1518590 560
1518600 561
1518610 561
1518620 562
1518630 563
1518640 563
1518650 565
1518660 566
1518670 566
1518680 567
1518690 568
1518700 568
1518710 569
1518720 570
1518730 570
1518740 571
1518750 571
1518760 571
1518770 572
1518780 573
1518790 573
1518800 574
1518810 575
1518820 575
1518830 576
1518840 576
1518850 576
1518860 577
1518870 578
1518880 578
1518890 578
1518900 579
1518910 579
1518920 581
1518930 582
1518940 582
1518950 583
1518960 583
1518970 583
1518980 583
1518990 584
1519000 584
1519010 584
1519020 585
1519030 585
1519040 585
1519050 586
1519060 586
1519070 586
1519080 586
1519090 586
1519100 587
1519110 587
1519120 587
1519130 587
1519140 588
1519150 588
1519160 588
1519170 588
1519180 588
1519190 588
1519200 588
1519210 588
1519220 587
1519230 586
1519240 586
1519250 585
1519260 584
1519270 584
1519280 583
1519290 582
1519300 582
1519310 581
1519320 580
1519330 580
1519340 579
1519350 579
1519360 578
1519370 577
1519380 577
1519390 577
1519400 577
1519410 577
1519420 577
1519430 576
1519440 576
1519450 576
1519460 575
1519470 575
1519480 574
1519490 573
1519500 573
1519510 573
1519520 572
1519530 572
1519540 571
1519550 571
1519560 571
1519570 570
1519580 569
1519590 569
1519600 568
1519610 567
1519620 567
1519630 565
1519640 564
1519650 564
1519660 562
1519670 561
1519680 561
1519690 559
1519700 557
1519710 557
1519720 554
1519730 551
1519740 551
1519750 549
1519760 548
1519770 548
1519780 548
1519790 550
1519800 550
1519810 552
1519820 555
1519830 555
1519840 556
1519850 557
1519860 557
1519870 557
1519880 557
1519890 557
1519900 558
1519910 558
1519920 558
1519930 558
1519940 558
1519950 558
1519960 558
1519970 558
1519980 558
1519990 557
