1500000 401
1500010 401
1500020 401
1500030 401
1500040 401
1500050 401
1500060 402
1500070 403
1500080 403
1500090 403
1500100 404
1500110 404
1500120 405
1500130 404
1500140 404
1500150 401
1500160 396
1500170 396
1500180 395
1500190 396
1500200 396
1500210 401
1500220 404
1500230 404
1500240 406
1500250 407
1500260 407
1500270 408
1500280 410
1500290 410
1500300 412
1500310 412
1500320 413
1500330 414
1500340 414
1500350 414
1500360 415
1500370 415
1500380 415
1500390 415
1500400 415
1500410 415
1500420 417
1500430 417
1500440 418
1500450 418
1500460 418
1500470 419
1500480 420
1500490 420
1500500 421
1500510 421
1500520 421
1500530 422
1500540 423
1500550 423
1500560 424
1500570 424
1500580 424
1500590 425
1500600 425
1500610 425
1500620 425
1500630 425
1500640 425
1500650 425
1500660 425
1500670 425
1500680 425
1500690 424
1500700 424
1500710 424
1500720 424
1500730 424
1500740 423
1500750 423
1500760 423
1500770 422
1500780 421
1500790 421
1500800 420
1500810 419
1500820 419
1500830 418
1500840 417
1500850 417
1500860 416
1500870 415
1500880 415
1500890 414
1500900 413
1500910 413
1500920 412
1500930 411
1500940 411
1500950 409
1500960 407
1500970 407
1500980 409
1500990 411
1501000 411
1501010 411
1501020 410
1501030 410
1501040 412
1501050 414
1501060 414
1501070 416
1501080 417
1501090 417
1501100 418
1501110 419
1501120 419
1501130 420
1501140 421
1501150 421
1501160 422
1501170 422
1501180 422
1501190 423
1501200 424
1501210 424
1501220 424
1501230 424
1501240 424
1501250 424
1501260 424
1501270 424
1501280 424
1501290 424
1501300 424
1501310 424
1501320 423
1501330 423
1501340 420
1501350 419
1501360 419
1501370 423
1501380 426
1501390 426
1501400 428
1501410 429
1501420 429
1501430 430
1501440 431
1501450 431
1501460 432
1501470 433
1501480 433
1501490 433
1501500 433
1501510 433
1501520 434
1501530 434
1501540 434
1501550 434
1501560 434
1501570 434
1501580 434
1501590 435
1501600 435
1501610 435
1501620 435
1501630 435
1501640 435
1501650 435
1501660 435
1501670 435
1501680 435
1501690 435
1501700 434
1501710 434
1501720 434
1501730 434
1501740 434
1501750 433
1501760 433
1501770 433
1501780 432
1501790 432
1501800 432
1501810 431
1501820 431
1501830 431
1501840 430
1501850 429
1501860 429
1501870 428
1501880 428
1501890 428
1501900 427
1501910 425
1501920 425
1501930 423
1501940 423
1501950 423
1501960 423
1501970 423
1501980 423
1501990 423
1502000 423
1502010 423
1502020 423
1502030 423
1502040 423
1502050 423
1502060 423
1502070 423
1502080 423
1502090 423
1502100 423
1502110 422
1502120 420
1502130 420
1502140 417
1502150 416
1502160 416
1502170 415
1502180 415
1502190 415
1502200 414
1502210 413
1502220 413
1502230 414
1502240 419
1502250 419
1502260 423
1502270 426
1502280 426
1502290 429
1502300 430
1502310 430
1502320 432
1502330 433
1502340 433
1502350 433
1502360 434
1502370 434
1502380 434
1502390 434
1502400 434
1502410 434
1502420 433
1502430 433
1502440 433
1502450 432
1502460 432
1502470 432
1502480 431
1502490 431
1502500 431
1502510 430
1502520 430
1502530 430
1502540 429
1502550 429
1502560 429
1502570 429
1502580 429
1502590 429
1502600 429
1502610 429
1502620 429
1502630 429
1502640 429
1502650 430
1502660 430
1502670 430
1502680 430
1502690 430
1502700 430
1502710 430
1502720 430
1502730 430
1502740 430
1502750 430
1502760 430
1502770 430
1502780 430
1502790 430
1502800 430
1502810 430
1502820 430
1502830 430
1502840 431
1502850 431
1502860 431
1502870 431
1502880 431
1502890 431
1502900 432
1502910 432
1502920 432
1502930 433
1502940 433
1502950 433
1502960 434
1502970 434
1502980 434
1502990 434
1503000 434
1503010 434
1503020 434
1503030 435
1503040 435
1503050 435
1503060 435
1503070 435
1503080 435
1503090 436
1503100 436
1503110 436
1503120 436
1503130 436
1503140 436
1503150 436
1503160 436
1503170 436
1503180 437
1503190 437
1503200 437
1503210 437
1503220 437
1503230 437
1503240 438
1503250 438
1503260 438
1503270 438
1503280 438
1503290 438
1503300 438
1503310 438
1503320 438
1503330 438
1503340 438
1503350 438
1503360 438
1503370 438
1503380 438
1503390 437
1503400 437
1503410 437
1503420 437
1503430 437
1503440 437
1503450 437
1503460 437
1503470 437
1503480 437
1503490 437
1503500 437
1503510 438
1503520 438
1503530 438
1503540 438
1503550 438
1503560 438
1503570 438
1503580 438
1503590 438
1503600 439
1503610 439
1503620 439
1503630 439
1503640 439
1503650 439
1503660 439
1503670 439
1503680 439
1503690 439
1503700 439
1503710 439
1503720 439
1503730 439
1503740 439
1503750 439
1503760 440
1503770 440
1503780 440
1503790 441
1503800 441
1503810 441
1503820 441
1503830 441
1503840 441
1503850 442
1503860 442
1503870 442
1503880 442
1503890 442
1503900 442
1503910 443
1503920 443
1503930 443
1503940 444
1503950 444
1503960 445
1503970 446
1503980 446
1503990 446
1504000 447
1504010 447
1504020 448
1504030 449
1504040 449
1504050 450
1504060 451
1504070 451
1504080 452
1504090 452
1504100 452
1504110 453
1504120 454
1504130 454
1504140 454
1504150 455
1504160 455
1504170 455
1504180 455
1504190 455
1504200 456
1504210 456
1504220 456
1504230 456
1504240 456
1504250 456
1504260 456
1504270 456
1504280 456
1504290 457
1504300 457
1504310 457
1504320 457
1504330 457
1504340 457
1504350 457
1504360 457
1504370 457
1504380 457
1504390 457
1504400 458
1504410 458
1504420 458
1504430 458
1504440 458
1504450 458
1504460 458
1504470 458
1504480 458
1504490 458
1504500 459
1504510 459
1504520 458
1504530 458
1504540 458
1504550 458
1504560 459
1504570 459
1504580 459
1504590 459
1504600 459
1504610 459
1504620 459
1504630 459
1504640 459
1504650 459
1504660 459
1504670 459
1504680 459
1504690 459
1504700 459
1504710 460
1504720 460
1504730 460
1504740 461
1504750 461
1504760 461
1504770 462
1504780 462
1504790 462
1504800 462
1504810 462
1504820 463
1504830 463
1504840 463
1504850 463
1504860 463
1504870 463
1504880 463
1504890 463
1504900 463
1504910 463
1504920 463
1504930 463
1504940 462
1504950 462
1504960 462
1504970 462
1504980 462
1504990 462
1505000 461
1505010 461
1505020 461
1505030 460
1505040 460
1505050 460
1505060 460
1505070 459
1505080 459
1505090 459
1505100 458
1505110 458
1505120 457
1505130 456
1505140 456
1505150 455
1505160 454
1505170 454
1505180 453
1505190 452
1505200 452
1505210 450
1505220 449
1505230 449
1505240 448
1505250 446
1505260 446
1505270 445
1505280 444
1505290 444
1505300 442
1505310 441
1505320 441
1505330 439
1505340 438
1505350 438
1505360 436
1505370 434
1505380 434
1505390 431
1505400 429
1505410 429
1505420 428
1505430 428
1505440 428
1505450 427
1505460 425
1505470 425
1505480 424
1505490 422
1505500 422
1505510 422
1505520 422
1505530 422
1505540 422
1505550 421
1505560 421
1505570 419
1505580 421
1505590 421
1505600 423
1505610 426
1505620 426
1505630 426
1505640 426
1505650 426
1505660 428
1505670 430
1505680 430
1505690 430
1505700 431
1505710 431
1505720 432
1505730 432
1505740 432
1505750 433
1505760 433
1505770 434
1505780 434
1505790 434
1505800 434
1505810 433
1505820 433
1505830 433
1505840 433
1505850 433
1505860 434
1505870 433
1505880 433
1505890 432
1505900 431
1505910 431
1505920 429
1505930 427
1505940 427
1505950 426
1505960 425
1505970 425
1505980 423
1505990 422
1506000 422
1506010 420
1506020 419
1506030 419
1506040 417
1506050 416
1506060 416
1506070 415
1506080 414
1506090 414
1506100 412
1506110 411
1506120 411
1506130 410
1506140 408
1506150 408
1506160 406
1506170 405
1506180 405
1506190 403
1506200 401
1506210 401
1506220 398
1506230 395
1506240 395
1506250 392
1506260 389
1506270 389
1506280 387
1506290 386
1506300 386
1506310 384
1506320 383
1506330 383
1506340 381
1506350 380
1506360 380
1506370 378
1506380 377
1506390 377
1506400 377
1506410 376
1506420 376
1506430 377
1506440 379
1506450 379
1506460 380
1506470 383
1506480 383
1506490 385
1506500 387
1506510 387
1506520 388
1506530 389
1506540 389
1506550 390
1506560 390
1506570 390
1506580 390
1506590 391
1506600 391
1506610 391
1506620 392
1506630 392
1506640 392
1506650 392
1506660 392
1506670 392
1506680 392
1506690 392
1506700 393
1506710 394
1506720 394
1506730 394
1506740 393
1506750 393
1506760 393
1506770 393
1506780 393
1506790 393
1506800 393
1506810 393
1506820 394
1506830 395
1506840 395
1506850 395
1506860 396
1506870 396
1506880 397
1506890 397
1506900 397
1506910 397
1506920 397
1506930 397
1506940 397
1506950 395
1506960 395
1506970 394
1506980 391
1506990 391
1507000 389
1507010 387
1507020 387
1507030 385
1507040 383
1507050 383
1507060 382
1507070 382
1507080 381
1507090 379
1507100 379
1507110 376
1507120 373
1507130 373
1507140 373
1507150 373
1507160 373
1507170 373
1507180 373
1507190 373
1507200 374
1507210 374
1507220 374
1507230 378
1507240 383
1507250 383
1507260 387
1507270 389
1507280 389
1507290 392
1507300 394
1507310 394
1507320 396
1507330 398
1507340 398
1507350 399
1507360 400
1507370 400
1507380 400
1507390 401
1507400 401
1507410 402
1507420 403
1507430 403
1507440 403
1507450 403
1507460 403
1507470 404
1507480 404
1507490 404
1507500 403
1507510 402
1507520 402
1507530 400
1507540 397
1507550 397
1507560 397
1507570 401
1507580 401
1507590 407
1507600 409
1507610 409
1507620 411
1507630 412
1507640 412
1507650 414
1507660 415
1507670 414
1507680 416
1507690 417
1507700 417
1507710 418
1507720 420
1507730 420
1507740 421
1507750 423
1507760 423
1507770 425
1507780 426
1507790 426
1507800 427
1507810 428
1507820 428
1507830 430
1507840 431
1507850 431
1507860 432
1507870 434
1507880 434
1507890 435
1507900 436
1507910 436
1507920 437
1507930 438
1507940 438
1507950 438
1507960 439
1507970 439
1507980 439
1507990 440
1508000 440
1508010 441
1508020 441
1508030 441
1508040 442
1508050 443
1508060 443
1508070 443
1508080 444
1508090 444
1508100 445
1508110 446
1508120 446
1508130 447
1508140 448
1508150 448
1508160 449
1508170 450
1508180 450
1508190 452
1508200 453
1508210 453
1508220 454
1508230 454
1508240 454
1508250 455
1508260 456
1508270 456
1508280 457
1508290 458
1508300 458
1508310 459
1508320 460
1508330 460
1508340 461
1508350 462
1508360 462
1508370 463
1508380 464
1508390 464
1508400 465
1508410 466
1508420 466
1508430 467
1508440 467
1508450 468
1508460 469
1508470 469
1508480 470
1508490 471
1508500 471
1508510 472
1508520 472
1508530 472
1508540 473
1508550 474
1508560 474
1508570 475
1508580 476
1508590 476
1508600 476
1508610 477
1508620 477
1508630 478
1508640 479
1508650 479
1508660 479
1508670 480
1508680 480
1508690 481
1508700 482
1508710 482
1508720 483
1508730 483
1508740 483
1508750 484
1508760 485
1508770 485
1508780 486
1508790 488
1508800 488
1508810 489
1508820 491
1508830 491
1508840 492
1508850 494
1508860 494
1508870 495
1508880 496
1508890 496
1508900 498
1508910 499
1508920 499
1508930 500
1508940 501
1508950 501
1508960 502
1508970 503
1508980 503
1508990 504
1509000 506
1509010 506
1509020 507
1509030 508
1509040 508
1509050 509
1509060 510
1509070 510
1509080 512
1509090 513
1509100 513
1509110 514
1509120 515
1509130 515
1509140 515
1509150 516
1509160 516
1509170 517
1509180 518
1509190 518
1509200 519
1509210 520
1509220 520
1509230 521
1509240 522
1509250 522
1509260 522
1509270 523
1509280 523
1509290 524
1509300 524
1509310 524
1509320 524
1509330 524
1509340 524
1509350 525
1509360 524
1509370 524
1509380 524
1509390 524
1509400 524
1509410 524
1509420 523
1509430 523
1509440 523
1509450 523
1509460 523
1509470 522
1509480 521
1509490 521
1509500 520
1509510 519
1509520 519
1509530 519
1509540 518
1509550 518
1509560 518
1509570 517
1509580 517
1509590 516
1509600 514
1509610 514
1509620 514
1509630 517
1509640 517
1509650 519
1509660 521
1509670 521
1509680 522
1509690 523
1509700 523
1509710 524
1509720 525
1509730 525
1509740 525
1509750 525
1509760 525
1509770 525
1509780 525
1509790 525
1509800 526
1509810 526
1509820 526
1509830 526
1509840 526
1509850 526
1509860 526
1509870 526
1509880 526
1509890 526
1509900 526
1509910 527
1509920 528
1509930 528
1509940 528
1509950 528
1509960 528
1509970 529
1509980 529
1509990 529
1510000 529
1510010 529
1510020 529
1510030 529
1510040 529
1510050 529
1510060 529
1510070 529
1510080 529
1510090 529
1510100 529
1510110 529
1510120 529
1510130 529
1510140 529
1510150 529
1510160 529
1510170 529
1510180 529
1510190 530
1510200 530
1510210 530
1510220 530
1510230 530
1510240 530
1510250 530
1510260 530
1510270 530
1510280 530
1510290 530
1510300 530
1510310 530
1510320 530
1510330 531
1510340 531
1510350 531
1510360 531
1510370 531
1510380 531
1510390 531
1510400 531
1510410 531
1510420 530
1510430 529
1510440 529
1510450 529
1510460 529
1510470 529
1510480 529
1510490 530
1510500 530
1510510 531
1510520 532
1510530 532
1510540 532
1510550 533
1510560 533
1510570 534
1510580 534
1510590 534
1510600 534
1510610 535
1510620 535
1510630 535
1510640 535
1510650 535
1510660 535
1510670 535
1510680 535
1510690 536
1510700 536
1510710 536
1510720 536
1510730 537
1510740 537
1510750 537
1510760 537
1510770 537
1510780 537
1510790 538
1510800 538
1510810 538
1510820 538
1510830 538
1510840 538
1510850 539
1510860 539
1510870 539
1510880 539
1510890 539
1510900 539
1510910 539
1510920 539
1510930 540
1510940 540
1510950 540
1510960 540
1510970 540
1510980 540
1510990 540
1511000 540
1511010 540
1511020 539
1511030 539
1511040 539
1511050 538
1511060 538
1511070 538
1511080 537
1511090 537
1511100 537
1511110 536
1511120 536
1511130 536
1511140 535
1511150 535
1511160 535
1511170 534
1511180 534
1511190 534
1511200 533
1511210 533
1511220 533
1511230 532
1511240 532
1511250 532
1511260 532
1511270 532
1511280 532
1511290 532
1511300 532
1511310 531
1511320 531
1511330 531
1511340 531
1511350 531
1511360 531
1511370 532
1511380 532
1511390 532
1511400 533
1511410 533
1511420 533
1511430 533
1511440 533
1511450 533
1511460 533
1511470 533
1511480 533
1511490 533
1511500 533
1511510 533
1511520 532
1511530 532
1511540 532
1511550 531
1511560 531
1511570 531
1511580 532
1511590 532
1511600 532
1511610 533
1511620 533
1511630 533
1511640 532
1511650 532
1511660 532
1511670 532
1511680 533
1511690 533
1511700 534
1511710 535
1511720 535
1511730 535
1511740 536
1511750 536
1511760 536
1511770 535
1511780 535
1511790 535
1511800 535
1511810 535
1511820 535
1511830 536
1511840 536
1511850 536
1511860 536
1511870 536
1511880 536
1511890 535
1511900 535
1511910 535
1511920 535
1511930 535
1511940 535
1511950 534
1511960 534
1511970 534
1511980 534
1511990 534
1512000 534
1512010 535
1512020 535
1512030 536
1512040 537
1512050 537
1512060 538
1512070 538
1512080 538
1512090 539
1512100 539
1512110 539
1512120 539
1512130 539
1512140 539
1512150 539
1512160 539
1512170 539
1512180 539
1512190 539
1512200 539
1512210 539
1512220 539
1512230 539
1512240 539
1512250 539
1512260 539
1512270 538
1512280 538
1512290 538
1512300 538
1512310 538
1512320 538
1512330 537
1512340 536
1512350 536
1512360 535
1512370 535
1512380 535
1512390 536
1512400 536
1512410 536
1512420 536
1512430 537
1512440 537
1512450 537
1512460 537
1512470 537
1512480 537
1512490 538
1512500 538
1512510 538
1512520 538
1512530 538
1512540 538
1512550 538
1512560 538
1512570 538
1512580 538
1512590 538
1512600 538
1512610 538
1512620 538
1512630 538
1512640 538
1512650 537
1512660 537
1512670 537
1512680 537
1512690 536
1512700 536
1512710 536
1512720 536
1512730 536
1512740 535
1512750 535
1512760 535
1512770 534
1512780 534
1512790 534
1512800 533
1512810 532
1512820 532
1512830 531
1512840 531
1512850 531
1512860 530
1512870 529
1512880 529
1512890 529
1512900 528
1512910 528
1512920 527
1512930 527
1512940 527
1512950 526
1512960 525
1512970 525
1512980 524
1512990 524
1513000 524
1513010 524
1513020 525
1513030 525
1513040 525
1513050 526
1513060 526
1513070 527
1513080 528
1513090 528
1513100 528
1513110 528
1513120 528
1513130 529
1513140 529
1513150 529
1513160 529
1513170 530
1513180 530
1513190 530
1513200 530
1513210 530
1513220 531
1513230 531
1513240 531
1513250 531
1513260 531
1513270 531
1513280 531
1513290 531
1513300 531
1513310 530
1513320 530
1513330 530
1513340 530
1513350 530
1513360 530
1513370 529
1513380 529
1513390 529
1513400 529
1513410 529
1513420 529
1513430 529
1513440 529
1513450 529
1513460 529
1513470 529
1513480 529
1513490 529
1513500 528
1513510 528
1513520 528
1513530 527
1513540 527
1513550 527
1513560 526
1513570 526
1513580 525
1513590 525
1513600 525
1513610 524
1513620 523
1513630 523
1513640 522
1513650 521
1513660 521
1513670 520
1513680 519
1513690 519
1513700 518
1513710 517
1513720 517
1513730 517
1513740 516
1513750 516
1513760 515
1513770 514
1513780 514
1513790 514
1513800 513
1513810 513
1513820 512
1513830 512
1513840 512
1513850 511
1513860 510
1513870 510
1513880 509
1513890 509
1513900 508
1513910 507
1513920 507
1513930 506
1513940 506
1513950 506
1513960 505
1513970 505
1513980 505
1513990 505
1514000 504
1514010 504
1514020 503
1514030 502
1514040 502
1514050 502
1514060 502
1514070 502
1514080 502
1514090 502
1514100 502
1514110 501
1514120 501
1514130 501
1514140 501
1514150 501
1514160 501
1514170 502
1514180 503
1514190 503
1514200 505
1514210 507
1514220 507
1514230 508
1514240 509
1514250 509
1514260 510
1514270 510
1514280 510
1514290 511
1514300 511
1514310 511
1514320 511
1514330 512
1514340 512
1514350 512
1514360 513
1514370 513
1514380 513
1514390 514
1514400 514
1514410 515
1514420 515
1514430 515
1514440 515
1514450 514
1514460 514
1514470 514
1514480 514
1514490 514
1514500 514
1514510 516
1514520 516
1514530 517
1514540 519
1514550 519
1514560 521
1514570 524
1514580 524
1514590 526
1514600 528
1514610 528
1514620 530
1514630 531
1514640 531
1514650 532
1514660 533
1514670 533
1514680 533
1514690 533
1514700 533
1514710 532
1514720 533
1514730 533
1514740 535
1514750 537
1514760 537
1514770 539
1514780 541
1514790 541
1514800 543
1514810 545
1514820 545
1514830 546
1514840 548
1514850 548
1514860 550
1514870 551
1514880 551
1514890 553
1514900 554
1514910 554
1514920 554
1514930 555
1514940 555
1514950 555
1514960 556
1514970 556
1514980 557
1514990 557
1515000 557
1515010 558
1515020 558
1515030 558
1515040 559
1515050 560
1515060 560
1515070 561
1515080 562
1515090 562
1515100 563
1515110 564
1515120 564
1515130 566
1515140 567
1515150 567
1515160 568
1515170 570
1515180 570
1515190 571
1515200 572
1515210 572
1515220 573
1515230 574
1515240 574
1515250 575
1515260 575
1515270 577
1515280 578
1515290 578
1515300 578
1515310 579
1515320 579
1515330 580
1515340 581
1515350 581
1515360 582
1515370 583
1515380 583
1515390 584
1515400 584
1515410 584
1515420 585
1515430 585
1515440 585
1515450 585
1515460 585
1515470 585
1515480 586
1515490 586
1515500 586
1515510 585
1515520 585
1515530 585
1515540 585
1515550 584
1515560 584
1515570 583
1515580 581
1515590 581
1515600 579
1515610 578
1515620 578
1515630 578
1515640 577
1515650 577
1515660 577
1515670 576
1515680 576
1515690 577
1515700 578
1515710 578
1515720 579
1515730 580
1515740 580
1515750 581
1515760 582
1515770 582
1515780 583
1515790 585
1515800 585
1515810 586
1515820 587
1515830 587
1515840 588
1515850 590
1515860 590
1515870 591
1515880 592
1515890 592
1515900 593
1515910 594
1515920 594
1515930 595
1515940 596
1515950 596
1515960 597
1515970 597
1515980 597
1515990 597
1516000 597
1516010 597
1516020 596
1516030 595
1516040 595
1516050 593
1516060 592
1516070 592
1516080 591
1516090 590
1516100 590
1516110 589
1516120 587
1516130 587
1516140 586
1516150 585
1516160 585
1516170 584
1516180 582
1516190 582
1516200 581
1516210 579
1516220 579
1516230 577
1516240 575
1516250 575
1516260 572
1516270 570
1516280 570
1516290 569
1516300 569
1516310 569
1516320 569
1516330 569
1516340 569
1516350 570
1516360 571
1516370 571
1516380 572
1516390 573
1516400 573
1516410 573
1516420 573
1516430 573
1516440 573
1516450 572
1516460 572
1516470 572
1516480 574
1516490 574
1516500 574
1516510 574
1516520 574
1516530 574
1516540 576
1516550 576
1516560 576
1516570 577
1516580 577
1516590 578
1516600 578
1516610 579
1516620 579
1516630 579
1516640 580
1516650 581
1516660 581
1516670 582
1516680 583
1516690 583
1516700 584
1516710 584
1516720 584
1516730 585
1516740 586
1516750 586
1516760 586
1516770 586
1516780 586
1516790 586
1516800 585
1516810 585
1516820 583
1516830 580
1516840 580
1516850 576
1516860 575
1516870 575
1516880 575
1516890 575
1516900 575
1516910 575
1516920 575
1516930 575
1516940 577
1516950 579
1516960 579
1516970 581
1516980 583
1516990 583
1517000 586
1517010 588
1517020 588
1517030 590
1517040 592
1517050 592
1517060 596
1517070 598
1517080 598
1517090 599
1517100 601
1517110 601
1517120 601
1517130 602
1517140 602
1517150 603
1517160 603
1517170 603
1517180 603
1517190 604
1517200 604
1517210 603
1517220 603
1517230 603
1517240 603
1517250 603
1517260 603
1517270 602
1517280 602
1517290 602
1517300 601
1517310 601
1517320 601
1517330 600
1517340 600
1517350 600
1517360 600
1517370 600
1517380 600
1517390 599
1517400 598
1517410 598
1517420 596
1517430 593
1517440 593
1517450 591
1517460 591
1517470 591
1517480 592
1517490 593
1517500 593
1517510 593
1517520 594
1517530 594
1517540 594
1517550 594
1517560 594
1517570 593
1517580 593
1517590 593
1517600 593
1517610 593
1517620 593
1517630 592
1517640 592
1517650 592
1517660 592
1517670 591
1517680 591
1517690 591
1517700 591
1517710 591
1517720 591
1517730 591
1517740 591
1517750 591
1517760 591
1517770 591
1517780 590
1517790 590
1517800 590
1517810 590
1517820 590
1517830 590
1517840 590
1517850 590
1517860 590
1517870 590
1517880 590
1517890 590
1517900 590
1517910 590
1517920 590
1517930 590
1517940 589
1517950 589
1517960 588
1517970 588
1517980 585
1517990 585
1518000 585
1518010 586
1518020 586
1518030 586
1518040 587
1518050 587
1518060 587
1518070 588
1518080 588
1518090 588
1518100 588
1518110 588
1518120 588
1518130 588
1518140 588
1518150 588
1518160 588
1518170 589
1518180 589
1518190 590
1518200 591
1518210 591
1518220 592
1518230 593
1518240 593
1518250 593
1518260 594
1518270 594
1518280 596
1518290 597
1518300 597
1518310 598
1518320 599
1518330 599
1518340 599
1518350 600
1518360 600
1518370 601
1518380 602
1518390 602
1518400 603
1518410 603
1518420 603
1518430 604
1518440 604
1518450 604
1518460 605
1518470 605
1518480 605
1518490 605
1518500 606
1518510 606
1518520 606
1518530 607
1518540 607
1518550 607
1518560 608
1518570 608
1518580 609
1518590 610
1518600 610
1518610 611
1518620 611
1518630 611
1518640 612
1518650 612
1518660 612
1518670 613
1518680 614
1518690 614
1518700 614
1518710 615
1518720 615
1518730 616
1518740 617
1518750 617
1518760 618
1518770 619
1518780 619
1518790 619
1518800 619
1518810 619
1518820 618
1518830 615
1518840 615
1518850 611
1518860 608
1518870 608
1518880 607
1518890 606
1518900 606
1518910 607
1518920 608
1518930 608
1518940 609
1518950 610
1518960 610
1518970 612
1518980 614
1518990 614
1519000 616
1519010 618
1519020 618
1519030 619
1519040 620
1519050 620
1519060 622
1519070 623
1519080 623
1519090 624
1519100 625
1519110 625
1519120 626
1519130 627
1519140 627
1519150 628
1519160 630
1519170 630
1519180 630
1519190 631
1519200 631
1519210 632
1519220 633
1519230 633
1519240 635
1519250 636
1519260 636
1519270 637
1519280 638
1519290 638
1519300 639
1519310 640
1519320 640
1519330 641
1519340 641
1519350 643
1519360 644
1519370 644
1519380 645
1519390 646
1519400 646
1519410 647
1519420 649
1519430 649
1519440 650
1519450 652
1519460 652
1519470 654
1519480 655
1519490 655
1519500 657
1519510 659
1519520 659
1519530 660
1519540 662
1519550 662
1519560 663
1519570 665
1519580 665
1519590 666
1519600 668
1519610 668
1519620 671
1519630 673
1519640 673
1519650 674
1519660 675
1519670 675
1519680 676
1519690 676
1519700 676
1519710 677
1519720 679
1519730 679
1519740 680
1519750 682
1519760 682
1519770 684
1519780 685
1519790 685
1519800 686
1519810 688
1519820 688
1519830 689
1519840 690
1519850 690
1519860 691
1519870 693
1519880 693
1519890 695
1519900 697
1519910 697
1519920 698
1519930 700
1519940 700
1519950 701
1519960 702
1519970 702
1519980 702
1519990 702
