1500000 388
1500010 389
1500020 389
1500030 390
1500040 392
1500050 392
1500060 394
1500070 397
1500080 397
1500090 398
1500100 399
1500110 399
1500120 400
1500130 401
1500140 401
1500150 401
1500160 401
1500170 401
1500180 401
1500190 400
1500200 400
1500210 398
1500220 396
1500230 396
1500240 392
1500250 388
1500260 388
1500270 386
1500280 386
1500290 386
1500300 386
1500310 386
1500320 386
1500330 386
1500340 385
1500350 385
1500360 384
1500370 383
1500380 383
1500390 384
1500400 386
1500410 386
1500420 387
1500430 387
1500440 388
1500450 389
1500460 389
1500470 390
1500480 391
1500490 391
1500500 391
1500510 391
1500520 391
1500530 391
1500540 392
1500550 392
1500560 392
1500570 392
1500580 392
1500590 393
1500600 393
1500610 393
1500620 393
1500630 393
1500640 393
1500650 394
1500660 394
1500670 394
1500680 395
1500690 395
1500700 395
1500710 396
1500720 396
1500730 396
1500740 396
1500750 396
1500760 396
1500770 396
1500780 396
1500790 396
1500800 396
1500810 395
1500820 395
1500830 396
1500840 397
1500850 397
1500860 397
1500870 397
1500880 397
1500890 397
1500900 397
1500910 397
1500920 397
1500930 397
1500940 397
1500950 399
1500960 402
1500970 402
1500980 403
1500990 403
1501000 403
1501010 403
1501020 403
1501030 403
1501040 403
1501050 403
1501060 403
1501070 403
1501080 404
1501090 404
1501100 405
1501110 405
1501120 405
1501130 406
1501140 408
1501150 408
1501160 411
1501170 414
1501180 414
1501190 415
1501200 417
1501210 417
1501220 418
1501230 419
1501240 419
1501250 420
1501260 421
1501270 421
1501280 422
1501290 422
1501300 422
1501310 423
1501320 423
1501330 423
1501340 424
1501350 424
1501360 424
1501370 424
1501380 425
1501390 425
1501400 425
1501410 425
1501420 425
1501430 425
1501440 425
1501450 425
1501460 425
1501470 425
1501480 425
1501490 425
1501500 425
1501510 425
1501520 426
1501530 426
1501540 426
1501550 426
1501560 426
1501570 426
1501580 426
1501590 427
1501600 427
1501610 427
1501620 427
1501630 427
1501640 427
1501650 427
1501660 427
1501670 427
1501680 427
1501690 427
1501700 427
1501710 427
1501720 427
1501730 427
1501740 427
1501750 427
1501760 427
1501770 427
1501780 427
1501790 427
1501800 427
1501810 427
1501820 427
1501830 427
1501840 426
1501850 426
1501860 426
1501870 425
1501880 425
1501890 425
1501900 423
1501910 422
1501920 422
1501930 420
1501940 418
1501950 418
1501960 418
1501970 418
1501980 418
1501990 418
1502000 418
1502010 418
1502020 419
1502030 418
1502040 418
1502050 417
1502060 416
1502070 416
1502080 412
1502090 409
1502100 409
1502110 409
1502120 409
1502130 409
1502140 409
1502150 409
1502160 409
1502170 410
1502180 411
1502190 411
1502200 414
1502210 417
1502220 417
1502230 419
1502240 419
1502250 419
1502260 420
1502270 421
1502280 421
1502290 423
1502300 424
1502310 424
1502320 425
1502330 426
1502340 426
1502350 427
1502360 427
1502370 427
1502380 428
1502390 429
1502400 429
1502410 430
1502420 431
1502430 431
1502440 431
1502450 432
1502460 432
1502470 432
1502480 433
1502490 433
1502500 433
1502510 434
1502520 434
1502530 434
1502540 434
1502550 434
1502560 435
1502570 435
1502580 435
1502590 435
1502600 436
1502610 436
1502620 436
1502630 436
1502640 436
1502650 437
1502660 437
1502670 437
1502680 437
1502690 438
1502700 438
1502710 438
1502720 438
1502730 438
1502740 438
1502750 439
1502760 439
1502770 439
1502780 439
1502790 439
1502800 440
1502810 440
1502820 440
1502830 441
1502840 441
1502850 441
1502860 441
1502870 441
1502880 441
1502890 442
1502900 442
1502910 442
1502920 442
1502930 442
1502940 442
1502950 443
1502960 443
1502970 443
1502980 443
1502990 442
1503000 442
1503010 442
1503020 441
1503030 441
1503040 441
1503050 440
1503060 440
1503070 440
1503080 439
1503090 439
1503100 438
1503110 437
1503120 437
1503130 435
1503140 433
1503150 433
1503160 432
1503170 432
1503180 431
1503190 430
1503200 430
1503210 429
1503220 429
1503230 429
1503240 430
1503250 430
1503260 430
1503270 430
1503280 429
1503290 429
1503300 429
1503310 429
1503320 429
1503330 428
1503340 428
1503350 428
1503360 427
1503370 427
1503380 427
1503390 427
1503400 426
1503410 426
1503420 426
1503430 425
1503440 425
1503450 424
1503460 423
1503470 423
1503480 422
1503490 422
1503500 422
1503510 421
1503520 420
1503530 420
1503540 419
1503550 418
1503560 418
1503570 417
1503580 417
1503590 417
1503600 416
1503610 416
1503620 416
1503630 416
1503640 418
1503650 418
1503660 422
1503670 423
1503680 423
1503690 424
1503700 425
1503710 425
1503720 426
1503730 426
1503740 426
1503750 427
1503760 428
1503770 428
1503780 428
1503790 429
1503800 429
1503810 429
1503820 429
1503830 429
1503840 430
1503850 430
1503860 430
1503870 431
1503880 431
1503890 431
1503900 432
1503910 432
1503920 432
1503930 432
1503940 432
1503950 432
1503960 432
1503970 431
1503980 431
1503990 431
1504000 430
1504010 430
1504020 430
1504030 430
1504040 430
1504050 430
1504060 430
1504070 430
1504080 431
1504090 432
1504100 432
1504110 433
1504120 434
1504130 434
1504140 435
1504150 436
1504160 436
1504170 437
1504180 438
1504190 438
1504200 438
1504210 438
1504220 438
1504230 437
1504240 436
1504250 436
1504260 435
1504270 435
1504280 435
1504290 434
1504300 434
1504310 434
1504320 433
1504330 433
1504340 433
1504350 432
1504360 432
1504370 432
1504380 431
1504390 430
1504400 430
1504410 429
1504420 429
1504430 429
1504440 429
1504450 428
1504460 428
1504470 428
1504480 428
1504490 428
1504500 428
1504510 428
1504520 428
1504530 428
1504540 428
1504550 428
1504560 429
1504570 429
1504580 430
1504590 431
1504600 431
1504610 432
1504620 433
1504630 433
1504640 434
1504650 435
1504660 435
1504670 435
1504680 436
1504690 436
1504700 436
1504710 437
1504720 437
1504730 438
1504740 438
1504750 438
1504760 439
1504770 440
1504780 440
1504790 441
1504800 442
1504810 442
1504820 443
1504830 444
1504840 444
1504850 445
1504860 446
1504870 446
1504880 446
1504890 446
1504900 446
1504910 446
1504920 446
1504930 446
1504940 445
1504950 445
1504960 445
1504970 444
1504980 443
1504990 443
1505000 441
1505010 439
1505020 439
1505030 437
1505040 435
1505050 435
1505060 433
1505070 431
1505080 431
1505090 427
1505100 428
1505110 428
1505120 430
1505130 431
1505140 431
1505150 431
1505160 431
1505170 431
1505180 431
1505190 432
1505200 432
1505210 432
1505220 432
1505230 432
1505240 432
1505250 432
1505260 432
1505270 432
1505280 432
1505290 432
1505300 432
1505310 433
1505320 433
1505330 433
1505340 433
1505350 433
1505360 434
1505370 435
1505380 435
1505390 435
1505400 436
1505410 436
1505420 437
1505430 438
1505440 438
1505450 439
1505460 440
1505470 440
1505480 439
1505490 439
1505500 439
1505510 438
1505520 437
1505530 437
1505540 436
1505550 435
1505560 435
1505570 434
1505580 433
1505590 433
1505600 431
1505610 430
1505620 430
1505630 428
1505640 426
1505650 426
1505660 424
1505670 422
1505680 422
1505690 420
1505700 417
1505710 417
1505720 415
1505730 413
1505740 413
1505750 412
1505760 410
1505770 410
1505780 409
1505790 407
1505800 407
1505810 404
1505820 400
1505830 400
1505840 398
1505850 398
1505860 398
1505870 400
1505880 402
1505890 402
1505900 404
1505910 404
1505920 408
1505930 410
1505940 410
1505950 410
1505960 415
1505970 415
1505980 418
1505990 419
1506000 419
1506010 420
1506020 421
1506030 421
1506040 421
1506050 420
1506060 420
1506070 419
1506080 417
1506090 417
1506100 416
1506110 413
1506120 413
1506130 409
1506140 406
1506150 406
1506160 404
1506170 403
1506180 403
1506190 402
1506200 402
1506210 402
1506220 402
1506230 400
1506240 400
1506250 399
1506260 399
1506270 399
1506280 397
1506290 396
1506300 396
1506310 395
1506320 393
1506330 393
1506340 392
1506350 390
1506360 390
1506370 389
1506380 387
1506390 387
1506400 386
1506410 385
1506420 385
1506430 383
1506440 382
1506450 382
1506460 380
1506470 379
1506480 379
1506490 378
1506500 377
1506510 377
1506520 376
1506530 375
1506540 375
1506550 373
1506560 372
1506570 372
1506580 372
1506590 371
1506600 371
1506610 371
1506620 371
1506630 371
1506640 371
1506650 370
1506660 370
1506670 370
1506680 370
1506690 370
1506700 371
1506710 372
1506720 372
1506730 374
1506740 376
1506750 376
1506760 376
1506770 377
1506780 377
1506790 377
1506800 377
1506810 377
1506820 377
1506830 377
1506840 377
1506850 377
1506860 376
1506870 376
1506880 376
1506890 376
1506900 376
1506910 376
1506920 375
1506930 375
1506940 375
1506950 375
1506960 375
1506970 375
1506980 374
1506990 374
1507000 374
1507010 373
1507020 373
1507030 373
1507040 372
1507050 372
1507060 372
1507070 370
1507080 370
1507090 369
1507100 368
1507110 368
1507120 369
1507130 370
1507140 370
1507150 370
1507160 370
1507170 370
1507180 372
1507190 374
1507200 374
1507210 376
1507220 379
1507230 379
1507240 381
1507250 385
1507260 385
1507270 389
1507280 389
1507290 391
1507300 395
1507310 395
1507320 399
1507330 401
1507340 401
1507350 403
1507360 405
1507370 405
1507380 406
1507390 408
1507400 408
1507410 410
1507420 412
1507430 412
1507440 413
1507450 415
1507460 415
1507470 416
1507480 417
1507490 417
1507500 418
1507510 419
1507520 419
1507530 420
1507540 421
1507550 421
1507560 422
1507570 422
1507580 422
1507590 422
1507600 422
1507610 422
1507620 422
1507630 422
1507640 422
1507650 422
1507660 423
1507670 423
1507680 423
1507690 424
1507700 424
1507710 424
1507720 424
1507730 424
1507740 425
1507750 425
1507760 425
1507770 426
1507780 427
1507790 427
1507800 427
1507810 428
1507820 428
1507830 429
1507840 430
1507850 430
1507860 431
1507870 432
1507880 432
1507890 432
1507900 433
1507910 433
1507920 433
1507930 434
1507940 434
1507950 435
1507960 435
1507970 435
1507980 436
1507990 437
1508000 437
1508010 437
1508020 438
1508030 438
1508040 437
1508050 436
1508060 436
1508070 439
1508080 440
1508090 440
1508100 441
1508110 440
1508120 440
1508130 439
1508140 439
1508150 439
1508160 439
1508170 439
1508180 439
1508190 440
1508200 441
1508210 441
1508220 443
1508230 444
1508240 444
1508250 445
1508260 445
1508270 445
1508280 445
1508290 446
1508300 446
1508310 447
1508320 447
1508330 447
1508340 447
1508350 447
1508360 447
1508370 449
1508380 451
1508390 451
1508400 453
1508410 454
1508420 454
1508430 456
1508440 457
1508450 457
1508460 458
1508470 460
1508480 460
1508490 461
1508500 463
1508510 463
1508520 464
1508530 465
1508540 465
1508550 467
1508560 468
1508570 468
1508580 470
1508590 473
1508600 473
1508610 474
1508620 475
1508630 475
1508640 476
1508650 476
1508660 478
1508670 479
1508680 479
1508690 480
1508700 481
1508710 481
1508720 482
1508730 483
1508740 483
1508750 484
1508760 486
1508770 486
1508780 487
1508790 488
1508800 488
1508810 489
1508820 490
1508830 490
1508840 491
1508850 492
1508860 492
1508870 494
1508880 495
1508890 495
1508900 496
1508910 497
1508920 497
1508930 499
1508940 500
1508950 500
1508960 501
1508970 503
1508980 503
1508990 504
1509000 505
1509010 505
1509020 507
1509030 508
1509040 508
1509050 510
1509060 511
1509070 511
1509080 512
1509090 514
1509100 514
1509110 515
1509120 516
1509130 516
1509140 516
1509150 517
1509160 517
1509170 519
1509180 521
1509190 521
1509200 521
1509210 522
1509220 522
1509230 523
1509240 524
1509250 524
1509260 525
1509270 526
1509280 526
1509290 526
1509300 527
1509310 527
1509320 528
1509330 528
1509340 528
1509350 529
1509360 530
1509370 530
1509380 530
1509390 531
1509400 531
1509410 532
1509420 532
1509430 532
1509440 533
1509450 533
1509460 533
1509470 534
1509480 534
1509490 534
1509500 534
1509510 534
1509520 534
1509530 534
1509540 533
1509550 533
1509560 533
1509570 533
1509580 533
1509590 533
1509600 533
1509610 533
1509620 533
1509630 532
1509640 532
1509650 532
1509660 532
1509670 532
1509680 531
1509690 531
1509700 531
1509710 531
1509720 531
1509730 531
1509740 530
1509750 530
1509760 530
1509770 530
1509780 529
1509790 529
1509800 529
1509810 529
1509820 529
1509830 528
1509840 528
1509850 528
1509860 528
1509870 528
1509880 528
1509890 527
1509900 527
1509910 527
1509920 527
1509930 526
1509940 526
1509950 526
1509960 525
1509970 525
1509980 525
1509990 524
1510000 524
1510010 523
1510020 523
1510030 522
1510040 521
1510050 521
1510060 520
1510070 519
1510080 519
1510090 517
1510100 516
1510110 516
1510120 516
1510130 515
1510140 515
1510150 514
1510160 515
1510170 515
1510180 517
1510190 519
1510200 519
1510210 519
1510220 520
1510230 520
1510240 521
1510250 522
1510260 522
1510270 522
1510280 522
1510290 522
1510300 522
1510310 522
1510320 522
1510330 521
1510340 521
1510350 521
1510360 520
1510370 519
1510380 519
1510390 519
1510400 520
1510410 520
1510420 521
1510430 522
1510440 522
1510450 522
1510460 523
1510470 523
1510480 523
1510490 522
1510500 522
1510510 520
1510520 518
1510530 518
1510540 518
1510550 520
1510560 520
1510570 521
1510580 523
1510590 523
1510600 524
1510610 525
1510620 525
1510630 525
1510640 526
1510650 526
1510660 526
1510670 527
1510680 527
1510690 527
1510700 528
1510710 528
1510720 528
1510730 528
1510740 528
1510750 528
1510760 529
1510770 529
1510780 529
1510790 529
1510800 529
1510810 529
1510820 529
1510830 529
1510840 529
1510850 530
1510860 530
1510870 530
1510880 530
1510890 530
1510900 530
1510910 530
1510920 530
1510930 531
1510940 531
1510950 531
1510960 531
1510970 532
1510980 532
1510990 533
1511000 533
1511010 533
1511020 534
1511030 534
1511040 534
1511050 534
1511060 534
1511070 534
1511080 535
1511090 535
1511100 535
1511110 536
1511120 536
1511130 536
1511140 537
1511150 537
1511160 537
1511170 537
1511180 538
1511190 538
1511200 538
1511210 538
1511220 538
1511230 539
1511240 539
1511250 539
1511260 539
1511270 539
1511280 539
1511290 539
1511300 539
1511310 539
1511320 539
1511330 539
1511340 539
1511350 538
1511360 538
1511370 538
1511380 538
1511390 538
1511400 537
1511410 537
1511420 537
1511430 536
1511440 535
1511450 535
1511460 534
1511470 535
1511480 535
1511490 538
1511500 541
1511510 541
1511520 542
1511530 542
1511540 542
1511550 543
1511560 544
1511570 544
1511580 545
1511590 546
1511600 546
1511610 546
1511620 547
1511630 547
1511640 547
1511650 547
1511660 547
1511670 547
1511680 547
1511690 547
1511700 547
1511710 547
1511720 547
1511730 547
1511740 547
1511750 547
1511760 547
1511770 546
1511780 546
1511790 547
1511800 547
1511810 547
1511820 547
1511830 547
1511840 547
1511850 547
1511860 547
1511870 547
1511880 546
1511890 546
1511900 546
1511910 546
1511920 545
1511930 545
1511940 545
1511950 544
1511960 544
1511970 543
1511980 543
1511990 543
1512000 542
1512010 542
1512020 542
1512030 542
1512040 542
1512050 542
1512060 543
1512070 545
1512080 545
1512090 546
1512100 547
1512110 547
1512120 548
1512130 548
1512140 548
1512150 548
1512160 549
1512170 549
1512180 549
1512190 549
1512200 549
1512210 549
1512220 549
1512230 549
1512240 549
1512250 549
1512260 549
1512270 549
1512280 548
1512290 548
1512300 548
1512310 547
1512320 547
1512330 547
1512340 547
1512350 547
1512360 547
1512370 546
1512380 546
1512390 546
1512400 546
1512410 546
1512420 546
1512430 546
1512440 546
1512450 546
1512460 547
1512470 547
1512480 547
1512490 546
1512500 546
1512510 546
1512520 546
1512530 546
1512540 545
1512550 545
1512560 545
1512570 544
1512580 543
1512590 543
1512600 543
1512610 543
1512620 543
1512630 542
1512640 541
1512650 541
1512660 541
1512670 540
1512680 540
1512690 539
1512700 539
1512710 539
1512720 538
1512730 537
1512740 537
1512750 537
1512760 537
1512770 536
1512780 535
1512790 535
1512800 534
1512810 534
1512820 534
1512830 533
1512840 532
1512850 532
1512860 531
1512870 530
1512880 530
1512890 529
1512900 528
1512910 528
1512920 527
1512930 526
1512940 526
1512950 525
1512960 524
1512970 524
1512980 524
1512990 523
1513000 523
1513010 523
1513020 523
1513030 523
1513040 523
1513050 522
1513060 522
1513070 522
1513080 521
1513090 521
1513100 521
1513110 521
1513120 521
1513130 520
1513140 520
1513150 520
1513160 520
1513170 520
1513180 520
1513190 519
1513200 519
1513210 519
1513220 518
1513230 518
1513240 518
1513250 517
1513260 517
1513270 517
1513280 516
1513290 515
1513300 515
1513310 515
1513320 514
1513330 514
1513340 513
1513350 513
1513360 513
1513370 512
1513380 512
1513390 512
1513400 512
1513410 511
1513420 511
1513430 511
1513440 511
1513450 511
1513460 511
1513470 510
1513480 510
1513490 510
1513500 510
1513510 510
1513520 510
1513530 509
1513540 509
1513550 509
1513560 509
1513570 509
1513580 509
1513590 509
1513600 509
1513610 509
1513620 510
1513630 510
1513640 510
1513650 510
1513660 510
1513670 510
1513680 510
1513690 510
1513700 510
1513710 510
1513720 510
1513730 510
1513740 511
1513750 511
1513760 511
1513770 512
1513780 512
1513790 512
1513800 512
1513810 512
1513820 512
1513830 513
1513840 513
1513850 514
1513860 515
1513870 515
1513880 515
1513890 515
1513900 515
1513910 515
1513920 515
1513930 515
1513940 514
1513950 514
1513960 514
1513970 514
1513980 514
1513990 514
1514000 515
1514010 515
1514020 515
1514030 515
1514040 514
1514050 514
1514060 512
1514070 510
1514080 510
1514090 509
1514100 507
1514110 507
1514120 506
1514130 506
1514140 505
1514150 504
1514160 504
1514170 503
1514180 502
1514190 502
1514200 502
1514210 500
1514220 500
1514230 498
1514240 496
1514250 496
1514260 494
1514270 494
1514280 494
1514290 493
1514300 493
1514310 493
1514320 493
1514330 493
1514340 493
1514350 493
1514360 495
1514370 495
1514380 499
1514390 502
1514400 502
1514410 503
1514420 505
1514430 505
1514440 506
1514450 506
1514460 506
1514470 507
1514480 508
1514490 508
1514500 508
1514510 509
1514520 509
1514530 509
1514540 509
1514550 509
1514560 509
1514570 510
1514580 510
1514590 511
1514600 512
1514610 512
1514620 514
1514630 516
1514640 516
1514650 518
1514660 519
1514670 519
1514680 521
1514690 522
1514700 522
1514710 523
1514720 524
1514730 524
1514740 524
1514750 525
1514760 525
1514770 524
1514780 524
1514790 524
1514800 525
1514810 526
1514820 526
1514830 527
1514840 528
1514850 528
1514860 529
1514870 529
1514880 529
1514890 530
1514900 531
1514910 531
1514920 532
1514930 533
1514940 533
1514950 534
1514960 535
1514970 535
1514980 537
1514990 538
1515000 538
1515010 540
1515020 541
1515030 541
1515040 542
1515050 543
1515060 543
1515070 544
1515080 546
1515090 546
1515100 547
1515110 549
1515120 549
1515130 550
1515140 551
1515150 551
1515160 552
1515170 553
1515180 553
1515190 554
1515200 555
1515210 555
1515220 556
1515230 557
1515240 557
1515250 558
1515260 559
1515270 559
1515280 559
1515290 560
1515300 560
1515310 560
1515320 561
1515330 561
1515340 563
1515350 564
1515360 564
1515370 565
1515380 567
1515390 567
1515400 568
1515410 569
1515420 569
1515430 569
1515440 569
1515450 569
1515460 570
1515470 570
1515480 570
1515490 571
1515500 571
1515510 571
1515520 571
1515530 571
1515540 571
1515550 571
1515560 571
1515570 571
1515580 571
1515590 571
1515600 570
1515610 569
1515620 569
1515630 568
1515640 568
1515650 568
1515660 568
1515670 568
1515680 568
1515690 568
1515700 569
1515710 569
1515720 570
1515730 570
1515740 570
1515750 571
1515760 571
1515770 571
1515780 572
1515790 573
1515800 573
1515810 573
1515820 574
1515830 574
1515840 575
1515850 576
1515860 576
1515870 576
1515880 577
1515890 577
1515900 578
1515910 579
1515920 579
1515930 579
1515940 579
1515950 579
1515960 578
1515970 577
1515980 577
1515990 575
1516000 574
1516010 574
1516020 572
1516030 570
1516040 570
1516050 569
1516060 567
1516070 567
1516080 565
1516090 564
1516100 564
1516110 563
1516120 562
1516130 562
1516140 561
1516150 560
1516160 560
1516170 558
1516180 556
1516190 556
1516200 554
1516210 553
1516220 553
1516230 553
1516240 554
1516250 554
1516260 555
1516270 556
1516280 556
1516290 557
1516300 559
1516310 559
1516320 561
1516330 562
1516340 562
1516350 563
1516360 564
1516370 564
1516380 564
1516390 565
1516400 565
1516410 565
1516420 566
1516430 566
1516440 567
1516450 567
1516460 567
1516470 568
1516480 568
1516490 568
1516500 568
1516510 568
1516520 568
1516530 568
1516540 568
1516550 568
1516560 567
1516570 567
1516580 567
1516590 567
1516600 567
1516610 567
1516620 566
1516630 566
1516640 566
1516650 566
1516660 566
1516670 566
1516680 566
1516690 566
1516700 566
1516710 566
1516720 567
1516730 567
1516740 567
1516750 567
1516760 567
1516770 567
1516780 567
1516790 567
1516800 567
1516810 566
1516820 566
1516830 566
1516840 564
1516850 564
1516860 562
1516870 562
1516880 560
1516890 559
1516900 559
1516910 558
1516920 558
1516930 558
1516940 558
1516950 559
1516960 559
1516970 560
1516980 562
1516990 562
1517000 564
1517010 564
1517020 564
1517030 566
1517040 568
1517050 568
1517060 570
1517070 572
1517080 572
1517090 574
1517100 575
1517110 575
1517120 577
1517130 578
1517140 578
1517150 579
1517160 580
1517170 580
1517180 581
1517190 582
1517200 582
1517210 582
1517220 582
1517230 582
1517240 581
1517250 581
1517260 581
1517270 580
1517280 580
1517290 580
1517300 579
1517310 578
1517320 578
1517330 577
1517340 575
1517350 575
1517360 574
1517370 572
1517380 572
1517390 570
1517400 568
1517410 568
1517420 567
1517430 566
1517440 566
1517450 564
1517460 563
1517470 563
1517480 563
1517490 564
1517500 564
1517510 565
1517520 566
1517530 566
1517540 568
1517550 570
1517560 570
1517570 570
1517580 571
1517590 571
1517600 571
1517610 571
1517620 571
1517630 571
1517640 570
1517650 570
1517660 570
1517670 570
1517680 570
1517690 570
1517700 570
1517710 570
1517720 570
1517730 569
1517740 569
1517750 569
1517760 569
1517770 569
1517780 569
1517790 569
1517800 569
1517810 569
1517820 569
1517830 569
1517840 569
1517850 570
1517860 570
1517870 571
1517880 572
1517890 572
1517900 573
1517910 573
1517920 573
1517930 573
1517940 574
1517950 574
1517960 575
1517970 575
1517980 575
1517990 576
1518000 576
1518010 576
1518020 577
1518030 577
1518040 577
1518050 578
1518060 579
1518070 579
1518080 580
1518090 581
1518100 581
1518110 582
1518120 582
1518130 582
1518140 583
1518150 584
1518160 584
1518170 585
1518180 586
1518190 586
1518200 585
1518210 585
1518220 585
1518230 585
1518240 585
1518250 585
1518260 585
1518270 585
1518280 585
1518290 585
1518300 585
1518310 585
1518320 585
1518330 585
1518340 585
1518350 586
1518360 586
1518370 586
1518380 587
1518390 587
1518400 587
1518410 588
1518420 588
1518430 588
1518440 588
1518450 588
1518460 589
1518470 590
1518480 590
1518490 590
1518500 591
1518510 591
1518520 591
1518530 592
1518540 592
1518550 593
1518560 593
1518570 593
1518580 594
1518590 594
1518600 594
1518610 595
1518620 595
1518630 595
1518640 595
1518650 595
1518660 595
1518670 596
1518680 596
1518690 596
1518700 595
1518710 595
1518720 595
1518730 594
1518740 592
1518750 592
1518760 590
1518770 590
1518780 590
1518790 591
1518800 592
1518810 592
1518820 592
1518830 593
1518840 593
1518850 594
1518860 594
1518870 594
1518880 595
1518890 598
1518900 598
1518910 602
1518920 604
1518930 604
1518940 606
1518950 607
1518960 607
1518970 609
1518980 610
1518990 610
1519000 611
1519010 612
1519020 612
1519030 613
1519040 614
1519050 614
1519060 614
1519070 615
1519080 615
1519090 615
1519100 616
1519110 616
1519120 616
1519130 617
1519140 617
1519150 618
1519160 618
1519170 618
1519180 619
1519190 620
1519200 620
1519210 620
1519220 620
1519230 620
1519240 621
1519250 621
1519260 621
1519270 622
1519280 623
1519290 623
1519300 624
1519310 625
1519320 625
1519330 626
1519340 627
1519350 627
1519360 628
1519370 629
1519380 629
1519390 631
1519400 632
1519410 632
1519420 634
1519430 636
1519440 636
1519450 637
1519460 639
1519470 639
1519480 640
1519490 641
1519500 641
1519510 642
1519520 642
1519530 642
1519540 643
1519550 643
1519560 643
1519570 643
1519580 644
1519590 644
1519600 645
1519610 645
1519620 646
1519630 647
1519640 647
1519650 648
1519660 649
1519670 649
1519680 650
1519690 652
1519700 652
1519710 653
1519720 654
1519730 654
1519740 655
1519750 656
1519760 656
1519770 657
1519780 658
1519790 658
1519800 658
1519810 659
1519820 659
1519830 660
1519840 661
1519850 661
1519860 662
1519870 663
1519880 663
1519890 663
1519900 663
1519910 663
1519920 663
1519930 663
1519940 663
1519950 663
1519960 663
1519970 663
1519980 662
1519990 662
