1500000 422
1500010 422
1500020 424
1500030 425
1500040 425
1500050 427
1500060 429
1500070 429
1500080 430
1500090 432
1500100 432
1500110 433
1500120 434
1500130 434
1500140 435
1500150 436
1500160 436
1500170 437
1500180 438
1500190 438
1500200 439
1500210 439
1500220 439
1500230 440
1500240 441
1500250 441
1500260 442
1500270 443
1500280 443
1500290 442
1500300 443
1500310 443
1500320 444
1500330 444
1500340 444
1500350 445
1500360 445
1500370 445
1500380 446
1500390 447
1500400 447
1500410 447
1500420 447
1500430 447
1500440 447
1500450 447
1500460 448
1500470 448
1500480 448
1500490 449
1500500 449
1500510 449
1500520 449
1500530 448
1500540 448
1500550 449
1500560 449
1500570 449
1500580 449
1500590 449
1500600 449
1500610 450
1500620 450
1500630 450
1500640 450
1500650 450
1500660 450
1500670 451
1500680 451
1500690 451
1500700 451
1500710 451
1500720 451
1500730 451
1500740 452
1500750 452
1500760 452
1500770 452
1500780 452
1500790 452
1500800 453
1500810 453
1500820 453
1500830 454
1500840 454
1500850 454
1500860 455
1500870 455
1500880 455
1500890 456
1500900 456
1500910 456
1500920 456
1500930 456
1500940 456
1500950 457
1500960 457
1500970 457
1500980 457
1500990 457
1501000 457
1501010 458
1501020 458
1501030 458
1501040 458
1501050 458
1501060 458
1501070 458
1501080 458
1501090 459
1501100 459
1501110 459
1501120 459
1501130 459
1501140 459
1501150 459
1501160 459
1501170 459
1501180 459
1501190 460
1501200 460
1501210 460
1501220 460
1501230 460
1501240 460
1501250 460
1501260 460
1501270 461
1501280 461
1501290 461
1501300 461
1501310 461
1501320 461
1501330 461
1501340 461
1501350 461
1501360 462
1501370 462
1501380 462
1501390 462
1501400 462
1501410 462
1501420 462
1501430 462
1501440 462
1501450 462
1501460 462
1501470 462
1501480 462
1501490 462
1501500 462
1501510 462
1501520 462
1501530 462
1501540 461
1501550 461
1501560 461
1501570 461
1501580 461
1501590 461
1501600 461
1501610 461
1501620 461
1501630 461
1501640 461
1501650 461
1501660 461
1501670 461
1501680 461
1501690 461
1501700 461
1501710 461
1501720 460
1501730 460
1501740 461
1501750 460
1501760 460
1501770 460
1501780 460
1501790 460
1501800 460
1501810 460
1501820 460
1501830 461
1501840 461
1501850 461
1501860 461
1501870 461
1501880 461
1501890 461
1501900 461
1501910 461
1501920 461
1501930 461
1501940 461
1501950 461
1501960 461
1501970 461
1501980 461
1501990 461
1502000 461
1502010 461
1502020 461
1502030 461
1502040 461
1502050 460
1502060 460
1502070 460
1502080 460
1502090 460
1502100 460
1502110 459
1502120 459
1502130 459
1502140 459
1502150 459
1502160 459
1502170 459
1502180 459
1502190 458
1502200 457
1502210 457
1502220 457
1502230 456
1502240 456
1502250 456
1502260 455
1502270 455
1502280 453
1502290 452
1502300 452
1502310 451
1502320 452
1502330 452
1502340 455
1502350 456
1502360 456
1502370 457
1502380 457
1502390 457
1502400 458
1502410 458
1502420 458
1502430 459
1502440 459
1502450 459
1502460 459
1502470 460
1502480 460
1502490 460
1502500 460
1502510 460
1502520 460
1502530 460
1502540 460
1502550 460
1502560 460
1502570 460
1502580 460
1502590 460
1502600 460
1502610 460
1502620 460
1502630 460
1502640 460
1502650 460
1502660 460
1502670 459
1502680 459
1502690 459
1502700 459
1502710 458
1502720 458
1502730 458
1502740 458
1502750 458
1502760 457
1502770 457
1502780 457
1502790 456
1502800 456
1502810 456
1502820 455
1502830 455
1502840 455
1502850 454
1502860 454
1502870 454
1502880 453
1502890 452
1502900 452
1502910 452
1502920 451
1502930 451
1502940 450
1502950 449
1502960 449
1502970 448
1502980 448
1502990 447
1503000 447
1503010 447
1503020 446
1503030 445
1503040 445
1503050 444
1503060 443
1503070 443
1503080 443
1503090 442
1503100 442
1503110 441
1503120 440
1503130 440
1503140 439
1503150 438
1503160 438
1503170 437
1503180 437
1503190 437
1503200 437
1503210 438
1503220 438
1503230 439
1503240 440
1503250 440
1503260 441
1503270 441
1503280 441
1503290 442
1503300 443
1503310 443
1503320 444
1503330 444
1503340 444
1503350 445
1503360 445
1503370 445
1503380 445
1503390 445
1503400 445
1503410 444
1503420 444
1503430 444
1503440 444
1503450 443
1503460 443
1503470 441
1503480 441
1503490 441
1503500 443
1503510 445
1503520 445
1503530 446
1503540 447
1503550 447
1503560 448
1503570 448
1503580 448
1503590 449
1503600 449
1503610 449
1503620 450
1503630 450
1503640 450
1503650 450
1503660 450
1503670 450
1503680 450
1503690 450
1503700 450
1503710 450
1503720 450
1503730 450
1503740 449
1503750 449
1503760 449
1503770 449
1503780 448
1503790 448
1503800 448
1503810 448
1503820 448
1503830 447
1503840 446
1503850 446
1503860 446
1503870 445
1503880 445
1503890 445
1503900 444
1503910 444
1503920 443
1503930 443
1503940 443
1503950 442
1503960 441
1503970 441
1503980 441
1503990 440
1504000 440
1504010 439
1504020 438
1504030 438
1504040 438
1504050 437
1504060 437
1504070 437
1504080 436
1504090 436
1504100 436
1504110 436
1504120 436
1504130 436
1504140 436
1504150 436
1504160 436
1504170 436
1504180 436
1504190 436
1504200 435
1504210 435
1504220 435
1504230 434
1504240 434
1504250 434
1504260 434
1504270 433
1504280 432
1504290 432
1504300 432
1504310 433
1504320 433
1504330 433
1504340 432
1504350 432
1504360 432
1504370 432
1504380 432
1504390 434
1504400 435
1504410 435
1504420 435
1504430 435
1504440 435
1504450 435
1504460 435
1504470 435
1504480 436
1504490 436
1504500 436
1504510 437
1504520 438
1504530 438
1504540 438
1504550 439
1504560 439
1504570 440
1504580 440
1504590 440
1504600 441
1504610 441
1504620 441
1504630 441
1504640 442
1504650 442
1504660 442
1504670 442
1504680 442
1504690 443
1504700 443
1504710 443
1504720 443
1504730 443
1504740 443
1504750 443
1504760 443
1504770 443
1504780 443
1504790 443
1504800 443
1504810 442
1504820 442
1504830 442
1504840 442
1504850 441
1504860 441
1504870 441
1504880 441
1504890 441
1504900 440
1504910 439
1504920 439
1504930 439
1504940 439
1504950 439
1504960 439
1504970 438
1504980 438
1504990 438
1505000 438
1505010 438
1505020 438
1505030 438
1505040 438
1505050 438
1505060 439
1505070 439
1505080 439
1505090 440
1505100 440
1505110 440
1505120 440
1505130 440
1505140 443
1505150 445
1505160 445
1505170 448
1505180 449
1505190 449
1505200 450
1505210 451
1505220 451
1505230 452
1505240 453
1505250 453
1505260 453
1505270 454
1505280 454
1505290 455
1505300 456
1505310 456
1505320 458
1505330 459
1505340 459
1505350 461
1505360 462
1505370 462
1505380 464
1505390 465
1505400 465
1505410 466
1505420 468
1505430 468
1505440 469
1505450 470
1505460 470
1505470 471
1505480 472
1505490 472
1505500 473
1505510 473
1505520 474
1505530 475
1505540 475
1505550 476
1505560 477
1505570 477
1505580 478
1505590 479
1505600 479
1505610 480
1505620 481
1505630 481
1505640 482
1505650 484
1505660 484
1505670 485
1505680 485
1505690 485
1505700 487
1505710 488
1505720 488
1505730 489
1505740 489
1505750 489
1505760 490
1505770 490
1505780 490
1505790 490
1505800 491
1505810 491
1505820 491
1505830 492
1505840 492
1505850 492
1505860 493
1505870 493
1505880 493
1505890 493
1505900 493
1505910 493
1505920 492
1505930 492
1505940 492
1505950 492
1505960 492
1505970 492
1505980 492
1505990 492
1506000 491
1506010 490
1506020 490
1506030 488
1506040 487
1506050 487
1506060 486
1506070 486
1506080 486
1506090 485
1506100 485
1506110 485
1506120 486
1506130 486
1506140 486
1506150 487
1506160 488
1506170 488
1506180 488
1506190 489
1506200 489
1506210 490
1506220 490
1506230 490
1506240 491
1506250 491
1506260 491
1506270 492
1506280 493
1506290 493
1506300 494
1506310 495
1506320 495
1506330 496
1506340 496
1506350 496
1506360 496
1506370 496
1506380 496
1506390 497
1506400 497
1506410 497
1506420 497
1506430 498
1506440 498
1506450 498
1506460 498
1506470 498
1506480 499
1506490 499
1506500 499
1506510 499
1506520 500
1506530 500
1506540 500
1506550 500
1506560 500
1506570 500
1506580 500
1506590 500
1506600 500
1506610 499
1506620 499
1506630 498
1506640 497
1506650 497
1506660 496
1506670 496
1506680 496
1506690 496
1506700 496
1506710 496
1506720 495
1506730 495
1506740 495
1506750 496
1506760 496
1506770 497
1506780 497
1506790 497
1506800 497
1506810 498
1506820 498
1506830 499
1506840 501
1506850 501
1506860 503
1506870 504
1506880 504
1506890 505
1506900 506
1506910 506
1506920 507
1506930 508
1506940 508
1506950 509
1506960 510
1506970 510
1506980 510
1506990 511
1507000 511
1507010 512
1507020 513
1507030 513
1507040 514
1507050 515
1507060 515
1507070 516
1507080 518
1507090 518
1507100 519
1507110 520
1507120 520
1507130 521
1507140 522
1507150 522
1507160 523
1507170 524
1507180 524
1507190 525
1507200 525
1507210 525
1507220 525
1507230 525
1507240 525
1507250 525
1507260 525
1507270 525
1507280 524
1507290 524
1507300 524
1507310 524
1507320 525
1507330 525
1507340 529
1507350 532
1507360 532
1507370 528
1507380 528
1507390 528
1507400 528
1507410 528
1507420 528
1507430 528
1507440 528
1507450 528
1507460 528
1507470 528
1507480 528
1507490 528
1507500 528
1507510 528
1507520 527
1507530 527
1507540 527
1507550 525
1507560 524
1507570 524
1507580 524
1507590 524
1507600 524
1507610 523
1507620 522
1507630 522
1507640 521
1507650 520
1507660 520
1507670 519
1507680 519
1507690 519
1507700 518
1507710 517
1507720 517
1507730 517
1507740 516
1507750 516
1507760 515
1507770 515
1507780 515
1507790 514
1507800 513
1507810 513
1507820 513
1507830 512
1507840 512
1507850 512
1507860 510
1507870 510
1507880 509
1507890 508
1507900 508
1507910 507
1507920 505
1507930 505
1507940 505
1507950 504
1507960 504
1507970 503
1507980 502
1507990 502
1508000 501
1508010 500
1508020 500
1508030 499
1508040 499
1508050 499
1508060 498
1508070 498
1508080 496
1508090 494
1508100 494
1508110 492
1508120 491
1508130 491
1508140 490
1508150 489
1508160 489
1508170 488
1508180 487
1508190 488
1508200 488
1508210 488
1508220 488
1508230 487
1508240 486
1508250 486
1508260 486
1508270 488
1508280 488
1508290 490
1508300 492
1508310 492
1508320 493
1508330 493
1508340 493
1508350 493
1508360 493
1508370 493
1508380 494
1508390 494
1508400 494
1508410 494
1508420 494
1508430 494
1508440 493
1508450 493
1508460 493
1508470 493
1508480 493
1508490 493
1508500 492
1508510 491
1508520 491
1508530 489
1508540 490
1508550 490
1508560 492
1508570 494
1508580 494
1508590 495
1508600 496
1508610 496
1508620 497
1508630 498
1508640 498
1508650 498
1508660 499
1508670 499
1508680 499
1508690 500
1508700 500
1508710 500
1508720 500
1508730 500
1508740 501
1508750 501
1508760 501
1508770 501
1508780 501
1508790 501
1508800 501
1508810 501
1508820 501
1508830 501
1508840 501
1508850 501
1508860 500
1508870 500
1508880 500
1508890 501
1508900 503
1508910 503
1508920 505
1508930 507
1508940 507
1508950 508
1508960 510
1508970 510
1508980 511
1508990 512
1509000 512
1509010 513
1509020 513
1509030 513
1509040 514
1509050 513
1509060 513
1509070 511
1509080 511
1509090 511
1509100 512
1509110 513
1509120 513
1509130 515
1509140 516
1509150 516
1509160 517
1509170 518
1509180 518
1509190 519
1509200 520
1509210 520
1509220 521
1509230 522
1509240 522
1509250 523
1509260 524
1509270 524
1509280 524
1509290 525
1509300 525
1509310 526
1509320 526
1509330 527
1509340 527
1509350 527
1509360 528
1509370 528
1509380 528
1509390 529
1509400 529
1509410 529
1509420 529
1509430 530
1509440 530
1509450 530
1509460 530
1509470 530
1509480 530
1509490 529
1509500 529
1509510 529
1509520 528
1509530 528
1509540 528
1509550 527
1509560 527
1509570 527
1509580 526
1509590 526
1509600 526
1509610 525
1509620 525
1509630 525
1509640 524
1509650 524
1509660 524
1509670 523
1509680 523
1509690 522
1509700 521
1509710 521
1509720 521
1509730 521
1509740 521
1509750 521
1509760 520
1509770 520
1509780 520
1509790 519
1509800 519
1509810 519
1509820 519
1509830 519
1509840 519
1509850 519
1509860 519
1509870 518
1509880 518
1509890 518
1509900 518
1509910 518
1509920 518
1509930 518
1509940 518
1509950 518
1509960 518
1509970 518
1509980 518
1509990 517
1510000 517
1510010 517
1510020 517
1510030 517
1510040 517
1510050 516
1510060 516
1510070 516
1510080 516
1510090 515
1510100 515
1510110 515
1510120 514
1510130 514
1510140 514
1510150 513
1510160 513
1510170 512
1510180 511
1510190 511
1510200 510
1510210 508
1510220 508
1510230 506
1510240 504
1510250 504
1510260 503
1510270 501
1510280 501
1510290 500
1510300 499
1510310 499
1510320 498
1510330 497
1510340 497
1510350 496
1510360 496
1510370 496
1510380 495
1510390 494
1510400 494
1510410 493
1510420 492
1510430 492
1510440 491
1510450 489
1510460 489
1510470 489
1510480 488
1510490 488
1510500 488
1510510 488
1510520 488
1510530 490
1510540 492
1510550 492
1510560 494
1510570 494
1510580 496
1510590 497
1510600 497
1510610 498
1510620 498
1510630 498
1510640 499
1510650 500
1510660 500
1510670 501
1510680 502
1510690 502
1510700 503
1510710 503
1510720 503
1510730 504
1510740 505
1510750 505
1510760 506
1510770 507
1510780 507
1510790 507
1510800 508
1510810 508
1510820 510
1510830 510
1510840 510
1510850 510
1510860 511
1510870 511
1510880 512
1510890 512
1510900 512
1510910 513
1510920 514
1510930 514
1510940 514
1510950 515
1510960 515
1510970 516
1510980 516
1510990 516
1511000 517
1511010 517
1511020 517
1511030 518
1511040 518
1511050 518
1511060 519
1511070 520
1511080 520
1511090 521
1511100 521
1511110 521
1511120 522
1511130 523
1511140 523
1511150 524
1511160 525
1511170 525
1511180 526
1511190 526
1511200 526
1511210 527
1511220 528
1511230 528
1511240 528
1511250 529
1511260 529
1511270 529
1511280 530
1511290 530
1511300 530
1511310 531
1511320 531
1511330 532
1511340 532
1511350 532
1511360 532
1511370 533
1511380 533
1511390 533
1511400 533
1511410 533
1511420 534
1511430 534
1511440 534
1511450 534
1511460 534
1511470 534
1511480 534
1511490 534
1511500 534
1511510 534
1511520 534
1511530 534
1511540 534
1511550 534
1511560 534
1511570 534
1511580 534
1511590 534
1511600 534
1511610 534
1511620 534
1511630 534
1511640 534
1511650 534
1511660 533
1511670 533
1511680 533
1511690 533
1511700 533
1511710 533
1511720 533
1511730 533
1511740 533
1511750 533
1511760 534
1511770 534
1511780 534
1511790 534
1511800 534
1511810 534
1511820 534
1511830 534
1511840 534
1511850 534
1511860 535
1511870 536
1511880 536
1511890 537
1511900 539
1511910 539
1511920 540
1511930 541
1511940 541
1511950 543
1511960 544
1511970 544
1511980 545
1511990 546
1512000 546
1512010 547
1512020 547
1512030 547
1512040 547
1512050 547
1512060 547
1512070 547
1512080 547
1512090 547
1512100 547
1512110 546
1512120 546
1512130 545
1512140 544
1512150 544
1512160 543
1512170 541
1512180 541
1512190 540
1512200 539
1512210 539
1512220 535
1512230 532
1512240 532
1512250 530
1512260 531
1512270 531
1512280 534
1512290 538
1512300 538
1512310 540
1512320 543
1512330 543
1512340 544
1512350 546
1512360 546
1512370 546
1512380 547
1512390 547
1512400 547
1512410 547
1512420 547
1512430 547
1512440 547
1512450 547
1512460 546
1512470 546
1512480 546
1512490 546
1512500 546
1512510 546
1512520 545
1512530 544
1512540 544
1512550 544
1512560 544
1512570 544
1512580 544
1512590 545
1512600 545
1512610 545
1512620 546
1512630 546
1512640 547
1512650 548
1512660 548
1512670 549
1512680 549
1512690 549
1512700 549
1512710 549
1512720 549
1512730 550
1512740 551
1512750 551
1512760 552
1512770 554
1512780 554
1512790 555
1512800 557
1512810 557
1512820 558
1512830 559
1512840 559
1512850 561
1512860 561
1512870 561
1512880 562
1512890 563
1512900 563
1512910 564
1512920 565
1512930 565
1512940 565
1512950 565
1512960 565
1512970 565
1512980 565
1512990 565
1513000 564
1513010 563
1513020 563
1513030 562
1513040 562
1513050 562
1513060 561
1513070 561
1513080 561
1513090 562
1513100 562
1513110 562
1513120 562
1513130 562
1513140 563
1513150 563
1513160 563
1513170 563
1513180 563
1513190 563
1513200 563
1513210 563
1513220 563
1513230 563
1513240 563
1513250 563
1513260 562
1513270 561
1513280 561
1513290 560
1513300 560
1513310 560
1513320 559
1513330 559
1513340 559
1513350 559
1513360 557
1513370 557
1513380 554
1513390 552
1513400 552
1513410 551
1513420 551
1513430 551
1513440 551
1513450 552
1513460 552
1513470 554
1513480 555
1513490 555
1513500 555
1513510 555
1513520 555
1513530 555
1513540 556
1513550 556
1513560 557
1513570 557
1513580 557
1513590 557
1513600 557
1513610 557
1513620 556
1513630 555
1513640 555
1513650 554
1513660 553
1513670 553
1513680 553
1513690 552
1513700 552
1513710 551
1513720 551
1513730 551
1513740 550
1513750 550
1513760 550
1513770 549
1513780 549
1513790 549
1513800 548
1513810 547
1513820 547
1513830 546
1513840 545
1513850 545
1513860 544
1513870 541
1513880 541
1513890 538
1513900 538
1513910 538
1513920 538
1513930 539
1513940 539
1513950 539
1513960 540
1513970 540
1513980 542
1513990 544
1514000 544
1514010 545
1514020 545
1514030 545
1514040 545
1514050 545
1514060 545
1514070 545
1514080 545
1514090 545
1514100 544
1514110 544
1514120 544
1514130 543
1514140 543
1514150 543
1514160 542
1514170 541
1514180 541
1514190 540
1514200 539
1514210 539
1514220 538
1514230 536
1514240 536
1514250 535
1514260 535
1514270 535
1514280 535
1514290 535
1514300 535
1514310 536
1514320 536
1514330 536
1514340 537
1514350 538
1514360 538
1514370 540
1514380 540
1514390 541
1514400 543
1514410 543
1514420 544
1514430 545
1514440 545
1514450 546
1514460 546
1514470 546
1514480 546
1514490 547
1514500 547
1514510 547
1514520 546
1514530 546
1514540 546
1514550 546
1514560 546
1514570 545
1514580 545
1514590 545
1514600 544
1514610 544
1514620 544
1514630 544
1514640 545
1514650 545
1514660 545
1514670 545
1514680 545
1514690 545
1514700 545
1514710 545
1514720 545
1514730 545
1514740 545
1514750 546
1514760 547
1514770 547
1514780 548
1514790 548
1514800 548
1514810 549
1514820 549
1514830 549
1514840 550
1514850 550
1514860 550
1514870 549
1514880 548
1514890 548
1514900 548
1514910 547
1514920 547
1514930 546
1514940 545
1514950 545
1514960 545
1514970 544
1514980 544
1514990 544
1515000 544
1515010 544
1515020 545
1515030 545
1515040 545
1515050 546
1515060 547
1515070 547
1515080 547
1515090 548
1515100 548
1515110 549
1515120 549
1515130 549
1515140 550
1515150 551
1515160 551
1515170 551
1515180 552
1515190 552
1515200 552
1515210 551
1515220 551
1515230 551
1515240 550
1515250 550
1515260 550
1515270 550
1515280 550
1515290 551
1515300 552
1515310 552
1515320 553
1515330 553
1515340 553
1515350 554
1515360 554
1515370 554
1515380 554
1515390 554
1515400 554
1515410 554
1515420 554
1515430 554
1515440 553
1515450 554
1515460 554
1515470 554
1515480 554
1515490 554
1515500 554
1515510 554
1515520 554
1515530 555
1515540 556
1515550 556
1515560 557
1515570 558
1515580 558
1515590 560
1515600 560
1515610 560
1515620 561
1515630 561
1515640 562
1515650 564
1515660 564
1515670 564
1515680 564
1515690 564
1515700 565
1515710 565
1515720 565
1515730 565
1515740 566
1515750 566
1515760 566
1515770 566
1515780 566
1515790 567
1515800 567
1515810 567
1515820 568
1515830 569
1515840 569
1515850 570
1515860 571
1515870 571
1515880 573
1515890 574
1515900 574
1515910 574
1515920 575
1515930 575
1515940 576
1515950 576
1515960 576
1515970 576
1515980 575
1515990 575
1516000 575
1516010 575
1516020 575
1516030 575
1516040 576
1516050 576
1516060 576
1516070 576
1516080 576
1516090 576
1516100 576
1516110 576
1516120 577
1516130 577
1516140 577
1516150 577
1516160 577
1516170 577
1516180 577
1516190 577
1516200 577
1516210 577
1516220 577
1516230 577
1516240 577
1516250 577
1516260 577
1516270 578
1516280 579
1516290 579
1516300 579
1516310 580
1516320 580
1516330 580
1516340 581
1516350 581
1516360 582
1516370 583
1516380 583
1516390 583
1516400 584
1516410 584
1516420 585
1516430 586
1516440 586
1516450 586
1516460 587
1516470 587
1516480 588
1516490 589
1516500 589
1516510 590
1516520 591
1516530 591
1516540 591
1516550 592
1516560 592
1516570 593
1516580 594
1516590 594
1516600 594
1516610 595
1516620 595
1516630 597
1516640 598
1516650 598
1516660 599
1516670 600
1516680 600
1516690 601
1516700 602
1516710 602
1516720 603
1516730 604
1516740 604
1516750 605
1516760 606
1516770 606
1516780 607
1516790 609
1516800 609
1516810 610
1516820 611
1516830 611
1516840 612
1516850 613
1516860 613
1516870 614
1516880 614
1516890 616
1516900 617
1516910 617
1516920 618
1516930 619
1516940 619
1516950 620
1516960 621
1516970 621
1516980 622
1516990 623
1517000 623
1517010 623
1517020 623
1517030 623
1517040 623
1517050 623
1517060 623
1517070 623
1517080 623
1517090 623
1517100 623
1517110 622
1517120 622
1517130 622
1517140 621
1517150 621
1517160 620
1517170 618
1517180 618
1517190 617
1517200 617
1517210 617
1517220 618
1517230 617
1517240 617
1517250 616
1517260 616
1517270 616
1517280 616
1517290 616
1517300 616
1517310 616
1517320 615
1517330 615
1517340 615
1517350 615
1517360 615
1517370 616
1517380 616
1517390 616
1517400 616
1517410 617
1517420 617
1517430 617
1517440 617
1517450 617
1517460 617
1517470 618
1517480 618
1517490 619
1517500 619
1517510 619
1517520 619
1517530 620
1517540 620
1517550 619
1517560 619
1517570 619
1517580 619
1517590 619
1517600 619
1517610 619
1517620 619
1517630 619
1517640 619
1517650 619
1517660 619
1517670 619
1517680 619
1517690 619
1517700 619
1517710 620
1517720 620
1517730 622
1517740 623
1517750 623
1517760 623
1517770 624
1517780 624
1517790 624
1517800 623
1517810 623
1517820 623
1517830 623
1517840 623
1517850 622
1517860 621
1517870 621
1517880 620
1517890 619
1517900 619
1517910 618
1517920 617
1517930 617
1517940 616
1517950 615
1517960 615
1517970 614
1517980 613
1517990 613
1518000 613
1518010 612
1518020 612
1518030 612
1518040 612
1518050 612
1518060 611
1518070 610
1518080 610
1518090 611
1518100 613
1518110 613
1518120 615
1518130 617
1518140 617
1518150 617
1518160 617
1518170 618
1518180 619
1518190 619
1518200 620
1518210 622
1518220 622
1518230 623
1518240 624
1518250 624
1518260 626
1518270 627
1518280 627
1518290 628
1518300 630
1518310 630
1518320 631
1518330 632
1518340 632
1518350 634
1518360 636
1518370 636
1518380 637
1518390 639
1518400 639
1518410 641
1518420 642
1518430 642
1518440 644
1518450 645
1518460 645
1518470 647
1518480 648
1518490 648
1518500 650
1518510 651
1518520 651
1518530 653
1518540 654
1518550 654
1518560 655
1518570 657
1518580 657
1518590 659
1518600 661
1518610 661
1518620 662
1518630 664
1518640 664
1518650 665
1518660 667
1518670 667
1518680 669
1518690 671
1518700 671
1518710 672
1518720 674
1518730 674
1518740 676
1518750 678
1518760 678
1518770 681
1518780 683
1518790 683
1518800 686
1518810 689
1518820 689
1518830 691
1518840 694
1518850 694
1518860 696
1518870 699
1518880 699
1518890 702
1518900 705
1518910 705
1518920 709
1518930 712
1518940 712
1518950 715
1518960 718
1518970 718
1518980 721
1518990 722
1519000 722
1519010 723
1519020 722
1519030 722
1519040 721
1519050 721
1519060 721
1519070 720
1519080 720
1519090 720
1519100 719
1519110 719
1519120 719
1519130 719
1519140 719
1519150 719
1519160 718
1519170 718
1519180 718
1519190 718
1519200 718
1519210 718
1519220 718
1519230 717
1519240 717
1519250 717
1519260 718
1519270 718
1519280 718
1519290 719
1519300 719
1519310 720
1519320 721
1519330 721
1519340 723
1519350 724
1519360 724
1519370 725
1519380 726
1519390 726
1519400 727
1519410 727
1519420 728
1519430 729
1519440 729
1519450 731
1519460 733
1519470 733
1519480 734
1519490 736
1519500 736
1519510 738
1519520 741
1519530 741
1519540 743
1519550 745
1519560 745
1519570 747
1519580 748
1519590 748
1519600 750
1519610 752
1519620 752
1519630 753
1519640 755
1519650 755
1519660 757
1519670 758
1519680 758
1519690 759
1519700 761
1519710 761
1519720 762
1519730 762
1519740 762
1519750 763
1519760 764
1519770 764
1519780 764
1519790 764
1519800 764
1519810 763
1519820 763
1519830 763
1519840 762
1519850 761
1519860 761
1519870 760
1519880 758
1519890 758
1519900 757
1519910 756
1519920 756
1519930 755
1519940 755
1519950 755
1519960 755
1519970 755
1519980 755
1519990 756
