1500000 436
1500010 436
1500020 437
1500030 438
1500040 438
1500050 439
1500060 439
1500070 439
1500080 440
1500090 441
1500100 441
1500110 441
1500120 442
1500130 442
1500140 443
1500150 443
1500160 443
1500170 444
1500180 444
1500190 445
1500200 446
1500210 446
1500220 447
1500230 448
1500240 448
1500250 448
1500260 449
1500270 449
1500280 450
1500290 451
1500300 451
1500310 451
1500320 452
1500330 452
1500340 453
1500350 454
1500360 454
1500370 454
1500380 455
1500390 455
1500400 456
1500410 456
1500420 456
1500430 457
1500440 457
1500450 457
1500460 458
1500470 458
1500480 458
1500490 458
1500500 458
1500510 458
1500520 458
1500530 458
1500540 458
1500550 458
1500560 458
1500570 458
1500580 458
1500590 458
1500600 458
1500610 458
1500620 457
1500630 457
1500640 458
1500650 457
1500660 457
1500670 457
1500680 457
1500690 457
1500700 457
1500710 457
1500720 457
1500730 456
1500740 456
1500750 456
1500760 455
1500770 454
1500780 454
1500790 453
1500800 452
1500810 452
1500820 450
1500830 450
1500840 450
1500850 449
1500860 450
1500870 450
1500880 450
1500890 450
1500900 450
1500910 450
1500920 450
1500930 450
1500940 450
1500950 449
1500960 449
1500970 449
1500980 448
1500990 448
1501000 447
1501010 446
1501020 446
1501030 445
1501040 444
1501050 444
1501060 443
1501070 442
1501080 442
1501090 442
1501100 441
1501110 441
1501120 440
1501130 439
1501140 439
1501150 437
1501160 436
1501170 436
1501180 435
1501190 433
1501200 433
1501210 433
1501220 432
1501230 432
1501240 431
1501250 431
1501260 431
1501270 430
1501280 429
1501290 429
1501300 429
1501310 428
1501320 428
1501330 428
1501340 427
1501350 427
1501360 427
1501370 426
1501380 426
1501390 425
1501400 425
1501410 425
1501420 424
1501430 424
1501440 423
1501450 421
1501460 420
1501470 420
1501480 421
1501490 421
1501500 422
1501510 424
1501520 424
1501530 425
1501540 427
1501550 427
1501560 427
1501570 429
1501580 429
1501590 429
1501600 430
1501610 430
1501620 430
1501630 430
1501640 430
1501650 430
1501660 430
1501670 430
1501680 430
1501690 429
1501700 429
1501710 429
1501720 428
1501730 428
1501740 427
1501750 425
1501760 425
1501770 424
1501780 424
1501790 424
1501800 425
1501810 425
1501820 425
1501830 425
1501840 426
1501850 426
1501860 426
1501870 425
1501880 425
1501890 425
1501900 425
1501910 425
1501920 425
1501930 425
1501940 425
1501950 425
1501960 425
1501970 425
1501980 424
1501990 424
1502000 424
1502010 424
1502020 423
1502030 423
1502040 423
1502050 423
1502060 423
1502070 423
1502080 424
1502090 424
1502100 425
1502110 426
1502120 426
1502130 427
1502140 428
1502150 428
1502160 430
1502170 430
1502180 430
1502190 431
1502200 432
1502210 432
1502220 433
1502230 434
1502240 434
1502250 435
1502260 435
1502270 435
1502280 436
1502290 436
1502300 436
1502310 437
1502320 437
1502330 437
1502340 437
1502350 438
1502360 438
1502370 438
1502380 438
1502390 438
1502400 438
1502410 438
1502420 438
1502430 439
1502440 439
1502450 439
1502460 439
1502470 438
1502480 438
1502490 438
1502500 438
1502510 438
1502520 438
1502530 437
1502540 437
1502550 437
1502560 436
1502570 436
1502580 436
1502590 436
1502600 436
1502610 435
1502620 435
1502630 435
1502640 434
1502650 434
1502660 434
1502670 433
1502680 433
1502690 433
1502700 432
1502710 432
1502720 431
1502730 431
1502740 431
1502750 430
1502760 430
1502770 430
1502780 429
1502790 429
1502800 429
1502810 428
1502820 427
1502830 427
1502840 427
1502850 426
1502860 426
1502870 426
1502880 425
1502890 425
1502900 424
1502910 424
1502920 424
1502930 423
1502940 423
1502950 423
1502960 422
1502970 422
1502980 422
1502990 421
1503000 421
1503010 421
1503020 420
1503030 420
1503040 420
1503050 420
1503060 421
1503070 421
1503080 421
1503090 421
1503100 421
1503110 421
1503120 421
1503130 421
1503140 421
1503150 421
1503160 421
1503170 421
1503180 421
1503190 421
1503200 420
1503210 419
1503220 419
1503230 419
1503240 419
1503250 419
1503260 419
1503270 419
1503280 419
1503290 419
1503300 419
1503310 419
1503320 418
1503330 418
1503340 418
1503350 418
1503360 418
1503370 418
1503380 418
1503390 418
1503400 418
1503410 417
1503420 417
1503430 417
1503440 417
1503450 418
1503460 418
1503470 418
1503480 418
1503490 418
1503500 418
1503510 418
1503520 418
1503530 419
1503540 418
1503550 418
1503560 418
1503570 418
1503580 418
1503590 419
1503600 419
1503610 419
1503620 419
1503630 419
1503640 419
1503650 419
1503660 419
1503670 419
1503680 420
1503690 420
1503700 420
1503710 421
1503720 421
1503730 421
1503740 421
1503750 422
1503760 422
1503770 422
1503780 422
1503790 422
1503800 423
1503810 423
1503820 423
1503830 423
1503840 423
1503850 423
1503860 423
1503870 423
1503880 423
1503890 424
1503900 424
1503910 424
1503920 426
1503930 426
1503940 428
1503950 431
1503960 431
1503970 433
1503980 435
1503990 435
1504000 436
1504010 437
1504020 437
1504030 439
1504040 440
1504050 440
1504060 441
1504070 442
1504080 442
1504090 443
1504100 444
1504110 444
1504120 445
1504130 445
1504140 445
1504150 446
1504160 447
1504170 447
1504180 448
1504190 449
1504200 449
1504210 450
1504220 451
1504230 451
1504240 452
1504250 453
1504260 453
1504270 454
1504280 456
1504290 456
1504300 457
1504310 458
1504320 458
1504330 459
1504340 459
1504350 459
1504360 460
1504370 461
1504380 461
1504390 461
1504400 462
1504410 462
1504420 462
1504430 462
1504440 462
1504450 462
1504460 462
1504470 462
1504480 462
1504490 463
1504500 463
1504510 463
1504520 464
1504530 464
1504540 465
1504550 466
1504560 466
1504570 467
1504580 467
1504590 467
1504600 468
1504610 469
1504620 469
1504630 470
1504640 471
1504650 471
1504660 472
1504670 473
1504680 473
1504690 474
1504700 474
1504710 474
1504720 475
1504730 476
1504740 476
1504750 476
1504760 477
1504770 477
1504780 477
1504790 478
1504800 478
1504810 478
1504820 479
1504830 479
1504840 479
1504850 479
1504860 479
1504870 479
1504880 479
1504890 479
1504900 479
1504910 479
1504920 479
1504930 479
1504940 478
1504950 478
1504960 478
1504970 478
1504980 478
1504990 478
1505000 478
1505010 478
1505020 479
1505030 479
1505040 479
1505050 480
1505060 481
1505070 481
1505080 481
1505090 482
1505100 482
1505110 483
1505120 483
1505130 483
1505140 483
1505150 483
1505160 484
1505170 484
1505180 484
1505190 484
1505200 485
1505210 485
1505220 485
1505230 485
1505240 485
1505250 485
1505260 485
1505270 485
1505280 484
1505290 482
1505300 482
1505310 479
1505320 477
1505330 477
1505340 475
1505350 473
1505360 473
1505370 471
1505380 470
1505390 470
1505400 469
1505410 468
1505420 468
1505430 467
1505440 466
1505450 466
1505460 466
1505470 468
1505480 468
1505490 473
1505500 477
1505510 477
1505520 479
1505530 480
1505540 480
1505550 482
1505560 483
1505570 483
1505580 484
1505590 486
1505600 486
1505610 487
1505620 489
1505630 489
1505640 490
1505650 492
1505660 492
1505670 494
1505680 495
1505690 495
1505700 496
1505710 497
1505720 497
1505730 498
1505740 499
1505750 499
1505760 500
1505770 501
1505780 501
1505790 502
1505800 503
1505810 503
1505820 503
1505830 504
1505840 504
1505850 505
1505860 506
1505870 506
1505880 507
1505890 507
1505900 507
1505910 508
1505920 509
1505930 509
1505940 510
1505950 511
1505960 511
1505970 511
1505980 512
1505990 512
1506000 513
1506010 513
1506020 513
1506030 513
1506040 514
1506050 514
1506060 514
1506070 514
1506080 514
1506090 515
1506100 515
1506110 515
1506120 515
1506130 515
1506140 515
1506150 515
1506160 516
1506170 516
1506180 516
1506190 516
1506200 516
1506210 516
1506220 516
1506230 516
1506240 516
1506250 515
1506260 515
1506270 515
1506280 515
1506290 515
1506300 515
1506310 515
1506320 515
1506330 515
1506340 515
1506350 515
1506360 515
1506370 515
1506380 515
1506390 515
1506400 515
1506410 515
1506420 515
1506430 515
1506440 515
1506450 516
1506460 516
1506470 516
1506480 517
1506490 517
1506500 517
1506510 518
1506520 518
1506530 518
1506540 519
1506550 519
1506560 520
1506570 520
1506580 520
1506590 521
1506600 521
1506610 521
1506620 522
1506630 523
1506640 523
1506650 523
1506660 524
1506670 524
1506680 525
1506690 525
1506700 525
1506710 526
1506720 527
1506730 527
1506740 528
1506750 528
1506760 528
1506770 529
1506780 530
1506790 530
1506800 531
1506810 531
1506820 531
1506830 532
1506840 533
1506850 533
1506860 534
1506870 534
1506880 534
1506890 535
1506900 536
1506910 536
1506920 537
1506930 537
1506940 537
1506950 538
1506960 539
1506970 539
1506980 539
1506990 540
1507000 540
1507010 541
1507020 542
1507030 542
1507040 543
1507050 543
1507060 543
1507070 544
1507080 545
1507090 545
1507100 546
1507110 546
1507120 546
1507130 547
1507140 548
1507150 548
1507160 548
1507170 549
1507180 549
1507190 550
1507200 551
1507210 551
1507220 552
1507230 553
1507240 553
1507250 553
1507260 554
1507270 554
1507280 555
1507290 556
1507300 556
1507310 557
1507320 558
1507330 558
1507340 559
1507350 559
1507360 559
1507370 560
1507380 560
1507390 560
1507400 560
1507410 561
1507420 561
1507430 561
1507440 561
1507450 561
1507460 561
1507470 560
1507480 560
1507490 560
1507500 559
1507510 559
1507520 554
1507530 553
1507540 553
1507550 556
1507560 557
1507570 557
1507580 556
1507590 556
1507600 555
1507610 554
1507620 554
1507630 553
1507640 552
1507650 552
1507660 551
1507670 550
1507680 550
1507690 550
1507700 549
1507710 549
1507720 547
1507730 546
1507740 546
1507750 545
1507760 544
1507770 544
1507780 542
1507790 539
1507800 539
1507810 537
1507820 535
1507830 535
1507840 533
1507850 532
1507860 532
1507870 531
1507880 530
1507890 530
1507900 529
1507910 528
1507920 528
1507930 527
1507940 527
1507950 527
1507960 527
1507970 528
1507980 528
1507990 529
1508000 531
1508010 531
1508020 530
1508030 529
1508040 529
1508050 528
1508060 528
1508070 528
1508080 528
1508090 528
1508100 528
1508110 528
1508120 528
1508130 528
1508140 529
1508150 530
1508160 530
1508170 530
1508180 531
1508190 531
1508200 531
1508210 531
1508220 531
1508230 531
1508240 531
1508250 531
1508260 531
1508270 532
1508280 532
1508290 532
1508300 531
1508310 531
1508320 531
1508330 530
1508340 530
1508350 528
1508360 528
1508370 528
1508380 527
1508390 527
1508400 527
1508410 527
1508420 527
1508430 527
1508440 527
1508450 526
1508460 526
1508470 526
1508480 526
1508490 526
1508500 526
1508510 526
1508520 526
1508530 526
1508540 526
1508550 526
1508560 526
1508570 527
1508580 527
1508590 527
1508600 527
1508610 527
1508620 527
1508630 528
1508640 528
1508650 528
1508660 528
1508670 528
1508680 529
1508690 529
1508700 529
1508710 530
1508720 531
1508730 531
1508740 532
1508750 532
1508760 532
1508770 532
1508780 532
1508790 532
1508800 532
1508810 533
1508820 533
1508830 533
1508840 533
1508850 533
1508860 534
1508870 534
1508880 534
1508890 535
1508900 535
1508910 535
1508920 536
1508930 536
1508940 536
1508950 536
1508960 536
1508970 536
1508980 536
1508990 536
1509000 536
1509010 536
1509020 536
1509030 536
1509040 536
1509050 536
1509060 535
1509070 535
1509080 535
1509090 535
1509100 535
1509110 535
1509120 535
1509130 534
1509140 534
1509150 534
1509160 534
1509170 534
1509180 533
1509190 533
1509200 533
1509210 532
1509220 532
1509230 532
1509240 532
1509250 532
1509260 532
1509270 531
1509280 530
1509290 530
1509300 530
1509310 530
1509320 530
1509330 529
1509340 529
1509350 529
1509360 528
1509370 527
1509380 527
1509390 527
1509400 527
1509410 527
1509420 526
1509430 525
1509440 525
1509450 525
1509460 524
1509470 524
1509480 523
1509490 522
1509500 522
1509510 522
1509520 521
1509530 521
1509540 520
1509550 519
1509560 519
1509570 518
1509580 518
1509590 518
1509600 518
1509610 518
1509620 518
1509630 518
1509640 518
1509650 518
1509660 519
1509670 519
1509680 519
1509690 519
1509700 519
1509710 519
1509720 519
1509730 519
1509740 519
1509750 520
1509760 520
1509770 520
1509780 520
1509790 520
1509800 520
1509810 520
1509820 520
1509830 520
1509840 520
1509850 521
1509860 521
1509870 521
1509880 521
1509890 521
1509900 521
1509910 521
1509920 521
1509930 521
1509940 521
1509950 521
1509960 521
1509970 520
1509980 520
1509990 520
1510000 520
1510010 520
1510020 519
1510030 519
1510040 519
1510050 519
1510060 518
1510070 518
1510080 517
1510090 517
1510100 516
1510110 515
1510120 515
1510130 514
1510140 514
1510150 514
1510160 513
1510170 513
1510180 513
1510190 511
1510200 508
1510210 508
1510220 506
1510230 505
1510240 505
1510250 503
1510260 503
1510270 503
1510280 502
1510290 501
1510300 501
1510310 500
1510320 500
1510330 500
1510340 499
1510350 498
1510360 498
1510370 497
1510380 495
1510390 495
1510400 493
1510410 491
1510420 491
1510430 489
1510440 488
1510450 488
1510460 488
1510470 487
1510480 487
1510490 486
1510500 484
1510510 484
1510520 482
1510530 480
1510540 480
1510550 480
1510560 480
1510570 480
1510580 481
1510590 483
1510600 483
1510610 486
1510620 488
1510630 488
1510640 489
1510650 491
1510660 491
1510670 492
1510680 493
1510690 493
1510700 494
1510710 494
1510720 494
1510730 495
1510740 494
1510750 494
1510760 494
1510770 494
1510780 494
1510790 493
1510800 492
1510810 492
1510820 492
1510830 493
1510840 493
1510850 493
1510860 494
1510870 494
1510880 494
1510890 495
1510900 495
1510910 495
1510920 496
1510930 496
1510940 496
1510950 497
1510960 497
1510970 497
1510980 497
1510990 497
1511000 497
1511010 497
1511020 497
1511030 498
1511040 498
1511050 498
1511060 497
1511070 497
1511080 497
1511090 497
1511100 497
1511110 497
1511120 498
1511130 498
1511140 498
1511150 498
1511160 498
1511170 498
1511180 498
1511190 498
1511200 498
1511210 498
1511220 498
1511230 498
1511240 497
1511250 496
1511260 496
1511270 496
1511280 496
1511290 496
1511300 496
1511310 497
1511320 497
1511330 497
1511340 497
1511350 497
1511360 497
1511370 497
1511380 497
1511390 497
1511400 497
1511410 496
1511420 496
1511430 496
1511440 495
1511450 495
1511460 495
1511470 494
1511480 494
1511490 494
1511500 493
1511510 493
1511520 493
1511530 492
1511540 492
1511550 492
1511560 492
1511570 491
1511580 491
1511590 489
1511600 487
1511610 487
1511620 485
1511630 485
1511640 485
1511650 485
1511660 485
1511670 485
1511680 485
1511690 486
1511700 486
1511710 486
1511720 486
1511730 486
1511740 487
1511750 487
1511760 487
1511770 488
1511780 490
1511790 490
1511800 491
1511810 492
1511820 492
1511830 492
1511840 492
1511850 492
1511860 491
1511870 489
1511880 489
1511890 487
1511900 484
1511910 484
1511920 483
1511930 483
1511940 483
1511950 483
1511960 484
1511970 484
1511980 485
1511990 487
1512000 487
1512010 489
1512020 493
1512030 493
1512040 495
1512050 498
1512060 498
1512070 500
1512080 502
1512090 502
1512100 504
1512110 505
1512120 505
1512130 506
1512140 508
1512150 508
1512160 509
1512170 510
1512180 510
1512190 510
1512200 507
1512210 507
1512220 504
1512230 500
1512240 500
1512250 497
1512260 496
1512270 496
1512280 495
1512290 495
1512300 495
1512310 496
1512320 497
1512330 497
1512340 500
1512350 501
1512360 501
1512370 502
1512380 504
1512390 504
1512400 505
1512410 506
1512420 506
1512430 508
1512440 509
1512450 509
1512460 510
1512470 510
1512480 510
1512490 511
1512500 511
1512510 511
1512520 511
1512530 511
1512540 511
1512550 511
1512560 511
1512570 511
1512580 511
1512590 511
1512600 511
1512610 511
1512620 511
1512630 511
1512640 511
1512650 511
1512660 512
1512670 513
1512680 513
1512690 513
1512700 514
1512710 514
1512720 514
1512730 514
1512740 514
1512750 514
1512760 515
1512770 515
1512780 515
1512790 515
1512800 515
1512810 515
1512820 515
1512830 515
1512840 515
1512850 515
1512860 515
1512870 515
1512880 515
1512890 515
1512900 516
1512910 516
1512920 516
1512930 516
1512940 516
1512950 516
1512960 516
1512970 516
1512980 516
1512990 517
1513000 517
1513010 517
1513020 517
1513030 518
1513040 518
1513050 518
1513060 518
1513070 518
1513080 519
1513090 519
1513100 519
1513110 519
1513120 519
1513130 519
1513140 520
1513150 520
1513160 520
1513170 521
1513180 522
1513190 522
1513200 522
1513210 522
1513220 522
1513230 523
1513240 522
1513250 522
1513260 522
1513270 523
1513280 523
1513290 523
1513300 523
1513310 523
1513320 523
1513330 523
1513340 523
1513350 523
1513360 522
1513370 522
1513380 522
1513390 523
1513400 523
1513410 523
1513420 523
1513430 523
1513440 523
1513450 523
1513460 523
1513470 523
1513480 523
1513490 523
1513500 523
1513510 523
1513520 523
1513530 524
1513540 524
1513550 524
1513560 525
1513570 525
1513580 525
1513590 526
1513600 526
1513610 526
1513620 527
1513630 527
1513640 527
1513650 528
1513660 528
1513670 528
1513680 529
1513690 530
1513700 530
1513710 531
1513720 531
1513730 531
1513740 532
1513750 532
1513760 532
1513770 532
1513780 532
1513790 532
1513800 532
1513810 532
1513820 532
1513830 532
1513840 532
1513850 532
1513860 532
1513870 532
1513880 533
1513890 533
1513900 533
1513910 534
1513920 534
1513930 534
1513940 535
1513950 536
1513960 536
1513970 536
1513980 537
1513990 537
1514000 538
1514010 539
1514020 539
1514030 539
1514040 540
1514050 540
1514060 541
1514070 542
1514080 542
1514090 544
1514100 545
1514110 545
1514120 546
1514130 546
1514140 546
1514150 547
1514160 548
1514170 548
1514180 549
1514190 549
1514200 549
1514210 550
1514220 551
1514230 551
1514240 551
1514250 552
1514260 552
1514270 553
1514280 553
1514290 553
1514300 553
1514310 553
1514320 553
1514330 553
1514340 554
1514350 554
1514360 554
1514370 554
1514380 554
1514390 554
1514400 555
1514410 555
1514420 555
1514430 556
1514440 556
1514450 556
1514460 556
1514470 556
1514480 556
1514490 557
1514500 557
1514510 557
1514520 557
1514530 557
1514540 557
1514550 557
1514560 557
1514570 557
1514580 557
1514590 557
1514600 558
1514610 559
1514620 559
1514630 560
1514640 561
1514650 561
1514660 561
1514670 562
1514680 562
1514690 562
1514700 563
1514710 563
1514720 563
1514730 563
1514740 563
1514750 564
1514760 564
1514770 564
1514780 564
1514790 565
1514800 565
1514810 565
1514820 564
1514830 564
1514840 564
1514850 564
1514860 564
1514870 562
1514880 561
1514890 561
1514900 560
1514910 559
1514920 559
1514930 558
1514940 557
1514950 557
1514960 558
1514970 559
1514980 559
1514990 560
1515000 561
1515010 561
1515020 561
1515030 563
1515040 563
1515050 564
1515060 564
1515070 564
1515080 565
1515090 565
1515100 565
1515110 566
1515120 566
1515130 566
1515140 567
1515150 567
1515160 567
1515170 567
1515180 567
1515190 566
1515200 566
1515210 566
1515220 566
1515230 566
1515240 566
1515250 567
1515260 568
1515270 568
1515280 568
1515290 568
1515300 568
1515310 569
1515320 569
1515330 569
1515340 570
1515350 570
1515360 570
1515370 571
1515380 571
1515390 571
1515400 572
1515410 572
1515420 572
1515430 573
1515440 574
1515450 574
1515460 574
1515470 575
1515480 575
1515490 576
1515500 576
1515510 576
1515520 577
1515530 578
1515540 578
1515550 578
1515560 579
1515570 579
1515580 579
1515590 580
1515600 580
1515610 580
1515620 580
1515630 580
1515640 581
1515650 581
1515660 581
1515670 582
1515680 582
1515690 582
1515700 582
1515710 583
1515720 583
1515730 583
1515740 583
1515750 583
1515760 582
1515770 583
1515780 583
1515790 584
1515800 585
1515810 585
1515820 585
1515830 586
1515840 586
1515850 586
1515860 586
1515870 586
1515880 587
1515890 587
1515900 587
1515910 587
1515920 587
1515930 587
1515940 588
1515950 588
1515960 588
1515970 588
1515980 589
1515990 589
1516000 589
1516010 589
1516020 589
1516030 590
1516040 590
1516050 590
1516060 590
1516070 591
1516080 591
1516090 592
1516100 592
1516110 592
1516120 593
1516130 594
1516140 594
1516150 595
1516160 596
1516170 596
1516180 596
1516190 596
1516200 596
1516210 596
1516220 596
1516230 596
1516240 597
1516250 597
1516260 597
1516270 598
1516280 599
1516290 599
1516300 599
1516310 599
1516320 600
1516330 600
1516340 600
1516350 601
1516360 601
1516370 601
1516380 602
1516390 602
1516400 602
1516410 602
1516420 603
1516430 603
1516440 603
1516450 603
1516460 603
1516470 602
1516480 602
1516490 602
1516500 601
1516510 600
1516520 600
1516530 598
1516540 596
1516550 596
1516560 594
1516570 591
1516580 591
1516590 588
1516600 586
1516610 586
1516620 584
1516630 583
1516640 583
1516650 582
1516660 581
1516670 581
1516680 580
1516690 580
1516700 580
1516710 579
1516720 578
1516730 578
1516740 577
1516750 576
1516760 576
1516770 576
1516780 575
1516790 575
1516800 576
1516810 576
1516820 576
1516830 576
1516840 575
1516850 575
1516860 575
1516870 574
1516880 574
1516890 574
1516900 573
1516910 573
1516920 573
1516930 572
1516940 572
1516950 571
1516960 570
1516970 570
1516980 570
1516990 569
1517000 569
1517010 568
1517020 568
1517030 568
1517040 567
1517050 567
1517060 567
1517070 567
1517080 566
1517090 566
1517100 566
1517110 567
1517120 567
1517130 568
1517140 569
1517150 569
1517160 572
1517170 575
1517180 575
1517190 577
1517200 578
1517210 578
1517220 578
1517230 578
1517240 578
1517250 577
1517260 577
1517270 577
1517280 576
1517290 575
1517300 573
1517310 572
1517320 571
1517330 571
1517340 570
1517350 569
1517360 569
1517370 567
1517380 566
1517390 566
1517400 566
1517410 566
1517420 566
1517430 566
1517440 567
1517450 567
1517460 567
1517470 568
1517480 568
1517490 569
1517500 569
1517510 569
1517520 571
1517530 571
1517540 573
1517550 575
1517560 575
1517570 577
1517580 578
1517590 578
1517600 579
1517610 581
1517620 581
1517630 582
1517640 584
1517650 584
1517660 586
1517670 587
1517680 587
1517690 588
1517700 590
1517710 590
1517720 591
1517730 593
1517740 593
1517750 595
1517760 596
1517770 596
1517780 598
1517790 600
1517800 600
1517810 602
1517820 603
1517830 603
1517840 605
1517850 606
1517860 606
1517870 608
1517880 610
1517890 610
1517900 612
1517910 614
1517920 614
1517930 616
1517940 617
1517950 617
1517960 619
1517970 621
1517980 621
1517990 624
1518000 628
1518010 628
1518020 632
1518030 636
1518040 636
1518050 639
1518060 642
1518070 642
1518080 644
1518090 647
1518100 647
1518110 650
1518120 653
1518130 653
1518140 655
1518150 657
1518160 657
1518170 660
1518180 661
1518190 661
1518200 663
1518210 665
1518220 665
1518230 667
1518240 670
1518250 670
1518260 673
1518270 676
1518280 676
1518290 680
1518300 685
1518310 685
1518320 689
1518330 692
1518340 692
1518350 694
1518360 696
1518370 696
1518380 697
1518390 698
1518400 698
1518410 698
1518420 698
1518430 698
1518440 696
1518450 694
1518460 694
1518470 694
1518480 696
1518490 696
1518500 697
1518510 696
1518520 696
1518530 697
1518540 700
1518550 700
1518560 701
1518570 702
1518580 702
1518590 703
1518600 704
1518610 704
1518620 707
1518630 709
1518640 709
1518650 707
1518660 704
1518670 704
1518680 701
1518690 697
1518700 697
1518710 693
1518720 689
1518730 689
1518740 686
1518750 683
1518760 683
1518770 681
1518780 681
1518790 679
1518800 677
1518810 677
1518820 676
1518830 674
1518840 674
1518850 673
1518860 672
1518870 672
1518880 670
1518890 669
1518900 669
1518910 668
1518920 666
1518930 666
1518940 665
1518950 664
1518960 664
1518970 663
1518980 662
1518990 662
1519000 661
1519010 660
1519020 660
1519030 659
1519040 658
1519050 658
1519060 657
1519070 657
1519080 657
1519090 656
1519100 656
1519110 656
1519120 656
1519130 656
1519140 656
1519150 656
1519160 656
1519170 656
1519180 657
1519190 657
1519200 657
1519210 657
1519220 657
1519230 657
1519240 657
1519250 657
1519260 657
1519270 657
1519280 657
1519290 657
1519300 657
1519310 657
1519320 657
1519330 658
1519340 658
1519350 658
1519360 658
1519370 658
1519380 658
1519390 658
1519400 658
1519410 658
1519420 659
1519430 659
1519440 659
1519450 660
1519460 660
1519470 660
1519480 661
1519490 661
1519500 661
1519510 661
1519520 662
1519530 662
1519540 663
1519550 664
1519560 664
1519570 664
1519580 665
1519590 665
1519600 665
1519610 666
1519620 666
1519630 667
1519640 668
1519650 668
1519660 668
1519670 669
1519680 669
1519690 670
1519700 671
1519710 671
1519720 672
1519730 673
1519740 673
1519750 673
1519760 674
1519770 674
1519780 675
1519790 677
1519800 677
1519810 677
1519820 678
1519830 678
1519840 679
1519850 680
1519860 680
1519870 681
1519880 682
1519890 682
1519900 683
1519910 684
1519920 684
1519930 685
1519940 685
1519950 685
1519960 686
1519970 687
1519980 687
1519990 689
