1500000 439
1500010 440
1500020 440
1500030 440
1500040 441
1500050 441
1500060 441
1500070 441
1500080 441
1500090 441
1500100 440
1500110 440
1500120 439
1500130 438
1500140 438
1500150 437
1500160 437
1500170 437
1500180 436
1500190 436
1500200 436
1500210 436
1500220 436
1500230 436
1500240 436
1500250 436
1500260 436
1500270 436
1500280 435
1500290 435
1500300 435
1500310 435
1500320 435
1500330 435
1500340 435
1500350 435
1500360 435
1500370 435
1500380 435
1500390 435
1500400 435
1500410 435
1500420 434
1500430 435
1500440 435
1500450 435
1500460 435
1500470 435
1500480 435
1500490 435
1500500 435
1500510 435
1500520 436
1500530 436
1500540 436
1500550 436
1500560 436
1500570 436
1500580 436
1500590 436
1500600 435
1500610 436
1500620 436
1500630 436
1500640 436
1500650 436
1500660 436
1500670 436
1500680 436
1500690 436
1500700 436
1500710 436
1500720 435
1500730 434
1500740 434
1500750 432
1500760 430
1500770 430
1500780 432
1500790 435
1500800 435
1500810 437
1500820 438
1500830 438
1500840 440
1500850 441
1500860 441
1500870 442
1500880 444
1500890 444
1500900 445
1500910 446
1500920 446
1500930 446
1500940 447
1500950 447
1500960 448
1500970 449
1500980 449
1500990 450
1501000 451
1501010 451
1501020 451
1501030 451
1501040 452
1501050 452
1501060 452
1501070 453
1501080 454
1501090 454
1501100 454
1501110 455
1501120 455
1501130 455
1501140 456
1501150 456
1501160 456
1501170 457
1501180 457
1501190 457
1501200 458
1501210 458
1501220 458
1501230 459
1501240 459
1501250 459
1501260 459
1501270 459
1501280 459
1501290 460
1501300 460
1501310 459
1501320 459
1501330 459
1501340 459
1501350 458
1501360 458
1501370 458
1501380 457
1501390 457
1501400 456
1501410 456
1501420 456
1501430 455
1501440 454
1501450 454
1501460 453
1501470 452
1501480 452
1501490 450
1501500 448
1501510 448
1501520 448
1501530 448
1501540 448
1501550 449
1501560 449
1501570 449
1501580 450
1501590 450
1501600 450
1501610 450
1501620 450
1501630 450
1501640 450
1501650 450
1501660 450
1501670 449
1501680 449
1501690 449
1501700 448
1501710 446
1501720 446
1501730 444
1501740 442
1501750 442
1501760 440
1501770 437
1501780 437
1501790 436
1501800 435
1501810 435
1501820 434
1501830 432
1501840 432
1501850 432
1501860 431
1501870 431
1501880 430
1501890 427
1501900 427
1501910 428
1501920 430
1501930 430
1501940 433
1501950 436
1501960 436
1501970 438
1501980 439
1501990 439
1502000 440
1502010 441
1502020 441
1502030 442
1502040 443
1502050 443
1502060 444
1502070 445
1502080 445
1502090 445
1502100 445
1502110 445
1502120 445
1502130 445
1502140 445
1502150 445
1502160 445
1502170 444
1502180 443
1502190 443
1502200 441
1502210 440
1502220 440
1502230 438
1502240 437
1502250 437
1502260 435
1502270 434
1502280 434
1502290 432
1502300 431
1502310 431
1502320 430
1502330 430
1502340 430
1502350 429
1502360 428
1502370 428
1502380 425
1502390 422
1502400 422
1502410 422
1502420 423
1502430 423
1502440 424
1502450 425
1502460 425
1502470 428
1502480 433
1502490 433
1502500 436
1502510 438
1502520 438
1502530 439
1502540 441
1502550 441
1502560 442
1502570 443
1502580 443
1502590 445
1502600 446
1502610 446
1502620 447
1502630 448
1502640 448
1502650 449
1502660 450
1502670 450
1502680 451
1502690 451
1502700 451
1502710 451
1502720 452
1502730 452
1502740 452
1502750 452
1502760 452
1502770 452
1502780 452
1502790 452
1502800 452
1502810 452
1502820 452
1502830 451
1502840 451
1502850 451
1502860 451
1502870 451
1502880 451
1502890 451
1502900 451
1502910 451
1502920 451
1502930 452
1502940 452
1502950 451
1502960 451
1502970 451
1502980 451
1502990 450
1503000 450
1503010 450
1503020 450
1503030 450
1503040 450
1503050 450
1503060 450
1503070 449
1503080 449
1503090 449
1503100 449
1503110 449
1503120 449
1503130 449
1503140 450
1503150 450
1503160 451
1503170 451
1503180 451
1503190 452
1503200 453
1503210 453
1503220 454
1503230 455
1503240 455
1503250 455
1503260 455
1503270 456
1503280 456
1503290 456
1503300 455
1503310 455
1503320 455
1503330 455
1503340 455
1503350 455
1503360 455
1503370 455
1503380 455
1503390 455
1503400 455
1503410 455
1503420 455
1503430 454
1503440 454
1503450 455
1503460 455
1503470 455
1503480 456
1503490 457
1503500 457
1503510 457
1503520 457
1503530 457
1503540 457
1503550 458
1503560 458
1503570 458
1503580 458
1503590 458
1503600 459
1503610 459
1503620 459
1503630 460
1503640 460
1503650 460
1503660 461
1503670 461
1503680 461
1503690 462
1503700 462
1503710 462
1503720 463
1503730 464
1503740 464
1503750 464
1503760 465
1503770 465
1503780 466
1503790 466
1503800 466
1503810 466
1503820 467
1503830 467
1503840 468
1503850 469
1503860 469
1503870 471
1503880 474
1503890 474
1503900 475
1503910 477
1503920 477
1503930 478
1503940 480
1503950 480
1503960 481
1503970 482
1503980 482
1503990 482
1504000 482
1504010 482
1504020 482
1504030 482
1504040 482
1504050 482
1504060 482
1504070 482
1504080 483
1504090 483
1504100 483
1504110 483
1504120 483
1504130 483
1504140 484
1504150 484
1504160 484
1504170 484
1504180 484
1504190 484
1504200 485
1504210 485
1504220 485
1504230 486
1504240 486
1504250 486
1504260 487
1504270 488
1504280 488
1504290 488
1504300 489
1504310 489
1504320 490
1504330 491
1504340 491
1504350 492
1504360 493
1504370 493
1504380 494
1504390 494
1504400 494
1504410 495
1504420 495
1504430 496
1504440 497
1504450 497
1504460 498
1504470 499
1504480 499
1504490 501
1504500 502
1504510 502
1504520 502
1504530 504
1504540 504
1504550 505
1504560 506
1504570 506
1504580 507
1504590 508
1504600 508
1504610 509
1504620 510
1504630 510
1504640 510
1504650 511
1504660 511
1504670 512
1504680 513
1504690 513
1504700 514
1504710 515
1504720 515
1504730 515
1504740 516
1504750 516
1504760 517
1504770 517
1504780 517
1504790 518
1504800 519
1504810 519
1504820 519
1504830 520
1504840 520
1504850 520
1504860 521
1504870 521
1504880 522
1504890 522
1504900 522
1504910 523
1504920 523
1504930 523
1504940 522
1504950 522
1504960 522
1504970 521
1504980 519
1504990 519
1505000 518
1505010 516
1505020 516
1505030 517
1505040 517
1505050 517
1505060 518
1505070 518
1505080 518
1505090 519
1505100 519
1505110 519
1505120 518
1505130 518
1505140 518
1505150 517
1505160 516
1505170 516
1505180 515
1505190 514
1505200 514
1505210 511
1505220 509
1505230 509
1505240 507
1505250 505
1505260 505
1505270 503
1505280 500
1505290 500
1505300 496
1505310 495
1505320 495
1505330 495
1505340 497
1505350 497
1505360 498
1505370 498
1505380 498
1505390 498
1505400 497
1505410 497
1505420 498
1505430 498
1505440 498
1505450 499
1505460 500
1505470 500
1505480 501
1505490 501
1505500 501
1505510 500
1505520 500
1505530 500
1505540 499
1505550 499
1505560 498
1505570 497
1505580 497
1505590 496
1505600 495
1505610 495
1505620 494
1505630 493
1505640 493
1505650 492
1505660 492
1505670 492
1505680 491
1505690 491
1505700 491
1505710 491
1505720 490
1505730 490
1505740 489
1505750 487
1505760 487
1505770 485
1505780 484
1505790 484
1505800 483
1505810 482
1505820 482
1505830 483
1505840 484
1505850 484
1505860 486
1505870 489
1505880 489
1505890 491
1505900 492
1505910 492
1505920 493
1505930 493
1505940 493
1505950 494
1505960 494
1505970 494
1505980 495
1505990 495
1506000 495
1506010 495
1506020 495
1506030 495
1506040 496
1506050 497
1506060 497
1506070 497
1506080 498
1506090 498
1506100 499
1506110 499
1506120 499
1506130 500
1506140 501
1506150 501
1506160 501
1506170 501
1506180 501
1506190 502
1506200 502
1506210 502
1506220 502
1506230 502
1506240 502
1506250 503
1506260 503
1506270 503
1506280 503
1506290 503
1506300 503
1506310 503
1506320 503
1506330 503
1506340 503
1506350 503
1506360 503
1506370 503
1506380 503
1506390 503
1506400 503
1506410 503
1506420 503
1506430 503
1506440 503
1506450 503
1506460 503
1506470 503
1506480 503
1506490 503
1506500 503
1506510 503
1506520 503
1506530 503
1506540 503
1506550 503
1506560 503
1506570 503
1506580 503
1506590 503
1506600 503
1506610 502
1506620 502
1506630 502
1506640 503
1506650 503
1506660 502
1506670 502
1506680 502
1506690 502
1506700 502
1506710 502
1506720 501
1506730 500
1506740 500
1506750 499
1506760 498
1506770 498
1506780 497
1506790 496
1506800 496
1506810 495
1506820 494
1506830 494
1506840 493
1506850 492
1506860 492
1506870 491
1506880 490
1506890 490
1506900 488
1506910 487
1506920 487
1506930 485
1506940 484
1506950 484
1506960 482
1506970 480
1506980 480
1506990 479
1507000 478
1507010 478
1507020 478
1507030 478
1507040 478
1507050 477
1507060 477
1507070 477
1507080 477
1507090 477
1507100 477
1507110 477
1507120 476
1507130 476
1507140 476
1507150 475
1507160 475
1507170 475
1507180 474
1507190 474
1507200 473
1507210 472
1507220 472
1507230 471
1507240 470
1507250 470
1507260 469
1507270 468
1507280 468
1507290 467
1507300 466
1507310 466
1507320 465
1507330 464
1507340 464
1507350 462
1507360 461
1507370 461
1507380 459
1507390 458
1507400 458
1507410 456
1507420 455
1507430 455
1507440 453
1507450 450
1507460 450
1507470 448
1507480 446
1507490 446
1507500 443
1507510 440
1507520 440
1507530 436
1507540 435
1507550 435
1507560 437
1507570 443
1507580 443
1507590 447
1507600 450
1507610 450
1507620 453
1507630 456
1507640 456
1507650 458
1507660 461
1507670 461
1507680 463
1507690 464
1507700 464
1507710 465
1507720 466
1507730 466
1507740 466
1507750 466
1507760 466
1507770 466
1507780 466
1507790 466
1507800 466
1507810 466
1507820 466
1507830 465
1507840 465
1507850 465
1507860 465
1507870 465
1507880 465
1507890 466
1507900 466
1507910 467
1507920 468
1507930 468
1507940 469
1507950 470
1507960 470
1507970 471
1507980 472
1507990 472
1508000 473
1508010 474
1508020 473
1508030 474
1508040 475
1508050 475
1508060 475
1508070 475
1508080 475
1508090 475
1508100 474
1508110 474
1508120 474
1508130 473
1508140 473
1508150 472
1508160 471
1508170 471
1508180 470
1508190 469
1508200 469
1508210 467
1508220 465
1508230 465
1508240 464
1508250 460
1508260 460
1508270 459
1508280 459
1508290 459
1508300 459
1508310 458
1508320 458
1508330 456
1508340 454
1508350 454
1508360 454
1508370 454
1508380 454
1508390 454
1508400 455
1508410 455
1508420 455
1508430 454
1508440 454
1508450 453
1508460 449
1508470 449
1508480 445
1508490 442
1508500 442
1508510 441
1508520 440
1508530 440
1508540 439
1508550 440
1508560 440
1508570 444
1508580 447
1508590 447
1508600 448
1508610 449
1508620 449
1508630 450
1508640 450
1508650 450
1508660 450
1508670 451
1508680 451
1508690 452
1508700 454
1508710 454
1508720 456
1508730 457
1508740 457
1508750 458
1508760 459
1508770 459
1508780 460
1508790 461
1508800 461
1508810 462
1508820 463
1508830 463
1508840 463
1508850 464
1508860 464
1508870 465
1508880 466
1508890 466
1508900 467
1508910 467
1508920 468
1508930 468
1508940 468
1508950 468
1508960 467
1508970 467
1508980 468
1508990 470
1509000 470
1509010 471
1509020 473
1509030 473
1509040 474
1509050 475
1509060 475
1509070 476
1509080 478
1509090 478
1509100 479
1509110 481
1509120 481
1509130 482
1509140 483
1509150 483
1509160 485
1509170 486
1509180 486
1509190 487
1509200 488
1509210 488
1509220 489
1509230 490
1509240 490
1509250 490
1509260 490
1509270 490
1509280 491
1509290 490
1509300 490
1509310 491
1509320 491
1509330 491
1509340 491
1509350 491
1509360 491
1509370 492
1509380 493
1509390 493
1509400 493
1509410 492
1509420 492
1509430 492
1509440 492
1509450 492
1509460 492
1509470 491
1509480 491
1509490 490
1509500 489
1509510 489
1509520 488
1509530 487
1509540 487
1509550 484
1509560 481
1509570 481
1509580 478
1509590 476
1509600 476
1509610 475
1509620 473
1509630 473
1509640 470
1509650 468
1509660 468
1509670 466
1509680 464
1509690 464
1509700 465
1509710 469
1509720 469
1509730 472
1509740 475
1509750 475
1509760 478
1509770 479
1509780 479
1509790 480
1509800 481
1509810 481
1509820 482
1509830 482
1509840 482
1509850 482
1509860 482
1509870 482
1509880 482
1509890 482
1509900 482
1509910 482
1509920 482
1509930 482
1509940 481
1509950 481
1509960 481
1509970 481
1509980 480
1509990 480
1510000 480
1510010 480
1510020 480
1510030 480
1510040 480
1510050 479
1510060 479
1510070 479
1510080 478
1510090 477
1510100 477
1510110 477
1510120 476
1510130 476
1510140 476
1510150 477
1510160 477
1510170 477
1510180 476
1510190 476
1510200 476
1510210 476
1510220 476
1510230 476
1510240 476
1510250 476
1510260 476
1510270 476
1510280 476
1510290 476
1510300 476
1510310 476
1510320 475
1510330 475
1510340 475
1510350 475
1510360 474
1510370 474
1510380 474
1510390 474
1510400 474
1510410 474
1510420 473
1510430 473
1510440 473
1510450 472
1510460 472
1510470 472
1510480 472
1510490 472
1510500 471
1510510 471
1510520 471
1510530 470
1510540 469
1510550 469
1510560 468
1510570 467
1510580 467
1510590 466
1510600 465
1510610 465
1510620 463
1510630 462
1510640 462
1510650 461
1510660 460
1510670 460
1510680 459
1510690 457
1510700 457
1510710 456
1510720 455
1510730 455
1510740 453
1510750 451
1510760 451
1510770 449
1510780 447
1510790 447
1510800 445
1510810 444
1510820 444
1510830 443
1510840 442
1510850 442
1510860 441
1510870 440
1510880 440
1510890 439
1510900 439
1510910 439
1510920 438
1510930 436
1510940 436
1510950 432
1510960 429
1510970 429
1510980 428
1510990 428
1511000 428
1511010 428
1511020 428
1511030 428
1511040 428
1511050 428
1511060 428
1511070 429
1511080 429
1511090 429
1511100 428
1511110 429
1511120 429
1511130 429
1511140 429
1511150 429
1511160 431
1511170 435
1511180 435
1511190 438
1511200 438
1511210 441
1511220 443
1511230 443
1511240 445
1511250 446
1511260 446
1511270 448
1511280 448
1511290 448
1511300 449
1511310 450
1511320 450
1511330 450
1511340 451
1511350 451
1511360 452
1511370 452
1511380 452
1511390 453
1511400 453
1511410 453
1511420 454
1511430 454
1511440 454
1511450 454
1511460 455
1511470 455
1511480 455
1511490 455
1511500 455
1511510 456
1511520 457
1511530 457
1511540 458
1511550 459
1511560 459
1511570 460
1511580 462
1511590 462
1511600 463
1511610 464
1511620 464
1511630 465
1511640 466
1511650 466
1511660 467
1511670 467
1511680 467
1511690 468
1511700 468
1511710 468
1511720 468
1511730 469
1511740 469
1511750 469
1511760 469
1511770 469
1511780 470
1511790 470
1511800 470
1511810 470
1511820 470
1511830 470
1511840 469
1511850 469
1511860 469
1511870 468
1511880 467
1511890 467
1511900 466
1511910 465
1511920 465
1511930 465
1511940 466
1511950 466
1511960 467
1511970 468
1511980 468
1511990 469
1512000 470
1512010 470
1512020 470
1512030 471
1512040 471
1512050 472
1512060 473
1512070 473
1512080 474
1512090 475
1512100 475
1512110 476
1512120 477
1512130 477
1512140 478
1512150 479
1512160 479
1512170 481
1512180 482
1512190 482
1512200 484
1512210 485
1512220 485
1512230 486
1512240 488
1512250 488
1512260 489
1512270 490
1512280 490
1512290 491
1512300 492
1512310 492
1512320 493
1512330 493
1512340 493
1512350 493
1512360 493
1512370 494
1512380 494
1512390 494
1512400 494
1512410 493
1512420 493
1512430 492
1512440 491
1512450 491
1512460 489
1512470 487
1512480 487
1512490 484
1512500 481
1512510 481
1512520 480
1512530 479
1512540 479
1512550 479
1512560 479
1512570 479
1512580 479
1512590 477
1512600 477
1512610 475
1512620 472
1512630 472
1512640 472
1512650 472
1512660 472
1512670 471
1512680 470
1512690 470
1512700 471
1512710 471
1512720 471
1512730 471
1512740 472
1512750 472
1512760 472
1512770 472
1512780 472
1512790 473
1512800 473
1512810 473
1512820 473
1512830 474
1512840 474
1512850 474
1512860 475
1512870 475
1512880 475
1512890 476
1512900 476
1512910 476
1512920 477
1512930 477
1512940 477
1512950 478
1512960 478
1512970 478
1512980 479
1512990 479
1513000 480
1513010 480
1513020 480
1513030 481
1513040 482
1513050 482
1513060 484
1513070 485
1513080 485
1513090 486
1513100 487
1513110 487
1513120 489
1513130 490
1513140 490
1513150 491
1513160 493
1513170 493
1513180 494
1513190 496
1513200 496
1513210 498
1513220 500
1513230 500
1513240 501
1513250 501
1513260 501
1513270 501
1513280 501
1513290 501
1513300 501
1513310 501
1513320 501
1513330 501
1513340 501
1513350 501
1513360 502
1513370 502
1513380 502
1513390 502
1513400 502
1513410 502
1513420 502
1513430 502
1513440 502
1513450 503
1513460 503
1513470 503
1513480 504
1513490 504
1513500 504
1513510 505
1513520 505
1513530 505
1513540 506
1513550 506
1513560 506
1513570 506
1513580 506
1513590 506
1513600 506
1513610 506
1513620 507
1513630 508
1513640 508
1513650 509
1513660 510
1513670 510
1513680 511
1513690 511
1513700 511
1513710 512
1513720 513
1513730 513
1513740 514
1513750 514
1513760 514
1513770 514
1513780 514
1513790 514
1513800 514
1513810 514
1513820 514
1513830 514
1513840 514
1513850 514
1513860 515
1513870 515
1513880 515
1513890 515
1513900 516
1513910 516
1513920 516
1513930 516
1513940 516
1513950 517
1513960 518
1513970 518
1513980 520
1513990 521
1514000 521
1514010 521
1514020 522
1514030 522
1514040 523
1514050 523
1514060 523
1514070 524
1514080 525
1514090 525
1514100 525
1514110 526
1514120 526
1514130 526
1514140 527
1514150 527
1514160 527
1514170 527
1514180 527
1514190 528
1514200 528
1514210 528
1514220 529
1514230 529
1514240 529
1514250 529
1514260 530
1514270 530
1514280 530
1514290 531
1514300 531
1514310 531
1514320 532
1514330 532
1514340 532
1514350 532
1514360 532
1514370 533
1514380 533
1514390 533
1514400 534
1514410 534
1514420 534
1514430 534
1514440 535
1514450 535
1514460 535
1514470 535
1514480 535
1514490 535
1514500 536
1514510 536
1514520 536
1514530 536
1514540 536
1514550 536
1514560 536
1514570 536
1514580 535
1514590 535
1514600 535
1514610 534
1514620 534
1514630 534
1514640 533
1514650 533
1514660 533
1514670 533
1514680 533
1514690 533
1514700 532
1514710 532
1514720 532
1514730 533
1514740 533
1514750 533
1514760 535
1514770 535
1514780 536
1514790 538
1514800 538
1514810 538
1514820 539
1514830 539
1514840 540
1514850 540
1514860 540
1514870 541
1514880 541
1514890 541
1514900 541
1514910 542
1514920 542
1514930 542
1514940 542
1514950 542
1514960 543
1514970 543
1514980 543
1514990 543
1515000 543
1515010 543
1515020 542
1515030 542
1515040 542
1515050 542
1515060 541
1515070 541
1515080 541
1515090 541
1515100 541
1515110 541
1515120 540
1515130 540
1515140 540
1515150 539
1515160 539
1515170 539
1515180 540
1515190 540
1515200 540
1515210 540
1515220 540
1515230 541
1515240 541
1515250 541
1515260 542
1515270 543
1515280 543
1515290 543
1515300 544
1515310 544
1515320 545
1515330 545
1515340 545
1515350 546
1515360 547
1515370 547
1515380 549
1515390 550
1515400 550
1515410 551
1515420 552
1515430 552
1515440 553
1515450 554
1515460 554
1515470 555
1515480 557
1515490 557
1515500 558
1515510 559
1515520 559
1515530 561
1515540 562
1515550 562
1515560 563
1515570 565
1515580 565
1515590 566
1515600 567
1515610 567
1515620 569
1515630 570
1515640 570
1515650 571
1515660 572
1515670 572
1515680 573
1515690 573
1515700 574
1515710 575
1515720 575
1515730 576
1515740 578
1515750 578
1515760 581
1515770 584
1515780 584
1515790 586
1515800 588
1515810 588
1515820 589
1515830 590
1515840 590
1515850 590
1515860 591
1515870 591
1515880 591
1515890 592
1515900 592
1515910 593
1515920 594
1515930 594
1515940 595
1515950 595
1515960 595
1515970 594
1515980 593
1515990 593
1516000 592
1516010 591
1516020 591
1516030 590
1516040 590
1516050 590
1516060 589
1516070 588
1516080 588
1516090 587
1516100 587
1516110 587
1516120 586
1516130 586
1516140 586
1516150 586
1516160 586
1516170 586
1516180 586
1516190 586
1516200 586
1516210 587
1516220 587
1516230 587
1516240 587
1516250 588
1516260 588
1516270 588
1516280 589
1516290 589
1516300 589
1516310 590
1516320 590
1516330 590
1516340 590
1516350 590
1516360 591
1516370 592
1516380 592
1516390 592
1516400 593
1516410 593
1516420 593
1516430 594
1516440 594
1516450 594
1516460 595
1516470 595
1516480 596
1516490 596
1516500 596
1516510 597
1516520 597
1516530 597
1516540 598
1516550 598
1516560 598
1516570 599
1516580 600
1516590 600
1516600 600
1516610 601
1516620 601
1516630 601
1516640 602
1516650 602
1516660 602
1516670 603
1516680 603
1516690 604
1516700 604
1516710 604
1516720 605
1516730 606
1516740 606
1516750 606
1516760 607
1516770 607
1516780 607
1516790 608
1516800 608
1516810 608
1516820 608
1516830 609
1516840 610
1516850 610
1516860 611
1516870 612
1516880 612
1516890 614
1516900 615
1516910 615
1516920 616
1516930 618
1516940 618
1516950 619
1516960 620
1516970 620
1516980 621
1516990 622
1517000 622
1517010 623
1517020 624
1517030 624
1517040 625
1517050 626
1517060 626
1517070 626
1517080 627
1517090 627
1517100 627
1517110 627
1517120 627
1517130 626
1517140 626
1517150 626
1517160 627
1517170 627
1517180 627
1517190 627
1517200 627
1517210 627
1517220 628
1517230 628
1517240 628
1517250 628
1517260 628
1517270 628
1517280 628
1517290 629
1517300 629
1517310 629
1517320 628
1517330 628
1517340 628
1517350 627
1517360 627
1517370 627
1517380 627
1517390 627
1517400 627
1517410 626
1517420 626
1517430 626
1517440 626
1517450 626
1517460 625
1517470 625
1517480 625
1517490 625
1517500 624
1517510 624
1517520 624
1517530 623
1517540 623
1517550 622
1517560 621
1517570 621
1517580 619
1517590 617
1517600 617
1517610 615
1517620 614
1517630 614
1517640 612
1517650 611
1517660 611
1517670 610
1517680 608
1517690 608
1517700 608
1517710 607
1517720 607
1517730 606
1517740 605
1517750 605
1517760 604
1517770 603
1517780 603
1517790 603
1517800 602
1517810 602
1517820 602
1517830 601
1517840 601
1517850 599
1517860 597
1517870 597
1517880 595
1517890 593
1517900 593
1517910 591
1517920 590
1517930 590
1517940 589
1517950 589
1517960 588
1517970 587
1517980 587
1517990 586
1518000 585
1518010 585
1518020 584
1518030 583
1518040 583
1518050 582
1518060 581
1518070 581
1518080 580
1518090 578
1518100 578
1518110 577
1518120 575
1518130 575
1518140 573
1518150 572
1518160 572
1518170 571
1518180 569
1518190 569
1518200 567
1518210 566
1518220 566
1518230 564
1518240 563
1518250 563
1518260 562
1518270 560
1518280 560
1518290 559
1518300 557
1518310 557
1518320 557
1518330 557
1518340 557
1518350 557
1518360 557
1518370 557
1518380 558
1518390 558
1518400 558
1518410 561
1518420 564
1518430 564
1518440 567
1518450 569
1518460 569
1518470 571
1518480 573
1518490 573
1518500 574
1518510 575
1518520 575
1518530 576
1518540 577
1518550 577
1518560 577
1518570 577
1518580 577
1518590 578
1518600 578
1518610 578
1518620 578
1518630 578
1518640 578
1518650 577
1518660 577
1518670 577
1518680 576
1518690 576
1518700 576
1518710 577
1518720 577
1518730 577
1518740 577
1518750 578
1518760 578
1518770 578
1518780 579
1518790 579
1518800 579
1518810 580
1518820 580
1518830 580
1518840 580
1518850 580
1518860 580
1518870 580
1518880 580
1518890 580
1518900 580
1518910 580
1518920 580
1518930 580
1518940 580
1518950 580
1518960 580
1518970 580
1518980 579
1518990 579
1519000 579
1519010 579
1519020 578
1519030 578
1519040 578
1519050 577
1519060 577
1519070 577
1519080 577
1519090 577
1519100 577
1519110 577
1519120 577
1519130 576
1519140 576
1519150 576
1519160 576
1519170 576
1519180 577
1519190 577
1519200 577
1519210 577
1519220 577
1519230 577
1519240 577
1519250 578
1519260 578
1519270 578
1519280 578
1519290 578
1519300 578
1519310 579
1519320 579
1519330 580
1519340 583
1519350 583
1519360 586
1519370 588
1519380 588
1519390 590
1519400 591
1519410 591
1519420 593
1519430 594
1519440 594
1519450 596
1519460 597
1519470 597
1519480 598
1519490 599
1519500 599
1519510 600
1519520 600
1519530 600
1519540 600
1519550 600
1519560 600
1519570 601
1519580 601
1519590 601
1519600 601
1519610 601
1519620 601
1519630 601
1519640 601
1519650 601
1519660 601
1519670 601
1519680 601
1519690 601
1519700 602
1519710 602
1519720 604
1519730 605
1519740 605
1519750 606
1519760 607
1519770 607
1519780 608
1519790 609
1519800 609
1519810 611
1519820 612
1519830 612
1519840 613
1519850 614
1519860 614
1519870 615
1519880 616
1519890 616
1519900 617
1519910 619
1519920 619
1519930 620
1519940 621
1519950 621
1519960 622
1519970 623
1519980 623
1519990 625
