1500000 436
1500010 437
1500020 437
1500030 437
1500040 438
1500050 438
1500060 439
1500070 439
1500080 439
1500090 440
1500100 441
1500110 441
1500120 441
1500130 442
1500140 442
1500150 442
1500160 442
1500170 442
1500180 443
1500190 443
1500200 443
1500210 443
1500220 444
1500230 444
1500240 444
1500250 445
1500260 445
1500270 445
1500280 445
1500290 445
1500300 446
1500310 446
1500320 446
1500330 446
1500340 446
1500350 446
1500360 447
1500370 447
1500380 447
1500390 447
1500400 447
1500410 447
1500420 447
1500430 447
1500440 447
1500450 447
1500460 447
1500470 447
1500480 447
1500490 447
1500500 447
1500510 447
1500520 447
1500530 446
1500540 446
1500550 446
1500560 446
1500570 446
1500580 446
1500590 445
1500600 444
1500610 444
1500620 441
1500630 436
1500640 436
1500650 432
1500660 430
1500670 430
1500680 431
1500690 432
1500700 432
1500710 434
1500720 437
1500730 437
1500740 440
1500750 442
1500760 442
1500770 442
1500780 442
1500790 442
1500800 443
1500810 444
1500820 444
1500830 445
1500840 446
1500850 446
1500860 447
1500870 448
1500880 448
1500890 449
1500900 449
1500910 449
1500920 450
1500930 451
1500940 451
1500950 452
1500960 453
1500970 453
1500980 454
1500990 455
1501000 455
1501010 456
1501020 458
1501030 458
1501040 460
1501050 461
1501060 461
1501070 461
1501080 462
1501090 462
1501100 462
1501110 463
1501120 463
1501130 464
1501140 464
1501150 464
1501160 465
1501170 465
1501180 465
1501190 465
1501200 466
1501210 466
1501220 466
1501230 466
1501240 466
1501250 466
1501260 466
1501270 466
1501280 466
1501290 467
1501300 467
1501310 467
1501320 467
1501330 467
1501340 467
1501350 468
1501360 468
1501370 468
1501380 468
1501390 468
1501400 469
1501410 470
1501420 470
1501430 470
1501440 471
1501450 471
1501460 472
1501470 473
1501480 473
1501490 473
1501500 474
1501510 474
1501520 474
1501530 475
1501540 475
1501550 475
1501560 475
1501570 475
1501580 475
1501590 475
1501600 474
1501610 472
1501620 472
1501630 471
1501640 471
1501650 471
1501660 473
1501670 476
1501680 476
1501690 477
1501700 479
1501710 479
1501720 479
1501730 481
1501740 481
1501750 481
1501760 482
1501770 482
1501780 482
1501790 482
1501800 482
1501810 482
1501820 482
1501830 482
1501840 482
1501850 482
1501860 482
1501870 481
1501880 481
1501890 481
1501900 481
1501910 480
1501920 480
1501930 480
1501940 479
1501950 479
1501960 478
1501970 476
1501980 476
1501990 475
1502000 474
1502010 474
1502020 473
1502030 473
1502040 473
1502050 474
1502060 474
1502070 474
1502080 473
1502090 473
1502100 473
1502110 473
1502120 473
1502130 473
1502140 472
1502150 472
1502160 472
1502170 471
1502180 470
1502190 470
1502200 469
1502210 469
1502220 469
1502230 469
1502240 469
1502250 469
1502260 468
1502270 469
1502280 469
1502290 469
1502300 470
1502310 470
1502320 470
1502330 470
1502340 470
1502350 470
1502360 470
1502370 470
1502380 470
1502390 471
1502400 471
1502410 471
1502420 472
1502430 472
1502440 473
1502450 474
1502460 474
1502470 475
1502480 475
1502490 475
1502500 476
1502510 477
1502520 477
1502530 478
1502540 479
1502550 479
1502560 480
1502570 481
1502580 481
1502590 482
1502600 483
1502610 483
1502620 484
1502630 484
1502640 484
1502650 484
1502660 484
1502670 484
1502680 484
1502690 484
1502700 483
1502710 483
1502720 483
1502730 483
1502740 484
1502750 484
1502760 484
1502770 484
1502780 484
1502790 485
1502800 485
1502810 485
1502820 486
1502830 486
1502840 486
1502850 486
1502860 486
1502870 486
1502880 486
1502890 486
1502900 486
1502910 486
1502920 486
1502930 486
1502940 486
1502950 485
1502960 485
1502970 485
1502980 485
1502990 485
1503000 484
1503010 482
1503020 482
1503030 481
1503040 479
1503050 479
1503060 477
1503070 475
1503080 475
1503090 473
1503100 472
1503110 472
1503120 471
1503130 470
1503140 470
1503150 469
1503160 469
1503170 469
1503180 469
1503190 469
1503200 469
1503210 469
1503220 470
1503230 470
1503240 471
1503250 471
1503260 471
1503270 471
1503280 471
1503290 471
1503300 471
1503310 470
1503320 470
1503330 469
1503340 468
1503350 468
1503360 467
1503370 465
1503380 465
1503390 464
1503400 463
1503410 463
1503420 463
1503430 463
1503440 463
1503450 464
1503460 467
1503470 467
1503480 469
1503490 470
1503500 470
1503510 471
1503520 473
1503530 473
1503540 474
1503550 475
1503560 475
1503570 476
1503580 477
1503590 477
1503600 479
1503610 480
1503620 480
1503630 481
1503640 482
1503650 482
1503660 484
1503670 485
1503680 485
1503690 486
1503700 488
1503710 488
1503720 489
1503730 489
1503740 491
1503750 493
1503760 493
1503770 494
1503780 496
1503790 496
1503800 498
1503810 500
1503820 500
1503830 502
1503840 504
1503850 504
1503860 505
1503870 507
1503880 507
1503890 510
1503900 513
1503910 513
1503920 516
1503930 518
1503940 518
1503950 521
1503960 523
1503970 523
1503980 524
1503990 525
1504000 525
1504010 525
1504020 525
1504030 525
1504040 525
1504050 525
1504060 525
1504070 524
1504080 524
1504090 524
1504100 523
1504110 523
1504120 523
1504130 522
1504140 522
1504150 522
1504160 521
1504170 521
1504180 521
1504190 520
1504200 519
1504210 519
1504220 518
1504230 516
1504240 516
1504250 515
1504260 514
1504270 514
1504280 514
1504290 515
1504300 515
1504310 515
1504320 515
1504330 515
1504340 515
1504350 514
1504360 514
1504370 514
1504380 513
1504390 513
1504400 513
1504410 512
1504420 512
1504430 511
1504440 510
1504450 510
1504460 509
1504470 508
1504480 508
1504490 506
1504500 505
1504510 505
1504520 505
1504530 504
1504540 504
1504550 504
1504560 504
1504570 504
1504580 505
1504590 505
1504600 505
1504610 506
1504620 507
1504630 507
1504640 507
1504650 508
1504660 508
1504670 508
1504680 508
1504690 508
1504700 508
1504710 508
1504720 508
1504730 508
1504740 509
1504750 509
1504760 508
1504770 508
1504780 508
1504790 507
1504800 506
1504810 506
1504820 506
1504830 506
1504840 505
1504850 503
1504860 503
1504870 502
1504880 501
1504890 501
1504900 500
1504910 500
1504920 500
1504930 499
1504940 498
1504950 498
1504960 498
1504970 497
1504980 497
1504990 497
1505000 496
1505010 496
1505020 495
1505030 494
1505040 494
1505050 494
1505060 493
1505070 493
1505080 492
1505090 492
1505100 492
1505110 491
1505120 490
1505130 490
1505140 489
1505150 488
1505160 488
1505170 486
1505180 483
1505190 483
1505200 480
1505210 476
1505220 476
1505230 474
1505240 472
1505250 472
1505260 470
1505270 469
1505280 469
1505290 468
1505300 467
1505310 467
1505320 467
1505330 467
1505340 467
1505350 467
1505360 466
1505370 466
1505380 466
1505390 465
1505400 465
1505410 464
1505420 463
1505430 463
1505440 462
1505450 461
1505460 461
1505470 460
1505480 459
1505490 459
1505500 459
1505510 458
1505520 458
1505530 458
1505540 457
1505550 457
1505560 457
1505570 457
1505580 457
1505590 457
1505600 456
1505610 456
1505620 456
1505630 456
1505640 456
1505650 456
1505660 456
1505670 456
1505680 456
1505690 456
1505700 456
1505710 456
1505720 456
1505730 456
1505740 457
1505750 457
1505760 457
1505770 456
1505780 455
1505790 455
1505800 454
1505810 454
1505820 454
1505830 454
1505840 453
1505850 453
1505860 453
1505870 452
1505880 452
1505890 452
1505900 451
1505910 451
1505920 451
1505930 451
1505940 450
1505950 449
1505960 449
1505970 449
1505980 448
1505990 448
1506000 448
1506010 448
1506020 448
1506030 448
1506040 448
1506050 448
1506060 448
1506070 447
1506080 447
1506090 447
1506100 447
1506110 447
1506120 447
1506130 447
1506140 447
1506150 447
1506160 447
1506170 447
1506180 447
1506190 447
1506200 447
1506210 446
1506220 446
1506230 446
1506240 446
1506250 446
1506260 446
1506270 446
1506280 446
1506290 446
1506300 445
1506310 445
1506320 445
1506330 445
1506340 444
1506350 444
1506360 444
1506370 444
1506380 444
1506390 444
1506400 445
1506410 445
1506420 446
1506430 449
1506440 449
1506450 451
1506460 452
1506470 452
1506480 453
1506490 455
1506500 455
1506510 455
1506520 456
1506530 456
1506540 457
1506550 458
1506560 458
1506570 459
1506580 460
1506590 460
1506600 461
1506610 462
1506620 462
1506630 464
1506640 464
1506650 464
1506660 465
1506670 466
1506680 466
1506690 467
1506700 467
1506710 467
1506720 467
1506730 467
1506740 467
1506750 467
1506760 467
1506770 467
1506780 467
1506790 467
1506800 467
1506810 466
1506820 466
1506830 466
1506840 465
1506850 463
1506860 463
1506870 464
1506880 463
1506890 463
1506900 462
1506910 461
1506920 461
1506930 460
1506940 460
1506950 460
1506960 459
1506970 458
1506980 458
1506990 457
1507000 457
1507010 456
1507020 455
1507030 455
1507040 455
1507050 454
1507060 454
1507070 453
1507080 452
1507090 452
1507100 452
1507110 451
1507120 451
1507130 450
1507140 449
1507150 449
1507160 448
1507170 447
1507180 447
1507190 446
1507200 445
1507210 445
1507220 443
1507230 441
1507240 441
1507250 438
1507260 435
1507270 435
1507280 433
1507290 430
1507300 430
1507310 427
1507320 425
1507330 425
1507340 423
1507350 420
1507360 420
1507370 416
1507380 412
1507390 412
1507400 409
1507410 406
1507420 406
1507430 404
1507440 403
1507450 403
1507460 404
1507470 404
1507480 404
1507490 405
1507500 405
1507510 405
1507520 406
1507530 407
1507540 407
1507550 409
1507560 409
1507570 409
1507580 410
1507590 413
1507600 413
1507610 416
1507620 419
1507630 419
1507640 421
1507650 422
1507660 422
1507670 422
1507680 421
1507690 421
1507700 421
1507710 421
1507720 421
1507730 422
1507740 425
1507750 425
1507760 427
1507770 429
1507780 429
1507790 430
1507800 431
1507810 431
1507820 432
1507830 433
1507840 433
1507850 433
1507860 434
1507870 434
1507880 435
1507890 436
1507900 436
1507910 438
1507920 439
1507930 439
1507940 440
1507950 441
1507960 441
1507970 442
1507980 443
1507990 443
1508000 444
1508010 445
1508020 445
1508030 447
1508040 448
1508050 448
1508060 450
1508070 451
1508080 451
1508090 452
1508100 452
1508110 454
1508120 455
1508130 455
1508140 455
1508150 456
1508160 456
1508170 456
1508180 456
1508190 456
1508200 457
1508210 457
1508220 457
1508230 457
1508240 458
1508250 458
1508260 458
1508270 458
1508280 458
1508290 458
1508300 458
1508310 458
1508320 458
1508330 459
1508340 459
1508350 459
1508360 459
1508370 459
1508380 459
1508390 459
1508400 459
1508410 459
1508420 459
1508430 459
1508440 459
1508450 459
1508460 459
1508470 459
1508480 458
1508490 458
1508500 458
1508510 458
1508520 458
1508530 457
1508540 457
1508550 457
1508560 457
1508570 456
1508580 456
1508590 456
1508600 456
1508610 456
1508620 456
1508630 456
1508640 456
1508650 457
1508660 458
1508670 458
1508680 459
1508690 459
1508700 459
1508710 460
1508720 461
1508730 461
1508740 462
1508750 462
1508760 462
1508770 463
1508780 463
1508790 463
1508800 464
1508810 465
1508820 465
1508830 466
1508840 467
1508850 467
1508860 468
1508870 469
1508880 469
1508890 470
1508900 471
1508910 471
1508920 471
1508930 472
1508940 472
1508950 472
1508960 472
1508970 472
1508980 472
1508990 472
1509000 472
1509010 471
1509020 471
1509030 471
1509040 470
1509050 470
1509060 470
1509070 469
1509080 468
1509090 468
1509100 467
1509110 466
1509120 466
1509130 465
1509140 463
1509150 463
1509160 461
1509170 458
1509180 458
1509190 455
1509200 455
1509210 451
1509220 452
1509230 452
1509240 455
1509250 459
1509260 459
1509270 460
1509280 461
1509290 461
1509300 462
1509310 463
1509320 463
1509330 464
1509340 464
1509350 464
1509360 465
1509370 465
1509380 465
1509390 464
1509400 464
1509410 464
1509420 463
1509430 462
1509440 462
1509450 462
1509460 462
1509470 462
1509480 462
1509490 460
1509500 460
1509510 459
1509520 457
1509530 457
1509540 455
1509550 452
1509560 452
1509570 452
1509580 457
1509590 457
1509600 462
1509610 467
1509620 467
1509630 471
1509640 475
1509650 475
1509660 478
1509670 480
1509680 480
1509690 481
1509700 482
1509710 482
1509720 483
1509730 483
1509740 483
1509750 483
1509760 482
1509770 482
1509780 481
1509790 481
1509800 481
1509810 481
1509820 480
1509830 480
1509840 480
1509850 479
1509860 479
1509870 479
1509880 479
1509890 479
1509900 479
1509910 478
1509920 478
1509930 478
1509940 478
1509950 478
1509960 478
1509970 478
1509980 478
1509990 478
1510000 479
1510010 479
1510020 479
1510030 479
1510040 479
1510050 479
1510060 480
1510070 480
1510080 480
1510090 480
1510100 480
1510110 480
1510120 480
1510130 480
1510140 480
1510150 480
1510160 480
1510170 479
1510180 479
1510190 479
1510200 478
1510210 476
1510220 476
1510230 473
1510240 470
1510250 470
1510260 465
1510270 462
1510280 462
1510290 459
1510300 459
1510310 456
1510320 452
1510330 452
1510340 450
1510350 451
1510360 451
1510370 454
1510380 458
1510390 458
1510400 463
1510410 468
1510420 468
1510430 471
1510440 473
1510450 473
1510460 473
1510470 474
1510480 474
1510490 474
1510500 473
1510510 473
1510520 472
1510530 472
1510540 472
1510550 472
1510560 473
1510570 473
1510580 473
1510590 474
1510600 474
1510610 475
1510620 475
1510630 475
1510640 476
1510650 477
1510660 477
1510670 477
1510680 478
1510690 478
1510700 478
1510710 478
1510720 478
1510730 479
1510740 479
1510750 479
1510760 479
1510770 479
1510780 479
1510790 480
1510800 480
1510810 480
1510820 480
1510830 480
1510840 480
1510850 480
1510860 479
1510870 479
1510880 479
1510890 478
1510900 478
1510910 477
1510920 475
1510930 475
1510940 471
1510950 472
1510960 472
1510970 475
1510980 476
1510990 476
1511000 476
1511010 477
1511020 477
1511030 477
1511040 476
1511050 476
1511060 476
1511070 476
1511080 476
1511090 475
1511100 475
1511110 475
1511120 475
1511130 475
1511140 475
1511150 474
1511160 474
1511170 474
1511180 475
1511190 476
1511200 476
1511210 478
1511220 479
1511230 479
1511240 480
1511250 481
1511260 481
1511270 482
1511280 481
1511290 481
1511300 481
1511310 482
1511320 482
1511330 483
1511340 484
1511350 484
1511360 483
1511370 483
1511380 483
1511390 483
1511400 483
1511410 483
1511420 483
1511430 483
1511440 482
1511450 481
1511460 481
1511470 481
1511480 480
1511490 480
1511500 478
1511510 477
1511520 477
1511530 476
1511540 474
1511550 474
1511560 472
1511570 470
1511580 470
1511590 468
1511600 467
1511610 467
1511620 465
1511630 464
1511640 464
1511650 463
1511660 461
1511670 461
1511680 459
1511690 458
1511700 458
1511710 455
1511720 452
1511730 452
1511740 447
1511750 443
1511760 443
1511770 441
1511780 440
1511790 440
1511800 439
1511810 438
1511820 438
1511830 438
1511840 437
1511850 437
1511860 437
1511870 438
1511880 438
1511890 438
1511900 437
1511910 437
1511920 437
1511930 437
1511940 437
1511950 437
1511960 437
1511970 437
1511980 437
1511990 438
1512000 438
1512010 441
1512020 446
1512030 446
1512040 451
1512050 456
1512060 456
1512070 459
1512080 462
1512090 462
1512100 464
1512110 465
1512120 465
1512130 466
1512140 466
1512150 466
1512160 466
1512170 467
1512180 467
1512190 467
1512200 468
1512210 468
1512220 469
1512230 470
1512240 470
1512250 471
1512260 471
1512270 471
1512280 472
1512290 472
1512300 472
1512310 472
1512320 473
1512330 473
1512340 474
1512350 474
1512360 474
1512370 474
1512380 475
1512390 475
1512400 475
1512410 475
1512420 475
1512430 476
1512440 476
1512450 476
1512460 477
1512470 477
1512480 478
1512490 479
1512500 479
1512510 480
1512520 481
1512530 481
1512540 482
1512550 483
1512560 483
1512570 484
1512580 485
1512590 485
1512600 486
1512610 487
1512620 487
1512630 489
1512640 490
1512650 490
1512660 491
1512670 492
1512680 492
1512690 493
1512700 495
1512710 495
1512720 496
1512730 497
1512740 497
1512750 498
1512760 499
1512770 499
1512780 500
1512790 501
1512800 501
1512810 502
1512820 503
1512830 503
1512840 504
1512850 505
1512860 505
1512870 505
1512880 506
1512890 506
1512900 506
1512910 507
1512920 507
1512930 507
1512940 507
1512950 507
1512960 507
1512970 507
1512980 507
1512990 507
1513000 507
1513010 507
1513020 506
1513030 506
1513040 504
1513050 503
1513060 501
1513070 501
1513080 500
1513090 500
1513100 500
1513110 499
1513120 498
1513130 498
1513140 497
1513150 497
1513160 497
1513170 497
1513180 497
1513190 497
1513200 497
1513210 497
1513220 497
1513230 497
1513240 496
1513250 496
1513260 496
1513270 495
1513280 495
1513290 492
1513300 490
1513310 490
1513320 488
1513330 486
1513340 486
1513350 484
1513360 485
1513370 485
1513380 488
1513390 490
1513400 490
1513410 493
1513420 496
1513430 496
1513440 499
1513450 501
1513460 501
1513470 503
1513480 505
1513490 505
1513500 506
1513510 506
1513520 506
1513530 507
1513540 507
1513550 507
1513560 506
1513570 506
1513580 505
1513590 504
1513600 504
1513610 503
1513620 502
1513630 502
1513640 502
1513650 503
1513660 503
1513670 503
1513680 503
1513690 503
1513700 502
1513710 502
1513720 502
1513730 502
1513740 502
1513750 502
1513760 502
1513770 503
1513780 503
1513790 503
1513800 504
1513810 504
1513820 504
1513830 505
1513840 505
1513850 506
1513860 506
1513870 506
1513880 506
1513890 508
1513900 508
1513910 511
1513920 515
1513930 515
1513940 518
1513950 519
1513960 519
1513970 520
1513980 520
1513990 520
1514000 519
1514010 517
1514020 517
1514030 515
1514040 513
1514050 513
1514060 511
1514070 508
1514080 508
1514090 506
1514100 504
1514110 504
1514120 502
1514130 499
1514140 499
1514150 495
1514160 492
1514170 492
1514180 490
1514190 488
1514200 488
1514210 486
1514220 483
1514230 483
1514240 483
1514250 484
1514260 484
1514270 487
1514280 489
1514290 489
1514300 492
1514310 497
1514320 497
1514330 502
1514340 507
1514350 507
1514360 511
1514370 516
1514380 516
1514390 520
1514400 524
1514410 524
1514420 527
1514430 530
1514440 530
1514450 532
1514460 534
1514470 534
1514480 535
1514490 535
1514500 535
1514510 536
1514520 535
1514530 535
1514540 535
1514550 534
1514560 534
1514570 532
1514580 527
1514590 527
1514600 520
1514610 513
1514620 513
1514630 507
1514640 500
1514650 500
1514660 498
1514670 498
1514680 497
1514690 498
1514700 498
1514710 499
1514720 500
1514730 500
1514740 501
1514750 501
1514760 501
1514770 501
1514780 501
1514790 501
1514800 501
1514810 501
1514820 501
1514830 501
1514840 501
1514850 501
1514860 501
1514870 501
1514880 501
1514890 502
1514900 502
1514910 502
1514920 503
1514930 503
1514940 503
1514950 503
1514960 503
1514970 503
1514980 503
1514990 504
1515000 504
1515010 504
1515020 504
1515030 504
1515040 504
1515050 505
1515060 505
1515070 504
1515080 505
1515090 505
1515100 509
1515110 514
1515120 514
1515130 518
1515140 521
1515150 521
1515160 523
1515170 524
1515180 524
1515190 525
1515200 526
1515210 526
1515220 527
1515230 528
1515240 528
1515250 529
1515260 531
1515270 531
1515280 532
1515290 534
1515300 534
1515310 536
1515320 537
1515330 537
1515340 539
1515350 540
1515360 540
1515370 541
1515380 542
1515390 542
1515400 543
1515410 544
1515420 544
1515430 546
1515440 547
1515450 547
1515460 549
1515470 551
1515480 551
1515490 553
1515500 555
1515510 555
1515520 556
1515530 557
1515540 557
1515550 558
1515560 559
1515570 559
1515580 560
1515590 562
1515600 562
1515610 563
1515620 564
1515630 564
1515640 565
1515650 566
1515660 566
1515670 566
1515680 566
1515690 566
1515700 566
1515710 566
1515720 566
1515730 566
1515740 566
1515750 566
1515760 565
1515770 565
1515780 565
1515790 564
1515800 564
1515810 564
1515820 564
1515830 564
1515840 563
1515850 563
1515860 563
1515870 562
1515880 561
1515890 561
1515900 561
1515910 560
1515920 560
1515930 560
1515940 559
1515950 559
1515960 559
1515970 558
1515980 558
1515990 558
1516000 559
1516010 559
1516020 559
1516030 560
1516040 560
1516050 560
1516060 559
1516070 559
1516080 559
1516090 558
1516100 558
1516110 556
1516120 553
1516130 553
1516140 552
1516150 550
1516160 550
1516170 549
1516180 548
1516190 548
1516200 548
1516210 547
1516220 547
1516230 546
1516240 545
1516250 545
1516260 544
1516270 543
1516280 543
1516290 543
1516300 543
1516310 543
1516320 543
1516330 543
1516340 543
1516350 543
1516360 544
1516370 544
1516380 544
1516390 545
1516400 545
1516410 545
1516420 546
1516430 546
1516440 546
1516450 547
1516460 547
1516470 547
1516480 547
1516490 547
1516500 548
1516510 548
1516520 548
1516530 549
1516540 549
1516550 549
1516560 549
1516570 549
1516580 549
1516590 549
1516600 549
1516610 549
1516620 549
1516630 548
1516640 548
1516650 548
1516660 547
1516670 547
1516680 546
1516690 544
1516700 544
1516710 540
1516720 539
1516730 539
1516740 539
1516750 540
1516760 540
1516770 541
1516780 542
1516790 542
1516800 543
1516810 543
1516820 543
1516830 543
1516840 543
1516850 543
1516860 543
1516870 543
1516880 542
1516890 542
1516900 542
1516910 542
1516920 542
1516930 542
1516940 542
1516950 542
1516960 542
1516970 542
1516980 542
1516990 542
1517000 542
1517010 542
1517020 542
1517030 543
1517040 543
1517050 543
1517060 544
1517070 544
1517080 544
1517090 543
1517100 543
1517110 543
1517120 543
1517130 544
1517140 544
1517150 544
1517160 543
1517170 543
1517180 543
1517190 543
1517200 543
1517210 543
1517220 543
1517230 543
1517240 543
1517250 543
1517260 543
1517270 544
1517280 545
1517290 545
1517300 546
1517310 548
1517320 550
1517330 551
1517340 553
1517350 553
1517360 554
1517370 555
1517380 555
1517390 555
1517400 556
1517410 556
1517420 556
1517430 556
1517440 556
1517450 557
1517460 557
1517470 557
1517480 558
1517490 559
1517500 559
1517510 559
1517520 560
1517530 560
1517540 561
1517550 561
1517560 561
1517570 562
1517580 563
1517590 563
1517600 564
1517610 565
1517620 565
1517630 566
1517640 567
1517650 567
1517660 568
1517670 569
1517680 569
1517690 570
1517700 570
1517710 570
1517720 571
1517730 572
1517740 572
1517750 573
1517760 574
1517770 574
1517780 576
1517790 577
1517800 577
1517810 578
1517820 578
1517830 578
1517840 579
1517850 580
1517860 580
1517870 580
1517880 581
1517890 581
1517900 581
1517910 582
1517920 582
1517930 583
1517940 583
1517950 584
1517960 584
1517970 584
1517980 584
1517990 585
1518000 585
1518010 585
1518020 586
1518030 586
1518040 586
1518050 586
1518060 586
1518070 586
1518080 586
1518090 586
1518100 586
1518110 585
1518120 585
1518130 582
1518140 579
1518150 579
1518160 578
1518170 578
1518180 578
1518190 578
1518200 578
1518210 578
1518220 577
1518230 577
1518240 577
1518250 578
1518260 578
1518270 578
1518280 577
1518290 578
1518300 578
1518310 580
1518320 582
1518330 582
1518340 584
1518350 585
1518360 585
1518370 587
1518380 588
1518390 588
1518400 589
1518410 591
1518420 591
1518430 592
1518440 594
1518450 594
1518460 595
1518470 597
1518480 597
1518490 599
1518500 601
1518510 601
1518520 602
1518530 603
1518540 603
1518550 603
1518560 604
1518570 604
1518580 605
1518590 605
1518600 605
1518610 606
1518620 607
1518630 607
1518640 607
1518650 608
1518660 608
1518670 610
1518680 611
1518690 611
1518700 613
1518710 615
1518720 615
1518730 617
1518740 618
1518750 618
1518760 620
1518770 621
1518780 621
1518790 622
1518800 622
1518810 622
1518820 621
1518830 621
1518840 621
1518850 621
1518860 621
1518870 621
1518880 620
1518890 620
1518900 620
1518910 620
1518920 619
1518930 619
1518940 619
1518950 619
1518960 619
1518970 619
1518980 619
1518990 619
1519000 620
1519010 620
1519020 620
1519030 620
1519040 620
1519050 620
1519060 620
1519070 620
1519080 621
1519090 621
1519100 621
1519110 622
1519120 622
1519130 622
1519140 622
1519150 622
1519160 622
1519170 622
1519180 622
1519190 622
1519200 622
1519210 621
1519220 621
1519230 620
1519240 619
1519250 619
1519260 618
1519270 618
1519280 618
1519290 619
1519300 620
1519310 620
1519320 621
1519330 621
1519340 621
1519350 622
1519360 624
1519370 624
1519380 626
1519390 627
1519400 627
1519410 628
1519420 630
1519430 630
1519440 632
1519450 634
1519460 634
1519470 636
1519480 638
1519490 638
1519500 639
1519510 641
1519520 641
1519530 642
1519540 644
1519550 644
1519560 645
1519570 646
1519580 646
1519590 647
1519600 649
1519610 649
1519620 650
1519630 651
1519640 651
1519650 652
1519660 653
1519670 653
1519680 655
1519690 656
1519700 656
1519710 656
1519720 657
1519730 657
1519740 658
1519750 659
1519760 659
1519770 660
1519780 662
1519790 662
1519800 664
1519810 665
1519820 665
1519830 667
1519840 668
1519850 668
1519860 670
1519870 672
1519880 672
1519890 673
1519900 675
1519910 675
1519920 676
1519930 678
1519940 678
1519950 680
1519960 682
1519970 682
1519980 684
1519990 686
