1500000 482
1500010 482
1500020 481
1500030 481
1500040 481
1500050 481
1500060 480
1500070 480
1500080 480
1500090 479
1500100 479
1500110 478
1500120 478
1500130 478
1500140 479
1500150 480
1500160 480
1500170 481
1500180 482
1500190 482
1500200 483
1500210 483
1500220 483
1500230 484
1500240 486
1500250 486
1500260 486
1500270 486
1500280 486
1500290 486
1500300 486
1500310 487
1500320 487
1500330 487
1500340 488
1500350 488
1500360 488
1500370 488
1500380 488
1500390 488
1500400 489
1500410 489
1500420 489
1500430 489
1500440 489
1500450 489
1500460 489
1500470 489
1500480 489
1500490 489
1500500 489
1500510 489
1500520 489
1500530 489
1500540 489
1500550 489
1500560 489
1500570 489
1500580 488
1500590 488
1500600 488
1500610 487
1500620 487
1500630 487
1500640 485
1500650 483
1500660 483
1500670 480
1500680 477
1500690 477
1500700 474
1500710 470
1500720 470
1500730 468
1500740 465
1500750 465
1500760 462
1500770 460
1500780 460
1500790 461
1500800 463
1500810 463
1500820 464
1500830 466
1500840 466
1500850 468
1500860 470
1500870 470
1500880 471
1500890 473
1500900 473
1500910 475
1500920 477
1500930 477
1500940 479
1500950 480
1500960 480
1500970 482
1500980 483
1500990 483
1501000 483
1501010 484
1501020 484
1501030 484
1501040 485
1501050 485
1501060 485
1501070 486
1501080 486
1501090 486
1501100 487
1501110 487
1501120 487
1501130 487
1501140 487
1501150 488
1501160 487
1501170 487
1501180 487
1501190 488
1501200 488
1501210 487
1501220 487
1501230 487
1501240 487
1501250 486
1501260 486
1501270 485
1501280 485
1501290 484
1501300 483
1501310 483
1501320 483
1501330 483
1501340 483
1501350 483
1501360 483
1501370 483
1501380 482
1501390 482
1501400 482
1501410 482
1501420 482
1501430 482
1501440 481
1501450 480
1501460 480
1501470 479
1501480 478
1501490 478
1501500 477
1501510 477
1501520 477
1501530 478
1501540 483
1501550 483
1501560 488
1501570 491
1501580 491
1501590 494
1501600 496
1501610 496
1501620 498
1501630 499
1501640 499
1501650 501
1501660 502
1501670 502
1501680 502
1501690 503
1501700 503
1501710 503
1501720 504
1501730 504
1501740 504
1501750 504
1501760 504
1501770 504
1501780 503
1501790 503
1501800 503
1501810 503
1501820 503
1501830 502
1501840 502
1501850 502
1501860 501
1501870 500
1501880 500
1501890 500
1501900 499
1501910 499
1501920 498
1501930 498
1501940 498
1501950 497
1501960 496
1501970 496
1501980 496
1501990 496
1502000 496
1502010 495
1502020 495
1502030 495
1502040 493
1502050 492
1502060 492
1502070 491
1502080 489
1502090 489
1502100 489
1502110 488
1502120 488
1502130 487
1502140 487
1502150 487
1502160 486
1502170 486
1502180 486
1502190 486
1502200 486
1502210 486
1502220 486
1502230 486
1502240 486
1502250 486
1502260 486
1502270 486
1502280 486
1502290 486
1502300 486
1502310 487
1502320 487
1502330 487
1502340 487
1502350 487
1502360 487
1502370 487
1502380 487
1502390 487
1502400 487
1502410 487
1502420 487
1502430 486
1502440 486
1502450 485
1502460 485
1502470 485
1502480 484
1502490 483
1502500 483
1502510 483
1502520 482
1502530 482
1502540 482
1502550 481
1502560 481
1502570 480
1502580 480
1502590 480
1502600 479
1502610 479
1502620 479
1502630 478
1502640 477
1502650 477
1502660 476
1502670 476
1502680 476
1502690 475
1502700 475
1502710 475
1502720 475
1502730 474
1502740 474
1502750 473
1502760 472
1502770 472
1502780 472
1502790 471
1502800 471
1502810 471
1502820 471
1502830 471
1502840 470
1502850 470
1502860 470
1502870 469
1502880 469
1502890 469
1502900 468
1502910 467
1502920 467
1502930 467
1502940 467
1502950 467
1502960 467
1502970 468
1502980 468
1502990 469
1503000 470
1503010 470
1503020 471
1503030 472
1503040 472
1503050 473
1503060 473
1503070 473
1503080 475
1503090 476
1503100 476
1503110 476
1503120 476
1503130 476
1503140 477
1503150 478
1503160 478
1503170 477
1503180 477
1503190 477
1503200 477
1503210 477
1503220 477
1503230 476
1503240 476
1503250 476
1503260 476
1503270 475
1503280 475
1503290 474
1503300 474
1503310 474
1503320 473
1503330 473
1503340 473
1503350 472
1503360 472
1503370 471
1503380 470
1503390 470
1503400 470
1503410 469
1503420 469
1503430 468
1503440 467
1503450 467
1503460 466
1503470 465
1503480 465
1503490 464
1503500 463
1503510 463
1503520 462
1503530 460
1503540 460
1503550 458
1503560 457
1503570 457
1503580 455
1503590 454
1503600 454
1503610 454
1503620 456
1503630 456
1503640 459
1503650 460
1503660 460
1503670 460
1503680 460
1503690 460
1503700 459
1503710 459
1503720 459
1503730 458
1503740 457
1503750 457
1503760 458
1503770 458
1503780 458
1503790 458
1503800 458
1503810 458
1503820 458
1503830 458
1503840 458
1503850 458
1503860 458
1503870 458
1503880 457
1503890 457
1503900 457
1503910 457
1503920 457
1503930 457
1503940 456
1503950 456
1503960 456
1503970 455
1503980 454
1503990 454
1504000 454
1504010 453
1504020 453
1504030 454
1504040 455
1504050 455
1504060 456
1504070 457
1504080 457
1504090 457
1504100 458
1504110 458
1504120 458
1504130 459
1504140 459
1504150 459
1504160 459
1504170 459
1504180 459
1504190 459
1504200 459
1504210 459
1504220 459
1504230 459
1504240 458
1504250 458
1504260 458
1504270 457
1504280 457
1504290 457
1504300 456
1504310 456
1504320 456
1504330 455
1504340 455
1504350 454
1504360 454
1504370 454
1504380 453
1504390 453
1504400 453
1504410 453
1504420 454
1504430 454
1504440 454
1504450 454
1504460 454
1504470 455
1504480 455
1504490 455
1504500 456
1504510 456
1504520 456
1504530 456
1504540 457
1504550 457
1504560 457
1504570 458
1504580 458
1504590 458
1504600 458
1504610 458
1504620 459
1504630 459
1504640 459
1504650 460
1504660 461
1504670 461
1504680 462
1504690 462
1504700 462
1504710 463
1504720 464
1504730 464
1504740 464
1504750 465
1504760 465
1504770 466
1504780 467
1504790 467
1504800 468
1504810 469
1504820 469
1504830 469
1504840 470
1504850 470
1504860 471
1504870 472
1504880 472
1504890 473
1504900 473
1504910 473
1504920 474
1504930 475
1504940 475
1504950 475
1504960 475
1504970 475
1504980 475
1504990 475
1505000 475
1505010 476
1505020 476
1505030 476
1505040 476
1505050 476
1505060 476
1505070 476
1505080 475
1505090 475
1505100 475
1505110 475
1505120 475
1505130 476
1505140 477
1505150 477
1505160 478
1505170 478
1505180 478
1505190 479
1505200 480
1505210 480
1505220 481
1505230 482
1505240 482
1505250 482
1505260 483
1505270 483
1505280 484
1505290 484
1505300 484
1505310 485
1505320 485
1505330 486
1505340 487
1505350 487
1505360 488
1505370 488
1505380 488
1505390 489
1505400 490
1505410 490
1505420 491
1505430 491
1505440 491
1505450 492
1505460 492
1505470 492
1505480 493
1505490 494
1505500 494
1505510 496
1505520 497
1505530 497
1505540 498
1505550 499
1505560 499
1505570 500
1505580 501
1505590 501
1505600 501
1505610 502
1505620 502
1505630 503
1505640 504
1505650 504
1505660 504
1505670 505
1505680 505
1505690 506
1505700 507
1505710 507
1505720 508
1505730 509
1505740 509
1505750 509
1505760 510
1505770 510
1505780 510
1505790 510
1505800 510
1505810 510
1505820 511
1505830 511
1505840 511
1505850 511
1505860 511
1505870 512
1505880 512
1505890 512
1505900 512
1505910 512
1505920 512
1505930 513
1505940 512
1505950 512
1505960 512
1505970 512
1505980 512
1505990 512
1506000 511
1506010 511
1506020 511
1506030 510
1506040 510
1506050 509
1506060 509
1506070 509
1506080 508
1506090 508
1506100 508
1506110 506
1506120 503
1506130 503
1506140 500
1506150 498
1506160 498
1506170 497
1506180 496
1506190 496
1506200 496
1506210 496
1506220 494
1506230 494
1506240 494
1506250 494
1506260 494
1506270 493
1506280 493
1506290 492
1506300 491
1506310 491
1506320 491
1506330 491
1506340 489
1506350 488
1506360 488
1506370 487
1506380 486
1506390 486
1506400 483
1506410 481
1506420 481
1506430 479
1506440 477
1506450 477
1506460 474
1506470 471
1506480 471
1506490 467
1506500 465
1506510 465
1506520 466
1506530 468
1506540 468
1506550 471
1506560 475
1506570 475
1506580 478
1506590 480
1506600 480
1506610 481
1506620 481
1506630 481
1506640 481
1506650 480
1506660 480
1506670 479
1506680 478
1506690 478
1506700 477
1506710 478
1506720 478
1506730 479
1506740 480
1506750 480
1506760 481
1506770 481
1506780 481
1506790 480
1506800 480
1506810 480
1506820 479
1506830 479
1506840 479
1506850 479
1506860 479
1506870 479
1506880 479
1506890 479
1506900 479
1506910 478
1506920 478
1506930 478
1506940 476
1506950 476
1506960 476
1506970 475
1506980 474
1506990 474
1507000 474
1507010 474
1507020 474
1507030 473
1507040 471
1507050 471
1507060 470
1507070 469
1507080 469
1507090 467
1507100 465
1507110 465
1507120 464
1507130 462
1507140 462
1507150 460
1507160 459
1507170 459
1507180 457
1507190 455
1507200 455
1507210 453
1507220 451
1507230 451
1507240 449
1507250 447
1507260 447
1507270 445
1507280 443
1507290 443
1507300 441
1507310 441
1507320 439
1507330 438
1507340 438
1507350 436
1507360 433
1507370 433
1507380 430
1507390 428
1507400 428
1507410 427
1507420 425
1507430 425
1507440 423
1507450 422
1507460 422
1507470 422
1507480 421
1507490 421
1507500 419
1507510 419
1507520 419
1507530 418
1507540 416
1507550 416
1507560 414
1507570 411
1507580 411
1507590 409
1507600 408
1507610 408
1507620 408
1507630 406
1507640 406
1507650 405
1507660 406
1507670 406
1507680 404
1507690 400
1507700 400
1507710 397
1507720 397
1507730 397
1507740 397
1507750 397
1507760 397
1507770 396
1507780 393
1507790 393
1507800 389
1507810 385
1507820 385
1507830 381
1507840 377
1507850 377
1507860 371
1507870 366
1507880 366
1507890 361
1507900 357
1507910 357
1507920 353
1507930 350
1507940 350
1507950 347
1507960 346
1507970 346
1507980 347
1507990 352
1508000 352
1508010 359
1508020 368
1508030 368
1508040 377
1508050 383
1508060 383
1508070 390
1508080 397
1508090 397
1508100 402
1508110 407
1508120 407
1508130 411
1508140 415
1508150 415
1508160 417
1508170 419
1508180 419
1508190 421
1508200 422
1508210 422
1508220 424
1508230 425
1508240 425
1508250 426
1508260 427
1508270 427
1508280 428
1508290 429
1508300 429
1508310 430
1508320 430
1508330 431
1508340 432
1508350 432
1508360 432
1508370 433
1508380 433
1508390 434
1508400 434
1508410 434
1508420 435
1508430 436
1508440 436
1508450 437
1508460 438
1508470 438
1508480 439
1508490 439
1508500 439
1508510 440
1508520 441
1508530 441
1508540 442
1508550 443
1508560 443
1508570 444
1508580 445
1508590 445
1508600 445
1508610 446
1508620 446
1508630 446
1508640 446
1508650 446
1508660 447
1508670 447
1508680 447
1508690 448
1508700 448
1508710 448
1508720 448
1508730 449
1508740 449
1508750 449
1508760 448
1508770 448
1508780 448
1508790 449
1508800 449
1508810 450
1508820 451
1508830 451
1508840 453
1508850 454
1508860 454
1508870 454
1508880 454
1508890 454
1508900 455
1508910 456
1508920 456
1508930 457
1508940 458
1508950 458
1508960 459
1508970 459
1508980 459
1508990 460
1509000 460
1509010 460
1509020 460
1509030 460
1509040 460
1509050 460
1509060 461
1509070 461
1509080 461
1509090 461
1509100 461
1509110 461
1509120 461
1509130 461
1509140 462
1509150 463
1509160 463
1509170 465
1509180 466
1509190 466
1509200 466
1509210 466
1509220 466
1509230 464
1509240 462
1509250 462
1509260 458
1509270 457
1509280 457
1509290 458
1509300 460
1509310 460
1509320 461
1509330 461
1509340 462
1509350 461
1509360 461
1509370 462
1509380 466
1509390 466
1509400 468
1509410 470
1509420 470
1509430 472
1509440 473
1509450 473
1509460 474
1509470 475
1509480 475
1509490 477
1509500 478
1509510 478
1509520 480
1509530 481
1509540 481
1509550 482
1509560 484
1509570 484
1509580 486
1509590 487
1509600 487
1509610 489
1509620 492
1509630 492
1509640 494
1509650 496
1509660 496
1509670 499
1509680 502
1509690 502
1509700 504
1509710 507
1509720 507
1509730 509
1509740 511
1509750 511
1509760 512
1509770 513
1509780 513
1509790 514
1509800 515
1509810 515
1509820 516
1509830 517
1509840 517
1509850 518
1509860 518
1509870 518
1509880 518
1509890 520
1509900 520
1509910 521
1509920 521
1509930 521
1509940 522
1509950 522
1509960 522
1509970 522
1509980 522
1509990 522
1510000 522
1510010 522
1510020 522
1510030 522
1510040 522
1510050 522
1510060 522
1510070 522
1510080 522
1510090 523
1510100 523
1510110 523
1510120 523
1510130 523
1510140 523
1510150 523
1510160 523
1510170 523
1510180 523
1510190 523
1510200 523
1510210 523
1510220 523
1510230 523
1510240 524
1510250 524
1510260 524
1510270 524
1510280 524
1510290 524
1510300 524
1510310 525
1510320 525
1510330 525
1510340 525
1510350 525
1510360 525
1510370 525
1510380 525
1510390 526
1510400 526
1510410 525
1510420 526
1510430 526
1510440 526
1510450 526
1510460 526
1510470 527
1510480 527
1510490 527
1510500 527
1510510 528
1510520 528
1510530 528
1510540 528
1510550 528
1510560 529
1510570 529
1510580 529
1510590 530
1510600 530
1510610 530
1510620 530
1510630 531
1510640 531
1510650 531
1510660 532
1510670 532
1510680 532
1510690 532
1510700 532
1510710 533
1510720 533
1510730 533
1510740 533
1510750 534
1510760 534
1510770 534
1510780 535
1510790 535
1510800 535
1510810 535
1510820 535
1510830 536
1510840 536
1510850 536
1510860 536
1510870 537
1510880 537
1510890 537
1510900 537
1510910 537
1510920 537
1510930 538
1510940 538
1510950 538
1510960 538
1510970 538
1510980 538
1510990 539
1511000 539
1511010 539
1511020 539
1511030 539
1511040 539
1511050 539
1511060 539
1511070 539
1511080 539
1511090 539
1511100 539
1511110 538
1511120 538
1511130 538
1511140 538
1511150 538
1511160 538
1511170 538
1511180 538
1511190 538
1511200 537
1511210 537
1511220 537
1511230 537
1511240 537
1511250 537
1511260 536
1511270 536
1511280 536
1511290 535
1511300 535
1511310 535
1511320 535
1511330 535
1511340 534
1511350 534
1511360 533
1511370 533
1511380 533
1511390 532
1511400 531
1511410 531
1511420 531
1511430 530
1511440 530
1511450 529
1511460 528
1511470 528
1511480 528
1511490 527
1511500 527
1511510 526
1511520 524
1511530 524
1511540 523
1511550 522
1511560 522
1511570 521
1511580 520
1511590 520
1511600 519
1511610 518
1511620 519
1511630 518
1511640 516
1511650 516
1511660 514
1511670 511
1511680 511
1511690 509
1511700 507
1511710 507
1511720 506
1511730 506
1511740 506
1511750 506
1511760 506
1511770 506
1511780 507
1511790 506
1511800 506
1511810 505
1511820 503
1511830 503
1511840 502
1511850 500
1511860 500
1511870 499
1511880 497
1511890 497
1511900 496
1511910 494
1511920 494
1511930 492
1511940 489
1511950 489
1511960 486
1511970 484
1511980 484
1511990 484
1512000 486
1512010 486
1512020 491
1512030 494
1512040 494
1512050 497
1512060 499
1512070 499
1512080 499
1512090 499
1512100 499
1512110 498
1512120 496
1512130 496
1512140 495
1512150 493
1512160 493
1512170 490
1512180 488
1512190 488
1512200 485
1512210 483
1512220 483
1512230 480
1512240 479
1512250 479
1512260 478
1512270 478
1512280 478
1512290 479
1512300 479
1512310 479
1512320 480
1512330 482
1512340 482
1512350 485
1512360 485
1512370 487
1512380 488
1512390 488
1512400 489
1512410 490
1512420 490
1512430 491
1512440 492
1512450 492
1512460 493
1512470 494
1512480 494
1512490 495
1512500 496
1512510 496
1512520 497
1512530 497
1512540 497
1512550 498
1512560 498
1512570 498
1512580 499
1512590 499
1512600 499
1512610 500
1512620 500
1512630 500
1512640 501
1512650 501
1512660 501
1512670 502
1512680 502
1512690 502
1512700 503
1512710 503
1512720 503
1512730 503
1512740 503
1512750 503
1512760 503
1512770 503
1512780 503
1512790 505
1512800 507
1512810 507
1512820 508
1512830 508
1512840 508
1512850 508
1512860 508
1512870 508
1512880 509
1512890 509
1512900 509
1512910 509
1512920 509
1512930 509
1512940 509
1512950 509
1512960 509
1512970 510
1512980 510
1512990 510
1513000 511
1513010 510
1513020 510
1513030 510
1513040 510
1513050 510
1513060 510
1513070 510
1513080 510
1513090 509
1513100 509
1513110 509
1513120 508
1513130 507
1513140 507
1513150 506
1513160 504
1513170 504
1513180 502
1513190 501
1513200 501
1513210 499
1513220 498
1513230 498
1513240 497
1513250 496
1513260 496
1513270 495
1513280 494
1513290 494
1513300 493
1513310 492
1513320 492
1513330 491
1513340 491
1513350 491
1513360 492
1513370 492
1513380 494
1513390 495
1513400 495
1513410 496
1513420 498
1513430 498
1513440 500
1513450 501
1513460 501
1513470 503
1513480 505
1513490 505
1513500 507
1513510 508
1513520 508
1513530 510
1513540 511
1513550 511
1513560 513
1513570 515
1513580 515
1513590 517
1513600 519
1513610 519
1513620 521
1513630 524
1513640 524
1513650 526
1513660 527
1513670 527
1513680 529
1513690 529
1513700 529
1513710 529
1513720 529
1513730 529
1513740 528
1513750 528
1513760 528
1513770 528
1513780 527
1513790 527
1513800 527
1513810 528
1513820 528
1513830 528
1513840 529
1513850 529
1513860 529
1513870 530
1513880 530
1513890 530
1513900 530
1513910 530
1513920 530
1513930 530
1513940 530
1513950 531
1513960 532
1513970 532
1513980 532
1513990 533
1514000 533
1514010 533
1514020 534
1514030 534
1514040 535
1514050 536
1514060 536
1514070 537
1514080 538
1514090 538
1514100 539
1514110 540
1514120 540
1514130 541
1514140 542
1514150 542
1514160 542
1514170 543
1514180 543
1514190 544
1514200 544
1514210 544
1514220 545
1514230 546
1514240 546
1514250 546
1514260 547
1514270 547
1514280 548
1514290 549
1514300 549
1514310 549
1514320 550
1514330 550
1514340 551
1514350 551
1514360 551
1514370 552
1514380 552
1514390 552
1514400 553
1514410 553
1514420 553
1514430 553
1514440 553
1514450 554
1514460 554
1514470 554
1514480 554
1514490 554
1514500 554
1514510 553
1514520 553
1514530 553
1514540 553
1514550 553
1514560 553
1514570 552
1514580 552
1514590 552
1514600 551
1514610 551
1514620 551
1514630 550
1514640 550
1514650 550
1514660 550
1514670 550
1514680 550
1514690 549
1514700 549
1514710 549
1514720 549
1514730 549
1514740 549
1514750 549
1514760 549
1514770 549
1514780 548
1514790 548
1514800 548
1514810 548
1514820 548
1514830 548
1514840 548
1514850 547
1514860 547
1514870 547
1514880 547
1514890 547
1514900 547
1514910 547
1514920 547
1514930 547
1514940 548
1514950 548
1514960 548
1514970 549
1514980 549
1514990 549
1515000 549
1515010 549
1515020 549
1515030 549
1515040 549
1515050 549
1515060 548
1515070 548
1515080 548
1515090 548
1515100 548
1515110 547
1515120 548
1515130 548
1515140 548
1515150 549
1515160 549
1515170 549
1515180 549
1515190 549
1515200 549
1515210 549
1515220 549
1515230 549
1515240 548
1515250 548
1515260 547
1515270 547
1515280 547
1515290 546
1515300 545
1515310 545
1515320 545
1515330 544
1515340 544
1515350 544
1515360 544
1515370 544
1515380 544
1515390 544
1515400 544
1515410 544
1515420 544
1515430 543
1515440 543
1515450 543
1515460 544
1515470 545
1515480 545
1515490 546
1515500 546
1515510 546
1515520 547
1515530 548
1515540 548
1515550 548
1515560 549
1515570 549
1515580 550
1515590 551
1515600 551
1515610 552
1515620 553
1515630 553
1515640 554
1515650 555
1515660 555
1515670 556
1515680 558
1515690 558
1515700 558
1515710 559
1515720 559
1515730 560
1515740 561
1515750 561
1515760 562
1515770 563
1515780 563
1515790 565
1515800 566
1515810 566
1515820 568
1515830 570
1515840 570
1515850 571
1515860 573
1515870 573
1515880 575
1515890 577
1515900 577
1515910 580
1515920 582
1515930 582
1515940 583
1515950 585
1515960 585
1515970 587
1515980 588
1515990 588
1516000 590
1516010 592
1516020 592
1516030 594
1516040 596
1516050 596
1516060 598
1516070 600
1516080 600
1516090 601
1516100 603
1516110 603
1516120 604
1516130 606
1516140 606
1516150 607
1516160 608
1516170 608
1516180 609
1516190 611
1516200 611
1516210 612
1516220 613
1516230 613
1516240 614
1516250 615
1516260 615
1516270 616
1516280 616
1516290 616
1516300 616
1516310 616
1516320 616
1516330 616
1516340 616
1516350 616
1516360 616
1516370 616
1516380 616
1516390 616
1516400 616
1516410 616
1516420 616
1516430 616
1516440 615
1516450 615
1516460 615
1516470 615
1516480 615
1516490 615
1516500 615
1516510 614
1516520 614
1516530 612
1516540 611
1516550 611
1516560 609
1516570 607
1516580 607
1516590 605
1516600 604
1516610 604
1516620 603
1516630 602
1516640 602
1516650 602
1516660 601
1516670 601
1516680 601
1516690 600
1516700 600
1516710 600
1516720 599
1516730 599
1516740 599
1516750 598
1516760 598
1516770 598
1516780 599
1516790 599
1516800 600
1516810 601
1516820 601
1516830 601
1516840 602
1516850 602
1516860 603
1516870 603
1516880 603
1516890 604
1516900 605
1516910 605
1516920 606
1516930 607
1516940 607
1516950 607
1516960 608
1516970 608
1516980 609
1516990 609
1517000 609
1517010 610
1517020 611
1517030 611
1517040 612
1517050 613
1517060 613
1517070 614
1517080 615
1517090 615
1517100 617
1517110 618
1517120 618
1517130 620
1517140 622
1517150 622
1517160 623
1517170 624
1517180 624
1517190 625
1517200 626
1517210 626
1517220 627
1517230 627
1517240 627
1517250 628
1517260 629
1517270 629
1517280 629
1517290 630
1517300 630
1517310 630
1517320 630
1517330 630
1517340 631
1517350 631
1517360 631
1517370 631
1517380 632
1517390 632
1517400 632
1517410 632
1517420 631
1517430 631
1517440 631
1517450 630
1517460 629
1517470 629
1517480 629
1517490 628
1517500 628
1517510 628
1517520 627
1517530 627
1517540 626
1517550 625
1517560 625
1517570 624
1517580 624
1517590 624
1517600 623
1517610 623
1517620 623
1517630 623
1517640 623
1517650 623
1517660 624
1517670 624
1517680 624
1517690 624
1517700 624
1517710 624
1517720 623
1517730 620
1517740 620
1517750 617
1517760 614
1517770 614
1517780 610
1517790 607
1517800 607
1517810 604
1517820 601
1517830 601
1517840 599
1517850 597
1517860 597
1517870 595
1517880 593
1517890 593
1517900 591
1517910 588
1517920 588
1517930 586
1517940 583
1517950 583
1517960 580
1517970 577
1517980 577
1517990 574
1518000 572
1518010 572
1518020 571
1518030 569
1518040 569
1518050 567
1518060 565
1518070 565
1518080 563
1518090 561
1518100 561
1518110 559
1518120 559
1518130 559
1518140 559
1518150 560
1518160 560
1518170 561
1518180 563
1518190 563
1518200 565
1518210 566
1518220 566
1518230 567
1518240 568
1518250 568
1518260 569
1518270 570
1518280 570
1518290 571
1518300 572
1518310 572
1518320 573
1518330 574
1518340 574
1518350 575
1518360 576
1518370 576
1518380 577
1518390 579
1518400 579
1518410 580
1518420 580
1518430 581
1518440 582
1518450 582
1518460 583
1518470 585
1518480 585
1518490 586
1518500 587
1518510 587
1518520 589
1518530 590
1518540 590
1518550 592
1518560 594
1518570 594
1518580 595
1518590 597
1518600 597
1518610 599
1518620 601
1518630 601
1518640 603
1518650 605
1518660 605
1518670 607
1518680 610
1518690 610
1518700 611
1518710 612
1518720 612
1518730 613
1518740 613
1518750 613
1518760 613
1518770 612
1518780 612
1518790 612
1518800 611
1518810 611
1518820 609
1518830 608
1518840 608
1518850 606
1518860 605
1518870 605
1518880 604
1518890 603
1518900 603
1518910 602
1518920 601
1518930 601
1518940 600
1518950 599
1518960 599
1518970 598
1518980 597
1518990 597
1519000 596
1519010 595
1519020 595
1519030 594
1519040 593
1519050 593
1519060 591
1519070 589
1519080 589
1519090 587
1519100 585
1519110 585
1519120 583
1519130 581
1519140 581
1519150 578
1519160 576
1519170 576
1519180 573
1519190 571
1519200 571
1519210 568
1519220 566
1519230 566
1519240 563
1519250 561
1519260 561
1519270 558
1519280 555
1519290 555
1519300 553
1519310 551
1519320 551
1519330 549
1519340 548
1519350 548
1519360 546
1519370 543
1519380 543
1519390 540
1519400 540
1519410 537
1519420 533
1519430 533
1519440 528
1519450 523
1519460 523
1519470 518
1519480 513
1519490 513
1519500 509
1519510 504
1519520 504
1519530 499
1519540 496
1519550 496
1519560 494
1519570 492
1519580 492
1519590 491
1519600 491
1519610 491
1519620 491
1519630 491
1519640 491
1519650 492
1519660 493
1519670 493
1519680 494
1519690 496
1519700 496
1519710 498
1519720 502
1519730 502
1519740 506
1519750 508
1519760 508
1519770 509
1519780 510
1519790 510
1519800 511
1519810 508
1519820 508
1519830 504
1519840 499
1519850 499
1519860 494
1519870 488
1519880 488
1519890 481
1519900 475
1519910 475
1519920 468
1519930 464
1519940 464
1519950 465
1519960 469
1519970 469
1519980 476
1519990 482
