1500000 473
1500010 473
1500020 473
1500030 473
1500040 473
1500050 473
1500060 472
1500070 472
1500080 473
1500090 474
1500100 474
1500110 475
1500120 476
1500130 476
1500140 477
1500150 478
1500160 478
1500170 478
1500180 479
1500190 479
1500200 479
1500210 480
1500220 480
1500230 480
1500240 480
1500250 480
1500260 481
1500270 481
1500280 481
1500290 481
1500300 481
1500310 481
1500320 481
1500330 481
1500340 482
1500350 482
1500360 482
1500370 482
1500380 482
1500390 482
1500400 483
1500410 483
1500420 483
1500430 484
1500440 486
1500450 486
1500460 489
1500470 489
1500480 489
1500490 489
1500500 488
1500510 488
1500520 487
1500530 486
1500540 486
1500550 485
1500560 483
1500570 483
1500580 482
1500590 480
1500600 480
1500610 479
1500620 477
1500630 477
1500640 475
1500650 473
1500660 473
1500670 470
1500680 468
1500690 468
1500700 465
1500710 463
1500720 463
1500730 461
1500740 459
1500750 459
1500760 457
1500770 457
1500780 457
1500790 457
1500800 458
1500810 458
1500820 459
1500830 460
1500840 460
1500850 462
1500860 464
1500870 464
1500880 465
1500890 467
1500900 467
1500910 469
1500920 471
1500930 471
1500940 472
1500950 473
1500960 473
1500970 474
1500980 475
1500990 475
1501000 476
1501010 477
1501020 477
1501030 478
1501040 478
1501050 478
1501060 478
1501070 479
1501080 479
1501090 478
1501100 478
1501110 478
1501120 478
1501130 478
1501140 478
1501150 477
1501160 477
1501170 477
1501180 476
1501190 475
1501200 475
1501210 475
1501220 475
1501230 474
1501240 473
1501250 473
1501260 472
1501270 473
1501280 473
1501290 473
1501300 474
1501310 474
1501320 474
1501330 474
1501340 474
1501350 474
1501360 474
1501370 474
1501380 474
1501390 473
1501400 473
1501410 472
1501420 471
1501430 471
1501440 471
1501450 470
1501460 470
1501470 471
1501480 474
1501490 474
1501500 477
1501510 480
1501520 480
1501530 482
1501540 484
1501550 484
1501560 485
1501570 487
1501580 487
1501590 488
1501600 489
1501610 489
1501620 490
1501630 490
1501640 490
1501650 491
1501660 491
1501670 491
1501680 491
1501690 491
1501700 491
1501710 491
1501720 491
1501730 491
1501740 491
1501750 491
1501760 491
1501770 490
1501780 489
1501790 489
1501800 487
1501810 487
1501820 487
1501830 486
1501840 485
1501850 485
1501860 485
1501870 485
1501880 485
1501890 485
1501900 485
1501910 485
1501920 484
1501930 484
1501940 484
1501950 483
1501960 483
1501970 483
1501980 483
1501990 483
1502000 483
1502010 483
1502020 483
1502030 483
1502040 483
1502050 483
1502060 483
1502070 482
1502080 482
1502090 482
1502100 481
1502110 480
1502120 480
1502130 479
1502140 479
1502150 479
1502160 479
1502170 480
1502180 480
1502190 481
1502200 482
1502210 482
1502220 483
1502230 483
1502240 485
1502250 487
1502260 487
1502270 488
1502280 488
1502290 488
1502300 489
1502310 490
1502320 490
1502330 491
1502340 490
1502350 490
1502360 489
1502370 489
1502380 489
1502390 489
1502400 489
1502410 489
1502420 489
1502430 488
1502440 488
1502450 488
1502460 487
1502470 487
1502480 487
1502490 486
1502500 486
1502510 486
1502520 485
1502530 485
1502540 484
1502550 483
1502560 483
1502570 482
1502580 481
1502590 481
1502600 480
1502610 479
1502620 479
1502630 479
1502640 478
1502650 478
1502660 476
1502670 475
1502680 475
1502690 475
1502700 474
1502710 474
1502720 474
1502730 473
1502740 473
1502750 472
1502760 471
1502770 471
1502780 471
1502790 471
1502800 471
1502810 470
1502820 470
1502830 470
1502840 469
1502850 469
1502860 469
1502870 468
1502880 468
1502890 468
1502900 467
1502910 467
1502920 467
1502930 466
1502940 465
1502950 465
1502960 466
1502970 467
1502980 467
1502990 468
1503000 470
1503010 470
1503020 471
1503030 472
1503040 472
1503050 474
1503060 475
1503070 475
1503080 476
1503090 476
1503100 476
1503110 477
1503120 477
1503130 477
1503140 478
1503150 478
1503160 478
1503170 477
1503180 477
1503190 477
1503200 477
1503210 477
1503220 477
1503230 477
1503240 477
1503250 477
1503260 477
1503270 477
1503280 476
1503290 476
1503300 476
1503310 476
1503320 475
1503330 475
1503340 475
1503350 474
1503360 474
1503370 474
1503380 473
1503390 473
1503400 472
1503410 471
1503420 471
1503430 470
1503440 469
1503450 469
1503460 468
1503470 467
1503480 467
1503490 466
1503500 465
1503510 465
1503520 463
1503530 461
1503540 461
1503550 459
1503560 457
1503570 457
1503580 455
1503590 454
1503600 454
1503610 452
1503620 452
1503630 452
1503640 451
1503650 450
1503660 450
1503670 450
1503680 450
1503690 450
1503700 449
1503710 449
1503720 449
1503730 450
1503740 450
1503750 450
1503760 451
1503770 451
1503780 451
1503790 451
1503800 451
1503810 451
1503820 451
1503830 451
1503840 451
1503850 450
1503860 450
1503870 450
1503880 450
1503890 450
1503900 450
1503910 450
1503920 450
1503930 450
1503940 450
1503950 450
1503960 450
1503970 450
1503980 449
1503990 449
1504000 449
1504010 449
1504020 449
1504030 449
1504040 450
1504050 450
1504060 450
1504070 451
1504080 451
1504090 451
1504100 451
1504110 451
1504120 451
1504130 451
1504140 451
1504150 451
1504160 450
1504170 450
1504180 450
1504190 450
1504200 450
1504210 450
1504220 450
1504230 450
1504240 450
1504250 450
1504260 451
1504270 451
1504280 451
1504290 451
1504300 452
1504310 452
1504320 452
1504330 453
1504340 453
1504350 453
1504360 454
1504370 454
1504380 454
1504390 455
1504400 455
1504410 455
1504420 456
1504430 456
1504440 456
1504450 457
1504460 457
1504470 458
1504480 459
1504490 459
1504500 461
1504510 462
1504520 462
1504530 462
1504540 462
1504550 462
1504560 462
1504570 462
1504580 462
1504590 462
1504600 463
1504610 463
1504620 464
1504630 465
1504640 465
1504650 465
1504660 466
1504670 466
1504680 466
1504690 466
1504700 466
1504710 467
1504720 467
1504730 467
1504740 467
1504750 467
1504760 467
1504770 467
1504780 468
1504790 468
1504800 468
1504810 469
1504820 469
1504830 471
1504840 472
1504850 472
1504860 473
1504870 474
1504880 474
1504890 475
1504900 476
1504910 476
1504920 477
1504930 478
1504940 478
1504950 478
1504960 479
1504970 479
1504980 480
1504990 481
1505000 481
1505010 481
1505020 482
1505030 482
1505040 482
1505050 483
1505060 483
1505070 483
1505080 483
1505090 483
1505100 483
1505110 483
1505120 483
1505130 483
1505140 484
1505150 484
1505160 484
1505170 484
1505180 484
1505190 484
1505200 484
1505210 484
1505220 484
1505230 485
1505240 485
1505250 485
1505260 485
1505270 485
1505280 486
1505290 486
1505300 486
1505310 487
1505320 487
1505330 488
1505340 489
1505350 489
1505360 490
1505370 491
1505380 491
1505390 492
1505400 493
1505410 493
1505420 494
1505430 495
1505440 495
1505450 495
1505460 496
1505470 496
1505480 497
1505490 498
1505500 498
1505510 498
1505520 499
1505530 499
1505540 500
1505550 501
1505560 501
1505570 502
1505580 503
1505590 503
1505600 504
1505610 505
1505620 505
1505630 505
1505640 506
1505650 506
1505660 507
1505670 507
1505680 507
1505690 508
1505700 509
1505710 509
1505720 509
1505730 510
1505740 510
1505750 510
1505760 510
1505770 510
1505780 511
1505790 511
1505800 511
1505810 511
1505820 512
1505830 512
1505840 512
1505850 512
1505860 512
1505870 512
1505880 513
1505890 513
1505900 513
1505910 513
1505920 513
1505930 514
1505940 514
1505950 514
1505960 514
1505970 513
1505980 513
1505990 512
1506000 510
1506010 510
1506020 510
1506030 509
1506040 509
1506050 509
1506060 509
1506070 509
1506080 509
1506090 508
1506100 508
1506110 507
1506120 506
1506130 506
1506140 503
1506150 500
1506160 500
1506170 497
1506180 495
1506190 495
1506200 495
1506210 494
1506220 494
1506230 493
1506240 491
1506250 491
1506260 490
1506270 490
1506280 488
1506290 487
1506300 487
1506310 486
1506320 486
1506330 486
1506340 486
1506350 483
1506360 483
1506370 478
1506380 476
1506390 476
1506400 476
1506410 477
1506420 477
1506430 479
1506440 480
1506450 480
1506460 482
1506470 484
1506480 484
1506490 485
1506500 485
1506510 485
1506520 486
1506530 486
1506540 486
1506550 486
1506560 486
1506570 486
1506580 486
1506590 487
1506600 487
1506610 488
1506620 488
1506630 488
1506640 489
1506650 489
1506660 489
1506670 489
1506680 489
1506690 489
1506700 489
1506710 488
1506720 488
1506730 488
1506740 488
1506750 488
1506760 487
1506770 487
1506780 487
1506790 487
1506800 486
1506810 486
1506820 486
1506830 486
1506840 486
1506850 485
1506860 485
1506870 485
1506880 484
1506890 484
1506900 484
1506910 483
1506920 482
1506930 482
1506940 481
1506950 480
1506960 480
1506970 479
1506980 478
1506990 478
1507000 477
1507010 475
1507020 475
1507030 473
1507040 472
1507050 472
1507060 470
1507070 469
1507080 469
1507090 468
1507100 467
1507110 467
1507120 465
1507130 463
1507140 463
1507150 462
1507160 460
1507170 460
1507180 458
1507190 457
1507200 457
1507210 455
1507220 452
1507230 452
1507240 450
1507250 450
1507260 447
1507270 445
1507280 445
1507290 442
1507300 441
1507310 441
1507320 439
1507330 438
1507340 438
1507350 436
1507360 435
1507370 435
1507380 434
1507390 434
1507400 434
1507410 434
1507420 433
1507430 433
1507440 433
1507450 433
1507460 433
1507470 432
1507480 432
1507490 432
1507500 431
1507510 430
1507520 430
1507530 430
1507540 429
1507550 429
1507560 428
1507570 428
1507580 428
1507590 428
1507600 428
1507610 428
1507620 428
1507630 428
1507640 428
1507650 427
1507660 427
1507670 427
1507680 426
1507690 423
1507700 423
1507710 420
1507720 415
1507730 415
1507740 411
1507750 406
1507760 406
1507770 401
1507780 396
1507790 396
1507800 391
1507810 385
1507820 385
1507830 380
1507840 376
1507850 376
1507860 370
1507870 362
1507880 362
1507890 356
1507900 350
1507910 350
1507920 346
1507930 344
1507940 344
1507950 346
1507960 349
1507970 349
1507980 355
1507990 359
1508000 359
1508010 364
1508020 369
1508030 369
1508040 376
1508050 384
1508060 384
1508070 389
1508080 396
1508090 396
1508100 401
1508110 406
1508120 406
1508130 409
1508140 412
1508150 412
1508160 416
1508170 419
1508180 419
1508190 421
1508200 424
1508210 424
1508220 426
1508230 427
1508240 427
1508250 428
1508260 428
1508270 430
1508280 431
1508290 431
1508300 432
1508310 433
1508320 433
1508330 434
1508340 435
1508350 435
1508360 437
1508370 438
1508380 438
1508390 439
1508400 440
1508410 440
1508420 440
1508430 441
1508440 441
1508450 442
1508460 443
1508470 443
1508480 444
1508490 444
1508500 444
1508510 445
1508520 445
1508530 445
1508540 446
1508550 447
1508560 447
1508570 448
1508580 448
1508590 448
1508600 449
1508610 450
1508620 450
1508630 451
1508640 452
1508650 452
1508660 453
1508670 453
1508680 453
1508690 453
1508700 454
1508710 454
1508720 454
1508730 455
1508740 455
1508750 455
1508760 455
1508770 455
1508780 455
1508790 455
1508800 455
1508810 456
1508820 457
1508830 457
1508840 457
1508850 457
1508860 457
1508870 457
1508880 457
1508890 457
1508900 458
1508910 458
1508920 458
1508930 459
1508940 461
1508950 461
1508960 461
1508970 462
1508980 462
1508990 463
1509000 465
1509010 465
1509020 466
1509030 468
1509040 468
1509050 469
1509060 470
1509070 470
1509080 471
1509090 472
1509100 472
1509110 472
1509120 473
1509130 473
1509140 473
1509150 473
1509160 473
1509170 474
1509180 474
1509190 474
1509200 474
1509210 474
1509220 474
1509230 473
1509240 472
1509250 472
1509260 470
1509270 470
1509280 469
1509290 468
1509300 468
1509310 469
1509320 471
1509330 471
1509340 473
1509350 475
1509360 475
1509370 476
1509380 477
1509390 477
1509400 478
1509410 479
1509420 479
1509430 479
1509440 480
1509450 480
1509460 481
1509470 482
1509480 482
1509490 483
1509500 484
1509510 484
1509520 485
1509530 486
1509540 486
1509550 488
1509560 490
1509570 490
1509580 492
1509590 494
1509600 494
1509610 497
1509620 499
1509630 499
1509640 500
1509650 499
1509660 499
1509670 503
1509680 508
1509690 508
1509700 511
1509710 512
1509720 512
1509730 514
1509740 514
1509750 514
1509760 514
1509770 514
1509780 514
1509790 514
1509800 513
1509810 513
1509820 513
1509830 513
1509840 513
1509850 513
1509860 512
1509870 512
1509880 512
1509890 513
1509900 513
1509910 512
1509920 512
1509930 512
1509940 512
1509950 512
1509960 512
1509970 512
1509980 513
1509990 513
1510000 513
1510010 513
1510020 513
1510030 513
1510040 513
1510050 513
1510060 514
1510070 514
1510080 514
1510090 514
1510100 514
1510110 514
1510120 514
1510130 515
1510140 515
1510150 515
1510160 515
1510170 515
1510180 515
1510190 516
1510200 516
1510210 516
1510220 516
1510230 516
1510240 516
1510250 515
1510260 515
1510270 515
1510280 515
1510290 515
1510300 515
1510310 515
1510320 516
1510330 516
1510340 516
1510350 516
1510360 517
1510370 517
1510380 517
1510390 518
1510400 518
1510410 518
1510420 519
1510430 519
1510440 519
1510450 520
1510460 520
1510470 521
1510480 521
1510490 521
1510500 522
1510510 522
1510520 522
1510530 522
1510540 523
1510550 523
1510560 523
1510570 524
1510580 524
1510590 524
1510600 525
1510610 525
1510620 526
1510630 526
1510640 526
1510650 527
1510660 527
1510670 527
1510680 528
1510690 528
1510700 528
1510710 529
1510720 530
1510730 530
1510740 530
1510750 530
1510760 530
1510770 531
1510780 531
1510790 531
1510800 532
1510810 532
1510820 532
1510830 533
1510840 533
1510850 533
1510860 533
1510870 534
1510880 534
1510890 534
1510900 534
1510910 534
1510920 534
1510930 535
1510940 535
1510950 535
1510960 535
1510970 535
1510980 535
1510990 535
1511000 535
1511010 535
1511020 535
1511030 535
1511040 535
1511050 535
1511060 535
1511070 535
1511080 535
1511090 535
1511100 535
1511110 535
1511120 535
1511130 535
1511140 534
1511150 534
1511160 534
1511170 534
1511180 534
1511190 534
1511200 533
1511210 533
1511220 533
1511230 533
1511240 533
1511250 533
1511260 532
1511270 532
1511280 532
1511290 532
1511300 532
1511310 531
1511320 531
1511330 531
1511340 530
1511350 530
1511360 530
1511370 530
1511380 530
1511390 529
1511400 529
1511410 529
1511420 528
1511430 528
1511440 528
1511450 528
1511460 528
1511470 528
1511480 527
1511490 527
1511500 527
1511510 526
1511520 526
1511530 526
1511540 525
1511550 524
1511560 524
1511570 523
1511580 522
1511590 522
1511600 520
1511610 519
1511620 519
1511630 518
1511640 517
1511650 517
1511660 515
1511670 514
1511680 514
1511690 512
1511700 511
1511710 511
1511720 509
1511730 507
1511740 507
1511750 505
1511760 503
1511770 503
1511780 501
1511790 499
1511800 499
1511810 498
1511820 497
1511830 497
1511840 496
1511850 495
1511860 495
1511870 494
1511880 493
1511890 493
1511900 492
1511910 491
1511920 491
1511930 491
1511940 490
1511950 490
1511960 489
1511970 487
1511980 487
1511990 484
1512000 482
1512010 482
1512020 481
1512030 481
1512040 481
1512050 482
1512060 485
1512070 485
1512080 485
1512090 485
1512100 485
1512110 483
1512120 481
1512130 481
1512140 479
1512150 478
1512160 478
1512170 478
1512180 479
1512190 479
1512200 480
1512210 481
1512220 481
1512230 481
1512240 482
1512250 482
1512260 483
1512270 484
1512280 484
1512290 484
1512300 484
1512310 484
1512320 485
1512330 485
1512340 485
1512350 486
1512360 486
1512370 487
1512380 487
1512390 487
1512400 488
1512410 489
1512420 489
1512430 489
1512440 489
1512450 489
1512460 490
1512470 490
1512480 490
1512490 491
1512500 491
1512510 491
1512520 492
1512530 493
1512540 493
1512550 494
1512560 495
1512570 495
1512580 495
1512590 496
1512600 496
1512610 497
1512620 498
1512630 498
1512640 498
1512650 499
1512660 499
1512670 500
1512680 501
1512690 501
1512700 503
1512710 504
1512720 504
1512730 504
1512740 505
1512750 505
1512760 505
1512770 506
1512780 506
1512790 507
1512800 508
1512810 508
1512820 509
1512830 510
1512840 510
1512850 511
1512860 512
1512870 512
1512880 512
1512890 512
1512900 512
1512910 512
1512920 512
1512930 512
1512940 512
1512950 512
1512960 512
1512970 511
1512980 511
1512990 511
1513000 511
1513010 510
1513020 510
1513030 510
1513040 509
1513050 509
1513060 508
1513070 507
1513080 507
1513090 506
1513100 505
1513110 505
1513120 504
1513130 503
1513140 503
1513150 502
1513160 500
1513170 500
1513180 499
1513190 498
1513200 498
1513210 497
1513220 496
1513230 496
1513240 495
1513250 495
1513260 495
1513270 495
1513280 495
1513290 495
1513300 495
1513310 495
1513320 494
1513330 494
1513340 494
1513350 496
1513360 496
1513370 496
1513380 497
1513390 498
1513400 498
1513410 498
1513420 499
1513430 499
1513440 501
1513450 503
1513460 503
1513470 505
1513480 506
1513490 506
1513500 508
1513510 509
1513520 509
1513530 511
1513540 512
1513550 512
1513560 513
1513570 515
1513580 515
1513590 517
1513600 518
1513610 518
1513620 519
1513630 520
1513640 520
1513650 520
1513660 521
1513670 521
1513680 521
1513690 522
1513700 522
1513710 523
1513720 524
1513730 524
1513740 525
1513750 526
1513760 526
1513770 526
1513780 527
1513790 527
1513800 527
1513810 528
1513820 528
1513830 529
1513840 529
1513850 529
1513860 530
1513870 530
1513880 530
1513890 531
1513900 531
1513910 531
1513920 532
1513930 532
1513940 532
1513950 533
1513960 533
1513970 533
1513980 534
1513990 535
1514000 535
1514010 535
1514020 536
1514030 536
1514040 537
1514050 538
1514060 538
1514070 539
1514080 539
1514090 539
1514100 540
1514110 541
1514120 541
1514130 542
1514140 543
1514150 543
1514160 543
1514170 544
1514180 544
1514190 545
1514200 546
1514210 546
1514220 546
1514230 547
1514240 547
1514250 548
1514260 548
1514270 548
1514280 549
1514290 549
1514300 549
1514310 550
1514320 550
1514330 551
1514340 551
1514350 551
1514360 551
1514370 551
1514380 551
1514390 551
1514400 551
1514410 551
1514420 551
1514430 550
1514440 550
1514450 550
1514460 549
1514470 549
1514480 548
1514490 548
1514500 548
1514510 547
1514520 547
1514530 547
1514540 547
1514550 546
1514560 546
1514570 545
1514580 545
1514590 545
1514600 545
1514610 544
1514620 544
1514630 543
1514640 543
1514650 543
1514660 543
1514670 542
1514680 542
1514690 542
1514700 542
1514710 542
1514720 542
1514730 542
1514740 542
1514750 542
1514760 542
1514770 542
1514780 542
1514790 542
1514800 542
1514810 542
1514820 542
1514830 542
1514840 542
1514850 542
1514860 542
1514870 541
1514880 541
1514890 541
1514900 542
1514910 544
1514920 544
1514930 544
1514940 544
1514950 544
1514960 544
1514970 544
1514980 544
1514990 544
1515000 543
1515010 543
1515020 543
1515030 543
1515040 543
1515050 543
1515060 542
1515070 542
1515080 542
1515090 542
1515100 542
1515110 542
1515120 542
1515130 542
1515140 543
1515150 543
1515160 543
1515170 543
1515180 543
1515190 543
1515200 543
1515210 543
1515220 543
1515230 542
1515240 541
1515250 541
1515260 540
1515270 540
1515280 540
1515290 539
1515300 538
1515310 538
1515320 539
1515330 539
1515340 539
1515350 540
1515360 540
1515370 540
1515380 541
1515390 541
1515400 542
1515410 543
1515420 543
1515430 544
1515440 545
1515450 545
1515460 546
1515470 547
1515480 547
1515490 549
1515500 550
1515510 550
1515520 551
1515530 552
1515540 552
1515550 552
1515560 553
1515570 553
1515580 554
1515590 555
1515600 555
1515610 556
1515620 557
1515630 557
1515640 558
1515650 559
1515660 559
1515670 560
1515680 561
1515690 561
1515700 562
1515710 563
1515720 563
1515730 565
1515740 566
1515750 566
1515760 567
1515770 568
1515780 568
1515790 570
1515800 571
1515810 571
1515820 572
1515830 574
1515840 574
1515850 575
1515860 577
1515870 577
1515880 579
1515890 581
1515900 581
1515910 582
1515920 584
1515930 584
1515940 586
1515950 587
1515960 587
1515970 589
1515980 591
1515990 591
1516000 593
1516010 595
1516020 595
1516030 597
1516040 598
1516050 598
1516060 601
1516070 603
1516080 603
1516090 604
1516100 605
1516110 605
1516120 606
1516130 607
1516140 607
1516150 608
1516160 609
1516170 609
1516180 610
1516190 610
1516200 610
1516210 611
1516220 611
1516230 611
1516240 612
1516250 612
1516260 612
1516270 612
1516280 613
1516290 613
1516300 613
1516310 613
1516320 613
1516330 613
1516340 613
1516350 614
1516360 614
1516370 614
1516380 614
1516390 614
1516400 614
1516410 614
1516420 615
1516430 615
1516440 615
1516450 615
1516460 615
1516470 615
1516480 615
1516490 615
1516500 614
1516510 614
1516520 614
1516530 613
1516540 612
1516550 612
1516560 610
1516570 608
1516580 608
1516590 605
1516600 603
1516610 603
1516620 601
1516630 600
1516640 600
1516650 598
1516660 597
1516670 597
1516680 595
1516690 594
1516700 594
1516710 594
1516720 593
1516730 593
1516740 592
1516750 591
1516760 591
1516770 592
1516780 593
1516790 593
1516800 594
1516810 595
1516820 595
1516830 596
1516840 597
1516850 597
1516860 597
1516870 598
1516880 598
1516890 599
1516900 600
1516910 600
1516920 601
1516930 602
1516940 602
1516950 603
1516960 604
1516970 604
1516980 605
1516990 606
1517000 606
1517010 607
1517020 608
1517030 608
1517040 609
1517050 610
1517060 610
1517070 611
1517080 612
1517090 612
1517100 613
1517110 614
1517120 614
1517130 615
1517140 616
1517150 616
1517160 617
1517170 618
1517180 618
1517190 619
1517200 620
1517210 620
1517220 621
1517230 622
1517240 622
1517250 623
1517260 624
1517270 624
1517280 625
1517290 626
1517300 626
1517310 627
1517320 627
1517330 627
1517340 627
1517350 627
1517360 628
1517370 628
1517380 628
1517390 629
1517400 629
1517410 629
1517420 629
1517430 629
1517440 629
1517450 630
1517460 629
1517470 629
1517480 629
1517490 629
1517500 629
1517510 629
1517520 628
1517530 628
1517540 628
1517550 627
1517560 627
1517570 627
1517580 628
1517590 628
1517600 628
1517610 629
1517620 629
1517630 630
1517640 631
1517650 631
1517660 631
1517670 630
1517680 630
1517690 629
1517700 628
1517710 628
1517720 626
1517730 625
1517740 625
1517750 622
1517760 619
1517770 619
1517780 616
1517790 614
1517800 614
1517810 611
1517820 609
1517830 609
1517840 607
1517850 603
1517860 603
1517870 600
1517880 596
1517890 596
1517900 592
1517910 589
1517920 589
1517930 587
1517940 585
1517950 585
1517960 584
1517970 582
1517980 582
1517990 580
1518000 577
1518010 577
1518020 574
1518030 571
1518040 571
1518050 569
1518060 566
1518070 566
1518080 564
1518090 561
1518100 561
1518110 557
1518120 554
1518130 554
1518140 555
1518150 555
1518160 555
1518170 555
1518180 557
1518190 557
1518200 559
1518210 560
1518220 560
1518230 561
1518240 562
1518250 562
1518260 563
1518270 564
1518280 564
1518290 566
1518300 567
1518310 567
1518320 568
1518330 568
1518340 569
1518350 570
1518360 570
1518370 571
1518380 572
1518390 572
1518400 573
1518410 575
1518420 575
1518430 576
1518440 577
1518450 577
1518460 579
1518470 580
1518480 580
1518490 580
1518500 582
1518510 582
1518520 583
1518530 584
1518540 584
1518550 585
1518560 587
1518570 587
1518580 588
1518590 590
1518600 590
1518610 591
1518620 593
1518630 593
1518640 595
1518650 597
1518660 597
1518670 598
1518680 600
1518690 600
1518700 601
1518710 602
1518720 602
1518730 602
1518740 602
1518750 602
1518760 601
1518770 601
1518780 601
1518790 600
1518800 599
1518810 599
1518820 597
1518830 596
1518840 596
1518850 595
1518860 594
1518870 594
1518880 592
1518890 592
1518900 592
1518910 590
1518920 588
1518930 588
1518940 587
1518950 586
1518960 586
1518970 583
1518980 581
1518990 581
1519000 580
1519010 579
1519020 579
1519030 578
1519040 577
1519050 577
1519060 575
1519070 574
1519080 574
1519090 572
1519100 570
1519110 570
1519120 568
1519130 566
1519140 566
1519150 563
1519160 561
1519170 561
1519180 558
1519190 557
1519200 557
1519210 556
1519220 553
1519230 553
1519240 550
1519250 548
1519260 548
1519270 547
1519280 544
1519290 544
1519300 542
1519310 539
1519320 539
1519330 537
1519340 537
1519350 536
1519360 532
1519370 532
1519380 528
1519390 523
1519400 523
1519410 518
1519420 513
1519430 513
1519440 510
1519450 507
1519460 507
1519470 502
1519480 498
1519490 498
1519500 493
1519510 489
1519520 489
1519530 485
1519540 481
1519550 481
1519560 477
1519570 474
1519580 474
1519590 473
1519600 473
1519610 473
1519620 473
1519630 473
1519640 473
1519650 473
1519660 473
1519670 473
1519680 473
1519690 473
1519700 473
1519710 474
1519720 474
1519730 474
1519740 474
1519750 475
1519760 475
1519770 475
1519780 476
1519790 476
1519800 477
1519810 479
1519820 479
1519830 481
1519840 480
1519850 480
1519860 476
1519870 470
1519880 470
1519890 465
1519900 459
1519910 459
1519920 454
1519930 447
1519940 447
1519950 443
1519960 446
1519970 446
1519980 452
1519990 457
