1501410 365
1501420 365
1501430 365
1501440 365
1501450 366
1501460 366
1501470 366
1501480 366
1501490 366
1501500 367
1501510 367
1501520 367
1501530 366
1501540 366
1501550 366
1501560 367
1501570 367
1501580 367
1501590 366
1501600 366
1501610 366
1501620 366
1501630 364
1501640 364
1501650 363
1501660 362
1501670 362
1501680 360
1501690 359
1501700 359
1501710 357
1501720 356
1501730 356
1501740 355
1501750 354
1501760 354
1501770 354
1501780 353
1501790 353
1501800 350
1501810 348
1501820 348
1501830 346
1501840 345
1501850 345
1501860 345
1501870 345
1501880 345
1501890 345
1501900 345
1501910 344
1501920 344
1501930 344
1501940 344
1501950 344
1501960 344
1501970 344
1501980 344
1501990 344
1502000 345
1502010 345
1502020 345
1502030 345
1502040 345
1502050 345
1502060 346
1502070 346
1502080 346
1502090 346
1502100 346
1502110 346
1502120 347
1502130 347
1502140 347
1502150 347
1502160 347
1502170 347
1502180 347
1502190 346
1502200 346
1502210 345
1502220 345
1502230 345
1502240 344
1502250 343
1502260 343
1502270 342
1502280 340
1502290 340
1502300 338
1502310 336
1502320 336
1502330 335
1502340 333
1502350 333
1502360 331
1502370 329
1502380 329
1502390 327
1502400 324
1502410 324
1502420 321
1502430 319
1502440 319
1502450 316
1502460 314
1502470 314
1502480 310
1502490 306
1502500 306
1502510 303
1502520 301
1502530 301
1502540 299
1502550 298
1502560 298
1502570 298
1502580 298
1502590 298
1502600 298
1502610 299
1502620 299
1502630 299
1502640 299
1502650 299
1502660 298
1502670 298
1502680 298
1502690 299
1502700 301
1502710 301
1502720 301
1502730 301
1502740 297
1502750 295
1502760 295
1502770 292
1502780 292
1502790 292
1502800 292
1502810 292
1502820 292
1502830 292
1502840 292
1502850 292
1502860 292
1502870 292
1502880 292
1502890 292
1502900 292
1502910 292
1502920 292
1502930 292
1502940 292
1502950 292
1502960 292
1502970 292
1502980 292
1502990 292
1503000 292
1503010 292
1503020 292
1503030 292
1503040 292
1503050 292
1503060 292
1503070 292
1503080 292
1503090 292
1503100 292
1503110 292
1503120 292
1503130 292
1503140 293
1503150 293
1503160 295
1503170 298
1503180 298
1503190 298
1503200 298
1503210 298
1503220 298
1503230 298
1503240 298
1503250 302
1503260 306
1503270 306
1503280 310
1503290 312
1503300 312
1503310 317
1503320 326
1503330 326
1503340 331
1503350 335
1503360 335
1503370 339
1503380 343
1503390 343
1503400 347
1503410 350
1503420 350
1503430 353
1503440 356
1503450 356
1503460 358
1503470 361
1503480 361
1503490 363
1503500 365
1503510 365
1503520 367
1503530 369
1503540 369
1503550 371
1503560 373
1503570 373
1503580 375
1503590 375
1503600 376
1503610 378
1503620 378
1503630 379
1503640 380
1503650 380
1503660 380
1503670 381
1503680 381
1503690 382
1503700 382
1503710 382
1503720 383
1503730 383
1503740 383
1503750 383
1503760 383
1503770 383
1503780 383
1503790 383
1503800 383
1503810 383
1503820 383
1503830 383
1503840 383
1503850 383
1503860 383
1503870 382
1503880 382
1503890 382
1503900 382
1503910 382
1503920 382
1503930 381
1503940 381
1503950 381
1503960 380
1503970 380
1503980 380
1503990 379
1504000 379
1504010 379
1504020 378
1504030 378
1504040 378
1504050 377
1504060 376
1504070 376
1504080 375
1504090 374
1504100 374
1504110 372
1504120 371
1504130 371
1504140 370
1504150 369
1504160 369
1504170 368
1504180 366
1504190 366
1504200 363
1504210 360
1504220 360
1504230 356
1504240 354
1504250 354
1504260 355
1504270 354
1504280 354
1504290 352
1504300 355
1504310 355
1504320 356
1504330 356
1504340 356
1504350 358
1504360 360
1504370 360
1504380 361
1504390 361
1504400 361
1504410 362
1504420 362
1504430 362
1504440 361
1504450 361
1504460 361
1504470 360
1504480 360
1504490 359
1504500 359
1504510 359
1504520 358
1504530 357
1504540 357
1504550 356
1504560 354
1504570 354
1504580 354
1504590 353
1504600 353
1504610 352
1504620 352
1504630 352
1504640 354
1504650 355
1504660 355
1504670 356
1504680 357
1504690 357
1504700 358
1504710 359
1504720 359
1504730 360
1504740 361
1504750 361
1504760 362
1504770 362
1504780 362
1504790 363
1504800 363
1504810 363
1504820 363
1504830 363
1504840 363
1504850 363
1504860 363
1504870 363
1504880 363
1504890 363
1504900 363
1504910 363
1504920 362
1504930 362
1504940 361
1504950 360
1504960 360
1504970 359
1504980 358
1504990 358
1505000 358
1505010 358
1505020 358
1505030 357
1505040 356
1505050 356
1505060 355
1505070 354
1505080 354
1505090 354
1505100 353
1505110 353
1505120 353
1505130 352
1505140 352
1505150 351
1505160 350
1505170 350
1505180 349
1505190 347
1505200 347
1505210 345
1505220 346
1505230 346
1505240 345
1505250 345
1505260 343
1505270 341
1505280 341
1505290 340
1505300 337
1505310 337
1505320 335
1505330 334
1505340 334
1505350 334
1505360 335
1505370 335
1505380 337
1505390 339
1505400 339
1505410 340
1505420 340
1505430 340
1505440 340
1505450 339
1505460 339
1505470 337
1505480 332
1505490 332
1505500 328
1505510 331
1505520 331
1505530 336
1505540 337
1505550 337
1505560 337
1505570 337
1505580 337
1505590 337
1505600 336
1505610 336
1505620 335
1505630 334
1505640 334
1505650 333
1505660 331
1505670 331
1505680 329
1505690 327
1505700 327
1505710 326
1505720 324
1505730 324
1505740 322
1505750 321
1505760 321
1505770 319
1505780 317
1505790 317
1505800 314
1505810 310
1505820 310
1505830 307
1505840 305
1505850 305
1505860 302
1505870 301
1505880 301
1505890 301
1505900 300
1505910 300
1505920 299
1505930 297
1505940 297
1505950 296
1505960 295
1505970 295
1505980 295
1505990 295
1506000 295
1506010 296
1506020 296
1506030 296
1506040 296
1506050 296
1506060 296
1506070 296
1506080 296
1506090 296
1506100 296
1506110 296
1506120 296
1506130 296
1506140 296
1506150 296
1506160 295
1506170 295
1506180 294
1506190 292
1506200 292
1506210 292
1506220 292
1506230 292
1506240 291
1506250 291
1506260 291
1506270 292
1506280 291
1506290 291
1506300 292
1506310 292
1506320 292
1506330 292
1506340 292
1506350 292
1506360 292
1506370 291
1506380 291
1506390 291
1506400 291
1506410 291
1506420 291
1506430 291
1506440 291
1506450 291
1506460 291
1506470 291
1506480 291
1506490 291
1506500 291
1506510 292
1506520 293
1506530 293
1506540 292
1506550 292
1506560 292
1506570 292
1506580 292
1506590 292
1506600 292
1506610 291
1506620 291
1506630 291
1506640 291
1506650 291
1506660 291
1506670 291
1506680 291
1506690 291
1506700 291
1506710 291
1506720 291
1506730 291
1506740 291
1506750 291
1506760 291
1506770 291
1506780 291
1506790 291
1506800 291
1506810 291
1506820 291
1506830 291
1506840 291
1506850 291
1506860 291
1506870 291
1506880 291
1506890 291
1506900 291
1506910 291
1506920 291
1506930 291
1506940 291
1506950 291
1506960 291
1506970 291
1506980 291
1506990 291
1507000 291
1507010 291
1507020 291
1507030 291
1507040 291
1507050 291
1507060 291
1507070 291
1507080 291
1507090 291
1507100 291
1507110 291
1507120 291
1507130 291
1507140 291
1507150 291
1507160 292
1507170 293
1507180 293
1507190 294
1507200 296
1507210 296
1507220 300
1507230 306
1507240 306
1507250 313
1507260 320
1507270 320
1507280 328
1507290 334
1507300 334
1507310 338
1507320 345
1507330 345
1507340 352
1507350 357
1507360 357
1507370 360
1507380 362
1507390 362
1507400 358
1507410 356
1507420 356
1507430 358
1507440 362
1507450 362
1507460 369
1507470 377
1507480 377
1507490 385
1507500 390
1507510 390
1507520 394
1507530 397
1507540 397
1507550 399
1507560 401
1507570 401
1507580 403
1507590 404
1507600 404
1507610 405
1507620 406
1507630 406
1507640 407
1507650 407
1507660 407
1507670 405
1507680 404
1507690 404
1507700 403
1507710 403
1507720 403
1507730 402
1507740 402
1507750 402
1507760 402
1507770 402
1507780 405
1507790 408
1507800 408
1507810 409
1507820 409
1507830 409
1507840 411
1507850 414
1507860 414
1507870 415
1507880 416
1507890 416
1507900 417
1507910 419
1507920 419
1507930 421
1507940 423
1507950 423
1507960 425
1507970 426
1507980 426
1507990 427
1508000 428
1508010 428
1508020 431
1508030 432
1508040 432
1508050 434
1508060 435
1508070 435
1508080 437
1508090 439
1508100 439
1508110 440
1508120 442
1508130 442
1508140 443
1508150 444
1508160 444
1508170 446
1508180 447
1508190 447
1508200 449
1508210 450
1508220 450
1508230 451
1508240 452
1508250 452
1508260 453
1508270 454
1508280 454
1508290 456
1508300 457
1508310 457
1508320 458
1508330 460
1508340 460
1508350 461
1508360 462
1508370 462
1508380 464
1508390 465
1508400 465
1508410 466
1508420 467
1508430 467
1508440 468
1508450 469
1508460 469
1508470 471
1508480 472
1508490 472
1508500 473
1508510 474
1508520 474
1508530 475
1508540 475
1508550 475
1508560 475
1508570 476
1508580 476
1508590 476
1508600 477
1508610 477
1508620 477
1508630 477
1508640 477
1508650 477
1508660 477
1508670 477
1508680 477
1508690 477
1508700 477
1508710 476
1508720 476
1508730 475
1508740 474
1508750 474
1508760 473
1508770 472
1508780 472
1508790 471
1508800 470
1508810 470
1508820 470
1508830 471
1508840 471
1508850 472
1508860 474
1508870 474
1508880 476
